eureka_custom_plots/data/stage5_lcfit_results/S5_wasp39b_ap4_bg8_Table_Save_ch41.txt
# %ECSV 1.0
# ---
# datatype:
# - {name: time, datatype: float64}
# - {name: wavelength, datatype: float64}
# - {name: bin_width, datatype: float64}
# - {name: lcdata, datatype: float64}
# - {name: lcerr, datatype: float64}
# - {name: transit, datatype: float64}
# - {name: polynom, datatype: float64}
# - {name: model, datatype: float64}
# - {name: residuals, datatype: float64}
# schema: astropy-2.0
time wavelength bin_width lcdata lcerr transit polynom model residuals
[from data line 4117]
59770.709659311324 4.591 0.019000000000000128 1.0014234338442223 0.008814003778793756 1.0 1.006854168622179 1.006854168622179 -0.005430734777956747
59770.70967525475 4.591 0.019000000000000128 1.0212225320015014 0.008872665113464418 1.0 1.0068541110332903 1.0068541110332903 0.014368420968211115
59770.709691198164 4.591 0.019000000000000128 1.0259551513638843 0.008888627195019332 1.0 1.006854053444454 1.006854053444454 0.019101097919430376
59770.70970714159 4.591 0.019000000000000128 1.0097022437969547 0.00884761576401951 1.0 1.006853995855565 1.006853995855565 0.0028482479413898254
59770.70972308501 4.591 0.019000000000000128 1.0156576391000305 0.008863496588136587 1.0 1.0068539382667023 1.0068539382667023 0.008803700833328154
59770.709739028425 4.591 0.019000000000000128 1.0044087416810807 0.008824737646850095 1.0 1.0068538806778662 1.0068538806778662 -0.0024451389967854453
59770.70975497185 4.591 0.019000000000000128 1.013336942814955 0.008867831026190954 1.0 1.0068538230889772 1.0068538230889772 0.006483119725977815
59770.709770915266 4.591 0.019000000000000128 1.003498077625811 0.00885861709491083 1.0 1.006853765500141 1.006853765500141 -0.00335568787433016
59770.70978685869 4.591 0.019000000000000128 1.0065248779477756 0.008870524975857802 1.0 1.006853707911252 1.006853707911252 -0.00032882996347649573
59770.70980280211 4.591 0.019000000000000128 1.0007512994697612 0.008840121325332944 1.0 1.006853650322416 1.006853650322416 -0.006102350852654759
59770.709818745534 4.591 0.019000000000000128 1.0038276940742328 0.008852310018439056 1.0 1.006853592733527 1.006853592733527 -0.003025898659294146
59770.709834688954 4.591 0.019000000000000128 0.9943277617332512 0.008798137609727127 1.0 1.0068535351446644 1.0068535351446644 -0.012525773411413144
59770.70985063237 4.591 0.019000000000000128 1.0198551754137088 0.008876662950413896 1.0 1.006853477555828 1.006853477555828 0.013001697857880856
59770.709866575795 4.591 0.019000000000000128 1.0179066730930728 0.008856998373752681 1.0 1.0068534199669392 1.0068534199669392 0.011053253126133589
59770.709882519215 4.591 0.019000000000000128 1.0117536324287282 0.008866496007940816 1.0 1.0068533623780767 1.0068533623780767 0.004900270050651523
59770.709898462635 4.591 0.019000000000000128 1.008852670033802 0.008847096204636565 1.0 1.006853304789214 1.006853304789214 0.0019993652445879917
59770.70991440605 4.591 0.019000000000000128 0.9990327420862318 0.008812485389902229 1.0 1.0068532472003777 1.0068532472003777 -0.007820505114145893
59770.709930349476 4.591 0.019000000000000128 1.01532861358502 0.008868049526945181 1.0 1.006853189611489 1.006853189611489 0.00847542397353096
59770.709946292896 4.591 0.019000000000000128 1.0063517020036976 0.008854828314056706 1.0 1.0068531320226264 1.0068531320226264 -0.0005014300189287724
59770.70996223632 4.591 0.019000000000000128 1.0162320547785824 0.008856712705537175 1.0 1.0068530744337638 1.0068530744337638 0.009378980344818544
59770.70997817974 4.591 0.019000000000000128 1.020112890374786 0.008872204955165707 1.0 1.0068530168449012 1.0068530168449012 0.01325987352988478
59770.70999412316 4.591 0.019000000000000128 1.0097627035902044 0.008858744074127445 1.0 1.0068529592560387 1.0068529592560387 0.002909744334165687
59770.71001006658 4.591 0.019000000000000128 1.0065230021721112 0.008859157434872275 1.0 1.0068529016671761 1.0068529016671761 -0.00032989949506490035
59770.71002600999 4.591 0.019000000000000128 1.0041158950358395 0.008827774661223418 1.0 1.0068528440783397 1.0068528440783397 -0.002736949042500214
59770.71004195342 4.591 0.019000000000000128 1.0185727509866351 0.008873043995572778 1.0 1.006852786489451 1.006852786489451 0.011719964497184154
59770.710057896846 4.591 0.019000000000000128 1.0085816917982176 0.00885672844661839 1.0 1.006852728900562 1.006852728900562 0.0017289628976555615
59770.71007384026 4.591 0.019000000000000128 1.0094978547694602 0.008842723915417112 1.0 1.0068526713117256 1.0068526713117256 0.002645183457734568
59770.71008978368 4.591 0.019000000000000128 0.999107016371276 0.008852188741901032 1.0 1.006852613722863 1.006852613722863 -0.007745597351587086
59770.7101057271 4.591 0.019000000000000128 1.0103196998442805 0.008843651511691886 1.0 1.0068525561340005 1.0068525561340005 0.0034671437102800073
59770.71012167052 4.591 0.019000000000000128 1.026825199466467 0.008868278754539034 1.0 1.006852498545138 1.006852498545138 0.01997270092132908
59770.71013761395 4.591 0.019000000000000128 1.0005031028300084 0.008831773075454562 1.0 1.0068524409562492 1.0068524409562492 -0.006349338126240722
59770.71015355736 4.591 0.019000000000000128 1.0232737932022904 0.008874685473159559 1.0 1.0068523833674128 1.0068523833674128 0.01642140983487761
59770.71016950079 4.591 0.019000000000000128 0.9993501757826698 0.008819507737928497 1.0 1.006852325778524 1.006852325778524 -0.00750214999585419
59770.7101854442 4.591 0.019000000000000128 1.006852077361124 0.0088259852688855 1.0 1.0068522681896876 1.0068522681896876 -1.908285636176288e-07
59770.71020138762 4.591 0.019000000000000128 1.0086758594307705 0.008842459670215384 1.0 1.006852210600825 1.006852210600825 0.0018236488299454567
59770.71021733104 4.591 0.019000000000000128 1.016582118188672 0.008859599035131564 1.0 1.0068521530119625 1.0068521530119625 0.009729965176709543
59770.71023327446 4.591 0.019000000000000128 1.0172451890008152 0.0099206379441554 1.0 1.0068520954231 1.0068520954231 0.010393093577715229
59770.71024921789 4.591 0.019000000000000128 1.009417555514189 0.008850192058115111 1.0 1.0068520378342112 1.0068520378342112 0.0025655176799779245
59770.7102651613 4.591 0.019000000000000128 1.004194651247278 0.00884497954555936 1.0 1.0068519802453748 1.0068519802453748 -0.0026573289980968973
59770.71028110473 4.591 0.019000000000000128 1.011760438733095 0.008854390221738537 1.0 1.006851922656486 1.006851922656486 0.004908516076608915
59770.71029704814 4.591 0.019000000000000128 0.9926283271063225 0.008814422502801636 1.0 1.0068518650676497 1.0068518650676497 -0.014223537961327137
59770.71031299156 4.591 0.019000000000000128 1.0007336563014175 0.00883874174950428 1.0 1.006851807478787 1.006851807478787 -0.00611815117736958
59770.71032893498 4.591 0.019000000000000128 1.0079101880258994 0.008863039966890415 1.0 1.0068517498899245 1.0068517498899245 0.0010584381359748374
59770.71034487841 4.591 0.019000000000000128 1.0032975697217483 0.00883801605415365 1.0 1.0068516923010356 1.0068516923010356 -0.003554122579287222
59770.71036082183 4.591 0.019000000000000128 1.0148056779391033 0.008874412618299514 1.0 1.006851634712173 1.006851634712173 0.007954043226930274
59770.710376765244 4.591 0.019000000000000128 0.9939179916663778 0.008832114774398832 1.0 1.0068515771233368 1.0068515771233368 -0.012933585456958996
59770.71039270867 4.591 0.019000000000000128 0.99936960695834 0.008841404692007006 1.0 1.0068515195344478 1.0068515195344478 -0.007481912576107863
59770.710408652085 4.591 0.019000000000000128 "" "" 1.0 1.0068514619456117 1.0068514619456117 ""
59770.71042459551 4.591 0.019000000000000128 1.0021553135078638 0.0088413191694753 1.0 1.0068514043567227 1.0068514043567227 -0.004696090848858914
59770.710440538925 4.591 0.019000000000000128 0.9887078595640282 0.008829961509683092 1.0 1.0068513467678866 1.0068513467678866 -0.01814348720385839
59770.71045648235 4.591 0.019000000000000128 1.0188798911580614 0.008882101872697836 1.0 1.0068512891789976 1.0068512891789976 0.012028601979063858
59770.71047242577 4.591 0.019000000000000128 1.0174488118962466 0.008880238825154861 1.0 1.006851231590135 1.006851231590135 0.010597580306111576
59770.710488369186 4.591 0.019000000000000128 1.0154466510701545 0.008856295759844889 1.0 1.0068511740012986 1.0068511740012986 0.008595477068855883
59770.710504312614 4.591 0.019000000000000128 0.9943072723875845 0.008841641248223987 1.0 1.0068511164124099 1.0068511164124099 -0.012543844024825335
59770.71052025603 4.591 0.019000000000000128 1.005464511776206 0.008832525138135193 1.0 1.0068510588235735 1.0068510588235735 -0.0013865470473675146
59770.710536199455 4.591 0.019000000000000128 1.0212635912716472 0.008888807138939763 1.0 1.0068510012346847 1.0068510012346847 0.014412590036962492
59770.71055214287 4.591 0.019000000000000128 1.0181728371974352 0.008867769721552354 1.0 1.0068509436458484 1.0068509436458484 0.011321893551586859
59770.710568086295 4.591 0.019000000000000128 0.9944758921226935 0.00881374806161367 1.0 1.0068508860569596 1.0068508860569596 -0.01237499393426611
59770.710584029715 4.591 0.019000000000000128 0.9975207849355494 0.00883373683863355 1.0 1.006850828468097 1.006850828468097 -0.009330043532547627
59770.710599973136 4.591 0.019000000000000128 0.9989984146992112 0.008843965731511071 1.0 1.0068507708792345 1.0068507708792345 -0.007852356180023223
59770.710615916556 4.591 0.019000000000000128 1.0019373005972663 0.008840621921587204 1.0 1.006850713290372 1.006850713290372 -0.004913412693105634
59770.710631859976 4.591 0.019000000000000128 1.0198935047960618 0.008871848386947436 1.0 1.0068506557015093 1.0068506557015093 0.013042849094552444
59770.7106478034 4.591 0.019000000000000128 1.0025658118564698 0.008843047880605921 1.0 1.0068505981126468 1.0068505981126468 -0.004284786256177009
59770.71066374682 4.591 0.019000000000000128 0.9971151474052692 0.008829050314366446 1.0 1.0068505405237842 1.0068505405237842 -0.009735393118515012
59770.71067969024 4.591 0.019000000000000128 0.9974651976975248 0.008823181917599333 1.0 1.0068504829349216 1.0068504829349216 -0.00938528523739679
59770.71069563366 4.591 0.019000000000000128 1.0016002125639907 0.008834505498875605 1.0 1.0068504253460588 1.0068504253460588 -0.005250212782068164
59770.71071157708 4.591 0.019000000000000128 1.0126413881490042 0.00885190498107219 1.0 1.0068503677571963 1.0068503677571963 0.0057910203918078995
59770.7107275205 4.591 0.019000000000000128 0.9996866816256044 0.008843531127552082 1.0 1.0068503101683337 1.0068503101683337 -0.007163628542729339
59770.71074346392 4.591 0.019000000000000128 0.998826027659872 0.008815909212835267 1.0 1.0068502525794711 1.0068502525794711 -0.008024224919599088
59770.71075940734 4.591 0.019000000000000128 1.0107110109396922 0.008865011806547375 1.0 1.0068501949906086 1.0068501949906086 0.003860815949083607
59770.71077535076 4.591 0.019000000000000128 1.0029016156895738 0.008835921915101477 1.0 1.006850137401746 1.006850137401746 -0.003948521712172193
59770.71079129418 4.591 0.019000000000000128 1.0111949990235176 0.008849839130957824 1.0 1.0068500798128834 1.0068500798128834 0.004344919210634179
59770.71080723761 4.591 0.019000000000000128 1.0089869946535721 0.008860226261542233 1.0 1.0068500222239947 1.0068500222239947 0.002136972429577444
59770.71082318102 4.591 0.019000000000000128 1.0057657822955608 0.00881595303101359 1.0 1.0068499646351583 1.0068499646351583 -0.0010841823395975059
59770.71083912444 4.591 0.019000000000000128 1.0266451021724339 0.008894457743313912 1.0 1.0068499070462957 1.0068499070462957 0.019795195126138143
59770.71085506786 4.591 0.019000000000000128 0.9992492619238273 0.008816770378811595 1.0 1.0068498494574332 1.0068498494574332 -0.007600587533605818
59770.71087101128 4.591 0.019000000000000128 1.0200417512210995 0.008872400786184712 1.0 1.0068497918685706 1.0068497918685706 0.013191959352528926
59770.71088695471 4.591 0.019000000000000128 1.0032751115877376 0.008844327237159777 1.0 1.0068497342796818 1.0068497342796818 -0.003574622691944196
59770.71090289812 4.591 0.019000000000000128 1.0167102276710274 0.00888787112890248 1.0 1.0068496766908455 1.0068496766908455 0.009860550980181904
59770.71091884155 4.591 0.019000000000000128 1.0017069727721637 0.00883544153338318 1.0 1.0068496191019567 1.0068496191019567 -0.005142646329792999
59770.71093478496 4.591 0.019000000000000128 0.9926278313979765 0.008819843196718764 1.0 1.0068495615131203 1.0068495615131203 -0.014221730115143827
59770.71095072838 4.591 0.019000000000000128 1.0049575394618613 0.008813589380467604 1.0 1.0068495039242578 1.0068495039242578 -0.0018919644623964782
59770.7109666718 4.591 0.019000000000000128 1.0035443424984118 0.008835286302291233 1.0 1.0068494463353952 1.0068494463353952 -0.0033051038369833474
59770.71098261522 4.591 0.019000000000000128 1.011081944946658 0.008880329174858901 1.0 1.0068493887465326 1.0068493887465326 0.004232556200125304
59770.71099855865 4.591 0.019000000000000128 0.9952485001170049 0.008813317728668798 1.0 1.0068493311576436 1.0068493311576436 -0.011600831040638693
59770.71101450206 4.591 0.019000000000000128 1.0070612820224327 0.008854326644507885 1.0 1.0068492735688075 1.0068492735688075 0.00021200845362523424
59770.71103044549 4.591 0.019000000000000128 1.0082251556372501 0.008866674028676639 1.0 1.0068492159799185 1.0068492159799185 0.0013759396573316263
59770.711046388904 4.591 0.019000000000000128 1.0112218584925303 0.008861539781940686 1.0 1.0068491583910824 1.0068491583910824 0.004372700101447968
59770.71106233233 4.591 0.019000000000000128 1.0017701291568197 0.00883665187846838 1.0 1.0068491008021934 1.0068491008021934 -0.005078971645373631
59770.711078275745 4.591 0.019000000000000128 0.9923475165380338 0.008809206426179234 1.0 1.006849043213357 1.006849043213357 -0.014501526675323229
59770.71109421917 4.591 0.019000000000000128 0.9900067254371929 0.008792784323504967 1.0 1.0068489856244682 1.0068489856244682 -0.016842260187275304
59770.71111016259 4.591 0.019000000000000128 1.0166044031961754 0.008866359064089804 1.0 1.0068489280356057 1.0068489280356057 0.009755475160569738
59770.711126106005 4.591 0.019000000000000128 1.011631837092039 0.008860715186336127 1.0 1.0068488704467693 1.0068488704467693 0.004782966645269671
59770.71114204943 4.591 0.019000000000000128 1.004157044203357 0.00882357868083193 1.0 1.0068488128578805 1.0068488128578805 -0.0026917686545235853
59770.711157992846 4.591 0.019000000000000128 1.0218971218345145 0.008890175236865114 1.0 1.0068487552690442 1.0068487552690442 0.015048366565470372
59770.71117393627 4.591 0.019000000000000128 1.004489805090316 0.008846562077626583 1.0 1.0068486976801554 1.0068486976801554 -0.0023588925898394564
59770.71118987969 4.591 0.019000000000000128 1.0111774930783861 0.00884159973716472 1.0 1.006848640091319 1.006848640091319 0.004328852987067089
59770.711205823114 4.591 0.019000000000000128 0.9997810726037205 0.00883747226252711 1.0 1.0068485825024303 1.0068485825024303 -0.007067509898709745
59770.711221766534 4.591 0.019000000000000128 0.9952128144190664 0.0088071447222329 1.0 1.0068485249135677 1.0068485249135677 -0.011635710494501295
59770.71123770995 4.591 0.019000000000000128 0.9981255164491227 0.008799842092216917 1.0 1.0068484673247313 1.0068484673247313 -0.008722950875608593
59770.711253653375 4.591 0.019000000000000128 0.9975367321185049 0.008804010022789303 1.0 1.0068484097358426 1.0068484097358426 -0.009311677617337644
59770.711269596795 4.591 0.019000000000000128 0.9923941474366582 0.00879671429035514 1.0 1.00684835214698 1.00684835214698 -0.014454204710321772
59770.711285540216 4.591 0.019000000000000128 1.0091843622640428 0.008870443934952066 1.0 1.0068482945581174 1.0068482945581174 0.0023360677059254265
59770.711301483636 4.591 0.019000000000000128 1.0175764187632075 0.008872777112775542 1.0 1.0068482369692549 1.0068482369692549 0.01072818179395263
59770.711317427056 4.591 0.019000000000000128 1.0118699985822386 0.008877462419533444 1.0 1.006848179380392 1.006848179380392 0.005021819201846522
59770.71133337048 4.591 0.019000000000000128 0.9962463684585543 0.00881938936598612 1.0 1.0068481217915295 1.0068481217915295 -0.010601753332975195
59770.7113493139 4.591 0.019000000000000128 1.01630334471378 0.008875468162618076 1.0 1.006848064202667 1.006848064202667 0.009455280511112996
