eureka_custom_plots/data/stage5_lcfit_results/S5_wasp39b_ap4_bg8_Table_Save_ch02.txt
# %ECSV 1.0
# ---
# datatype:
# - {name: time, datatype: float64}
# - {name: wavelength, datatype: float64}
# - {name: bin_width, datatype: float64}
# - {name: lcdata, datatype: float64}
# - {name: lcerr, datatype: float64}
# - {name: transit, datatype: float64}
# - {name: polynom, datatype: float64}
# - {name: model, datatype: float64}
# - {name: residuals, datatype: float64}
# schema: astropy-2.0
time wavelength bin_width lcdata lcerr transit polynom model residuals
[from data line 19150]
59770.94933673688 3.096 0.019000000000000128 1.0034038177866926 0.0040422499416792185 1.0 1.0050775631607893 1.0050775631607893 -0.0016737453740967023
59770.9493526803 3.096 0.019000000000000128 1.0085575175722727 0.0040501980678712786 1.0 1.00507738965704 1.00507738965704 0.003480127915232778
59770.94936862372 3.096 0.019000000000000128 1.0042864310499895 0.004042140047265413 1.0 1.0050772161532906 1.0050772161532906 -0.000790785103301106
59770.94938456714 3.096 0.019000000000000128 1.0125451095518756 0.004063180984658015 1.0 1.0050770426495412 1.0050770426495412 0.007468066902334369
59770.94940051055 3.096 0.019000000000000128 1.0034571360568678 0.004039437493165209 1.0 1.005076869145871 1.005076869145871 -0.0016197330890030948
59770.94941645398 3.096 0.019000000000000128 1.0057110300326852 0.004046785590637976 1.0 1.0050766956420425 1.0050766956420425 0.0006343343906427545
59770.94943239739 3.096 0.019000000000000128 1.0027277803460808 0.0040372394010415435 1.0 1.0050765221383722 1.0050765221383722 -0.0023487417922913867
59770.94944834081 3.096 0.019000000000000128 1.0127835967651921 0.004060104647394966 1.0 1.0050763486346228 1.0050763486346228 0.007707248130569333
59770.94946428423 3.096 0.019000000000000128 1.0010223532466762 0.004036572081091088 1.0 1.0050761751308734 1.0050761751308734 -0.0040538218841972284
59770.949480227646 3.096 0.019000000000000128 1.0001801017164884 0.004035531177017534 1.0 1.0050760016272033 1.0050760016272033 -0.004895899910714929
59770.949496171066 3.096 0.019000000000000128 1.0058097800225505 0.004043788380434595 1.0 1.005075828123454 1.005075828123454 0.0007339518990965299
59770.94951211449 3.096 0.019000000000000128 1.0074934571154022 0.004049132401943133 1.0 1.0050756546197046 1.0050756546197046 0.002417802495697563
59770.94952805791 3.096 0.019000000000000128 1.002265380294885 0.004041574601356267 1.0 1.0050754811159552 1.0050754811159552 -0.0028101008210701384
59770.94954400132 3.096 0.019000000000000128 1.0128431993894742 0.004057591003771431 1.0 1.005075307612285 1.005075307612285 0.007767891777189284
59770.94955994474 3.096 0.019000000000000128 1.001584927413873 0.0040329862195351085 1.0 1.0050751341085356 1.0050751341085356 -0.00349020669466249
59770.94957588816 3.096 0.019000000000000128 1.0089114667327754 0.004053913234663905 1.0 1.0050749606047862 1.0050749606047862 0.0038365061279892476
59770.94959183157 3.096 0.019000000000000128 1.0021998961522 0.004038373196607795 1.0 1.005074787101116 1.005074787101116 -0.00287489094891602
59770.94960777499 3.096 0.019000000000000128 1.0046564308635058 0.004046930919297728 1.0 1.0050746135973667 1.0050746135973667 -0.00041818273386096116
59770.94962371842 3.096 0.019000000000000128 1.0071247333794975 0.0040488620823263335 1.0 1.0050744400935383 1.0050744400935383 0.0020502932859591816
59770.949639661834 3.096 0.019000000000000128 1.0041921978665869 0.004044863151034391 1.0 1.005074266589868 1.005074266589868 -0.0008820687232811153
59770.94965560525 3.096 0.019000000000000128 1.0041525325624643 0.00404178921794819 1.0 1.0050740930861979 1.0050740930861979 -0.0009215605237336
59770.949671548675 3.096 0.019000000000000128 1.0087204057670203 0.004055366034888816 1.0 1.0050739195823692 1.0050739195823692 0.003646486184651021
59770.94968749209 3.096 0.019000000000000128 1.0183386778756596 0.004062276452672971 1.0 1.0050737460786991 1.0050737460786991 0.013264931796960422
59770.94970343551 3.096 0.019000000000000128 1.0085941669144027 0.004050041509171144 1.0 1.0050735725749498 1.0050735725749498 0.0035205943394529537
59770.94971937893 3.096 0.019000000000000128 1.006215009910428 0.004043022777153456 1.0 1.0050733990712004 1.0050733990712004 0.0011416108392274804
59770.94973532235 3.096 0.019000000000000128 1.0037445463312473 0.0040405896923885205 1.0 1.005073225567451 1.005073225567451 -0.0013286792362037225
59770.94975126576 3.096 0.019000000000000128 1.0070010347005398 0.004048313093517943 1.0 1.0050730520637807 1.0050730520637807 0.0019279826367590847
59770.94976720918 3.096 0.019000000000000128 1.0130135413971877 0.004053124330487302 1.0 1.0050728785600314 1.0050728785600314 0.007940662837156331
59770.9497831526 3.096 0.019000000000000128 1.0071320920508473 0.004044031212819402 1.0 1.005072705056282 1.005072705056282 0.0020593869945653154
59770.949799096015 3.096 0.019000000000000128 1.0087670727385205 0.004048075149384634 1.0 1.005072531552612 1.005072531552612 0.0036945411859086175
59770.949815039436 3.096 0.019000000000000128 1.0066389307485724 0.004048809392823374 1.0 1.0050723580488625 1.0050723580488625 0.001566572699709834
59770.949830982856 3.096 0.019000000000000128 1.001665286657708 0.004047137081063506 1.0 1.0050721845451132 1.0050721845451132 -0.0034068978874051137
59770.949846926276 3.096 0.019000000000000128 1.0138454058787423 0.004061115548618787 1.0 1.0050720110413638 1.0050720110413638 0.00877339483737849
59770.94986286969 3.096 0.019000000000000128 1.0122069800488345 0.004050919487042222 1.0 1.0050718375376937 1.0050718375376937 0.00713514251114078
59770.94987881312 3.096 0.019000000000000128 1.0075649022286688 0.0040487336632358635 1.0 1.005071664033865 1.005071664033865 0.0024932381948037374
59770.94989475653 3.096 0.019000000000000128 1.0061786085898534 0.004044946138890556 1.0 1.005071490530195 1.005071490530195 0.0011071180596584629
59770.94991069995 3.096 0.019000000000000128 1.0084562219654243 0.004048706451535256 1.0 1.0050713170264456 1.0050713170264456 0.0033849049389786945
59770.94992664337 3.096 0.019000000000000128 1.010216141150463 0.0040498460233874605 1.0 1.0050711435226962 1.0050711435226962 0.0051449976277668785
59770.94994258678 3.096 0.019000000000000128 1.0033811547849558 0.004043740121191563 1.0 1.005070970019026 1.005070970019026 -0.00168981523407008
59770.949958530204 3.096 0.019000000000000128 1.0044518168542422 0.004043823191634286 1.0 1.0050707965152765 1.0050707965152765 -0.0006189796610343024
59770.949974473624 3.096 0.019000000000000128 1.0045502067328806 0.004042237393374231 1.0 1.0050706230115272 1.0050706230115272 -0.0005204162786465183
59770.949990417044 3.096 0.019000000000000128 1.006450856738595 0.004045055057047342 1.0 1.0050704495077778 1.0050704495077778 0.0013804072308172266
59770.95000636046 3.096 0.019000000000000128 1.007583186470658 0.004046616895547611 1.0 1.0050702760041077 1.0050702760041077 0.002512910466550222
59770.950022303885 3.096 0.019000000000000128 1.0103669382686224 0.00405354688544038 1.0 1.005070102500279 1.005070102500279 0.005296835768343389
59770.9500382473 3.096 0.019000000000000128 1.0056873760426535 0.00404576924058682 1.0 1.005069928996609 1.005069928996609 0.0006174470460444947
59770.95005419071 3.096 0.019000000000000128 1.0103277513422264 0.004052003707371792 1.0 1.0050697554929389 1.0050697554929389 0.0052579958492875445
59770.95007013413 3.096 0.019000000000000128 1.0064863684541423 0.0040456233004810445 1.0 1.0050695819891895 1.0050695819891895 0.0014167864649528017
59770.95008607756 3.096 0.019000000000000128 0.9995907492992836 0.004034952321476527 1.0 1.0050694084853609 1.0050694084853609 -0.0054786591860772615
59770.95010202097 3.096 0.019000000000000128 1.0017868953853797 0.004042377729667664 1.0 1.0050692349816908 1.0050692349816908 -0.003282339596311079
59770.950117964385 3.096 0.019000000000000128 "" "" 1.0 1.0050690614780204 1.0050690614780204 ""
59770.95013390781 3.096 0.019000000000000128 1.0043407614130235 0.004040750690435629 1.0 1.005068887974192 1.005068887974192 -0.0007281265611684962
59770.950149851225 3.096 0.019000000000000128 1.005647321125803 0.00405049944706411 1.0 1.0050687144705217 1.0050687144705217 0.0005786066552813107
59770.950165794646 3.096 0.019000000000000128 1.0099988029165543 0.004048810675724881 1.0 1.0050685409667723 1.0050685409667723 0.004930261949781967
59770.950181738066 3.096 0.019000000000000128 1.0039887658608417 0.004040945815027439 1.0 1.005068367463023 1.005068367463023 -0.001079601602181235
59770.950197681486 3.096 0.019000000000000128 1.0072458809104252 0.004045599327977362 1.0 1.0050681939592736 1.0050681939592736 0.002177686951151614
59770.9502136249 3.096 0.019000000000000128 1.0051816305440766 0.004044758374337041 1.0 1.0050680204556035 1.0050680204556035 0.00011361008847310394
59770.95022956832 3.096 0.019000000000000128 1.0038436505596682 0.004043737891293423 1.0 1.0050678469518541 1.0050678469518541 -0.001224196392185961
59770.95024551174 3.096 0.019000000000000128 1.0028794392875624 0.004039128067648134 1.0 1.0050676734481048 1.0050676734481048 -0.0021882341605423683
59770.95026145515 3.096 0.019000000000000128 1.0107190341789687 0.004055079702354591 1.0 1.0050674999444347 1.0050674999444347 0.005651534234534017
59770.95027739858 3.096 0.019000000000000128 1.0062397401481011 0.004048802282902789 1.0 1.005067326440606 1.005067326440606 0.0011724137074951013
59770.95029334199 3.096 0.019000000000000128 1.0098191844585138 0.004051383437554708 1.0 1.005067152936936 1.005067152936936 0.004752031521577882
59770.950309285414 3.096 0.019000000000000128 1.0065686768125164 0.004047022382686011 1.0 1.0050669794331866 1.0050669794331866 0.0015016973793298138
59770.950325228834 3.096 0.019000000000000128 1.0072543778104743 0.0040467320570903255 1.0 1.0050668059294372 1.0050668059294372 0.0021875718810371314
59770.95034117225 3.096 0.019000000000000128 1.0026041221437827 0.004039577299098187 1.0 1.0050666324257669 1.0050666324257669 -0.002462510281984187
59770.95035711567 3.096 0.019000000000000128 1.0048623711313098 0.004044101322077431 1.0 1.0050664589220175 1.0050664589220175 -0.00020408779070768546
59770.95037305909 3.096 0.019000000000000128 1.0066072057885005 0.00404383385914973 1.0 1.0050662854182681 1.0050662854182681 0.001540920370232346
59770.95038900251 3.096 0.019000000000000128 1.0026853154589652 0.004044447894020172 1.0 1.0050661119145188 1.0050661119145188 -0.0023807964555535577
59770.95040494592 3.096 0.019000000000000128 1.0077208556035686 0.00405149762162755 1.0 1.0050659384108487 1.0050659384108487 0.00265491719271993
59770.95042088934 3.096 0.019000000000000128 1.0028875920157798 0.004044030069342721 1.0 1.0050657649070993 1.0050657649070993 -0.0021781728913194964
59770.95043683276 3.096 0.019000000000000128 1.0045110506956085 0.0040452730906520755 1.0 1.00506559140335 1.00506559140335 -0.0005545407077414133
59770.95045277618 3.096 0.019000000000000128 1.0125509828455928 0.004051528270992663 1.0 1.0050654178996006 1.0050654178996006 0.007485564945992174
59770.950468719595 3.096 0.019000000000000128 1.009697326724797 0.004052956323437015 1.0 1.0050652443959303 1.0050652443959303 0.0046320823288668045
59770.95048466302 3.096 0.019000000000000128 1.0029325028654368 0.004043237680541142 1.0 1.0050650708921018 1.0050650708921018 -0.0021325680266650604
59770.950500606436 3.096 0.019000000000000128 1.0066360859571908 0.004043725266550005 1.0 1.0050648973884315 1.0050648973884315 0.001571188568759263
59770.95051654985 3.096 0.019000000000000128 1.0008928782716073 0.004034621890119236 1.0 1.0050647238847614 1.0050647238847614 -0.00417184561315409
59770.950532493276 3.096 0.019000000000000128 1.012389434786643 0.004052929454808002 1.0 1.0050645503809328 1.0050645503809328 0.007324884405710108
59770.9505484367 3.096 0.019000000000000128 1.0100535379448043 0.004058448740795809 1.0 1.0050643768771836 1.0050643768771836 0.0049891610676207065
59770.95056438011 3.096 0.019000000000000128 1.0065520228691698 0.004042567944627102 1.0 1.0050642033735133 1.0050642033735133 0.0014878194956564617
59770.95058032353 3.096 0.019000000000000128 1.0057157800453103 0.004049571819304767 1.0 1.005064029869764 1.005064029869764 0.0006517501755463062
59770.95059626695 3.096 0.019000000000000128 1.0054437034432708 0.0040423011570844955 1.0 1.0050638563660146 1.0050638563660146 0.00037984707725624567
59770.95061221036 3.096 0.019000000000000128 1.006119719517839 0.004048081148791169 1.0 1.0050636828623445 1.0050636828623445 0.0010560366554945855
59770.95062815378 3.096 0.019000000000000128 0.9987090050800815 0.004032523686563381 1.0 1.0050635093585951 1.0050635093585951 -0.006354504278513584
59770.9506440972 3.096 0.019000000000000128 1.0094529216691852 0.004052693871214626 1.0 1.0050633358548458 1.0050633358548458 0.004389585814339458
59770.950660040624 3.096 0.019000000000000128 1.0041236513648306 0.004043705135821131 1.0 1.0050631623510964 1.0050631623510964 -0.000939510986265768
59770.95067598404 3.096 0.019000000000000128 1.012336088152186 0.004058847320126362 1.0 1.005062988847426 1.005062988847426 0.007273099304759834
59770.95069192746 3.096 0.019000000000000128 1.0018607496549048 0.004039937949073458 1.0 1.0050628153436767 1.0050628153436767 -0.0032020656887719046
59770.95070787088 3.096 0.019000000000000128 1.0031652209190385 0.00403418352574523 1.0 1.0050626418399273 1.0050626418399273 -0.0018974209208888482
59770.95072381429 3.096 0.019000000000000128 0.9942746686197123 0.004024329257246709 1.0 1.0050624683362572 1.0050624683362572 -0.010787799716544977
59770.95073975772 3.096 0.019000000000000128 1.0022228554450834 0.0040383877398977 1.0 1.0050622948324286 1.0050622948324286 -0.0028394393873452106
59770.95075570113 3.096 0.019000000000000128 1.0091663873537602 0.00404867035620377 1.0 1.0050621213287585 1.0050621213287585 0.0041042660250016905
59770.95077164455 3.096 0.019000000000000128 1.0027256279793457 0.004040913885761253 1.0 1.0050619478250091 1.0050619478250091 -0.0023363198456634038
59770.95078758797 3.096 0.019000000000000128 1.0057118136856784 0.0040438420502992714 1.0 1.0050617743212598 1.0050617743212598 0.0006500393644186531
59770.950803531385 3.096 0.019000000000000128 1.0087385311790082 0.004048933663674546 1.0 1.0050616008175897 1.0050616008175897 0.0036769303614185844
59770.950819474805 3.096 0.019000000000000128 1.0022935154785277 0.004041205188256629 1.0 1.0050614273138403 1.0050614273138403 -0.002767911835312553
59770.95083541823 3.096 0.019000000000000128 "" "" 1.0 1.0050612538100117 1.0050612538100117 ""
59770.950851361646 3.096 0.019000000000000128 1.0058257302922597 0.0040454430507567704 1.0 1.0050610803063416 1.0050610803063416 0.0007646499859181866
59770.95086730506 3.096 0.019000000000000128 1.0065943609441392 0.0040494215221791325 1.0 1.0050609068026712 1.0050609068026712 0.0015334541414679936
59770.95088324848 3.096 0.019000000000000128 1.0055201920071235 0.004045252392026133 1.0 1.0050607332989219 1.0050607332989219 0.00045945870820163215
59770.9508991919 3.096 0.019000000000000128 1.0099240486013497 0.004051758626817593 1.0 1.0050605597951725 1.0050605597951725 0.004863488806177152
59770.95091513532 3.096 0.019000000000000128 1.000881044351229 0.0040394687043975724 1.0 1.0050603862914231 1.0050603862914231 -0.004179341940194092
59770.95093107873 3.096 0.019000000000000128 1.0015685621952581 0.004036690363803956 1.0 1.005060212787753 1.005060212787753 -0.0034916505924948993
59770.95094702216 3.096 0.019000000000000128 1.0031233370050638 0.004043054133969367 1.0 1.0050600392839244 1.0050600392839244 -0.0019367022788605581
59770.95096296557 3.096 0.019000000000000128 1.0038870466346 0.004038968549157058 1.0 1.0050598657802543 1.0050598657802543 -0.001172819145654369
59770.950978908986 3.096 0.019000000000000128 1.000722858463272 0.004036064350875655 1.0 1.0050596922765842 1.0050596922765842 -0.004336833813312291
59770.950994852414 3.096 0.019000000000000128 1.0057571944394894 0.004044767560901601 1.0 1.0050595187727556 1.0050595187727556 0.0006976756667338435
59770.95101079583 3.096 0.019000000000000128 1.0090760750792442 0.004050234036926058 1.0 1.0050593452690855 1.0050593452690855 0.00401672981015877
59770.95102673925 3.096 0.019000000000000128 1.0027284251760726 0.004035773253778547 1.0 1.005059171765336 1.005059171765336 -0.002330746589263466
59770.95104268267 3.096 0.019000000000000128 1.0072154334151886 0.004048016345678019 1.0 1.0050589982615867 1.0050589982615867 0.0021564351536018656
