eureka_custom_plots/data/stage5_lcfit_results/S5_wasp39b_ap4_bg8_Table_Save_ch36.txt
# %ECSV 1.0
# ---
# datatype:
# - {name: time, datatype: float64}
# - {name: wavelength, datatype: float64}
# - {name: bin_width, datatype: float64}
# - {name: lcdata, datatype: float64}
# - {name: lcerr, datatype: float64}
# - {name: transit, datatype: float64}
# - {name: polynom, datatype: float64}
# - {name: model, datatype: float64}
# - {name: residuals, datatype: float64}
# schema: astropy-2.0
time wavelength bin_width lcdata lcerr transit polynom model residuals
[from data line 17046]
59770.91579178395 4.399 0.019000000000000128 1.0088479239443355 0.007568335546099114 1.0 1.0063233711153206 1.0063233711153206 0.002524552829014981
59770.91580772737 4.399 0.019000000000000128 1.0085946567951163 0.007563957658796887 1.0 1.006323302070802 1.006323302070802 0.0022713547243142784
59770.91582367078 4.399 0.019000000000000128 1.020811006294929 0.007587265972632404 1.0 1.006323233026315 1.006323233026315 0.014487773268613946
59770.9158396142 4.399 0.019000000000000128 0.9996829544234562 0.007544178069716364 1.0 1.0063231639817962 1.0063231639817962 -0.006640209558339993
59770.91585555762 4.399 0.019000000000000128 1.0179232788040566 0.007601937041885663 1.0 1.0063230949372777 1.0063230949372777 0.011600183866778968
59770.91587150104 4.399 0.019000000000000128 1.003180094709665 0.007545753422897145 1.0 1.0063230258927591 1.0063230258927591 -0.0031429311830941664
59770.915887444455 4.399 0.019000000000000128 1.0087550672293009 0.007568085345847263 1.0 1.006322956848272 1.006322956848272 0.0024321103810287514
59770.91590338788 4.399 0.019000000000000128 1.006403009100547 0.007551646931009836 1.0 1.006322887803722 1.006322887803722 8.012129682488656e-05
59770.915919331295 4.399 0.019000000000000128 1.0119293132958274 0.0075605450714583446 1.0 1.006322818759235 1.006322818759235 0.0056064945365923435
59770.915935274716 4.399 0.019000000000000128 0.9969768929810682 0.007532822103021513 1.0 1.0063227497147165 1.0063227497147165 -0.009345856733648295
59770.915951218136 4.399 0.019000000000000128 1.0134524618697358 0.007571356742412196 1.0 1.006322680670198 1.006322680670198 0.007129781199537888
59770.915967161556 4.399 0.019000000000000128 1.0039633165892579 0.007571099811491095 1.0 1.0063226116256794 1.0063226116256794 -0.002359295036421516
59770.91598310498 4.399 0.019000000000000128 1.001035149008705 0.007553463425588021 1.0 1.0063225425811608 1.0063225425811608 -0.005287393572455779
59770.91599904839 4.399 0.019000000000000128 1.0111779646179453 0.007554148564074572 1.0 1.0063224735366738 1.0063224735366738 0.004855491081271479
59770.91601499181 4.399 0.019000000000000128 1.0094408588155273 0.007563658859116152 1.0 1.0063224044921553 1.0063224044921553 0.0031184543233719886
59770.91603093523 4.399 0.019000000000000128 1.0044372229237581 0.0075442345040834715 1.0 1.0063223354476365 1.0063223354476365 -0.0018851125238783517
59770.91604687865 4.399 0.019000000000000128 1.0008477042230821 0.008444692655522465 1.0 1.006322266403118 1.006322266403118 -0.005474562180035836
59770.91606282206 4.399 0.019000000000000128 1.0018252441204818 0.007550565029313768 1.0 1.006322197358631 1.006322197358631 -0.004496953238149137
59770.91607876549 4.399 0.019000000000000128 1.0007339503407917 0.007539004730547683 1.0 1.0063221283140809 1.0063221283140809 -0.0055881779732891435
59770.916094708904 4.399 0.019000000000000128 1.010179503307537 0.007545220444362891 1.0 1.0063220592695938 1.0063220592695938 0.0038574440379430808
59770.91611065232 4.399 0.019000000000000128 0.9916402568563395 0.007512382713172572 1.0 1.0063219902251068 1.0063219902251068 -0.014681733368767325
59770.916126595745 4.399 0.019000000000000128 1.0070815639903719 0.0075461349492282 1.0 1.0063219211805567 1.0063219211805567 0.0007596428098151087
59770.916142539165 4.399 0.019000000000000128 1.015208214981779 0.007574420048520536 1.0 1.0063218521360382 1.0063218521360382 0.008886362845740736
59770.91615848258 4.399 0.019000000000000128 1.0056461696763381 0.007540407876130943 1.0 1.0063217830915512 1.0063217830915512 -0.00067561341521305
59770.916174426 4.399 0.019000000000000128 0.9999009874177808 0.007570411870298511 1.0 1.0063217140470326 1.0063217140470326 -0.0064207266292518606
59770.91619036942 4.399 0.019000000000000128 0.9944652541892138 0.007530661842353911 1.0 1.006321645002514 1.006321645002514 -0.011856390813300255
59770.91620631283 4.399 0.019000000000000128 1.0145041103065904 0.0075930015408642556 1.0 1.0063215759580268 1.0063215759580268 0.00818253434856353
59770.91622225626 4.399 0.019000000000000128 1.0059666733966268 0.00753989985488761 1.0 1.0063215069134768 1.0063215069134768 -0.00035483351684995057
59770.91623819967 4.399 0.019000000000000128 1.0124652313337428 0.008474559426106119 1.0 1.0063214378689898 1.0063214378689898 0.006143793464753022
59770.91625414309 4.399 0.019000000000000128 1.0124825184025084 0.00756055535311218 1.0 1.0063213688244712 1.0063213688244712 0.006161149578037151
59770.91627008651 4.399 0.019000000000000128 1.0158972262186818 0.007567687477168006 1.0 1.0063212997799527 1.0063212997799527 0.009575926438729176
59770.916286029926 4.399 0.019000000000000128 1.011871319591931 0.00755736594720673 1.0 1.0063212307354656 1.0063212307354656 0.005550088856465463
59770.91630197335 4.399 0.019000000000000128 1.0049694174234691 0.00755102878061268 1.0 1.0063211616909156 1.0063211616909156 -0.001351744267446442
59770.916317916766 4.399 0.019000000000000128 1.00747802862913 0.007554064162039269 1.0 1.0063210926464285 1.0063210926464285 0.0011569359827015013
59770.91633386019 4.399 0.019000000000000128 1.015868461847297 0.00757815352556287 1.0 1.00632102360191 1.00632102360191 0.009547438245387063
59770.91634980361 4.399 0.019000000000000128 1.0096482058502723 0.007584439986781528 1.0 1.0063209545573915 1.0063209545573915 0.0033272512928808062
59770.91636574703 4.399 0.019000000000000128 1.0129475828013517 0.007573958528022996 1.0 1.006320885512873 1.006320885512873 0.006626697288478756
59770.91638169044 4.399 0.019000000000000128 1.008149134656837 0.007565233297871687 1.0 1.0063208164683857 1.0063208164683857 0.0018283181884513056
59770.91639763386 4.399 0.019000000000000128 1.0035916664218707 0.007557914776215401 1.0 1.0063207474238671 1.0063207474238671 -0.002729081001996425
59770.91641357728 4.399 0.019000000000000128 1.0033335671767383 0.007547547970735491 1.0 1.0063206783793486 1.0063206783793486 -0.002987111202610304
59770.9164295207 4.399 0.019000000000000128 1.0063487380942566 0.008445629765996275 1.0 1.00632060933483 1.00632060933483 2.812875942659332e-05
59770.91644546412 4.399 0.019000000000000128 1.0149559556892764 0.007572625279216001 1.0 1.0063205402903115 1.0063205402903115 0.008635415398964952
59770.916461407534 4.399 0.019000000000000128 1.0062269705627174 0.0075530015515832254 1.0 1.0063204712458245 1.0063204712458245 -9.350068310709503e-05
59770.916477350955 4.399 0.019000000000000128 1.0075519233824188 0.007557060465687472 1.0 1.006320402201306 1.006320402201306 0.0012315211811129156
59770.916493294375 4.399 0.019000000000000128 1.0079244052044454 0.007569068026291683 1.0 1.0063203331567874 1.0063203331567874 0.0016040720476580006
59770.916509237795 4.399 0.019000000000000128 0.9933903976707955 0.007542556253489319 1.0 1.0063202641122688 1.0063202641122688 -0.012929866441473314
59770.91652518121 4.399 0.019000000000000128 1.0081740128746135 0.007555494420930648 1.0 1.0063201950677818 1.0063201950677818 0.0018538178068316924
59770.916541124636 4.399 0.019000000000000128 1.016621951010101 0.0075700393620929335 1.0 1.0063201260232317 1.0063201260232317 0.010301824986869379
59770.91655706805 4.399 0.019000000000000128 0.9916367195243707 0.007532081392128096 1.0 1.0063200569787445 1.0063200569787445 -0.01468333745437378
59770.91657301146 4.399 0.019000000000000128 1.0039830971194827 0.007575860937204251 1.0 1.0063199879342575 1.0063199879342575 -0.002336890814774728
59770.91658895489 4.399 0.019000000000000128 1.0169019568841116 0.007572786103171824 1.0 1.0063199188897074 1.0063199188897074 0.010582037994404159
59770.91660489831 4.399 0.019000000000000128 0.9977798666802792 0.007550056398481229 1.0 1.0063198498451889 1.0063198498451889 -0.00853998316490967
59770.91662084173 4.399 0.019000000000000128 1.0062947866050445 0.007539549242810652 1.0 1.0063197808006703 1.0063197808006703 -2.4994195625849258e-05
59770.91663678514 4.399 0.019000000000000128 1.0072683826584994 0.00758127595475656 1.0 1.0063197117561833 1.0063197117561833 0.0009486709023160955
59770.91665272856 4.399 0.019000000000000128 1.0024251543736507 0.007549579980658589 1.0 1.0063196427116647 1.0063196427116647 -0.0038944883380140904
59770.916668671984 4.399 0.019000000000000128 1.0025270040796062 0.007558907406788366 1.0 1.0063195736671462 1.0063195736671462 -0.00379256958754004
59770.916684615404 4.399 0.019000000000000128 1.0008994185299585 0.007531127799345313 1.0 1.0063195046226276 1.0063195046226276 -0.005420086092669196
59770.91670055882 4.399 0.019000000000000128 1.000116421390722 0.0075459534826178565 1.0 1.0063194355781406 1.0063194355781406 -0.006203014187418532
59770.916716502245 4.399 0.019000000000000128 1.0055037048217208 0.007541330951137465 1.0 1.0063193665335906 1.0063193665335906 -0.0008156617118697529
59770.91673244566 4.399 0.019000000000000128 0.9969202854826515 0.00750316672294049 1.0 1.0063192974891033 1.0063192974891033 -0.009399012006451768
59770.91674838907 4.399 0.019000000000000128 0.9997686210534197 0.007539384278702412 1.0 1.0063192284446163 1.0063192284446163 -0.006550607391196617
59770.9167643325 4.399 0.019000000000000128 1.0119108187841694 0.00757268862543989 1.0 1.0063191594000662 1.0063191594000662 0.00559165938410322
59770.91678027591 4.399 0.019000000000000128 1.0055601086637258 0.00756621532079174 1.0 1.0063190903555792 1.0063190903555792 -0.0007589816918533998
59770.91679621933 4.399 0.019000000000000128 1.0014836040826813 0.007539153522014496 1.0 1.0063190213110607 1.0063190213110607 -0.004835417228379324
59770.91681216275 4.399 0.019000000000000128 1.0123163526212027 0.007568463425080064 1.0 1.006318952266542 1.006318952266542 0.005997400354660565
59770.91682810617 4.399 0.019000000000000128 1.0099806774930824 0.007564887518695743 1.0 1.0063188832220236 1.0063188832220236 0.003661794271058838
59770.916844049585 4.399 0.019000000000000128 0.9904546252157806 0.007535278514938904 1.0 1.0063188141775365 1.0063188141775365 -0.0158641889617559
59770.916859993005 4.399 0.019000000000000128 1.0167810295054822 0.007586860134940875 1.0 1.006318745133018 1.006318745133018 0.010462284372464214
59770.916875936426 4.399 0.019000000000000128 1.0079462905672465 0.007568685533214999 1.0 1.0063186760884995 1.0063186760884995 0.0016276144787470415
59770.916891879846 4.399 0.019000000000000128 1.0132647654151006 0.007580194304019713 1.0 1.006318607043981 1.006318607043981 0.006946158371119671
59770.916907823266 4.399 0.019000000000000128 1.003846677345664 0.00755710341495181 1.0 1.0063185379994621 1.0063185379994621 -0.002471860653798119
59770.91692376668 4.399 0.019000000000000128 1.0117960259200287 0.007557812555377094 1.0 1.0063184689549751 1.0063184689549751 0.005477556965053587
59770.91693971011 4.399 0.019000000000000128 1.0063330966415016 0.007548436222407909 1.0 1.006318399910425 1.006318399910425 1.469673107656888e-05
59770.91695565352 4.399 0.019000000000000128 1.01309213220018 0.007566045293727594 1.0 1.006318330865938 1.006318330865938 0.006773801334241991
59770.91697159694 4.399 0.019000000000000128 1.0115031077483931 0.007560641680450105 1.0 1.0063182618214195 1.0063182618214195 0.005184845926973658
59770.91698754036 4.399 0.019000000000000128 1.0099308634287925 0.00756684769263824 1.0 1.006318192776901 1.006318192776901 0.0036126706518915253
59770.91700348378 4.399 0.019000000000000128 1.004300060657428 0.007552389753930766 1.0 1.0063181237323824 1.0063181237323824 -0.002018063074954446
59770.917019427194 4.399 0.019000000000000128 1.0028712055488473 0.007559423646536388 1.0 1.0063180546878954 1.0063180546878954 -0.003446849139048025
59770.917035370614 4.399 0.019000000000000128 1.0016352911942135 0.007561750162332265 1.0 1.0063179856433768 1.0063179856433768 -0.00468269444916336
59770.917051314034 4.399 0.019000000000000128 1.0182405822460188 0.007574079424051248 1.0 1.0063179165988583 1.0063179165988583 0.01192266564716049
59770.917067257455 4.399 0.019000000000000128 1.0040781677825772 0.007535411123384595 1.0 1.0063178475543397 1.0063178475543397 -0.002239679771762537
59770.917083200875 4.399 0.019000000000000128 0.9980105247319964 0.007532589032931662 1.0 1.006317778509821 1.006317778509821 -0.008307253777824597
59770.91709914429 4.399 0.019000000000000128 1.0138822980009068 0.0075797761734097 1.0 1.006317709465334 1.006317709465334 0.007564588535572847
59770.91711508771 4.399 0.019000000000000128 1.004695573483846 0.007532182115983143 1.0 1.0063176404208154 1.0063176404208154 -0.001622066936969313
59770.91713103113 4.399 0.019000000000000128 1.0105666286034432 0.007571131778677872 1.0 1.0063175713762968 1.0063175713762968 0.004249057227146302
59770.91714697455 4.399 0.019000000000000128 0.9946491832299597 0.007527073325496254 1.0 1.0063175023317783 1.0063175023317783 -0.011668319101818647
59770.91716291796 4.399 0.019000000000000128 1.0048950067013167 0.007553534965854078 1.0 1.0063174332872913 1.0063174332872913 -0.0014224265859745788
59770.91717886139 4.399 0.019000000000000128 1.011736706987196 0.007567785603876898 1.0 1.0063173642427412 1.0063173642427412 0.00541934274445488
59770.9171948048 4.399 0.019000000000000128 1.004824726275113 0.007561100304873473 1.0 1.0063172951982542 1.0063172951982542 -0.001492568923141091
59770.917210748215 4.399 0.019000000000000128 1.016464368136557 0.007582247708209568 1.0 1.0063172261537672 1.0063172261537672 0.010147141982789876
59770.91722669164 4.399 0.019000000000000128 0.9892026519173653 0.007519241554983704 1.0 1.006317157109217 1.006317157109217 -0.01711450519185176
59770.917242635056 4.399 0.019000000000000128 1.0095496064320055 0.007553405253520143 1.0 1.0063170880647299 1.0063170880647299 0.003232518367275672
59770.91725857848 4.399 0.019000000000000128 1.0162486343247623 0.007575740535210068 1.0 1.0063170190201798 1.0063170190201798 0.00993161530458253
59770.9172745219 4.399 0.019000000000000128 1.018054357880865 0.007587368172181624 1.0 1.0063169499756928 1.0063169499756928 0.011737407905172192
59770.91729046532 4.399 0.019000000000000128 1.014705224346622 0.007573483890076917 1.0 1.0063168809311742 1.0063168809311742 0.008388343415447697
59770.91730640874 4.399 0.019000000000000128 1.0035726591193732 0.007551473734756117 1.0 1.0063168118866557 1.0063168118866557 -0.0027441527672824595
59770.91732235215 4.399 0.019000000000000128 1.0168936953257142 0.007564901626796062 1.0 1.0063167428421687 1.0063167428421687 0.01057695248354551
59770.91733829557 4.399 0.019000000000000128 1.0002910948109238 0.007525492337251525 1.0 1.00631667379765 1.00631667379765 -0.006025578986726288
59770.917354239 4.399 0.019000000000000128 1.0153869020458715 0.007589160786849965 1.0 1.0063166047531 1.0063166047531 0.009070297292771423
59770.91737018241 4.399 0.019000000000000128 1.0054483169533046 0.007558951000189654 1.0 1.006316535708613 1.006316535708613 -0.0008682187553084031
59770.917386125824 4.399 0.019000000000000128 1.0113417634147401 0.007592296167301339 1.0 1.006316466664126 1.006316466664126 0.005025296750614139
59770.91740206925 4.399 0.019000000000000128 1.0099701069352824 0.007571129537443824 1.0 1.006316397619576 1.006316397619576 0.0036537093157065215
59770.917418012665 4.399 0.019000000000000128 1.0011334968412482 0.007534515379726526 1.0 1.0063163285750887 1.0063163285750887 -0.005182831733840487
59770.917433956085 4.399 0.019000000000000128 1.0034363938859339 0.007575396730507346 1.0 1.0063162595305701 1.0063162595305701 -0.0028798656446362703
59770.917449899505 4.399 0.019000000000000128 0.9968228457926049 0.007544185381493669 1.0 1.0063161904860516 1.0063161904860516 -0.009493344693446648
59770.917465842926 4.399 0.019000000000000128 1.0008898432749913 0.007554806419761098 1.0 1.006316121441533 1.006316121441533 -0.0054262781665417315
59770.91748178634 4.399 0.019000000000000128 1.0084563137823082 0.007574956641337648 1.0 1.006316052397046 1.006316052397046 0.002140261385262132
59770.91749772976 4.399 0.019000000000000128 0.9986266411975498 0.007533360904875434 1.0 1.0063159833525275 1.0063159833525275 -0.00768934215497763
