eureka_custom_plots/data/stage5_lcfit_results/S5_wasp39b_ap4_bg8_Table_Save_ch04.txt
# %ECSV 1.0
# ---
# datatype:
# - {name: time, datatype: float64}
# - {name: wavelength, datatype: float64}
# - {name: bin_width, datatype: float64}
# - {name: lcdata, datatype: float64}
# - {name: lcerr, datatype: float64}
# - {name: transit, datatype: float64}
# - {name: polynom, datatype: float64}
# - {name: model, datatype: float64}
# - {name: residuals, datatype: float64}
# schema: astropy-2.0
time wavelength bin_width lcdata lcerr transit polynom model residuals
[from data line 8315]
59770.77658978933 3.1725000000000003 0.019500000000000073 1.00601100428703 0.004682937271161509 0.9996670648978458 1.0068940048096733 1.0065587744513236 -0.0005477701642935262
59770.77660573275 3.1725000000000003 0.019500000000000073 1.0044913353415608 0.004688167473814004 0.9996584310855233 1.0068938122643671 1.0065498886379187 -0.0020585532963579567
59770.776621676174 3.1725000000000003 0.019500000000000073 1.0083880692731497 0.004694340007852574 0.9996497234643014 1.0068936197190608 1.0065409285101286 0.0018471407630211711
59770.776637619594 3.1725000000000003 0.019500000000000073 1.0025533789939487 0.004686576695192233 0.9996409426733103 1.0068934271737546 1.0065318947115323 -0.003978515717583564
59770.776653563014 3.1725000000000003 0.019500000000000073 0.9962373255985423 0.004672206575984734 0.9996320893363438 1.0068932346284483 1.0065227878702652 -0.01028546227172289
59770.776669506435 3.1725000000000003 0.019500000000000073 1.00880698891135 0.0046929338821224045 0.9996231640642189 1.0068930420831421 1.0065136086013973 0.0022933803099527417
59770.776685449855 3.1725000000000003 0.019500000000000073 1.0147683160753842 0.0047015096812664005 0.9996141674532776 1.006892849537836 1.0065043575054222 0.008263958569961982
59770.77670139327 3.1725000000000003 0.019500000000000073 1.004097704520184 0.004679090758318514 0.9996051000919194 1.0068926569926175 1.006495035174924 -0.0023973306547400153
59770.776717336696 3.1725000000000003 0.019500000000000073 0.9955910015125528 0.004666839592567383 0.9995959625392693 1.0068924644472235 1.0064856421726593 -0.010894640660106591
59770.77673328011 3.1725000000000003 0.019500000000000073 1.01118176003522 0.004700733478058927 0.9995867553712319 1.006892271902005 1.0064761790788934 0.0047055809563265605
59770.776749223536 3.1725000000000003 0.019500000000000073 1.0001653053002404 0.004678594597138766 0.9995774791190203 1.006892079356611 1.0064666464281897 -0.006301341127949334
59770.77676516695 3.1725000000000003 0.019500000000000073 0.9985131495817222 0.004673279784383681 0.9995681343369539 1.0068918868113925 1.006457044779079 -0.007943895197356832
59770.77678111038 3.1725000000000003 0.019500000000000073 "" "" 0.9995587215333628 1.0068916942659984 1.006447374643083 ""
59770.77679705379 3.1725000000000003 0.019500000000000073 0.9997861156689708 0.004674546017401965 0.9995492412417648 1.00689150172078 1.0064376365577867 -0.006651520888815932
59770.77681299722 3.1725000000000003 0.019500000000000073 1.0151210103606645 0.004701308184410556 0.9995396939507397 1.006891309175386 1.006427831014825 0.008693179345839575
59770.77682894063 3.1725000000000003 0.019500000000000073 0.9996544512083839 0.004677784537248319 0.9995300801736208 1.0068911166301675 1.0064179585314579 -0.006763507323073958
59770.77684488406 3.1725000000000003 0.019500000000000073 1.0073819844777534 0.004696226082844568 0.9995204003800778 1.0068909240847734 1.0064080195802794 0.0009739648974740334
59770.77686082747 3.1725000000000003 0.019500000000000073 1.0097224802137026 0.0046909527116973555 0.9995106550653696 1.006890731539555 1.00639801466035 0.00332446555335264
59770.77687677089 3.1725000000000003 0.019500000000000073 1.0031406986004205 0.004680291748015324 0.9995008446854962 1.0068905389942489 1.0063879442305863 -0.0032472456301657626
59770.77689271431 3.1725000000000003 0.019500000000000073 1.0046022565586241 0.004684177093800919 0.999490969706021 1.0068903464489425 1.006377808759885 -0.0017755522012607994
59770.77690865773 3.1725000000000003 0.019500000000000073 1.004673982192838 0.004685067726210255 0.9994810305790033 1.0068901539036363 1.0063676087034577 -0.0016936265106195503
59770.77692460115 3.1725000000000003 0.019500000000000073 1.006739937549687 0.004689764266680982 0.9994710277494655 1.00688996135833 1.0063573445094296 0.00038259304025745067
59770.77694054457 3.1725000000000003 0.019500000000000073 1.0028324508244835 0.0046751238373513625 0.99946096165479 1.0068897688130238 1.006347016618234 -0.003514565793750535
59770.77695648799 3.1725000000000003 0.019500000000000073 1.0060237731854873 0.004691671169684451 0.9994508327240763 1.0068895762677175 1.0063366254619626 -0.0003128522764752617
59770.77697243141 3.1725000000000003 0.019500000000000073 1.0037657886252669 0.0046812158585324126 0.9994406413801105 1.0068893837224113 1.006326171466351 -0.0025603828410840634
59770.776988374826 3.1725000000000003 0.019500000000000073 1.0076339038459572 0.0046864034510597195 0.9994303880434732 1.0068891911771929 1.0063156550550008 0.0013182487909564333
59770.77700431825 3.1725000000000003 0.019500000000000073 1.0105711018639065 0.0046993239706968485 0.9994200731080619 1.0068889986317988 1.0063050766242956 0.004266025239610949
59770.777020261674 3.1725000000000003 0.019500000000000073 1.0104030843521474 0.00468876565232032 0.9994096969909487 1.0068888060864927 1.0062944365944797 0.004108647757667727
59770.777036205094 3.1725000000000003 0.019500000000000073 1.0057786795797257 0.004686121412201572 0.9993992600826059 1.0068886135411863 1.0062837353586624 -0.0005050557789367804
59770.77705214851 3.1725000000000003 0.019500000000000073 1.0072424597057918 0.004686282076168794 0.999388762777839 1.0068884209959679 1.0062729733144922 0.0009694863912996787
59770.777068091935 3.1725000000000003 0.019500000000000073 0.9993653327658503 0.004673906846037693 0.9993782054459686 1.0068882284505738 1.006262150833605 -0.006896818067754662
59770.77708403535 3.1725000000000003 0.019500000000000073 1.0128241222633612 0.004704458330022712 0.9993675884836981 1.0068880359053554 1.0062512683158222 0.006572853947538926
59770.777099978775 3.1725000000000003 0.019500000000000073 0.9987747395470914 0.004677044949830732 0.9993569122437782 1.0068878433599613 1.006240326116008 -0.0074655865689166045
59770.77711592219 3.1725000000000003 0.019500000000000073 1.0103115494316492 0.004700820526607434 0.9993461771128427 1.0068876508147429 1.006229324623844 0.004082224807805179
59770.777131865616 3.1725000000000003 0.019500000000000073 1.0010305667253485 0.004673391195885172 0.9993353834315918 1.0068874582693488 1.0062182641820605 -0.005187697456711993
59770.77714780903 3.1725000000000003 0.019500000000000073 0.9979426892951665 0.0046732293165030496 0.9993245315762612 1.0068872657241306 1.0062071451698693 -0.008264455874702814
59770.77716375245 3.1725000000000003 0.019500000000000073 1.0032171672115562 0.004683748952933076 0.9993136218830052 1.0068870731788242 1.0061959679255092 -0.002978800713953067
59770.77717969587 3.1725000000000003 0.019500000000000073 1.0134503598080047 0.00469773447506486 0.9993026547020936 1.006886880633518 1.0061847328017846 0.007265627006220132
59770.77719563929 3.1725000000000003 0.019500000000000073 "" "" 0.9992916303749045 1.0068866880882117 1.0061734401424571 ""
59770.77721158271 3.1725000000000003 0.019500000000000073 1.0110578140746105 0.004699290725078613 0.9992805492381102 1.0068864955429055 1.0061620902865507 0.004895723788059803
59770.77722752613 3.1725000000000003 0.019500000000000073 0.9992507397610625 0.004681522717689652 0.9992694116228356 1.0068863029975992 1.0061506835675031 -0.006899943806440656
59770.77724346955 3.1725000000000003 0.019500000000000073 1.0003163701869953 0.00467735054824719 0.9992582178570149 1.006886110452293 1.0061392203155397 -0.005822850128544443
59770.77725941297 3.1725000000000003 0.019500000000000073 0.9993201113028476 0.004672196097616506 0.9992469682629294 1.0068859179069867 1.0061277008551932 -0.0068075895523456165
59770.77727535639 3.1725000000000003 0.019500000000000073 1.0051353284616673 0.00468360804882267 0.9992356631595736 1.0068857253616805 1.0061161255076871 -0.0009807970460198323
59770.77729129981 3.1725000000000003 0.019500000000000073 1.002568864668344 0.004677185778388047 0.9992243028617991 1.0068855328163742 1.0061044945900726 -0.0035356299217286224
59770.77730724323 3.1725000000000003 0.019500000000000073 1.008970738262267 0.004697462139201808 0.9992128876794225 1.006885340271068 1.006092808414332 0.0028779298479351123
59770.77732318665 3.1725000000000003 0.019500000000000073 1.002075981520102 0.004675015598523406 0.9992014179192875 1.0068851477257617 1.0060810672894522 -0.004005085769350325
59770.777339130065 3.1725000000000003 0.019500000000000073 0.9993991705756358 0.004671799249934423 0.9991898938897316 1.0068849551805434 1.0060692715260142 -0.006670100950378455
59770.77735507349 3.1725000000000003 0.019500000000000073 1.0056401037779064 0.004685388925944936 0.9991783158729444 1.0068847626351494 1.0060574214079179 -0.00041731763001151556
59770.777371016906 3.1725000000000003 0.019500000000000073 0.9994943562284015 0.004668738610984028 0.9991666841858926 1.006884570089931 1.0060455172546943 -0.006551161026292718
59770.77738696033 3.1725000000000003 0.019500000000000073 "" "" 0.9991549990990011 1.0068843775445369 1.00603355933831 ""
59770.77740290375 3.1725000000000003 0.019500000000000073 1.0074233067849905 0.004693969604336705 0.9991432609213126 1.0068841849993184 1.0060215479703172 0.001401758814673304
59770.777418847174 3.1725000000000003 0.019500000000000073 0.9991532503989873 0.004670082429212913 0.9991314699164449 1.0068839924539243 1.006009483415828 -0.006856233016840685
59770.777434790594 3.1725000000000003 0.019500000000000073 1.0062891422237248 0.004689584567342788 0.9991196263813489 1.006883799908618 1.0059973659741313 0.0002917762495935339
59770.77745073401 3.1725000000000003 0.019500000000000073 1.0014820728425067 0.0046802100810236485 0.9991077305944577 1.0068836073633995 1.0059851959256072 -0.004503123083100524
59770.777466677435 3.1725000000000003 0.019500000000000073 1.012139482834543 0.004696293899699662 0.9990957828143764 1.0068834148180055 1.0059729735304077 0.006166509304135204
59770.777482620855 3.1725000000000003 0.019500000000000073 1.0057636774519323 0.004679442755318616 0.999083783328632 1.0068832222726993 1.0059606990783323 -0.00019702162640000687
59770.777498564275 3.1725000000000003 0.019500000000000073 1.0164652998518604 0.004708988996424628 0.9990717324009927 1.006883029727393 1.0059483728349068 0.010516927016953614
59770.77751450769 3.1725000000000003 0.019500000000000073 1.0064192379615424 0.004686919785647164 0.9990596303019629 1.0068828371821748 1.005935995072615 0.0004832428889274265
59770.777530451116 3.1725000000000003 0.019500000000000073 1.0012962882794474 0.004680564699186365 0.9990474772777 1.0068826446367805 1.0059235660390744 -0.004627277759627013
59770.77754639453 3.1725000000000003 0.019500000000000073 1.007832045321353 0.0046899406801550565 0.999035273610457 1.0068824520915622 1.0059110860188618 0.001920959302491143
59770.77756233796 3.1725000000000003 0.019500000000000073 1.0026565484133891 0.004684116875288937 0.9990230195349459 1.006882259546168 1.0058985552479818 -0.0032420068345926367
59770.77757828137 3.1725000000000003 0.019500000000000073 1.0077405662983152 0.004687909730695421 0.9990107153273146 1.0068820670009497 1.0058859740048638 0.001854592293451418
59770.7775942248 3.1725000000000003 0.019500000000000073 1.01324530463842 0.004695126210322359 0.9989983612169784 1.0068818744555557 1.0058733425201796 0.007371962118240427
59770.77761016821 3.1725000000000003 0.019500000000000073 1.0061265477564703 0.004690413219387364 0.9989859574749074 1.0068816819103372 1.0058606610671434 0.0002658866893268108
59770.77762611163 3.1725000000000003 0.019500000000000073 1.007578807532052 0.004694896435157115 0.9989735043304998 1.0068814893650309 1.0058479298764977 0.0017308776555542416
59770.77764205505 3.1725000000000003 0.019500000000000073 "" "" 0.9989610020335277 1.0068812968197247 1.00583514919985 ""
59770.77765799847 3.1725000000000003 0.019500000000000073 1.0059874522965133 0.004680120943940251 0.9989484508244545 1.0068811042744183 1.0058223192793463 0.00016513301716702955
59770.77767394189 3.1725000000000003 0.019500000000000073 1.0075146934026675 0.00469100069343165 0.9989358509423816 1.0068809117291122 1.0058094403557616 0.0017052530469059413
59770.77768988531 3.1725000000000003 0.019500000000000073 1.0095381834586015 0.004693015970839066 0.9989232026240192 1.006880719183806 1.0057965126674633 0.0037416707911381852
59770.77770582873 3.1725000000000003 0.019500000000000073 1.0049665607116895 0.004687314480800383 0.9989105061026304 1.0068805266384997 1.0057835364493468 -0.0008169757376572662
59770.77772177215 3.1725000000000003 0.019500000000000073 1.007475175081805 0.004693872836465191 0.9988977616106378 1.0068803340931936 1.0057705119354623 0.0017046631463426554
59770.777737715565 3.1725000000000003 0.019500000000000073 1.013219866242031 0.004697814412608035 0.9988849693826586 1.0068801415479751 1.005757439362156 0.007462426879875084
59770.77775365899 3.1725000000000003 0.019500000000000073 1.0010896320823925 0.004671549290463493 0.9988721296284838 1.006879949002581 1.0057443189404274 -0.004654686858034829
59770.77776960241 3.1725000000000003 0.019500000000000073 "" "" 0.9988592425913078 1.0068797564572747 1.0057311509154339 ""
59770.77778554583 3.1725000000000003 0.019500000000000073 "" "" 0.9988463084873492 1.0068795639119685 1.0057179355048218 ""
59770.77780148925 3.1725000000000003 0.019500000000000073 0.9992917017563712 0.004681079730292394 0.9988333275438008 1.00687937136675 1.0057046729374615 -0.006412971181090299
59770.777817432674 3.1725000000000003 0.019500000000000073 1.0026114324812812 0.004680782090543173 0.998820299961731 1.006879178821356 1.0056913634155682 -0.003079930934287045
59770.77783337609 3.1725000000000003 0.019500000000000073 0.9940012441656361 0.004664070234158831 0.9988072259812214 1.0068789862761376 1.0056780071812532 -0.011676763015617153
59770.777849319515 3.1725000000000003 0.019500000000000073 0.9990029170598062 0.00467222459813323 0.9987941057935715 1.0068787937307435 1.0056646044268078 -0.0066616873670016785
59770.77786526293 3.1725000000000003 0.019500000000000073 0.9984837890330851 0.004671450845950429 0.9987809396350953 1.006878601185525 1.0056511553905492 -0.007167366357464067
59770.777881206355 3.1725000000000003 0.019500000000000073 1.011821030346746 0.004693751013070225 0.9987677276926905 1.006878408640131 1.0056376602603359 0.006183370086410234
59770.77789714977 3.1725000000000003 0.019500000000000073 1.0025451510385797 0.004681588013150378 0.9987544701998031 1.0068782160949126 1.0056241192715973 -0.003078968233017676
59770.77791309319 3.1725000000000003 0.019500000000000073 "" "" 0.9987411673456112 1.0068780235496064 1.0056105326145757 ""
59770.77792903661 3.1725000000000003 0.019500000000000073 "" "" 0.9987278193408089 1.0068778310043 1.0055969005015282 ""
59770.77794498004 3.1725000000000003 0.019500000000000073 "" "" 0.9987144263835234 1.006877638458906 1.0055832231318829 ""
59770.77796092345 3.1725000000000003 0.019500000000000073 1.0009660249952885 0.004670653558706729 0.998700988693412 1.0068774459136876 1.0055695007270973 -0.004603475731808748
59770.77797686687 3.1725000000000003 0.019500000000000073 1.0101944553863607 0.004693730892768872 0.998687506452334 1.0068772533683814 1.0055557334700438 0.004638721916316868
59770.77799281029 3.1725000000000003 0.019500000000000073 1.0031553832164635 0.0046838473294447975 0.998673979865283 1.006877060823075 1.005541921567239 -0.0023865383507755134
59770.77800875371 3.1725000000000003 0.019500000000000073 1.0020027954403217 0.00468496641266711 0.9986604091282179 1.006876868277769 1.0055280652160155 -0.0035252697756937845
59770.77802469713 3.1725000000000003 0.019500000000000073 1.0077267902086278 0.004695569215275551 0.9986467944366273 1.0068766757324628 1.0055141646132313 0.002212625595396478
59770.77804064055 3.1725000000000003 0.019500000000000073 "" "" 0.9986331359844034 1.0068764831871564 1.0055002199541374 ""
