eureka_custom_plots/data/stage5_lcfit_results/S5_wasp39b_ap4_bg8_Table_Save_ch14.txt
# %ECSV 1.0
# ---
# datatype:
# - {name: time, datatype: float64}
# - {name: wavelength, datatype: float64}
# - {name: bin_width, datatype: float64}
# - {name: lcdata, datatype: float64}
# - {name: lcerr, datatype: float64}
# - {name: transit, datatype: float64}
# - {name: polynom, datatype: float64}
# - {name: model, datatype: float64}
# - {name: residuals, datatype: float64}
# schema: astropy-2.0
time wavelength bin_width lcdata lcerr transit polynom model residuals
[from data line 16720]
59770.910594229405 3.556 0.019000000000000128 1.012032840607179 0.005237254780409269 1.0 1.0058960496732208 1.0058960496732208 0.006136790933958247
59770.91061017282 3.556 0.019000000000000128 1.0044615607943745 0.005228133632829681 1.0 1.0058959669733518 1.0058959669733518 -0.0014344061789772766
59770.91062611624 3.556 0.019000000000000128 0.9953188151358144 0.005213032936429411 1.0 1.0058958842734451 1.0058958842734451 -0.010577069137630679
59770.91064205966 3.556 0.019000000000000128 1.0110578156634071 0.005246937888078601 1.0 1.0058958015735386 1.0058958015735386 0.005162014089868494
59770.91065800308 3.556 0.019000000000000128 1.00455718355887 0.005232653664990005 1.0 1.005895718873632 1.005895718873632 -0.0013385353147619128
59770.9106739465 3.556 0.019000000000000128 1.003165414411493 0.005221570802061879 1.0 1.0058956361737252 1.0058956361737252 -0.0027302217622322544
59770.91068988991 3.556 0.019000000000000128 1.000881099282649 0.005219326522123622 1.0 1.0058955534738565 1.0058955534738565 -0.005014454191207607
59770.91070583334 3.556 0.019000000000000128 1.008980189932237 0.005234338060631259 1.0 1.005895470773912 1.005895470773912 0.003084719158324978
59770.91072177675 3.556 0.019000000000000128 0.9969168816970824 0.005208016409382769 1.0 1.005895388074043 1.005895388074043 -0.008978506376960738
59770.91073772017 3.556 0.019000000000000128 0.9973750395596968 0.005208352265300365 1.0 1.0058953053741366 1.0058953053741366 -0.008520265814439876
59770.91075366359 3.556 0.019000000000000128 1.0041483979364305 0.005229507250092337 1.0 1.00589522267423 1.00589522267423 -0.0017468247377994128
59770.91076960701 3.556 0.019000000000000128 1.0150732009625367 0.00524908128159964 1.0 1.0058951399743232 1.0058951399743232 0.009178060988213499
59770.910785550426 3.556 0.019000000000000128 1.0092322627414971 0.00524992204509517 1.0 1.0058950572744545 1.0058950572744545 0.0033372054670426365
59770.91080149385 3.556 0.019000000000000128 1.0017403939314284 0.005225134827593633 1.0 1.0058949745745478 1.0058949745745478 -0.004154580643119354
59770.91081743727 3.556 0.019000000000000128 0.9989184550624284 0.005212919402003959 1.0 1.005894891874641 1.005894891874641 -0.006976436812212716
59770.91083338068 3.556 0.019000000000000128 1.0090330112977426 0.0052389183410304135 1.0 1.0058948091747721 1.0058948091747721 0.003138202122970446
59770.91084932411 3.556 0.019000000000000128 1.0128517080015085 0.005239214085643372 1.0 1.005894726474828 1.005894726474828 0.006956981526680561
59770.91086526752 3.556 0.019000000000000128 1.000696665520934 0.005223288040556815 1.0 1.005894643774959 1.005894643774959 -0.005197978254025015
59770.91088121094 3.556 0.019000000000000128 1.005285805315478 0.005234015120218625 1.0 1.0058945610750523 1.0058945610750523 -0.0006087557595741977
59770.91089715436 3.556 0.019000000000000128 1.0067511063901453 0.00523349332478986 1.0 1.0058944783751458 1.0058944783751458 0.0008566280149995276
59770.91091309778 3.556 0.019000000000000128 1.004653512805659 0.005228563838223526 1.0 1.005894395675239 1.005894395675239 -0.0012408828695800178
59770.9109290412 3.556 0.019000000000000128 1.0173216509489875 0.005257198598951423 1.0 1.0058943129753324 1.0058943129753324 0.011427337973655138
59770.91094498462 3.556 0.019000000000000128 0.9975928960809339 0.005214059020282653 1.0 1.005894230275426 1.005894230275426 -0.008301334194491972
59770.910960928035 3.556 0.019000000000000128 0.9982986954801228 0.005215436250377999 1.0 1.005894147575557 1.005894147575557 -0.007595452095434108
59770.910976871455 3.556 0.019000000000000128 1.0098614748719283 0.005246092916303761 1.0 1.0058940648756503 1.0058940648756503 0.003967409996278093
59770.910992814875 3.556 0.019000000000000128 1.0056845312198837 0.005230003023315406 1.0 1.0058939821757438 1.0058939821757438 -0.0002094509558601132
59770.91100875829 3.556 0.019000000000000128 0.9993450782120834 0.0052236920737624174 1.0 1.0058938994758748 1.0058938994758748 -0.006548821263791416
59770.911024701716 3.556 0.019000000000000128 1.0053576990641169 0.005223298365643458 1.0 1.0058938167759304 1.0058938167759304 -0.0005361177118134997
59770.91104064513 3.556 0.019000000000000128 1.0131445822385796 0.005241645814061409 1.0 1.0058937340760614 1.0058937340760614 0.0072508481625181975
59770.91105658855 3.556 0.019000000000000128 0.9966170053723638 0.005210183999641332 1.0 1.005893651376155 1.005893651376155 -0.009276646003791189
59770.91107253197 3.556 0.019000000000000128 1.0000933165108357 0.0052239681042233746 1.0 1.0058935686762482 1.0058935686762482 -0.005800252165412578
59770.91108847538 3.556 0.019000000000000128 0.9982521088415359 0.005213741569882571 1.0 1.0058934859763793 1.0058934859763793 -0.0076413771348433635
59770.9111044188 3.556 0.019000000000000128 1.0160848091486185 0.005251337646158357 1.0 1.0058934032764728 1.0058934032764728 0.010191405872145731
59770.91112036223 3.556 0.019000000000000128 1.0105476227018 0.005245468257244045 1.0 1.0058933205765284 1.0058933205765284 0.0046543021252716255
59770.91113630564 3.556 0.019000000000000128 1.0005720518402925 0.0052172276088146815 1.0 1.0058932378766594 1.0058932378766594 -0.005321186036366887
59770.91115224906 3.556 0.019000000000000128 0.999634765463614 0.005225622206667743 1.0 1.0058931551767907 1.0058931551767907 -0.006258389713176715
59770.911168192484 3.556 0.019000000000000128 1.0059294872233464 0.005230190998996212 1.0 1.0058930724768462 1.0058930724768462 3.641474650017962e-05
59770.9111841359 3.556 0.019000000000000128 1.0049844894429174 0.00522857713304026 1.0 1.0058929897769773 1.0058929897769773 -0.0009085003340598696
59770.911200079325 3.556 0.019000000000000128 1.008632462249279 0.005238421551930599 1.0 1.005892907077033 1.005892907077033 0.002739555172246
59770.91121602274 3.556 0.019000000000000128 1.0010750950401637 0.005220764139000368 1.0 1.005892824377164 1.005892824377164 -0.00481772933700042
59770.91123196616 3.556 0.019000000000000128 0.9997263450647008 0.005217178442976571 1.0 1.0058927416772574 1.0058927416772574 -0.0061663966125565794
59770.91124790958 3.556 0.019000000000000128 1.0109710103813918 0.005236530323752002 1.0 1.005892658977351 1.005892658977351 0.005078351404040893
59770.91126385299 3.556 0.019000000000000128 1.0076721054916191 0.0052362120054186695 1.0 1.005892576277482 1.005892576277482 0.0017795292141371544
59770.91127979641 3.556 0.019000000000000128 1.0098868371448992 0.0052361855950700115 1.0 1.0058924935775753 1.0058924935775753 0.003994343567323977
59770.91129573983 3.556 0.019000000000000128 1.0103151244911508 0.005239550441681183 1.0 1.0058924108776686 1.0058924108776686 0.004422713613482232
59770.91131168325 3.556 0.019000000000000128 1.0053410915908427 0.005234837958457313 1.0 1.005892328177762 1.005892328177762 -0.000551236586919357
59770.911327626665 3.556 0.019000000000000128 1.0081618773996517 0.005238979285273897 1.0 1.0058922454778931 1.0058922454778931 0.0022696319217585526
59770.91134357009 3.556 0.019000000000000128 1.0012872102312158 0.00522207231809883 1.0 1.0058921627779487 1.0058921627779487 -0.004604952546732877
59770.911359513506 3.556 0.019000000000000128 1.0076334059108303 0.0052415071931882625 1.0 1.00589208007808 1.00589208007808 0.001741325832750329
59770.91137545692 3.556 0.019000000000000128 1.007837648050236 0.005241139005610272 1.0 1.005891997378211 1.005891997378211 0.0019456506720250122
59770.91139140035 3.556 0.019000000000000128 1.0093049824348204 0.005237804820547861 1.0 1.0058919146782666 1.0058919146782666 0.0034130677565538114
59770.91140734377 3.556 0.019000000000000128 1.008290370191714 0.005237938727292782 1.0 1.00589183197836 1.00589183197836 0.0023985382133540067
59770.91142328719 3.556 0.019000000000000128 1.001076752757276 0.005223308755760458 1.0 1.0058917492784534 1.0058917492784534 -0.00481499652117745
59770.9114392306 3.556 0.019000000000000128 1.0054129651332313 0.005224746030770618 1.0 1.0058916665785844 1.0058916665785844 -0.00047870144535311354
59770.91145517402 3.556 0.019000000000000128 1.0027006811469843 0.005224695219621781 1.0 1.005891583878678 1.005891583878678 -0.0031909027316936456
59770.91147111744 3.556 0.019000000000000128 1.003507133115681 0.005223583267450409 1.0 1.0058915011787712 1.0058915011787712 -0.00238436806309017
59770.91148706086 3.556 0.019000000000000128 1.0077543258231347 0.005235654464990988 1.0 1.0058914184788645 1.0058914184788645 0.0018629073442701927
59770.911503004274 3.556 0.019000000000000128 1.0018363776072643 0.005224508381329242 1.0 1.0058913357789956 1.0058913357789956 -0.004054958171731293
59770.9115189477 3.556 0.019000000000000128 1.001701159257069 0.005234129894967914 1.0 1.0058912530790514 1.0058912530790514 -0.004190093821982321
59770.911534891115 3.556 0.019000000000000128 0.9950152059263037 0.0052003264296949115 1.0 1.0058911703791824 1.0058911703791824 -0.01087596445287875
59770.91155083453 3.556 0.019000000000000128 1.0019206954228121 0.005220854354451348 1.0 1.0058910876793135 1.0058910876793135 -0.0039703922565013094
59770.911566777955 3.556 0.019000000000000128 1.002731095227432 0.005224555373085342 1.0 1.0058910049793692 1.0058910049793692 -0.003159909751937251
59770.911582721375 3.556 0.019000000000000128 1.0113280728701406 0.005234606078809196 1.0 1.0058909222794625 1.0058909222794625 0.005437150590678064
59770.91159866479 3.556 0.019000000000000128 1.0063652010317585 0.005234493740585233 1.0 1.0058908395795936 1.0058908395795936 0.00047436145216495085
59770.91161460821 3.556 0.019000000000000128 0.9995720516027258 0.005218358976727971 1.0 1.005890756879687 1.005890756879687 -0.006318705276961323
59770.91163055163 3.556 0.019000000000000128 1.0088667278996069 0.0052297047763166325 1.0 1.0058906741797804 1.0058906741797804 0.0029760537198264547
59770.91164649505 3.556 0.019000000000000128 0.99888854215337 0.005213177492173694 1.0 1.0058905914798737 1.0058905914798737 -0.007002049326503723
59770.91166243847 3.556 0.019000000000000128 1.0034033686097585 0.005223306844206728 1.0 1.0058905087799672 1.0058905087799672 -0.0024871401702086793
59770.91167838188 3.556 0.019000000000000128 1.016692772737257 0.005258079583111282 1.0 1.0058904260800983 1.0058904260800983 0.010802346657158735
59770.91169432531 3.556 0.019000000000000128 1.0060467257219385 0.005231734351019838 1.0 1.0058903433801538 1.0058903433801538 0.0001563823417847221
59770.91171026872 3.556 0.019000000000000128 1.0043816603678566 0.005228222555135575 1.0 1.0058902606802849 1.0058902606802849 -0.0015086003124282765
59770.911726212136 3.556 0.019000000000000128 1.0065546426969874 0.00523394298694193 1.0 1.0058901779804161 1.0058901779804161 0.0006644647165712225
59770.911742155564 3.556 0.019000000000000128 1.0029988257803437 0.0052299925863834975 1.0 1.0058900952804717 1.0058900952804717 -0.0028912695001279687
59770.91175809898 3.556 0.019000000000000128 1.0047561478604097 0.005228525488363019 1.0 1.0058900125806027 1.0058900125806027 -0.0011338647201930563
59770.9117740424 3.556 0.019000000000000128 0.9961388774926819 0.005209652701959362 1.0 1.0058899298806963 1.0058899298806963 -0.009751052388014325
59770.91178998582 3.556 0.019000000000000128 1.0066518552747323 0.005238861858588765 1.0 1.0058898471807896 1.0058898471807896 0.0007620080939427787
59770.91180592924 3.556 0.019000000000000128 1.006030626543846 0.005232833162686879 1.0 1.0058897644808829 1.0058897644808829 0.00014086206296304304
59770.91182187265 3.556 0.019000000000000128 1.0063605729211254 0.005237257174810947 1.0 1.0058896817810141 1.0058896817810141 0.00047089114011122923
59770.91183781607 3.556 0.019000000000000128 1.0099676848918884 0.005235463428673521 1.0 1.0058895990811074 1.0058895990811074 0.0040780858107809514
59770.91185375949 3.556 0.019000000000000128 1.0050957608488038 0.005227816835679409 1.0 1.0058895163812007 1.0058895163812007 -0.0007937555323969114
59770.91186970291 3.556 0.019000000000000128 1.005641132218919 0.005235843409891618 1.0 1.0058894336812942 1.0058894336812942 -0.00024830146237531103
59770.91188564633 3.556 0.019000000000000128 1.007796001388714 0.005229034250220729 1.0 1.0058893509813875 1.0058893509813875 0.0019066504073264046
59770.911901589745 3.556 0.019000000000000128 1.007815636696352 0.005230678209051854 1.0 1.0058892682815186 1.0058892682815186 0.0019263684148334015
59770.91191753317 3.556 0.019000000000000128 1.0113917714106477 0.0052412466214809385 1.0 1.0058891855815744 1.0058891855815744 0.00550258582907337
59770.911933476586 3.556 0.019000000000000128 1.0119872707325697 0.0052464801036904325 1.0 1.0058891028817054 1.0058891028817054 0.006098167850864256
59770.911949420006 3.556 0.019000000000000128 1.0066667274708612 0.005230354855477895 1.0 1.0058890201817987 1.0058890201817987 0.000777707289062457
59770.911965363426 3.556 0.019000000000000128 1.0063373699206037 0.005237184715963292 1.0 1.005888937481892 1.005888937481892 0.0004484324387117322
59770.91198130685 3.556 0.019000000000000128 1.014602760106594 0.005250863491090907 1.0 1.0058888547819855 1.0058888547819855 0.008713905324608362
59770.91199725026 3.556 0.019000000000000128 1.0148774258345423 0.005241616356850975 1.0 1.0058887720821166 1.0058887720821166 0.008988653752425746
59770.91201319368 3.556 0.019000000000000128 1.0121261715415781 0.005245816328368963 1.0 1.0058886893822099 1.0058886893822099 0.006237482159368257
59770.9120291371 3.556 0.019000000000000128 1.0155730168922876 0.005246540492769809 1.0 1.0058886066823034 1.0058886066823034 0.009684410209984229
59770.91204508051 3.556 0.019000000000000128 1.0179280516529512 0.005257585899602469 1.0 1.0058885239824344 1.0058885239824344 0.012039527670516748
59770.91206102394 3.556 0.019000000000000128 1.005063728344689 0.005225100952176852 1.0 1.00588844128249 1.00588844128249 -0.0008247129378009532
59770.912076967354 3.556 0.019000000000000128 1.01004437584712 0.005236070709631714 1.0 1.0058883585826213 1.0058883585826213 0.004156017264498768
59770.912092910774 3.556 0.019000000000000128 1.001237294563191 0.005216697800414436 1.0 1.0058882758827146 1.0058882758827146 -0.004650981319523462
59770.912108854194 3.556 0.019000000000000128 0.9963397304742881 0.0052029065349775225 1.0 1.0058881931828079 1.0058881931828079 -0.009548462708519723
59770.912124797615 3.556 0.019000000000000128 1.0145296822521912 0.005253704649527762 1.0 1.0058881104829014 1.0058881104829014 0.008641571769289813
59770.912140741035 3.556 0.019000000000000128 1.0089087845537819 0.005236121549731901 1.0 1.0058880277829947 1.0058880277829947 0.0030207567707871696
59770.912156684455 3.556 0.019000000000000128 1.0098490869140633 0.0064463683080590375 1.0 1.005887945083088 1.005887945083088 0.00396114183097529
59770.91217262787 3.556 0.019000000000000128 0.9946629901143555 0.005210236004979751 1.0 1.005887862383219 1.005887862383219 -0.011224872268863484
59770.91218857129 3.556 0.019000000000000128 1.0087182472713516 0.005234387498562352 1.0 1.0058877796833126 1.0058877796833126 0.002830467588039065
59770.91220451471 3.556 0.019000000000000128 1.0140333553432082 0.005250682322568527 1.0 1.0058876969834059 1.0058876969834059 0.008145658359802299
59770.91222045812 3.556 0.019000000000000128 1.008787972207466 0.005247387588013789 1.0 1.005887614283537 1.005887614283537 0.0029003579239290644
59770.91223640155 3.556 0.019000000000000128 1.010463092463881 0.005247224962562113 1.0 1.0058875315835927 1.0058875315835927 0.004575560880288432
59770.91225234496 3.556 0.019000000000000128 0.9993660960551681 0.005213597566375108 1.0 1.0058874488837237 1.0058874488837237 -0.006521352828555593
59770.91226828838 3.556 0.019000000000000128 1.0062515025479153 0.005227538146219273 1.0 1.005887366183817 1.005887366183817 0.00036413636409826644
59770.9122842318 3.556 0.019000000000000128 1.0036567964972063 0.005228963729099264 1.0 1.0058872834839105 1.0058872834839105 -0.00223048698670425
