eureka_custom_plots/data/stage5_lcfit_results/S5_wasp39b_ap4_bg8_Table_Save_ch34.txt
# %ECSV 1.0
# ---
# datatype:
# - {name: time, datatype: float64}
# - {name: wavelength, datatype: float64}
# - {name: bin_width, datatype: float64}
# - {name: lcdata, datatype: float64}
# - {name: lcerr, datatype: float64}
# - {name: transit, datatype: float64}
# - {name: polynom, datatype: float64}
# - {name: model, datatype: float64}
# - {name: residuals, datatype: float64}
# schema: astropy-2.0
time wavelength bin_width lcdata lcerr transit polynom model residuals
[from data line 8725]
59770.7831265915 4.3225 0.01949999999999985 0.9989635210832916 0.013727650172071003 0.9913650879259741 1.0069206506518917 0.9982259793679917 0.0007375417152998276
59770.783142534914 4.3225 0.01949999999999985 1.0063033049103058 0.013758588667747568 0.9913429093735725 1.006920563976838 0.998203561400877 0.00809974350942888
59770.78315847834 4.3225 0.01949999999999985 0.9840325738336683 0.01366473465042894 0.9913207225206283 1.0069204773017049 0.998181135079542 -0.014148561245873714
59770.783174421755 4.3225 0.01949999999999985 0.9867599792925819 0.013740501891044912 0.9912985274687028 1.0069203906266508 0.99815870050641 -0.011398721213828122
59770.78319036518 4.3225 0.01949999999999985 1.007772828518166 0.013748097591045599 0.991276324239771 1.0069203039515178 0.9981362577034535 0.009636570814712475
59770.783206308595 4.3225 0.01949999999999985 0.9930938829175922 0.013742388517356015 0.991254112935391 1.006920217276464 0.9981138067730925 -0.005019923855500319
59770.783222252016 4.3225 0.01949999999999985 0.9909386132976798 0.013758847560014506 0.9912318935877542 1.0069201306013704 0.9980913477476252 -0.007152734449945353
59770.783238195436 4.3225 0.01949999999999985 1.012542980998791 0.013772109747983489 0.9912096662675652 1.0069200439262769 0.998068880698287 0.01447410030050389
59770.78325413886 4.3225 0.01949999999999985 0.9984282029135638 0.013814341899052158 0.9911874310275169 1.0069199572511438 0.9980464056780984 0.00038179723546538646
59770.78327008228 4.3225 0.01949999999999985 0.9973399668612012 0.013715919399292748 0.9911651879588754 1.00691987057609 0.9980239227790768 -0.0006839559178756227
59770.7832860257 4.3225 0.01949999999999985 0.9832851022619346 0.013683506520546604 0.9911429370937261 1.0069197839009965 0.9980014320334136 -0.014716329771479075
59770.78330196912 4.3225 0.01949999999999985 1.0245230733629804 0.013895201748325552 0.9911206785027219 1.006919697225903 0.9979789335122922 0.026544139850688264
59770.78331791254 4.3225 0.01949999999999985 0.9756579729481587 0.013710548881843788 0.9910984122487863 1.0069196105508094 0.9979564272790734 -0.022298454330914708
59770.78333385596 4.3225 0.01949999999999985 0.9909737885325836 0.013740115703471608 0.9910761383922541 1.006919523875716 0.9979339133945118 -0.0069601248619282075
59770.78334979938 4.3225 0.01949999999999985 1.0025553591799257 0.013706358196408603 0.9910538569953784 1.0069194372006225 0.9979113919212926 0.0046439672586330305
59770.7833657428 4.3225 0.01949999999999985 1.0010293080053847 0.016157759086025743 0.9910315681203998 1.006919350525529 0.9978888629220894 0.0031404450832952513
59770.78338168622 4.3225 0.01949999999999985 0.9973978702701227 0.013755366997942785 0.9910092718276092 1.0069192638504354 0.9978663264576123 -0.0004684561874895854
59770.78339762963 4.3225 0.01949999999999985 0.9945420423676274 0.013746763616409158 0.9909869681901903 1.0069191771753816 0.9978437826015925 -0.0033017402339650115
59770.78341357306 4.3225 0.01949999999999985 1.016904673511668 0.01387126738647113 0.9909646572374458 1.0069190905002485 0.9978212313834194 0.01908344212824864
59770.78342951647 4.3225 0.01949999999999985 0.9888712711182115 0.013709384296858244 0.9909423390735066 1.0069190038251945 0.9977986729081034 -0.008927401789891931
59770.7834454599 4.3225 0.01949999999999985 0.9954569857451908 0.01368738455927568 0.9909200137173093 1.0069189171500614 0.9977761071945571 -0.0023191214493663015
59770.78346140331 4.3225 0.01949999999999985 0.9999865692931469 0.013751565404443299 0.9908976812729895 1.0069188304750076 0.9977535343477955 0.002233034945351431
59770.78347734674 4.3225 0.01949999999999985 1.0108416807030534 0.013748006136653772 0.9908753417594414 1.0069187437998746 0.9977309543866881 0.013110726316365229
59770.78349329015 4.3225 0.01949999999999985 0.9702380519285332 0.013671609105840305 0.9908529952808048 1.0069186571248205 0.9977083674162541 -0.027470315487720942
59770.78350923358 4.3225 0.01949999999999985 0.9998624933086284 0.013699780931142509 0.990830641855924 1.0069185704496875 0.9976857734553132 0.0021767198533152454
59770.783525176994 4.3225 0.01949999999999985 0.9967861180523128 0.01373597928767593 0.9908082815889542 1.0069184837746337 0.9976631726089 -0.0008770545565872645
59770.783541120414 4.3225 0.01949999999999985 0.9860105766856466 0.013722605636680124 0.990785914509044 1.0069183970995401 0.9976405649062485 -0.011629988220601906
59770.783557063834 4.3225 0.01949999999999985 0.9939131230721713 0.013681114518017552 0.9907635406893045 1.0069183104244466 0.9976179504210169 -0.003704827348845585
59770.78357300725 4.3225 0.01949999999999985 1.0072821761027095 0.013730408005791445 0.9907411602002638 1.0069182237493925 0.997595329224262 0.009686846878447564
59770.783588950675 4.3225 0.01949999999999985 0.9987958150871505 0.013718899220454493 0.9907187730735986 1.0069181370742595 0.9975727013477639 0.001223113739386661
59770.78360489409 4.3225 0.01949999999999985 1.007655460841914 0.013784601608972392 0.9906963794109019 1.0069180503992057 0.9975500668939772 0.010105393947936747
59770.783620837516 4.3225 0.01949999999999985 0.9978903825637517 0.013736047714387146 0.9906739792334657 1.0069179637240726 0.9975274258841854 0.0003629566795663175
59770.78363678093 4.3225 0.01949999999999985 1.0084682515494454 0.013784377225107766 0.9906515726428884 1.0069178770490186 0.9975047784208488 0.01096347312859658
59770.783652724356 4.3225 0.01949999999999985 0.9736817691021744 0.013616584761288394 0.9906291596604344 1.0069177903738855 0.9974821245252237 -0.023800355423049258
59770.78366866777 4.3225 0.01949999999999985 0.9789817630291913 0.013697619863999387 0.990606740387714 1.0069177036988317 0.9974594642997817 -0.018477701270590452
59770.78368461119 4.3225 0.01949999999999985 1.0153301425442207 0.013803921781469752 0.9905843148556862 1.0069176170237382 0.9974367977755799 0.017893344768640795
59770.78370055461 4.3225 0.01949999999999985 0.9905711566013664 0.013722787157132382 0.9905618831367918 1.0069175303486446 0.9974141250256011 -0.006842968424234708
59770.78371649804 4.3225 0.01949999999999985 1.0077985712313713 0.013765211521442677 0.9905394452807675 1.0069174436735115 0.9973914460998886 0.010407125131482675
59770.78373244145 4.3225 0.01949999999999985 1.0110999245708021 0.013835266537158575 0.9905170013814731 1.0069173569984577 0.9973687610930706 0.013731163477731512
59770.78374838487 4.3225 0.01949999999999985 1.010172367722462 0.013768892587247472 0.9904945514678744 1.0069172703233642 0.9973460700341971 0.012826297688265043
59770.78376432829 4.3225 0.01949999999999985 1.0056514466572737 0.013781097073020667 0.9904720956130632 1.0069171836482707 0.9973233729969062 0.008328073660367474
59770.78378027171 4.3225 0.01949999999999985 0.975568049815255 0.013618317825292388 0.9904496338771485 1.006917096973177 0.9973006700417244 -0.02173262022646938
59770.78379621513 4.3225 0.01949999999999985 0.9649914020931751 0.013632769066381115 0.9904271663228367 1.0069170102980838 0.9972779612317937 -0.032286559138618554
59770.78381215855 4.3225 0.01949999999999985 1.0094197396490336 0.013692804007414808 0.9904046930102344 1.0069169236229902 0.9972552466276372 0.012164493021396439
59770.78382810197 4.3225 0.01949999999999985 1.0183802909410866 0.013828149594479784 0.9903822140020478 1.0069168369478967 0.9972325262923969 0.021147764648689726
59770.78384404539 4.3225 0.01949999999999985 0.9930617718203527 0.013703879896347955 0.9903597293583841 1.0069167502728031 0.997209800286597 -0.004148028466244291
59770.783859988805 4.3225 0.01949999999999985 0.9828494926500383 0.013727187664814894 0.9903372391517029 1.0069166635977493 0.997187068683239 -0.014337576033200738
59770.78387593223 4.3225 0.01949999999999985 0.9974990876893335 0.013786461730196908 0.9903147434128464 1.0069165769226163 0.9971643315132623 0.00033475617607114927
59770.783891875646 4.3225 0.01949999999999985 1.008836480831952 0.01374738114192189 0.990292242243554 1.0069164902475622 0.9971415888792682 0.011694891952683917
59770.783907819074 4.3225 0.01949999999999985 0.9887123836661634 0.013690549619418358 0.9902697356648945 1.0069164035724292 0.9971188408023157 -0.00840645713615229
59770.78392376249 4.3225 0.01949999999999985 1.0189749499733425 0.013870791370326803 0.9902472237786341 1.0069163168973754 0.9970960873850333 0.021878862588309178
59770.783939705914 4.3225 0.01949999999999985 0.9863649968917789 0.013664498310509872 0.9902247066058302 1.0069162302222423 0.9970733286484684 -0.010708331756689504
59770.78395564933 4.3225 0.01949999999999985 0.9917257224722696 0.013751816678807366 0.9902021842482703 1.0069161435471883 0.9970505646952708 -0.005324842223001114
59770.783971592755 4.3225 0.01949999999999985 0.9915940391030301 0.013657900858300757 0.9901796567269981 1.0069160568720552 0.9970277955464741 -0.0054337564434440155
59770.78398753617 4.3225 0.01949999999999985 1.0067210163133193 0.013787261767333593 0.9901571241438306 1.0069159701970014 0.997005021304758 0.009715995008561351
59770.784003479595 4.3225 0.01949999999999985 1.0155201405083603 0.013790502241400559 0.9901345865198047 1.0069158835218683 0.9969822419911489 0.018537898517211326
59770.78401942301 4.3225 0.01949999999999985 0.9859073302765725 0.0137173782498215 0.9901120439567603 1.0069157968468143 0.9969594577083494 -0.01105212743177686
59770.78403536643 4.3225 0.01949999999999985 0.9962306280216009 0.013803582256077643 0.9900894964861614 1.0069157101717208 0.9969366684879246 -0.0007060404663237208
59770.78405130985 4.3225 0.01949999999999985 0.9776599008632442 0.013671135769691306 0.9900669441785793 1.0069156234966274 0.9969138744009748 -0.019253973537730618
59770.78406725327 4.3225 0.01949999999999985 0.9857402262691477 0.013729948588448912 0.9900443870967736 1.006915536821534 0.9968910755106942 -0.011150849241546523
59770.78408319669 4.3225 0.01949999999999985 0.9938745056790816 0.013747955093934694 0.9900218253009024 1.0069154501464403 0.9968682718776587 -0.0029937661985770525
59770.78409914011 4.3225 0.01949999999999985 1.016027233436672 0.013791690184094908 0.9899992588537367 1.0069153634713468 0.9968454635650743 0.019181769871597698
59770.78411508353 4.3225 0.01949999999999985 0.9777087309374574 0.013686847524238797 0.9899766878154512 1.0069152767962533 0.996822650633533 -0.019113919696075676
59770.78413102695 4.3225 0.01949999999999985 1.0075922484921407 0.013810001526845684 0.9899541122488338 1.00691519012116 0.9967998331462585 0.010792415345882156
59770.78414697036 4.3225 0.01949999999999985 0.9959985489890141 0.013744934875263482 0.9899315322245226 1.006915103446106 0.9967770111744173 -0.0007784621854032281
59770.78416291379 4.3225 0.01949999999999985 0.9920688025268168 0.013766858374748175 0.9899089477739798 1.0069150167709728 0.9967541847495729 -0.0046853822227560515
59770.78417885721 4.3225 0.01949999999999985 0.9971462120653017 0.013706624736813507 0.989886358988755 1.0069149300958793 0.9967313539640267 0.00041485810127506184
59770.78419480063 4.3225 0.01949999999999985 1.020064778314514 0.013885720918443253 0.9898637659212285 1.006914843420786 0.9967085188704833 0.023356259444030747
59770.784210744045 4.3225 0.01949999999999985 0.9864648396297204 0.013679537147676385 0.9898411686420823 1.006914756745732 0.9966856795401533 -0.010220839910432877
59770.78422668747 4.3225 0.01949999999999985 0.9894328478939262 0.013686620266909153 0.9898185671827963 1.0069146700705989 0.9966628360046182 -0.007229988110692087
59770.784242630885 4.3225 0.01949999999999985 0.9980784143296607 0.013758005676573403 0.9897959616454434 1.006914583395545 0.9966399883668146 0.001438425962846157
59770.78425857431 4.3225 0.01949999999999985 1.0042376853259773 0.013736979442542126 0.9897733520510665 1.006914496720412 0.9966171366477748 0.007620548678202499
59770.784274517726 4.3225 0.01949999999999985 1.0062923072776002 0.013832686344594468 0.9897507385017726 1.006914410045358 0.9965942809504698 0.00969802632713046
59770.78429046115 4.3225 0.01949999999999985 0.9876262096402432 0.013661320671441473 0.9897281210186125 1.006914323370225 0.9965714212959403 -0.008945211655697172
59770.78430640457 4.3225 0.01949999999999985 0.9953772653996338 0.013735487393936999 0.9897054997037371 1.0069142366951709 0.9965485577872011 -0.001171292387567302
59770.78432234799 4.3225 0.01949999999999985 0.9974676607840225 0.013773000129237954 0.9896828745880198 1.0069141500200776 0.996525690455223 0.0009419703287995018
59770.78433829141 4.3225 0.01949999999999985 0.9753445422883695 0.01369321355484114 0.9896602457442115 1.006914063344984 0.9965028193732994 -0.0211582770849299
59770.78435423483 4.3225 0.01949999999999985 0.9733771407756585 0.013614129417257365 0.9896376132326496 1.0069139766698905 0.9964799446021863 -0.02310280382652774
59770.78437017825 4.3225 0.01949999999999985 1.0081967568836974 0.013764211643630075 0.9896149771162983 1.006913889994797 0.9964570662052838 0.011739690678413517
59770.78438612167 4.3225 0.01949999999999985 1.007196223104958 0.013780914738153445 0.989592337455526 1.0069138033197036 0.9964341842433793 0.010762038861578782
59770.78440206509 4.3225 0.01949999999999985 0.9793616240309052 0.01369961068387374 0.9895696943133298 1.00691371664461 0.9964112987799055 -0.01704967474900032
59770.78441800851 4.3225 0.01949999999999985 0.9962100865650871 0.013683935566747392 0.9895470477501052 1.0069136299695165 0.9963884098756769 -0.00017832331058975637
59770.78443395192 4.3225 0.01949999999999985 1.0280340392381493 0.013870110231619154 0.9895243978393664 1.0069135432944625 0.9963655176047558 0.03166852163339351
59770.78444989535 4.3225 0.01949999999999985 0.9843629961265629 0.013645430542704324 0.9895017446101011 1.0069134566193296 0.996342621996214 -0.011979625869651178
59770.78446583877 4.3225 0.01949999999999985 1.0180045836613556 0.013842588726837626 0.9894790881568156 1.006913369944236 0.9963197231453291 0.021684860516026472
59770.78448178219 4.3225 0.01949999999999985 0.9950340747789945 0.013747622946707278 0.989456428529495 1.0069132832691425 0.9962968211023935 -0.0012627463233989555
59770.7844977256 4.3225 0.01949999999999985 1.0020127227368039 0.013754961596986621 0.989433765801073 1.0069131965940885 0.9962739159408851 0.0057388067959187605
59770.78451366903 4.3225 0.01949999999999985 1.0193108016590107 0.013851928962223235 0.9894111000025556 1.0069131099189554 0.9962510076919079 0.023059793967102782
59770.78452961244 4.3225 0.01949999999999985 0.9801735858092213 0.013705976419429935 0.9893884312364134 1.0069130232439016 0.9962280964587981 -0.016054510649576748
59770.78454555587 4.3225 0.01949999999999985 1.0323274275735992 0.01383469535240592 0.9893657595238501 1.0069129365687686 0.99620518226275 0.03612224531084918
59770.784561499284 4.3225 0.01949999999999985 0.9724386943539919 0.013619335428410798 0.9893430849673861 1.0069128498937145 0.9961822652071501 -0.023743570853158258
59770.78457744271 4.3225 0.01949999999999985 1.0023778165676605 0.013767410915075667 0.9893204075882585 1.0069127632185815 0.9961593453132266 0.006218471254433866
59770.784593386124 4.3225 0.01949999999999985 1.018043643512975 0.013785829298194472 0.9892977274890352 1.0069126765435277 0.9961364226844139 0.021907220828561003
59770.784609329545 4.3225 0.01949999999999985 1.0038068155046171 0.013747919935573354 0.989275044701483 1.0069125898684341 0.9961134973525811 0.0076933181520359994
59770.784625272965 4.3225 0.01949999999999985 1.004313071973556 0.013735429577310719 0.9892523592967362 1.0069125031933406 0.9960905693893946 0.008222502584161462
59770.78464121639 4.3225 0.01949999999999985 0.9874440058924875 0.013688488789294816 0.989229671327587 1.0069124165182075 0.9960676388479728 -0.008623632955485294
59770.784657159806 4.3225 0.01949999999999985 0.9957719520668658 0.013755145184053937 0.9892069808862153 1.0069123298431537 0.996044705821251 -0.0002727537543852909
