eureka_custom_plots/data/stage5_lcfit_results/S5_wasp39b_ap4_bg8_Table_Save_ch19.txt
# %ECSV 1.0
# ---
# datatype:
# - {name: time, datatype: float64}
# - {name: wavelength, datatype: float64}
# - {name: bin_width, datatype: float64}
# - {name: lcdata, datatype: float64}
# - {name: lcerr, datatype: float64}
# - {name: transit, datatype: float64}
# - {name: polynom, datatype: float64}
# - {name: model, datatype: float64}
# - {name: residuals, datatype: float64}
# schema: astropy-2.0
time wavelength bin_width lcdata lcerr transit polynom model residuals
[from data line 10960]
59770.818760134614 3.7475 0.01949999999999985 0.9754455243935993 0.005113404412151984 0.9780351374993795 1.0063202311966752 0.9842165456868477 -0.00877102129324836
59770.81877607804 3.7475 0.01949999999999985 0.9873459435577828 0.005141333018461363 0.9780348462633874 1.0063201773172115 0.9842161999141837 0.003129743643599081
59770.818792021455 3.7475 0.01949999999999985 0.9942821294626158 0.005148496961217472 0.9780345553905113 1.0063201234377968 0.98421585450701 0.010066274955605858
59770.818807964875 3.7475 0.01949999999999985 0.9817091147892704 0.005133344450252738 0.9780342648800681 1.0063200695583574 0.984215509464567 -0.002506394675296675
59770.818823908296 3.7475 0.01949999999999985 0.986297841421596 0.00513793085512207 0.978033974731914 1.006320015678918 0.9842151647867342 0.0020826766348618353
59770.81883985171 3.7475 0.01949999999999985 0.9864696952093265 0.0051419128937876 0.9780336849458798 1.0063199617995033 0.9842148204733653 0.0022548747359611987
59770.818855795136 3.7475 0.01949999999999985 0.9806890886389986 0.005120976364495569 0.9780333955212946 1.0063199079200396 0.9842144765237129 -0.0035253878847142373
59770.81887173856 3.7475 0.01949999999999985 0.9794015411956946 0.005129928285588237 0.978033106458258 1.0063198540406002 0.984214132937949 -0.004812591742254457
59770.81888768198 3.7475 0.01949999999999985 0.9833168022512488 0.00513432915173406 0.9780328177563595 1.0063198001611608 0.9842137897156368 -0.0008969874643879328
59770.81890362539 3.7475 0.01949999999999985 0.9897060377076303 0.005135755813362856 0.9780325294154562 1.0063197462817461 0.9842134468566562 0.005492590850974088
59770.81891956882 3.7475 0.01949999999999985 0.9855165425392701 0.005136735605793117 0.978032241434847 1.0063196924022824 0.98421310436023 0.0013034381790401062
59770.81893551223 3.7475 0.01949999999999985 0.9794975301751797 0.005125822309649216 0.97803195381479 1.0063196385228677 0.9842127622267135 -0.004715232051533791
59770.81895145566 3.7475 0.01949999999999985 0.9861616730196201 0.005130249160009857 0.978031666554478 1.0063195846434037 0.9842124204551982 0.0019492525644219105
59770.81896739907 3.7475 0.01949999999999985 0.9865024839258646 0.005127418361061009 0.9780313796541432 1.006319530763989 0.9842120790460142 0.0022904048798504384
59770.81898334249 3.7475 0.01949999999999985 0.9873497045801573 0.005139162713426836 0.9780310931131215 1.0063194768845498 0.9842117379984209 0.0031379665817363733
59770.81899928591 3.7475 0.01949999999999985 0.9784063369826757 0.005128252104914565 0.9780308069312472 1.0063194230051105 0.9842113973122752 -0.005805060329599598
59770.819015229325 3.7475 0.01949999999999985 0.9778694075602632 0.005121233314956162 0.9780305211083797 1.0063193691256958 0.9842110569874601 -0.006341649427196949
59770.81903117275 3.7475 0.01949999999999985 0.9816184130278411 0.005129566273709724 0.9780302356438497 1.0063193152462317 0.9842107170232295 -0.0025923039953883453
59770.819047116165 3.7475 0.01949999999999985 0.9919916891332069 0.0051501182133966115 0.9780299505378885 1.006319261366817 0.9842103774199126 0.0077813117132943255
59770.81906305959 3.7475 0.01949999999999985 0.9916760311550602 0.005160114324514092 0.9780296657897051 1.0063192074873533 0.984210038176617 0.007465992978443192
59770.819079003006 3.7475 0.01949999999999985 0.9826632266606341 0.005126696491378405 0.9780293813995303 1.0063191536079386 0.9842096992936711 -0.0015464726330369771
59770.81909494643 3.7475 0.01949999999999985 0.9856998799692037 0.005137656071385188 0.9780290973665754 1.0063190997284746 0.9842093607701847 0.0014905191990189914
59770.819110889846 3.7475 0.01949999999999985 0.9862014176013977 0.005140804410564328 0.9780288136910706 1.0063190458490598 0.9842090226064861 0.0019923949949115505
59770.819126833274 3.7475 0.01949999999999985 0.9858650760918025 0.0051397753002628 0.9780285303722296 1.006318991969596 0.9842086848016875 0.0016563912901149669
59770.81914277669 3.7475 0.01949999999999985 0.9790416539094219 0.005127324902893611 0.9780282474102823 1.0063189380901814 0.9842083473561164 -0.005166693446694515
59770.81915872011 3.7475 0.01949999999999985 0.9929204911622068 0.005148950516066054 0.9780279648045666 1.006318884210742 0.9842080102690343 0.008712480893172558
59770.81917466353 3.7475 0.01949999999999985 0.9834110930939589 0.005131585684616839 0.9780276825549449 1.0063188303313026 0.9842076735403267 -0.0007965804463677673
59770.81919060694 3.7475 0.01949999999999985 0.9805796383416097 0.005130536019723097 0.9780274006612547 1.006318776451888 0.9842073371698542 -0.003627698828244541
59770.81920655037 3.7475 0.01949999999999985 0.9844850661093127 0.005130922665691984 0.9780271191228372 1.0063187225724242 0.9842070011568816 0.00027806495243110074
59770.81922249378 3.7475 0.01949999999999985 0.9843153315589941 0.005130944753862315 0.9780268379399463 1.0063186686930095 0.9842066655017604 0.00010866605723369727
59770.81923843721 3.7475 0.01949999999999985 0.9849587451540647 0.005133226086283097 0.9780265571117701 1.0063186148135455 0.9842063302035774 0.000752414950487279
59770.81925438062 3.7475 0.01949999999999985 0.9769494830799478 0.005116627479041404 0.9780262766385699 1.0063185609341307 0.9842059952626917 -0.007256512182743924
59770.81927032405 3.7475 0.01949999999999985 0.9888659872259458 0.005143168096419493 0.9780259965195361 1.006318507054667 0.9842056606781925 0.00466032654775328
59770.81928626746 3.7475 0.01949999999999985 0.9884964935444753 0.005134087783743345 0.978025716754922 1.0063184531752523 0.9842053264504305 0.004291167094044868
59770.81930221088 3.7475 0.01949999999999985 0.9846525858233495 0.005136605519069148 0.9780254373440732 1.006318399295813 0.9842049925786751 0.00044759324467436024
59770.8193181543 3.7475 0.01949999999999985 0.9843582640207545 0.005135473610174233 0.9780251582868307 1.0063183454163735 0.9842046590627903 0.00015360495796423734
59770.81933409773 3.7475 0.01949999999999985 0.9712856075468896 0.00510696288267239 0.978024879582809 1.0063182915369098 0.9842043259023643 -0.012918718355474645
59770.81935004114 3.7475 0.01949999999999985 0.9903958014784068 0.005151357093644063 0.9780246012321068 1.006318237657495 0.984203993097568 0.00619180838083877
59770.81936598456 3.7475 0.01949999999999985 0.9901052340183922 0.005157529531171343 0.9780243232342024 1.0063181837780804 0.9842036606478287 0.005901573370563518
59770.819381927984 3.7475 0.01949999999999985 0.9930583556292489 0.005145145908023266 0.9780240455885761 1.0063181298986164 0.9842033285525751 0.00885502707667385
59770.8193978714 3.7475 0.01949999999999985 0.9804806781612477 0.005129886854868043 0.9780237682954551 1.0063180760192016 0.9842029968121319 -0.0037223186508841266
59770.819413814825 3.7475 0.01949999999999985 0.9752822680510067 0.0051148910883113815 0.9780234913540718 1.0063180221397379 0.9842026654256306 -0.008920397374623912
59770.81942975824 3.7475 0.01949999999999985 0.9879031894833551 0.005140831387108688 0.9780232147646533 1.006317968260323 0.9842023343933953 0.0037008550899597648
59770.819445701665 3.7475 0.01949999999999985 0.9797504210244617 0.0051217713881212545 0.9780229385264338 1.0063179143808592 0.9842020037145601 -0.004451582690098377
59770.81946164508 3.7475 0.01949999999999985 0.9889515007813713 0.005138334397114045 0.97802266263964 1.0063178605014444 0.9842016733894485 0.004749827391922756
59770.8194775885 3.7475 0.01949999999999985 0.9807226248764355 0.005119689685649472 0.9780223871036281 1.006317806622005 0.9842013434173407 -0.0034787185409052013
59770.81949353192 3.7475 0.01949999999999985 0.9867328127697543 0.0051412609958825855 0.9780221119182658 1.0063177527425657 0.9842010137981274 0.0025317989716269196
59770.81950947534 3.7475 0.01949999999999985 0.9736167392795841 0.005114267790897556 0.9780218370832696 1.0063176988631266 0.9842006845315235 -0.010583945251939397
59770.81952541876 3.7475 0.01949999999999985 0.9820198368904358 0.005134202825131558 0.9780215625983882 1.0063176449836873 0.9842003556172759 -0.0021805187268401083
59770.81954136217 3.7475 0.01949999999999985 0.98191742827868 0.005131011850934284 0.9780212884634656 1.0063175911042725 0.9842000270552516 -0.002282598776571554
59770.8195573056 3.7475 0.01949999999999985 0.9876939695030453 0.005139830674582121 0.9780210146778632 1.0063175372248085 0.9841996988447356 0.0034942706583097616
59770.81957324901 3.7475 0.01949999999999985 0.9885419997260617 0.005144616872430311 0.9780207412418297 1.0063174833453938 0.9841993709860747 0.004342628739987031
59770.81958919244 3.7475 0.01949999999999985 0.9736301287776696 0.005116359816351488 0.9780204681545779 1.00631742946593 0.9841990434783803 -0.010568914700710641
59770.81960513585 3.7475 0.01949999999999985 0.9874817875294067 0.005140575239508367 0.9780201954163559 1.0063173755865154 0.9841987163219982 0.003283071207408561
59770.81962107928 3.7475 0.01949999999999985 0.9887439220706331 0.005137436180902809 0.9780199230264022 1.0063173217070513 0.9841983895160655 0.004545532554567577
59770.819637022694 3.7475 0.01949999999999985 0.9834907789956993 0.005138277903770931 0.978019650984941 1.0063172678276366 0.9841980630609046 -0.0007072840652053713
59770.819652966115 3.7475 0.01949999999999985 0.9821163047919212 0.005129341237328681 0.9780193792913466 1.0063172139481975 0.9841977369558134 -0.0020814321638921163
59770.819668909535 3.7475 0.01949999999999985 0.9775948650357486 0.005124060845380486 0.9780191079454658 1.0063171600687582 0.9841974112006613 -0.006602546164912737
59770.819684852955 3.7475 0.01949999999999985 0.9745359745993982 0.005115282510712366 0.9780188369470513 1.0063171061893188 0.9841970857951998 -0.009661111195801597
59770.819700796375 3.7475 0.01949999999999985 0.9889805057323904 0.005143542852159139 0.978018566295825 1.0063170523098794 0.984196760739149 0.004783744993241412
59770.81971673979 3.7475 0.01949999999999985 0.9861721555207108 0.005135516494703407 0.9780182959916577 1.0063169984304647 0.9841964360324028 0.001975719488307992
59770.819732683216 3.7475 0.01949999999999985 0.9972113188528796 0.005154500488481862 0.9780180260339205 1.006316944551001 0.9841961116742562 0.013015207178623367
59770.81974862663 3.7475 0.01949999999999985 0.9876340636695033 0.005137425209936185 0.9780177564228364 1.0063168906715863 0.9841957876650296 0.0034382760044737726
59770.81976457005 3.7475 0.01949999999999985 0.9769226065505783 0.005125432977083376 0.9780174871577856 1.006316836792147 0.9841954640040269 -0.0072728574534486334
59770.81978051347 3.7475 0.01949999999999985 0.9774904617726653 0.005119323225341623 0.978017218238617 1.0063167829127075 0.9841951406911205 -0.006704678918455165
59770.8197964569 3.7475 0.01949999999999985 0.9892439880288747 0.005144813161985801 0.9780169496649619 1.0063167290332438 0.9841948177259151 0.005049170302959594
59770.81981240031 3.7475 0.01949999999999985 0.9848308200261908 0.005130794994369451 0.9780166814369181 1.006316675153829 0.984194495108581 0.0006363249176097874
59770.81982834373 3.7475 0.01949999999999985 0.9799359399838888 0.0051244181389148305 0.9780164135538615 1.0063166212743897 0.9841941728384181 -0.004258232854529309
59770.81984428715 3.7475 0.01949999999999985 0.9903542001378747 0.005144415003125531 0.9780161460156653 1.0063165673949503 0.9841938509153229 0.00616034922255182
59770.81986023057 3.7475 0.01949999999999985 0.9783341105725103 0.005124670426381727 0.9780158788220559 1.006316513515511 0.9841935293390197 -0.005859418766509417
59770.81987617399 3.7475 0.01949999999999985 0.9854669748347797 0.005133048810716769 0.9780156119727907 1.0063164596360719 0.984193208109265 0.0012737667255147134
59770.819892117404 3.7475 0.01949999999999985 0.9805391421622919 0.005124771307773224 0.9780153454677203 1.0063164057566572 0.9841928872259317 -0.0036537450636398017
59770.81990806083 3.7475 0.01949999999999985 0.9809064514043857 0.0051219086386548535 0.9780150793062258 1.0063163518771931 0.9841925666883249 -0.003286115283939184
59770.819924004245 3.7475 0.01949999999999985 0.9913536388455674 0.005956201082152288 0.9780148134885505 1.0063162979977784 0.9841922464967858 0.007161392348781548
59770.819939947665 3.7475 0.01949999999999985 0.9833571975996143 0.00513220258640664 0.9780145480140539 1.006316244118339 0.9841919266505976 -0.0008347290509833627
59770.819955891086 3.7475 0.01949999999999985 0.9902311097304457 0.005149252004634299 0.9780142828826107 1.0063161902389 0.9841916071496586 0.006039502580787115
59770.819971834506 3.7475 0.01949999999999985 0.9814888866909345 0.00513301142250951 0.9780140180939737 1.0063161363594606 0.9841912879937192 -0.0027024013027847626
59770.819987777926 3.7475 0.01949999999999985 0.9810035873498754 0.0051324580782874584 0.9780137536478724 1.0063160824800212 0.9841909691825075 -0.003187381832632119
59770.82000372135 3.7475 0.01949999999999985 0.9836830000337866 0.005136449245600163 0.9780134895440672 1.006316028600582 0.9841906507157824 -0.0005076506819957638
59770.82001966477 3.7475 0.01949999999999985 0.9822971994703746 0.005136777852561892 0.9780132257822892 1.0063159747211428 0.9841903325932735 -0.001893133122898849
59770.82003560819 3.7475 0.01949999999999985 0.9816303801193204 0.0051323724735432156 0.9780129623623 1.0063159208417034 0.9841900148147401 -0.0025596346954197546
59770.8200515516 3.7475 0.01949999999999985 0.9895254780285713 0.005138877682326991 0.9780126992839523 1.0063158669622887 0.9841896973800586 0.0053357806485127
59770.82006749502 3.7475 0.01949999999999985 0.9870125847113245 0.005141105320464281 0.9780124365467576 1.0063158130828493 0.984189380288689 0.0028232044226355058
59770.82008343845 3.7475 0.01949999999999985 0.9718161583989217 0.00510927198256462 0.9780121741504716 1.0063157592033856 0.9841890635403856 -0.012372905141463941
59770.82009938186 3.7475 0.01949999999999985 0.9841977248062499 0.005135794055760135 0.9780119120951909 1.0063157053239706 0.9841887471353172 8.977670932663884e-06
59770.82011532528 3.7475 0.01949999999999985 0.9865719691686825 0.005138986905819282 0.9780116503803075 1.0063156514445315 0.9841884310728005 0.0023835380958819874
59770.8201312687 3.7475 0.01949999999999985 0.9900556806827024 0.005142238200536652 0.978011389005699 1.0063155975650921 0.9841881153527358 0.005867565329966684
59770.82014721212 3.7475 0.01949999999999985 0.9812033993260083 0.0051206270794112345 0.9780111279710995 1.0063155436856528 0.9841877999748555 -0.0029844006488471964
59770.82016315554 3.7475 0.01949999999999985 0.9825033650307216 0.00513062324519556 0.9780108672762736 1.0063154898062134 0.9841874849389229 -0.001684119908201387
59770.82017909896 3.7475 0.01949999999999985 0.9800855486575263 0.0051257039556596995 0.9780106069209562 1.0063154359267743 0.9841871702446712 -0.004101621587144888
59770.82019504238 3.7475 0.01949999999999985 0.9884881069255008 0.005149114790987177 0.978010346904913 1.006315382047335 0.984186855891864 0.004301251033636766
59770.8202109858 3.7475 0.01949999999999985 0.9803261098224306 0.0051266095246345 0.9780100872278793 1.0063153281678956 0.9841865418802356 -0.0038604320578049522
59770.820226929216 3.7475 0.01949999999999985 0.9800404425225961 0.005117181378616978 0.978009827889734 1.0063152742884809 0.9841862282096877 -0.004145785687091563
59770.820242872636 3.7475 0.01949999999999985 0.9878918204476728 0.005137526522813858 0.9780095688899961 1.0063152204090415 0.9841859148796881 0.0037059055679846686
59770.820258816064 3.7475 0.01949999999999985 0.9857338371538871 0.005140806456263495 0.9780093102284033 1.0063151665295778 0.9841856018899732 0.0015482352639138997
59770.82027475948 3.7475 0.01949999999999985 0.9891500193122705 0.005148423046068367 0.9780090519050816 1.006315112650163 0.9841852892407413 0.0049647300715292
59770.8202907029 3.7475 0.01949999999999985 0.984384706733671 0.005133619442690526 0.97800879391941 1.0063150587707237 0.9841849769312957 0.00019972980237525917
