eureka_custom_plots/data/stage5_lcfit_results/S5_wasp39b_ap4_bg8_Table_Save_ch18.txt
# %ECSV 1.0
# ---
# datatype:
# - {name: time, datatype: float64}
# - {name: wavelength, datatype: float64}
# - {name: bin_width, datatype: float64}
# - {name: lcdata, datatype: float64}
# - {name: lcerr, datatype: float64}
# - {name: transit, datatype: float64}
# - {name: polynom, datatype: float64}
# - {name: model, datatype: float64}
# - {name: residuals, datatype: float64}
# schema: astropy-2.0
time wavelength bin_width lcdata lcerr transit polynom model residuals
[from data line 19864]
59770.9607203377 3.709 0.019000000000000128 0.9960486282604358 0.005162608740991539 1.0 1.0057127329872249 1.0057127329872249 -0.009664104726789025
59770.960736281115 3.709 0.019000000000000128 1.0024765959993853 0.00517071509794263 1.0 1.0057126678060673 1.0057126678060673 -0.0032360718066819505
59770.96075222454 3.709 0.019000000000000128 1.003245416896839 0.005175395710854761 1.0 1.0057126026248504 1.0057126026248504 -0.0024671857280114118
59770.960768167955 3.709 0.019000000000000128 0.9994542286063413 0.005179217051274383 1.0 1.0057125374436928 1.0057125374436928 -0.006258308837351567
59770.960784111376 3.709 0.019000000000000128 1.0020198508750977 0.005184320865672288 1.0 1.0057124722625057 1.0057124722625057 -0.0036926213874080016
59770.960800054796 3.709 0.019000000000000128 0.9991610726585765 0.005166455361681612 1.0 1.0057124070813184 1.0057124070813184 -0.006551334422741917
59770.960815998216 3.709 0.019000000000000128 1.0081600546583147 0.005195906373725105 1.0 1.0057123419001313 1.0057123419001313 0.0024477127581834512
59770.96083194163 3.709 0.019000000000000128 1.0007087298472293 0.005164560626577197 1.0 1.0057122767189737 1.0057122767189737 -0.005003546871744424
59770.96084788504 3.709 0.019000000000000128 1.0108574681160745 0.005188581205550337 1.0 1.0057122115378163 1.0057122115378163 0.0051452565782581505
59770.96086382847 3.709 0.019000000000000128 1.0003836568124196 0.005183055673301324 1.0 1.0057121463565992 1.0057121463565992 -0.005328489544179638
59770.96087977189 3.709 0.019000000000000128 1.0044960634015208 0.005186827883001545 1.0 1.005712081175412 1.005712081175412 -0.0012160177738913536
59770.9608957153 3.709 0.019000000000000128 1.002147375561758 0.00517480045886212 1.0 1.0057120159942547 1.0057120159942547 -0.003564640432496713
59770.96091165872 3.709 0.019000000000000128 1.0101906379334316 0.005199860968626236 1.0 1.0057119508130674 1.0057119508130674 0.004478687120364144
59770.960927602144 3.709 0.019000000000000128 0.9997050886495165 0.00516377670878665 1.0 1.0057118856318803 1.0057118856318803 -0.006006796982363838
59770.96094354556 3.709 0.019000000000000128 0.994314821236871 0.005176854893835982 1.0 1.0057118204507227 1.0057118204507227 -0.011396999213851733
59770.960959488984 3.709 0.019000000000000128 1.0069922917628857 0.0051614097494384024 1.0 1.0057117552695058 1.0057117552695058 0.0012805364933798913
59770.9609754324 3.709 0.019000000000000128 1.0087623360607283 0.005182963111401429 1.0 1.0057116900883483 1.0057116900883483 0.0030506459723800283
59770.96099137582 3.709 0.019000000000000128 1.001412924189726 0.005176353378759422 1.0 1.0057116249071612 1.0057116249071612 -0.0042987007174351
59770.96100731923 3.709 0.019000000000000128 1.0084320012646648 0.005178820897381993 1.0 1.0057115597260036 1.0057115597260036 0.0027204415386612446
59770.96102326265 3.709 0.019000000000000128 1.0025082414684658 0.005179004094242066 1.0 1.0057114945448165 1.0057114945448165 -0.0032032530763506095
59770.96103920607 3.709 0.019000000000000128 1.003654640452275 0.0051748552212675155 1.0 1.0057114293636291 1.0057114293636291 -0.0020567889113540794
59770.96105514949 3.709 0.019000000000000128 0.9974320956583168 0.005168283855869787 1.0 1.005711364182442 1.005711364182442 -0.008279268524125194
59770.96107109291 3.709 0.019000000000000128 1.0016144049747953 0.005168594378535801 1.0 1.0057112990012547 1.0057112990012547 -0.004096894026459408
59770.961087036325 3.709 0.019000000000000128 1.005293121893228 0.005192123490985363 1.0 1.0057112338200973 1.0057112338200973 -0.00041811192686935783
59770.961102979745 3.709 0.019000000000000128 1.012239024316479 0.005207409342842482 1.0 1.00571116863891 1.00571116863891 0.006527855677568972
59770.961118923165 3.709 0.019000000000000128 0.99975675176489 0.00516990631948508 1.0 1.0057111034577229 1.0057111034577229 -0.005954351692832871
59770.961134866586 3.709 0.019000000000000128 1.0039252237488376 0.005171829198322135 1.0 1.0057110382765357 1.0057110382765357 -0.0017858145276981041
59770.96115081 3.709 0.019000000000000128 1.0073416223922027 0.005174227920149292 1.0 1.0057109730953782 1.0057109730953782 0.001630649296824549
59770.96116675343 3.709 0.019000000000000128 1.0066490883307335 0.0051875417585747026 1.0 1.0057109079141613 1.0057109079141613 0.0009381804165722318
59770.96118269684 3.709 0.019000000000000128 1.0147050794802188 0.0052091913601894566 1.0 1.0057108427330037 1.0057108427330037 0.008994236747215112
59770.96119864025 3.709 0.019000000000000128 1.0057321220396196 0.005188958300684948 1.0 1.0057107775518463 1.0057107775518463 2.1344487773244936e-05
59770.96121458367 3.709 0.019000000000000128 1.0057924845414656 0.005187546429953211 1.0 1.005710712370659 1.005710712370659 8.177217080662658e-05
59770.96123052709 3.709 0.019000000000000128 0.9959364854326477 0.005168747061153 1.0 1.005710647189472 1.005710647189472 -0.009774161756824218
59770.96124647051 3.709 0.019000000000000128 1.0138455064915743 0.00519647333478889 1.0 1.0057105820082846 1.0057105820082846 0.008134924483289785
59770.961262413926 3.709 0.019000000000000128 1.0074412576367922 0.005186521136683578 1.0 1.0057105168271272 1.0057105168271272 0.0017307408096649546
59770.961278357354 3.709 0.019000000000000128 1.0053445930851852 0.00517467762806742 1.0 1.00571045164591 1.00571045164591 -0.00036585856072490763
59770.96129430077 3.709 0.019000000000000128 1.0096164722410106 0.005196172693828781 1.0 1.0057103864647527 1.0057103864647527 0.0039060857762578394
59770.96131024418 3.709 0.019000000000000128 1.0092699848695883 0.005193674952785761 1.0 1.0057103212835952 1.0057103212835952 0.0035596635859931336
59770.96132618761 3.709 0.019000000000000128 1.0142407935177988 0.005199695155210178 1.0 1.0057102561023783 1.0057102561023783 0.008530537415420536
59770.96134213103 3.709 0.019000000000000128 1.0067296983523861 0.005177899695377406 1.0 1.0057101909211912 1.0057101909211912 0.0010195074311949437
59770.96135807444 3.709 0.019000000000000128 1.0172637173926984 0.005209923522189537 1.0 1.0057101257400336 1.0057101257400336 0.011553591652664785
59770.961374017854 3.709 0.019000000000000128 1.0030878598304562 0.005170723741092844 1.0 1.0057100605588762 1.0057100605588762 -0.00262220072842001
59770.96138996128 3.709 0.019000000000000128 1.002054148690401 0.005182476809715451 1.0 1.0057099953776591 1.0057099953776591 -0.0036558466872580464
59770.961405904694 3.709 0.019000000000000128 1.0032836712039042 0.005192402322468002 1.0 1.0057099301965018 1.0057099301965018 -0.0024262589925976297
59770.961421848115 3.709 0.019000000000000128 1.0108062708472416 0.0051889738097584985 1.0 1.0057098650153145 1.0057098650153145 0.005096405831927164
59770.961437791535 3.709 0.019000000000000128 1.0015441764650073 0.0051908397525099355 1.0 1.0057097998341273 1.0057097998341273 -0.004165623369120075
59770.961453734955 3.709 0.019000000000000128 1.0022445350403493 0.005183350290430753 1.0 1.00570973465294 1.00570973465294 -0.0034651996125907303
59770.96146967837 3.709 0.019000000000000128 1.0010679583511017 0.005176702770968746 1.0 1.0057096694717826 1.0057096694717826 -0.0046417111206809025
59770.96148562179 3.709 0.019000000000000128 1.0116637768215824 0.005201003097670121 1.0 1.0057096042905953 1.0057096042905953 0.0059541725309870674
59770.96150156521 3.709 0.019000000000000128 1.0072090869994128 0.005180820077112455 1.0 1.0057095391094082 1.0057095391094082 0.0014995478900046155
59770.96151750862 3.709 0.019000000000000128 1.0066520236952627 0.005198926728664468 1.0 1.0057094739282506 1.0057094739282506 0.0009425497670121352
59770.96153345204 3.709 0.019000000000000128 1.0038203023671006 0.005186104715834792 1.0 1.0057094087470635 1.0057094087470635 -0.0018891063799628682
59770.96154939546 3.709 0.019000000000000128 1.002758467367551 0.005178785538167435 1.0 1.0057093435658762 1.0057093435658762 -0.0029508761983252363
59770.96156533888 3.709 0.019000000000000128 1.0075627327071293 0.005175244459123462 1.0 1.005709278384689 1.005709278384689 0.0018534543224402178
59770.961581282296 3.709 0.019000000000000128 1.002314431998253 0.005169433571484428 1.0 1.0057092132035317 1.0057092132035317 -0.0033947812052785853
59770.96159722572 3.709 0.019000000000000128 0.9954382049174941 0.0051610289844671526 1.0 1.0057091480223146 1.0057091480223146 -0.010270943104820462
59770.96161316914 3.709 0.019000000000000128 1.0033945598990412 0.005977521179427946 1.0 1.0057090828411572 1.0057090828411572 -0.002314522942115982
59770.96162911256 3.709 0.019000000000000128 1.0055559208069462 0.005188264909232739 1.0 1.00570901765997 1.00570901765997 -0.00015309685302367093
59770.96164505598 3.709 0.019000000000000128 1.0043825871233587 0.005168745146073982 1.0 1.0057089524787828 1.0057089524787828 -0.001326365355424075
59770.96166099939 3.709 0.019000000000000128 1.0069943527874528 0.005199281025922538 1.0 1.0057088872976252 1.0057088872976252 0.001285465489827553
59770.96167694281 3.709 0.019000000000000128 1.0095495744994958 0.0052160129327612275 1.0 1.005708822116438 1.005708822116438 0.0038407523830576995
59770.96169288622 3.709 0.019000000000000128 1.0024905080868882 0.0051879612206243665 1.0 1.0057087569352805 1.0057087569352805 -0.00321824884839228
59770.96170882965 3.709 0.019000000000000128 1.0043735079316545 0.005184602279179579 1.0 1.0057086917540636 1.0057086917540636 -0.0013351838224091583
59770.961724773064 3.709 0.019000000000000128 1.0123819284218325 0.005194299620093938 1.0 1.005708626572906 1.005708626572906 0.0066733018489264495
59770.961740716484 3.709 0.019000000000000128 1.0118438157052836 0.005200257493620103 1.0 1.005708561391719 1.005708561391719 0.006135254313564653
59770.961756659904 3.709 0.019000000000000128 1.0001861704683306 0.005169894501605309 1.0 1.0057084962105316 1.0057084962105316 -0.0055223257422010175
59770.96177260332 3.709 0.019000000000000128 1.0107254624762112 0.00519501360476369 1.0 1.0057084310293742 1.0057084310293742 0.0050170314468369615
59770.96178854674 3.709 0.019000000000000128 1.0022662239684041 0.005176610590339121 1.0 1.005708365848187 1.005708365848187 -0.0034421418797827563
59770.961804490165 3.709 0.019000000000000128 1.0104280387181257 0.0051819603327791985 1.0 1.00570830066697 1.00570830066697 0.004719738051155664
59770.96182043358 3.709 0.019000000000000128 1.010060379577941 0.00519837018922654 1.0 1.0057082354858127 1.0057082354858127 0.004352144092128363
59770.96183637699 3.709 0.019000000000000128 1.0174069249106144 0.005214046075459045 1.0 1.005708170304655 1.005708170304655 0.01169875460595926
59770.96185232041 3.709 0.019000000000000128 1.0001980477214156 0.005178810285119713 1.0 1.005708105123468 1.005708105123468 -0.0055100574020523485
59770.96186826383 3.709 0.019000000000000128 1.0006268118503985 0.00516642710575834 1.0 1.0057080399422806 1.0057080399422806 -0.005081228091882162
59770.96188420725 3.709 0.019000000000000128 1.004468423540073 0.0051738430541411135 1.0 1.0057079747610935 1.0057079747610935 -0.0012395512210205961
59770.961900150665 3.709 0.019000000000000128 1.0020650966443725 0.005159085681403533 1.0 1.005707909579936 1.005707909579936 -0.0036428129355634553
59770.96191609409 3.709 0.019000000000000128 1.0030103259899446 0.005184251705487246 1.0 1.005707844398719 1.005707844398719 -0.002697518408774524
59770.961932037506 3.709 0.019000000000000128 1.0112605086608883 0.005180884235665067 1.0 1.0057077792175615 1.0057077792175615 0.005552729443326854
59770.96194798092 3.709 0.019000000000000128 1.0053367081986904 0.0051911358735012595 1.0 1.0057077140364041 1.0057077140364041 -0.00037100583771376705
59770.96196392435 3.709 0.019000000000000128 1.0020032355679307 0.005183971064008674 1.0 1.005707648855187 1.005707648855187 -0.0037044132872563473
59770.96197986776 3.709 0.019000000000000128 1.0090373567568314 0.005174859596512001 1.0 1.0057075836740297 1.0057075836740297 0.0033297730828016903
59770.96199581118 3.709 0.019000000000000128 1.005582005244261 0.005200714306211193 1.0 1.0057075184928423 1.0057075184928423 -0.00012551324858134372
59770.96201175459 3.709 0.019000000000000128 1.0053428291513227 0.005178690115890241 1.0 1.005707453311685 1.005707453311685 -0.0003646241603623146
59770.96202769802 3.709 0.019000000000000128 1.0012254051267877 0.005177635026557196 1.0 1.0057073881304681 1.0057073881304681 -0.004481983003680412
59770.96204364143 3.709 0.019000000000000128 1.0034067782170446 0.005178109152869206 1.0 1.0057073229493105 1.0057073229493105 -0.00230054473226593
59770.96205958485 3.709 0.019000000000000128 1.0149236780592 0.005207305049789763 1.0 1.0057072577681532 1.0057072577681532 0.009216420291046745
59770.962075528274 3.709 0.019000000000000128 1.0149374620905418 0.005213437120299165 1.0 1.005707192586936 1.005707192586936 0.009230269503605726
59770.962091471694 3.709 0.019000000000000128 1.009199253807019 0.005211052546351382 1.0 1.005707127405749 1.005707127405749 0.003492126401269946
59770.96210741511 3.709 0.019000000000000128 1.0122685833736862 0.0051861913442671735 1.0 1.0057070622245914 1.0057070622245914 0.006561521149094807
59770.96212335853 3.709 0.019000000000000128 1.004834116146912 0.005183444988716757 1.0 1.0057069970434043 1.0057069970434043 -0.0008728808964921786
59770.96213930195 3.709 0.019000000000000128 1.0022187547832786 0.005166235304283166 1.0 1.005706931862217 1.005706931862217 -0.003488177078938337
59770.96215524536 3.709 0.019000000000000128 1.0066942481705325 0.005191778396497288 1.0 1.0057068666810596 1.0057068666810596 0.0009873814894729716
59770.96217118878 3.709 0.019000000000000128 1.0093044018964665 0.005178158791896796 1.0 1.0057068014998722 1.0057068014998722 0.0035976003965942915
59770.9621871322 3.709 0.019000000000000128 1.0039105094665548 0.005170361746812167 1.0 1.0057067363186851 1.0057067363186851 -0.0017962268521303226
59770.96220307562 3.709 0.019000000000000128 1.012696626159678 0.005192403878753433 1.0 1.0057066711374978 1.0057066711374978 0.006989955022180139
59770.962219019035 3.709 0.019000000000000128 1.011352314337581 0.005193377694362285 1.0 1.0057066059563404 1.0057066059563404 0.005645708381240677
59770.962234962455 3.709 0.019000000000000128 1.0021212678953832 0.005167740213603347 1.0 1.005706540775153 1.005706540775153 -0.0035852728797698408
59770.962250905875 3.709 0.019000000000000128 1.0024308698343747 0.005168859215308411 1.0 1.005706475593966 1.005706475593966 -0.0032756057595912935
59770.962266849296 3.709 0.019000000000000128 1.001390597549464 0.0051748553764400145 1.0 1.0057064104127789 1.0057064104127789 -0.0043158128633149495
59770.962282792716 3.709 0.019000000000000128 1.0087141542635074 0.005172123784030761 1.0 1.0057063452315915 1.0057063452315915 0.0030078090319158868
59770.96229873613 3.709 0.019000000000000128 1.0030521143880529 0.005182940401845965 1.0 1.0057062800504342 1.0057062800504342 -0.0026541656623813026
59770.96231467955 3.709 0.019000000000000128 1.0033559096511486 0.005176289527797297 1.0 1.0057062148692468 1.0057062148692468 -0.002350305218098203
59770.96233062296 3.709 0.019000000000000128 1.0095256832104305 0.005179992230637144 1.0 1.0057061496880895 1.0057061496880895 0.00381953352234099
59770.96234656639 3.709 0.019000000000000128 0.9995770719868949 0.005176966672413791 1.0 1.0057060845068724 1.0057060845068724 -0.006129012519977439
59770.9623625098 3.709 0.019000000000000128 1.011122085783024 0.00519855613499152 1.0 1.005706019325715 1.005706019325715 0.005416066457309077
59770.96237845322 3.709 0.019000000000000128 1.0122845948899624 0.005185025450814894 1.0 1.0057059541445277 1.0057059541445277 0.006578640745434683
59770.96239439664 3.709 0.019000000000000128 1.0122389293346754 0.005191333723040379 1.0 1.0057058889633406 1.0057058889633406 0.006533040371334842
59770.96241034006 3.709 0.019000000000000128 1.0134867488183532 0.005206500730290235 1.0 1.005705823782183 1.005705823782183 0.007780925036170228
