eureka_custom_plots/data/stage5_lcfit_results/S5_wasp39b_ap4_bg8_Table_Save_ch35.txt
# %ECSV 1.0
# ---
# datatype:
# - {name: time, datatype: float64}
# - {name: wavelength, datatype: float64}
# - {name: bin_width, datatype: float64}
# - {name: lcdata, datatype: float64}
# - {name: lcerr, datatype: float64}
# - {name: transit, datatype: float64}
# - {name: polynom, datatype: float64}
# - {name: model, datatype: float64}
# - {name: residuals, datatype: float64}
# schema: astropy-2.0
time wavelength bin_width lcdata lcerr transit polynom model residuals
[from data line 13535]
59770.85981443966 4.361 0.019000000000000128 0.9924607937640956 0.008116633395021612 0.9768130328308061 1.006609132606432 0.9832689196964759 0.009191874067619676
59770.85983038308 4.361 0.019000000000000128 0.9905631161268745 0.008136645264992087 0.9768136057432789 1.0066090774896481 0.9832694425565788 0.007293673570295756
59770.8598463265 4.361 0.019000000000000128 0.9722588395842845 0.00807335278880814 0.9768141792582653 1.006609022372864 0.983269966023114 -0.01101112643882951
59770.85986226992 4.361 0.019000000000000128 0.9739380597466121 0.00807332427683418 0.9768147533763629 1.00660896725608 0.9832704900966832 -0.009332430350071141
59770.85987821334 4.361 0.019000000000000128 0.9814987283096145 0.008081211052077241 0.9768153280981702 1.0066089121392963 0.9832710147778888 -0.00177228646827432
59770.859894156754 4.361 0.019000000000000128 0.9873342783761994 0.008126904904007982 0.9768159034240202 1.0066088570225373 0.9832715400670903 0.004062738309109082
59770.85991010018 4.361 0.019000000000000128 0.9906015727318104 0.00810163540890499 0.976816479355313 1.0066088019057282 0.9832720659656231 0.007329506766187266
59770.859926043595 4.361 0.019000000000000128 0.9762246941144515 0.00807081815776123 0.9768170558915842 1.0066087467889695 0.9832725924731184 -0.007047898358666926
59770.859941987015 4.361 0.019000000000000128 0.9915839170556117 0.008109147949902504 0.9768176330342365 1.0066086916721855 0.9832731195909138 0.008310797464697872
59770.859957930435 4.361 0.019000000000000128 0.9824221181802023 0.008108569407594236 0.9768182107836073 1.0066086365554014 0.9832736473193737 -0.0008515291391714142
59770.85997387386 4.361 0.019000000000000128 0.9736445610090072 0.00807381582442089 0.9768187891405694 1.0066085814385923 0.983274175659352 -0.009629614650344842
59770.859989817276 4.361 0.019000000000000128 0.994319502401506 0.008141154186432933 0.9768193681049424 1.0066085263218336 0.9832747046107408 0.01104479779076517
59770.86000576069 4.361 0.019000000000000128 0.9778090018744907 0.008090162285656092 0.9768199476778349 1.006608471205075 0.9832752341746066 -0.005466232300115892
59770.86002170412 4.361 0.019000000000000128 0.992232311553079 0.008128731427703019 0.976820527860409 1.0066084160882658 0.98327576435207 0.008956547201009024
59770.86003764753 4.361 0.019000000000000128 0.9733714601447038 0.008077987384133612 0.9768211086522005 1.0066083609715069 0.9832762951427617 -0.009904834998057943
59770.86005359096 4.361 0.019000000000000128 0.966566432400536 0.008079203707783252 0.9768216900548946 1.0066083058546977 0.9832768265482801 -0.016710394147744112
59770.86006953437 4.361 0.019000000000000128 0.980522078376145 0.008104676072022763 0.976822272068027 1.006608250737939 0.9832773585682558 -0.0027552801921107983
59770.86008547779 4.361 0.019000000000000128 0.9797393663435221 0.008112171100601936 0.9768228546930179 1.006608195621155 0.9832778912040444 -0.0035385248605223074
59770.86010142121 4.361 0.019000000000000128 0.9895477556721565 0.008125052745004186 0.9768234379302116 1.006608140504371 0.9832784244560172 0.006269331216139262
59770.860117364624 4.361 0.019000000000000128 0.9890997030591364 0.008128565614413637 0.9768240217799701 1.0066080853876123 0.9832789583245629 0.005820744734573502
59770.86013330805 4.361 0.019000000000000128 0.9894882479798616 0.008125880651543684 0.9768246062436862 1.0066080302708031 0.9832794928110098 0.006208755168851776
59770.860149251464 4.361 0.019000000000000128 0.9762710011388417 0.008077131123446352 0.9768251913209123 1.0066079751540444 0.9832800279150056 -0.007009026776163885
59770.860165194885 4.361 0.019000000000000128 0.9885068202933947 0.008149561139875838 0.9768257770130783 1.0066079200372604 0.9832805636379155 0.005226256655479156
59770.860181138305 4.361 0.019000000000000128 0.9727781417311537 0.008076859696069279 0.976826363320533 1.0066078649204764 0.9832810999801153 -0.010502958248961525
59770.860197081725 4.361 0.019000000000000128 0.9597117717623198 0.008067229304683498 0.9768269502438968 1.0066078098036926 0.9832816369422295 -0.023569865179909666
59770.860213025146 4.361 0.019000000000000128 0.9846387967543334 0.008126386194918699 0.9768275377837915 1.0066077546869086 0.9832821745248836 0.0013566222294497665
59770.860228968566 4.361 0.019000000000000128 0.9887546089931952 0.008106795631595509 0.9768281259408397 1.0066076995701245 0.9832827127287045 0.005471896264490739
59770.860244911986 4.361 0.019000000000000128 0.983775827305108 0.00809834505497019 0.9768287147156655 1.0066076444533407 0.9832832515543204 0.0004925757507876494
59770.86026085541 4.361 0.019000000000000128 0.9923122141242404 0.008141802821311933 0.9768293041088937 1.0066075893365567 0.9832837910023597 0.00902842312188068
59770.86027679882 4.361 0.019000000000000128 0.9842399542660368 0.008110057299631296 0.9768298941208944 1.0066075342197978 0.9832843310732197 0.0009556231928171677
59770.86029274224 4.361 0.019000000000000128 0.9702555545971224 0.008072913784020083 0.9768304847528068 1.006607479103014 0.983284871767998 -0.01302931717087552
59770.86030868566 4.361 0.019000000000000128 0.9617013818169114 0.008042055331073241 0.9768310760050034 1.00660742398623 0.9832854130870936 -0.021584031270182158
59770.86032462908 4.361 0.019000000000000128 0.9693046918432191 0.008100634585346548 0.9768316678781139 1.006607368869446 0.9832859550311407 -0.013981263187921589
59770.8603405725 4.361 0.019000000000000128 0.9729839753781124 0.008079240741863714 0.976832260372769 1.006607313752662 0.983286497600774 -0.010302522222661592
59770.860356515914 4.361 0.019000000000000128 1.002561575243993 0.008171918903455228 0.976832853489326 1.0066072586359032 0.9832870407963773 0.01927453444761562
59770.86037245934 4.361 0.019000000000000128 0.9852442446633551 0.008107757008724084 0.9768334472292416 1.006607203519094 0.9832875846193434 0.0019566600440117377
59770.860388402754 4.361 0.019000000000000128 0.9850246415097217 0.008095908781846904 0.9768340415920511 1.0066071484023353 0.9832881290693029 0.001736512440418836
59770.860404346175 4.361 0.019000000000000128 0.9855264347327832 0.008114198527464136 0.9768346365792143 1.0066070932855513 0.9832886741476508 0.0022377605851324756
59770.860420289595 4.361 0.019000000000000128 0.9807118908338258 0.008100110144769657 0.9768352321911102 1.0066070381687675 0.9832892198547938 -0.0025773290209679667
59770.860436233015 4.361 0.019000000000000128 0.9825775058663598 0.008107216746905933 0.9768358284283418 1.0066069830519835 0.9832897661913381 -0.0007122603249782866
59770.860452176436 4.361 0.019000000000000128 0.9805163233612584 0.00811104454438737 0.9768364252915656 1.0066069279351995 0.9832903131579448 -0.0027739897966864158
59770.86046811985 4.361 0.019000000000000128 0.9835302646460025 0.008126268346880853 0.9768370227811444 1.0066068728184407 0.9832908607550037 0.00023940389099874615
59770.860484063276 4.361 0.019000000000000128 0.9857049612165142 0.00811924665681862 0.9768376208985494 1.0066068177016316 0.9832914089839216 0.002413552232592542
59770.86050000669 4.361 0.019000000000000128 0.991734113336093 0.008134800467420952 0.9768382196433161 1.0066067625848727 0.9832919578443292 0.008442155491763748
59770.86051595012 4.361 0.019000000000000128 0.976900786497679 0.008083988544076433 0.9768388190171957 1.0066067074680636 0.983292507337891 -0.006391720840212001
59770.86053189353 4.361 0.019000000000000128 0.9814027375131372 0.00810401567168131 0.9768394190197243 1.0066066523513049 0.9832930574642382 -0.001890319951101005
59770.86054783695 4.361 0.019000000000000128 0.9883026550300558 0.008126118819338198 0.9768400196523794 1.0066065972345208 0.9832936082247842 0.005009046805271589
59770.86056378037 4.361 0.019000000000000128 0.9824851300629638 0.008082680947233134 0.976840620915531 1.006606542117737 0.9832941596199258 -0.0008090295569620487
59770.86057972378 4.361 0.019000000000000128 0.9748365643694953 0.008067271771282391 0.9768412228095663 1.006606487000978 0.9832947116500773 -0.008458147280582029
59770.86059566721 4.361 0.019000000000000128 0.9855231560174043 0.008108023958453172 0.9768418253359353 1.006606431884169 0.9832952643166245 0.0022278917007797494
59770.860611610624 4.361 0.019000000000000128 0.9825276479746353 0.008095783942401734 0.9768424284941912 1.0066063767674103 0.9832958176192159 -0.0007681696445805963
59770.860627554044 4.361 0.019000000000000128 0.9814482629608914 0.008082145638721314 0.9768430322858227 1.0066063216506262 0.983296371559276 -0.001848108598384579
59770.860643497464 4.361 0.019000000000000128 0.9816418456443322 0.008095527219857035 0.9768436367112036 1.0066062665338422 0.9832969261372055 -0.0016550804928733287
59770.860659440885 4.361 0.019000000000000128 0.9730399522959227 0.008090816962410562 0.9768442417709883 1.0066062114170584 0.9832974813536636 -0.01025752905774091
59770.860675384305 4.361 0.019000000000000128 0.9788560971046533 0.008099598076869543 0.9768448474658322 1.0066061563002744 0.9832980372093092 -0.004441940104655928
59770.86069132772 4.361 0.019000000000000128 0.9930441666295279 0.008121740207232865 0.9768454537961113 1.0066061011835157 0.9832985937045458 0.009745572924982127
59770.86070727114 4.361 0.019000000000000128 0.9913429251135879 0.008126452082210333 0.976846060763062 1.0066060460667317 0.9832991508405682 0.008043774273019721
59770.860723214566 4.361 0.019000000000000128 0.9982177757478686 0.00813589333058067 0.9768466683672916 1.0066059909499225 0.9832997086179879 0.014918067129880752
59770.86073915798 4.361 0.019000000000000128 0.9860987401782134 0.008105719706125634 0.9768472766086869 1.0066059358331638 0.9833002670367647 0.002798473141448765
59770.8607551014 4.361 0.019000000000000128 0.967427152242304 0.00806750336241781 0.9768478854887003 1.0066058807163798 0.9833008260982865 -0.015873673855982484
59770.86077104482 4.361 0.019000000000000128 0.9934101534155888 0.00814163051408379 0.976848495007731 1.0066058255995958 0.9833013858029797 0.010108767612609149
59770.86078698824 4.361 0.019000000000000128 0.9853805585107905 0.008109807507348412 0.9768491051664427 1.006605770482812 0.9833019461515126 0.002078612359277976
59770.86080293166 4.361 0.019000000000000128 0.9730586994237097 0.008095286974621911 0.9768497159655011 1.006605715366028 0.9833025071445545 -0.010243807720844766
59770.86081887507 4.361 0.019000000000000128 0.9877058848841289 0.008108923698530893 0.976850327405289 1.006605660249269 0.9833030687825155 0.004402816101613416
59770.8608348185 4.361 0.019000000000000128 0.9791955066476402 0.008093981677776092 0.9768509394873234 1.00660560513246 0.9833036310668491 -0.004108124419208936
59770.860850761914 4.361 0.019000000000000128 0.9947697837658346 0.008114993683289363 0.9768515522111405 1.0066055500157012 0.9833041939971865 0.011465589768648088
59770.860866705334 4.361 0.019000000000000128 0.9920043792038195 0.00811234382802248 0.976852165578278 1.0066054948989172 0.9833047575750016 0.008699621628817877
59770.860882648754 4.361 0.019000000000000128 0.9946337107513931 0.008148248799583098 0.9768527795890887 1.0066054397821333 0.983305321800674 0.011328388950719082
59770.860898592175 4.361 0.019000000000000128 0.9741329438888064 0.00807779862765942 0.9768533942442627 1.0066053846653493 0.9833058866748982 -0.009172942786091709
59770.860914535595 4.361 0.019000000000000128 0.9882197105790547 0.00811055831586616 0.9768540095444738 1.0066053295485653 0.9833064521983523 0.0049132583807023344
59770.86093047901 4.361 0.019000000000000128 0.9773286412654207 0.008109767127129032 0.9768546254901124 1.0066052744318066 0.9833070183714542 -0.005978377106033439
59770.860946422436 4.361 0.019000000000000128 0.9865953514526543 0.008106933783778868 0.9768552420827098 1.0066052193149975 0.9833075851956711 0.0032877662569832378
59770.86096236585 4.361 0.019000000000000128 0.9774461241785621 0.008081423612834749 0.9768558593218029 1.0066051641982388 0.983308152670635 -0.005862028492072846
59770.86097830927 4.361 0.019000000000000128 0.9757141232697054 0.008081289222676499 0.9768564772089264 1.0066051090814547 0.983308720797817 -0.007594597528111535
59770.86099425269 4.361 0.019000000000000128 0.9744683663272765 0.008089707191697338 0.9768570957444755 1.0066050539646707 0.9833092895776393 -0.008840923250362787
59770.86101019611 4.361 0.019000000000000128 0.977296415133595 0.008092053090249959 0.9768577149291315 1.0066049988478867 0.9833098590107877 -0.0060134438771927146
59770.86102613953 4.361 0.019000000000000128 0.9889843531493341 0.008132378392450589 0.9768583347635771 1.0066049437311029 0.9833104290979494 0.005673924051384671
59770.86104208294 4.361 0.019000000000000128 0.977752033420337 0.009302795161968642 0.9768589552482269 1.006604888614344 0.9833109998395658 -0.005558966419228817
59770.86105802637 4.361 0.019000000000000128 0.988257095401938 0.008111446995987507 0.976859576384592 1.0066048334975348 0.9833115712370846 0.004945524164853388
59770.86107396978 4.361 0.019000000000000128 0.9856351515511991 0.008085946469283076 0.9768601981722274 1.006604778380776 0.9833121432901559 0.002323008261043147
59770.8610899132 4.361 0.019000000000000128 0.9891136239503582 0.008118278963914637 0.9768608206126833 1.006604723263992 0.9833127160002663 0.005800907950091916
59770.861105856624 4.361 0.019000000000000128 0.9666092416184938 0.008079182332532879 0.9768614437063616 1.0066046681472083 0.9833132893678449 -0.01670404774935108
59770.861121800044 4.361 0.019000000000000128 0.9869938117497479 0.008127960525257154 0.9768620674539527 1.0066046130304243 0.9833138633935862 0.0036799483561616997
59770.861137743464 4.361 0.019000000000000128 0.9860672457650101 0.00812228814420612 0.9768626918561478 1.0066045579136402 0.9833144380781862 0.002752807686823955
59770.86115368688 4.361 0.019000000000000128 0.9896627383196633 0.008109694915677878 0.9768633169133694 1.0066045027968815 0.9833150134220947 0.0063477248975686296
59770.8611696303 4.361 0.019000000000000128 0.984600209439088 0.008107468992481767 0.9768639426268533 1.0066044476800975 0.9833155894265061 0.001284620012581894
59770.861185573725 4.361 0.019000000000000128 0.9890913378978972 0.008113895141783503 0.9768645689972963 1.0066043925632884 0.983316166092122 0.005775171805775137
59770.86120151714 4.361 0.019000000000000128 0.9808757377773457 0.008091013624422817 0.9768651960245798 1.0066043374465297 0.9833167434188964 -0.0024410056415506975
59770.86121746056 4.361 0.019000000000000128 1.0004664351058756 0.008140288297089938 0.9768658237102175 1.0066042823297456 0.9833173214082793 0.017149113697596308
59770.86123340398 4.361 0.019000000000000128 0.9851751754163205 0.008126591560375656 0.976866452054637 1.0066042272129616 0.9833179000607255 0.0018572753555949895
59770.86124934739 4.361 0.019000000000000128 0.9864112429168311 0.008115655299373708 0.976867081058248 1.006604172096203 0.983318479376672 0.0030927635401590825
59770.86126529082 4.361 0.019000000000000128 0.9915242646573249 0.008133951603782733 0.9768677107226263 1.0066041169793938 0.9833190593576312 0.008205205299693707
59770.86128123423 4.361 0.019000000000000128 0.969941015041044 0.008059329327704557 0.97686834104731 1.006604061862635 0.9833196400032361 -0.01337862496219211
59770.86129717766 4.361 0.019000000000000128 0.9815613671301383 0.008143145121498099 0.9768689720341703 1.006604006745826 0.9833202213152721 -0.0017588541851337736
59770.86131312107 4.361 0.019000000000000128 0.9916773827070897 0.008125193986556175 0.976869603682746 1.006603951629067 0.9833208032933727 0.008356579413717036
59770.861329064486 4.361 0.019000000000000128 0.9737391578417329 0.008102549526657066 0.976870235994346 1.0066038965123083 0.9833213859388068 -0.009582228097073875
59770.861345007914 4.361 0.019000000000000128 0.9843131980671956 0.008046749031048047 0.9768708689702287 1.0066038413954992 0.9833219692527916 0.0009912288144040549
