eureka_custom_plots/data/stage5_lcfit_results/S5_wasp39b_ap4_bg8_Table_Save_ch25.txt
# %ECSV 1.0
# ---
# datatype:
# - {name: time, datatype: float64}
# - {name: wavelength, datatype: float64}
# - {name: bin_width, datatype: float64}
# - {name: lcdata, datatype: float64}
# - {name: lcerr, datatype: float64}
# - {name: transit, datatype: float64}
# - {name: polynom, datatype: float64}
# - {name: model, datatype: float64}
# - {name: residuals, datatype: float64}
# schema: astropy-2.0
time wavelength bin_width lcdata lcerr transit polynom model residuals
[from data line 17175]
59770.91784848497 3.9775 0.01949999999999985 1.0022095642320334 0.00613063134972013 1.0 1.005960621264751 1.005960621264751 -0.0037510570327174975
59770.9178644284 3.9775 0.01949999999999985 1.0007654872430087 0.0061340058286813715 1.0 1.005960562451484 1.005960562451484 -0.005195075208475286
59770.91788037181 3.9775 0.01949999999999985 0.9975376612898507 0.00613189159874778 1.0 1.0059605036382706 1.0059605036382706 -0.008422842348419946
59770.91789631523 3.9775 0.01949999999999985 1.012886378335078 0.00616241363995499 1.0 1.0059604448250303 1.0059604448250303 0.006925933510047777
59770.91791225865 3.9775 0.01949999999999985 1.0065887159390594 0.006147065914481554 1.0 1.00596038601179 1.00596038601179 0.0006283299272693554
59770.91792820207 3.9775 0.01949999999999985 1.0076217551685385 0.006148867876285279 1.0 1.0059603271985498 1.0059603271985498 0.0016614279699886936
59770.91794414549 3.9775 0.01949999999999985 1.0044727989232398 0.0061407196661232245 1.0 1.0059602683853095 1.0059602683853095 -0.0014874694620696793
59770.917960088904 3.9775 0.01949999999999985 1.0077575883913328 0.0061498003820166505 1.0 1.005960209572096 1.005960209572096 0.0017973788192366946
59770.917976032324 3.9775 0.01949999999999985 1.0057053370403874 0.0061577761796659134 1.0 1.0059601507588558 1.0059601507588558 -0.00025481371846836076
59770.917991975744 3.9775 0.01949999999999985 1.0084721810048307 0.006143004815847301 1.0 1.0059600919456155 1.0059600919456155 0.0025120890592151834
59770.918007919165 3.9775 0.01949999999999985 1.002669682583944 0.006152954907932157 1.0 1.0059600331323755 1.0059600331323755 -0.003290350548431409
59770.91802386258 3.9775 0.01949999999999985 0.9979269240670452 0.006123111915486756 1.0 1.005959974319162 1.005959974319162 -0.008033050252116869
59770.918039806005 3.9775 0.01949999999999985 1.008145458747675 0.006144301666163743 1.0 1.005959915505895 1.005959915505895 0.002185543241780108
59770.91805574942 3.9775 0.01949999999999985 1.0070507062522551 0.00615097025056855 1.0 1.0059598566926815 1.0059598566926815 0.0010908495595736145
59770.91807169283 3.9775 0.01949999999999985 1.0021405456819186 0.00613439578202264 1.0 1.005959797879468 1.005959797879468 -0.0038192521975495275
59770.91808763626 3.9775 0.01949999999999985 1.0038861104773575 0.006142830200137813 1.0 1.005959739066201 1.005959739066201 -0.0020736285888434125
59770.91810357968 3.9775 0.01949999999999985 1.0093489054881208 0.006153991447711663 1.0 1.0059596802529607 1.0059596802529607 0.003389225235160165
59770.91811952309 3.9775 0.01949999999999985 1.0056966274739922 0.006161544165228078 1.0 1.0059596214397473 1.0059596214397473 -0.00026299396575502065
59770.91813546651 3.9775 0.01949999999999985 1.0062854520698412 0.006153845942138414 1.0 1.005959562626507 1.005959562626507 0.0003258894433342263
59770.91815140993 3.9775 0.01949999999999985 1.0079576763288693 0.006138596355931882 1.0 1.0059595038132667 1.0059595038132667 0.0019981725156026364
59770.918167353346 3.9775 0.01949999999999985 1.017714181564294 0.0061645183685669494 1.0 1.0059594450000533 1.0059594450000533 0.011754736564240753
59770.91818329677 3.9775 0.01949999999999985 1.0082389596711645 0.006159668588657153 1.0 1.0059593861867864 1.0059593861867864 0.002279573484378128
59770.91819924019 3.9775 0.01949999999999985 0.9999905425167424 0.006141021142674236 1.0 1.005959327373573 1.005959327373573 -0.005968784856830611
59770.91821518361 3.9775 0.01949999999999985 1.0181205815653827 0.00616114838058546 1.0 1.0059592685603327 1.0059592685603327 0.012161313005049967
59770.91823112703 3.9775 0.01949999999999985 1.0148978721570558 0.006171186139360005 1.0 1.0059592097470924 1.0059592097470924 0.008938662409963438
59770.91824707044 3.9775 0.01949999999999985 0.9988199169747546 0.006142737973767885 1.0 1.005959150933879 1.005959150933879 -0.007139233959124414
59770.91826301386 3.9775 0.01949999999999985 1.0012069640214591 0.006133839293158304 1.0 1.0059590921206387 1.0059590921206387 -0.004752128099179576
59770.91827895729 3.9775 0.01949999999999985 1.0059725878225316 0.006149974676712837 1.0 1.0059590333073716 1.0059590333073716 1.355451516005246e-05
59770.9182949007 3.9775 0.01949999999999985 1.0068334030312158 0.006144757497365784 1.0 1.0059589744941582 1.0059589744941582 0.0008744285370576588
59770.91831084412 3.9775 0.01949999999999985 1.0022363318608405 0.0061456790818177655 1.0 1.0059589156809179 1.0059589156809179 -0.0037225838200773964
59770.91832678754 3.9775 0.01949999999999985 0.999458370487427 0.006133175847948417 1.0 1.0059588568676776 1.0059588568676776 -0.006500486380250581
59770.918342730954 3.9775 0.01949999999999985 1.0119428964666792 0.006159624400135016 1.0 1.0059587980544642 1.0059587980544642 0.005984098412215033
59770.91835867438 3.9775 0.01949999999999985 0.9917660541898257 0.006120425036961606 1.0 1.0059587392411973 1.0059587392411973 -0.014192685051371612
59770.918374617795 3.9775 0.01949999999999985 1.0017152449381814 0.00614162655025901 1.0 1.0059586804279839 1.0059586804279839 -0.0042434354898024385
59770.918390561215 3.9775 0.01949999999999985 1.0077148650052905 0.006155554361691917 1.0 1.0059586216147436 1.0059586216147436 0.0017562433905469188
59770.918406504636 3.9775 0.01949999999999985 1.0073111125417895 0.006152590251114447 1.0 1.0059585628015033 1.0059585628015033 0.001352549740286202
59770.91842244805 3.9775 0.01949999999999985 1.0066718884505657 0.006162055353049098 1.0 1.00595850398829 1.00595850398829 0.0007133844622757568
59770.91843839147 3.9775 0.01949999999999985 1.0039910747761815 0.00614701802176823 1.0 1.0059584451750496 1.0059584451750496 -0.0019673703988680735
59770.91845433489 3.9775 0.01949999999999985 1.0000187611194478 0.006149384063873729 1.0 1.0059583863618093 1.0059583863618093 -0.005939625242361579
59770.91847027831 3.9775 0.01949999999999985 1.0079404352125523 0.006148687402614247 1.0 1.005958327548569 1.005958327548569 0.0019821076639832125
59770.91848622172 3.9775 0.01949999999999985 1.0144735228249642 0.006171514504531664 1.0 1.0059582687353557 1.0059582687353557 0.008515254089608515
59770.91850216515 3.9775 0.01949999999999985 1.0032166228147943 0.006136336110177642 1.0 1.0059582099220887 1.0059582099220887 -0.002741587107294441
59770.91851810856 3.9775 0.01949999999999985 0.998838647632622 0.0061326718975908195 1.0 1.0059581511088753 1.0059581511088753 -0.007119503476253342
59770.918534051976 3.9775 0.01949999999999985 1.0069148553847647 0.006149100897401501 1.0 1.005958092295662 1.005958092295662 0.0009567630891027523
59770.918549995404 3.9775 0.01949999999999985 0.9993010491553689 0.006126628230808358 1.0 1.0059580334823948 1.0059580334823948 -0.006656984327025883
59770.918565938824 3.9775 0.01949999999999985 1.0192926789795556 0.006183328996551882 1.0 1.0059579746691545 1.0059579746691545 0.013334704310401069
59770.91858188224 3.9775 0.01949999999999985 1.001824213582502 0.006134871746790589 1.0 1.005957915855941 1.005957915855941 -0.0041337022734391216
59770.91859782566 3.9775 0.01949999999999985 1.0001385600669 0.006123002053409598 1.0 1.0059578570427008 1.0059578570427008 -0.005819296975800858
59770.91861376908 3.9775 0.01949999999999985 1.0101774608801988 0.0061517235601515905 1.0 1.0059577982294605 1.0059577982294605 0.004219662650738254
59770.91862971249 3.9775 0.01949999999999985 1.0019615007094196 0.006129668250252173 1.0 1.005957739416247 1.005957739416247 -0.003996238706827526
59770.91864565592 3.9775 0.01949999999999985 1.0017612661863469 0.006152164044708252 1.0 1.00595768060298 1.00595768060298 -0.0041964144166330986
59770.91866159933 3.9775 0.01949999999999985 0.9989991806772489 0.00614413861562192 1.0 1.0059576217897666 1.0059576217897666 -0.006958441112517644
59770.91867754276 3.9775 0.01949999999999985 1.0018999889681386 0.006143692745731422 1.0 1.0059575629764996 1.0059575629764996 -0.004057574008361042
59770.91869348617 3.9775 0.01949999999999985 1.0123883744074755 0.0061485053794393466 1.0 1.0059575041632862 1.0059575041632862 0.006430870244189313
59770.918709429585 3.9775 0.01949999999999985 0.9955360701807925 0.00612812566910883 1.0 1.0059574453500728 1.0059574453500728 -0.010421375169280322
59770.91872537301 3.9775 0.01949999999999985 1.00782357640709 0.006157222287464086 1.0 1.0059573865368057 1.0059573865368057 0.0018661898702843072
59770.91874131643 3.9775 0.01949999999999985 1.0125757933934136 0.006157281870063402 1.0 1.0059573277235654 1.0059573277235654 0.00661846566984825
59770.918757259846 3.9775 0.01949999999999985 1.011781410989176 0.006159709135864115 1.0 1.005957268910352 1.005957268910352 0.0058241420788240905
59770.918773203266 3.9775 0.01949999999999985 1.0138186609962003 0.006163292738973884 1.0 1.0059572100971117 1.0059572100971117 0.007861450899088629
59770.918789146686 3.9775 0.01949999999999985 1.0062105106285866 0.006156520454040305 1.0 1.0059571512838714 1.0059571512838714 0.00025335934471515387
59770.9188050901 3.9775 0.01949999999999985 1.0179421069123191 0.006183157931411187 1.0 1.005957092470658 1.005957092470658 0.011985014441661113
59770.91882103353 3.9775 0.01949999999999985 1.0063745887945392 0.00614618815643232 1.0 1.0059570336573909 1.0059570336573909 0.0004175551371483621
59770.91883697694 3.9775 0.01949999999999985 1.0023072528471202 0.006138655152605791 1.0 1.0059569748441775 1.0059569748441775 -0.0036497219970572647
59770.91885292036 3.9775 0.01949999999999985 1.0016882629047672 0.006147215743702967 1.0 1.0059569160309374 1.0059569160309374 -0.0042686531261701965
59770.91886886378 3.9775 0.01949999999999985 0.9920742601920122 0.006119150064027549 1.0 1.0059568572176971 1.0059568572176971 -0.01388259702568495
59770.91888480719 3.9775 0.01949999999999985 1.0086321772705664 0.006161783021577581 1.0 1.0059567984044837 1.0059567984044837 0.0026753788660827116
59770.918900750614 3.9775 0.01949999999999985 1.0073422442805027 0.006151200550953549 1.0 1.0059567395912434 1.0059567395912434 0.0013855046892592426
59770.918916694034 3.9775 0.01949999999999985 1.012788752629248 0.00615226012061059 1.0 1.0059566807780032 1.0059566807780032 0.006832071851244903
59770.918932637454 3.9775 0.01949999999999985 0.9954029139997604 0.0061317123482797055 1.0 1.0059566219647629 1.0059566219647629 -0.010553707965002435
59770.91894858087 3.9775 0.01949999999999985 0.988401526881854 0.006112201614986784 1.0 1.0059565631515495 1.0059565631515495 -0.017555036269695456
59770.918964524295 3.9775 0.01949999999999985 0.9996080648571389 0.006124246863204389 1.0 1.0059565043382823 1.0059565043382823 -0.006348439481143386
59770.91898046771 3.9775 0.01949999999999985 1.0057741558876565 0.006160979363514055 1.0 1.005956445525069 1.005956445525069 -0.00018228963741240278
59770.91899641112 3.9775 0.01949999999999985 1.0011539337865096 0.006138988612597306 1.0 1.0059563867118555 1.0059563867118555 -0.004802452925345868
59770.91901235455 3.9775 0.01949999999999985 1.011672330564191 0.006157991758617767 1.0 1.0059563278985886 1.0059563278985886 0.00571600266560246
59770.91902829797 3.9775 0.01949999999999985 0.9966622862359171 0.00612692495363237 1.0 1.0059562690853483 1.0059562690853483 -0.00929398284943117
59770.91904424139 3.9775 0.01949999999999985 1.0016047378202548 0.006131738632206338 1.0 1.005956210272108 1.005956210272108 -0.004351472451853189
59770.9190601848 3.9775 0.01949999999999985 1.0023868257411015 0.006146115069182381 1.0 1.0059561514588946 1.0059561514588946 -0.003569325717793115
59770.91907612822 3.9775 0.01949999999999985 1.0022209298396738 0.006145561356102266 1.0 1.0059560926456543 1.0059560926456543 -0.0037351628059805186
59770.91909207164 3.9775 0.01949999999999985 1.003947384278908 0.0061393034964431215 1.0 1.005956033832414 1.005956033832414 -0.0020086495535061033
59770.91910801506 3.9775 0.01949999999999985 0.9934924033206675 0.0061189851699840585 1.0 1.0059559750191738 1.0059559750191738 -0.012463571698506315
59770.919123958476 3.9775 0.01949999999999985 1.0190940271902647 0.006165496459841821 1.0 1.0059559162059604 1.0059559162059604 0.013138110984304285
59770.919139901904 3.9775 0.01949999999999985 1.0088764648685604 0.006146760025533371 1.0 1.0059558573926932 1.0059558573926932 0.0029206074758671985
59770.91915584532 3.9775 0.01949999999999985 1.0101637452982417 0.006157689061061418 1.0 1.0059557985794798 1.0059557985794798 0.004207946718761901
59770.91917178873 3.9775 0.01949999999999985 1.0076027689022524 0.0061498438389448835 1.0 1.0059557397662664 1.0059557397662664 0.0016470291359860223
59770.91918773216 3.9775 0.01949999999999985 1.0129097509262774 0.006164607421506011 1.0 1.0059556809529995 1.0059556809529995 0.006954069973277965
59770.91920367557 3.9775 0.01949999999999985 1.0133808405194986 0.006172556860843793 1.0 1.005955622139786 1.005955622139786 0.00742521837971255
59770.91921961899 3.9775 0.01949999999999985 1.0070964440930925 0.00615123709473077 1.0 1.0059555633265458 1.0059555633265458 0.0011408807665467258
59770.91923556241 3.9775 0.01949999999999985 0.9993127281546502 0.006148623377403649 1.0 1.0059555045133055 1.0059555045133055 -0.006642776358655289
59770.91925150583 3.9775 0.01949999999999985 1.0143712351400118 0.006159419033902085 1.0 1.0059554457000652 1.0059554457000652 0.008415789439946586
59770.919267449244 3.9775 0.01949999999999985 1.0046331000847837 0.006136315762138987 1.0 1.0059553868868518 1.0059553868868518 -0.00132228680206814
59770.91928339267 3.9775 0.01949999999999985 1.0024420194302837 0.006132188184373844 1.0 1.0059553280735847 1.0059553280735847 -0.0035133086433010163
59770.919299336085 3.9775 0.01949999999999985 0.9997943980178492 0.006134305195112176 1.0 1.0059552692603713 1.0059552692603713 -0.00616087124252207
59770.919315279505 3.9775 0.01949999999999985 1.002682859562661 0.00613585913718435 1.0 1.005955210447131 1.005955210447131 -0.0032723508844700877
59770.919331222925 3.9775 0.01949999999999985 0.9970335947992669 0.006133294085768609 1.0 1.0059551516338907 1.0059551516338907 -0.008921556834623812
59770.91934716634 3.9775 0.01949999999999985 1.0160926897433986 0.006167329779644943 1.0 1.0059550928206773 1.0059550928206773 0.010137596922721315
59770.91936310976 3.9775 0.01949999999999985 1.00413653790618 0.006153017834489905 1.0 1.0059550340074372 1.0059550340074372 -0.0018184961012572831
59770.91937905318 3.9775 0.01949999999999985 1.0095022139197543 0.006158110310228044 1.0 1.005954975194197 1.005954975194197 0.003547238725557289
59770.9193949966 3.9775 0.01949999999999985 1.0060687751945732 0.006142710558874683 1.0 1.0059549163809567 1.0059549163809567 0.00011385881361647421
59770.91941094002 3.9775 0.01949999999999985 1.0030352209628217 0.006158906719097742 1.0 1.0059548575677164 1.0059548575677164 -0.002919636604894693
59770.91942688344 3.9775 0.01949999999999985 1.002393551502302 0.006136996005445952 1.0 1.0059547987544761 1.0059547987544761 -0.0035612472521742156
59770.91944282685 3.9775 0.01949999999999985 1.0096313745275438 0.00615014325898698 1.0 1.0059547399412627 1.0059547399412627 0.003676634586281091
59770.91945877027 3.9775 0.01949999999999985 1.0085579181212552 0.0061557655960980395 1.0 1.0059546811280224 1.0059546811280224 0.002603236993232727
59770.91947471369 3.9775 0.01949999999999985 0.9988406505827747 0.006135629769393332 1.0 1.0059546223147822 1.0059546223147822 -0.007113971732007451
59770.919490657114 3.9775 0.01949999999999985 1.0125634273026352 0.006163276995765118 1.0 1.0059545635015419 1.0059545635015419 0.006608863801093268
59770.919506600534 3.9775 0.01949999999999985 1.0136140820907713 0.006166293386548012 1.0 1.0059545046883018 1.0059545046883018 0.007659577402469475
59770.91952254395 3.9775 0.01949999999999985 1.0182934657609635 0.006175480267991346 1.0 1.0059544458750884 1.0059544458750884 0.012339019885875047
