eureka_custom_plots/data/stage5_lcfit_results/S5_wasp39b_ap4_bg8_Table_Save_ch17.txt
# %ECSV 1.0
# ---
# datatype:
# - {name: time, datatype: float64}
# - {name: wavelength, datatype: float64}
# - {name: bin_width, datatype: float64}
# - {name: lcdata, datatype: float64}
# - {name: lcerr, datatype: float64}
# - {name: transit, datatype: float64}
# - {name: polynom, datatype: float64}
# - {name: model, datatype: float64}
# - {name: residuals, datatype: float64}
# schema: astropy-2.0
time wavelength bin_width lcdata lcerr transit polynom model residuals
[from data line 8001]
59770.77158355547 3.6710000000000003 0.018999999999999906 1.0143621608318807 0.006711421568583323 1.0 1.0063063702641777 1.0063063702641777 0.008055790567703003
59770.77159949889 3.6710000000000003 0.018999999999999906 1.0048980303432986 0.006691931871589582 1.0 1.0063063173386333 1.0063063173386333 -0.0014082869953346844
59770.77161544231 3.6710000000000003 0.018999999999999906 1.010665424195172 0.0066988325908678365 1.0 1.0063062644130891 1.0063062644130891 0.0043591597820829
59770.77163138573 3.6710000000000003 0.018999999999999906 1.0101250583040384 0.006692991624571176 1.0 1.0063062114875447 1.0063062114875447 0.003818846816493693
59770.77164732915 3.6710000000000003 0.018999999999999906 1.002956017832929 0.006687482265257939 1.0 1.0063061585620003 1.0063061585620003 -0.0033501407290712493
59770.77166327257 3.6710000000000003 0.018999999999999906 1.009210860195289 0.006707180631856674 1.0 1.0063061056364562 1.0063061056364562 0.0029047545588327672
59770.771679215984 3.6710000000000003 0.018999999999999906 1.0044087180242534 0.006705159746274597 1.0 1.006306052710936 1.006306052710936 -0.001897334686682628
59770.77169515941 3.6710000000000003 0.018999999999999906 1.009080001544519 0.006689928885070928 1.0 1.0063059997853676 1.0063059997853676 0.0027740017591513233
59770.771711102825 3.6710000000000003 0.018999999999999906 1.013815104280961 0.006712506375785176 1.0 1.0063059468598474 1.0063059468598474 0.007509157421113688
59770.77172704625 3.6710000000000003 0.018999999999999906 0.9974380049433292 0.006678002755058335 1.0 1.0063058939342788 1.0063058939342788 -0.00886788899094959
59770.771742989666 3.6710000000000003 0.018999999999999906 1.0096308037204522 0.006700207213317827 1.0 1.0063058410087586 1.0063058410087586 0.00332496271169358
59770.77175893309 3.6710000000000003 0.018999999999999906 1.0112837813144409 0.006696337743063838 1.0 1.0063057880831903 1.0063057880831903 0.004977993231250588
59770.771774876506 3.6710000000000003 0.018999999999999906 1.0068051061885375 0.006699755364443375 1.0 1.00630573515767 1.00630573515767 0.0004993710308673904
59770.771790819934 3.6710000000000003 0.018999999999999906 0.999888161807379 0.0066822764514392905 1.0 1.0063056822321017 1.0063056822321017 -0.006417520424722656
59770.77180676335 3.6710000000000003 0.018999999999999906 1.0109127522611654 0.006704434032297552 1.0 1.0063056293065815 1.0063056293065815 0.0046071229545838754
59770.771822706774 3.6710000000000003 0.018999999999999906 1.000972046971394 0.008195753587922083 1.0 1.006305576381013 1.006305576381013 -0.005333529409618842
59770.77183865019 3.6710000000000003 0.018999999999999906 1.012134334054664 0.006704123905498303 1.0 1.006305523455493 1.006305523455493 0.005828810599171064
59770.77185459361 3.6710000000000003 0.018999999999999906 1.0114721939528162 0.006710995669943053 1.0 1.0063054705299486 1.0063054705299486 0.005166723422867614
59770.77187053703 3.6710000000000003 0.018999999999999906 1.0192638020980482 0.006733403991757286 1.0 1.0063054176044042 1.0063054176044042 0.01295838449364406
59770.77188648045 3.6710000000000003 0.018999999999999906 "" "" 1.0 1.00630536467886 1.00630536467886 ""
59770.77190242387 3.6710000000000003 0.018999999999999906 1.00391522083469 0.006691790031477208 1.0 1.0063053117533156 1.0063053117533156 -0.0023900909186256314
59770.77191836729 3.6710000000000003 0.018999999999999906 1.0051185400960698 0.0067043783302599535 1.0 1.0063052588277712 1.0063052588277712 -0.0011867187317013972
59770.77193431071 3.6710000000000003 0.018999999999999906 1.0083139010144904 0.006705305098763321 1.0 1.006305205902227 1.006305205902227 0.0020086951122633145
59770.77195025413 3.6710000000000003 0.018999999999999906 1.0102907106725192 0.006730855672519249 1.0 1.0063051529766827 1.0063051529766827 0.003985557695836528
59770.77196619754 3.6710000000000003 0.018999999999999906 1.011628017899809 0.00671984118250136 1.0 1.0063051000511625 1.0063051000511625 0.005322917848646469
59770.77198214097 3.6710000000000003 0.018999999999999906 1.0002878667210644 0.006693950868076805 1.0 1.006305047125594 1.006305047125594 -0.006017180404529698
59770.77199808439 3.6710000000000003 0.018999999999999906 1.0123890446485806 0.006698234076262918 1.0 1.0063049942000497 1.0063049942000497 0.006084050448530887
59770.77201402781 3.6710000000000003 0.018999999999999906 1.013585871065311 0.006728479392842845 1.0 1.0063049412745055 1.0063049412745055 0.007280929790805413
59770.772029971224 3.6710000000000003 0.018999999999999906 1.0068054345761395 0.006708777646694457 1.0 1.0063048883489853 1.0063048883489853 0.0005005462271541194
59770.77204591465 3.6710000000000003 0.018999999999999906 1.004640524187907 0.006691000091437598 1.0 1.0063048354234168 1.0063048354234168 -0.0016643112355096967
59770.772061858064 3.6710000000000003 0.018999999999999906 1.0066578480042283 0.006697182518055212 1.0 1.0063047824978966 1.0063047824978966 0.00035306550633174005
59770.77207780149 3.6710000000000003 0.018999999999999906 0.9966302738721409 0.0066678153011787925 1.0 1.0063047295723282 1.0063047295723282 -0.009674455700187323
59770.772093744905 3.6710000000000003 0.018999999999999906 1.008242823969349 0.006691614423017586 1.0 1.006304676646808 1.006304676646808 0.0019381473225410506
59770.77210968833 3.6710000000000003 0.018999999999999906 1.0132819157248205 0.006717072390864692 1.0 1.0063046237212396 1.0063046237212396 0.006977292003580882
59770.772125631745 3.6710000000000003 0.018999999999999906 1.0066873544320951 0.006698819824365498 1.0 1.0063045707957194 1.0063045707957194 0.00038278363637567203
59770.772141575166 3.6710000000000003 0.018999999999999906 0.9996153508853253 0.006682899773531725 1.0 1.006304517870175 1.006304517870175 -0.0066891669848497814
59770.772157518586 3.6710000000000003 0.018999999999999906 1.0096761623211694 0.008233332431014125 1.0 1.0063044649446309 1.0063044649446309 0.0033716973765385294
59770.772173462006 3.6710000000000003 0.018999999999999906 1.0100066913289123 0.006700552611805857 1.0 1.0063044120190865 1.0063044120190865 0.0037022793098258067
59770.77218940543 3.6710000000000003 0.018999999999999906 1.0014353319589737 0.006680176737524576 1.0 1.006304359093542 1.006304359093542 -0.004869027134568382
59770.77220534885 3.6710000000000003 0.018999999999999906 0.9951262542140824 0.0066721422228081945 1.0 1.006304306167998 1.006304306167998 -0.011178051953915524
59770.77222129227 3.6710000000000003 0.018999999999999906 1.0031680408075059 0.006692441749106304 1.0 1.0063042532424535 1.0063042532424535 -0.0031362124349476606
59770.77223723569 3.6710000000000003 0.018999999999999906 1.0005151650654136 0.0066779932679365845 1.0 1.0063042003169091 1.0063042003169091 -0.0057890352514955445
59770.7722531791 3.6710000000000003 0.018999999999999906 1.0077353176285722 0.006696998486295022 1.0 1.006304147391389 1.006304147391389 0.0014311702371831991
59770.77226912253 3.6710000000000003 0.018999999999999906 1.0172805340874502 0.006715197614182127 1.0 1.0063040944658206 1.0063040944658206 0.010976439621629641
59770.77228506595 3.6710000000000003 0.018999999999999906 1.0079851563315616 0.006689255626719102 1.0 1.0063040415402762 1.0063040415402762 0.0016811147912854096
59770.77230100937 3.6710000000000003 0.018999999999999906 1.0071157066530287 0.006697223750385928 1.0 1.006303988614732 1.006303988614732 0.000811718038296716
59770.77231695278 3.6710000000000003 0.018999999999999906 "" "" 1.0 1.0063039356892118 1.0063039356892118 ""
59770.77233289621 3.6710000000000003 0.018999999999999906 1.0099893137739253 0.006718320592683064 1.0 1.0063038827636435 1.0063038827636435 0.0036854310102818477
59770.77234883962 3.6710000000000003 0.018999999999999906 1.0155361104587617 0.006721292304564843 1.0 1.0063038298381233 1.0063038298381233 0.009232280620638411
59770.77236478305 3.6710000000000003 0.018999999999999906 1.0055689849893261 0.006690549047656639 1.0 1.0063037769125547 1.0063037769125547 -0.0007347919232285616
59770.77238072646 3.6710000000000003 0.018999999999999906 1.0068994931188138 0.006701113753169588 1.0 1.0063037239870345 1.0063037239870345 0.0005957691317792779
59770.77239666989 3.6710000000000003 0.018999999999999906 0.9976962762725229 0.006681681650323881 1.0 1.0063036710614661 1.0063036710614661 -0.008607394788943235
59770.7724126133 3.6710000000000003 0.018999999999999906 1.0081635065785919 0.006707518266027435 1.0 1.006303618135946 1.006303618135946 0.0018598884426459517
59770.772428556724 3.6710000000000003 0.018999999999999906 1.0043594294992 0.0066823474144955715 1.0 1.0063035652104015 1.0063035652104015 -0.0019441357112015556
59770.77244450015 3.6710000000000003 0.018999999999999906 0.9978410520051738 0.008189537673898293 1.0 1.0063035122848332 1.0063035122848332 -0.008462460279659356
59770.77246044357 3.6710000000000003 0.018999999999999906 1.0030871475290986 0.006688798484785359 1.0 1.0063034593592888 1.0063034593592888 -0.0032163118301902216
59770.77247638699 3.6710000000000003 0.018999999999999906 1.0081803258147954 0.006708335005266462 1.0 1.0063034064337446 1.0063034064337446 0.0018769193810508344
59770.772492330405 3.6710000000000003 0.018999999999999906 0.998776834462729 0.006685127808820866 1.0 1.0063033535082244 1.0063033535082244 -0.0075265190454953945
59770.77250827383 3.6710000000000003 0.018999999999999906 1.0031160057276303 0.00670393988825654 1.0 1.0063033005826558 1.0063033005826558 -0.0031872948550255575
59770.772524217246 3.6710000000000003 0.018999999999999906 0.9999084694374544 0.006688862337484606 1.0 1.0063032476571359 1.0063032476571359 -0.006394778219681485
59770.77254016067 3.6710000000000003 0.018999999999999906 1.0094881603138253 0.00670993258980158 1.0 1.0063031947315673 1.0063031947315673 0.0031849655822580036
59770.772556104086 3.6710000000000003 0.018999999999999906 1.0072793624362042 0.006708078257438779 1.0 1.006303141806047 1.006303141806047 0.0009762206301571208
59770.772572047514 3.6710000000000003 0.018999999999999906 1.002664643889015 0.006688801901362716 1.0 1.0063030888804787 1.0063030888804787 -0.0036384449914637074
59770.77258799093 3.6710000000000003 0.018999999999999906 1.017159620353022 0.00672605845716695 1.0 1.0063030359549585 1.0063030359549585 0.010856584398063474
59770.77260393435 3.6710000000000003 0.018999999999999906 1.0071132198146453 0.006690454229819237 1.0 1.0063029830294141 1.0063029830294141 0.0008102367852311776
59770.77261987777 3.6710000000000003 0.018999999999999906 1.0069377674786588 0.006701272037893871 1.0 1.00630293010387 1.00630293010387 0.0006348373747888658
59770.77263582119 3.6710000000000003 0.018999999999999906 1.0121675665502352 0.0067030181058914855 1.0 1.0063028771783256 1.0063028771783256 0.005864689371909648
59770.77265176461 3.6710000000000003 0.018999999999999906 1.0288248094254502 0.008231906913185098 1.0 1.0063028242527812 1.0063028242527812 0.022521985172669012
59770.77266770803 3.6710000000000003 0.018999999999999906 1.0114929295908643 0.006704340740628742 1.0 1.006302771327237 1.006302771327237 0.0051901582636273424
59770.77268365145 3.6710000000000003 0.018999999999999906 1.0156380829473022 0.0067142607774882375 1.0 1.0063027184016926 1.0063027184016926 0.00933536454560957
59770.77269959487 3.6710000000000003 0.018999999999999906 1.0150845269009319 0.006708901858982868 1.0 1.0063026654761484 1.0063026654761484 0.008781861424783433
59770.77271553828 3.6710000000000003 0.018999999999999906 1.0075434484475425 0.006693877764866966 1.0 1.0063026125506283 1.0063026125506283 0.0012408358969142608
59770.77273148171 3.6710000000000003 0.018999999999999906 1.017934000441919 0.008188697140478712 1.0 1.0063025596250597 1.0063025596250597 0.011631440816859406
59770.77274742513 3.6710000000000003 0.018999999999999906 1.0073403565960446 0.006712410829853101 1.0 1.0063025066995155 1.0063025066995155 0.0010378498965291083
59770.77276336855 3.6710000000000003 0.018999999999999906 1.014731055849052 0.006720996864728452 1.0 1.006302453773971 1.006302453773971 0.008428602075081004
59770.77277931196 3.6710000000000003 0.018999999999999906 1.0011025172424732 0.0066837343795765804 1.0 1.006302400848451 1.006302400848451 -0.005199883605977673
59770.77279525539 3.6710000000000003 0.018999999999999906 1.0052213266427787 0.0066902440532718415 1.0 1.0063023479228825 1.0063023479228825 -0.0010810212801037888
59770.7728111988 3.6710000000000003 0.018999999999999906 1.0085185768240477 0.006697778945147757 1.0 1.0063022949973623 1.0063022949973623 0.002216281826685318
59770.77282714223 3.6710000000000003 0.018999999999999906 1.0065963624475145 0.006706587029257223 1.0 1.0063022420717938 1.0063022420717938 0.0002941203757207411
59770.772843085644 3.6710000000000003 0.018999999999999906 1.0079249924124374 0.006696467216025414 1.0 1.0063021891462738 1.0063021891462738 0.0016228032661635972
59770.77285902907 3.6710000000000003 0.018999999999999906 0.9981077645257317 0.006668495879940697 1.0 1.0063021362207052 1.0063021362207052 -0.008194371694973501
59770.772874972485 3.6710000000000003 0.018999999999999906 1.0091157906501131 0.006709329311134976 1.0 1.006302083295185 1.006302083295185 0.002813707354928141
59770.772890915905 3.6710000000000003 0.018999999999999906 1.0014558140600156 0.006689187477974394 1.0 1.0063020303696408 1.0063020303696408 -0.004846216309625229
59770.772906859325 3.6710000000000003 0.018999999999999906 1.003195975750328 0.006687087581938777 1.0 1.0063019774440964 1.0063019774440964 -0.003106001693768512
59770.77292280275 3.6710000000000003 0.018999999999999906 1.0156415583277927 0.006718600934171307 1.0 1.006301924518528 1.006301924518528 0.009339633809264614
59770.772938746166 3.6710000000000003 0.018999999999999906 1.011283827923624 0.006717176869444791 1.0 1.0063018715930079 1.0063018715930079 0.004981956330616155
59770.772954689586 3.6710000000000003 0.018999999999999906 1.003252871018507 0.006683878320865193 1.0 1.0063018186674635 1.0063018186674635 -0.003048947648956579
59770.77297063301 3.6710000000000003 0.018999999999999906 1.0089631919077588 0.006709714833143969 1.0 1.006301765741919 1.006301765741919 0.002661426165839753
59770.77298657643 3.6710000000000003 0.018999999999999906 1.0085974933903075 0.006686379452746655 1.0 1.006301712816375 1.006301712816375 0.0022957805739325376
59770.77300251985 3.6710000000000003 0.018999999999999906 0.9977706240037075 0.0066700692330752525 1.0 1.0063016598908305 1.0063016598908305 -0.008531035887123006
59770.77301846327 3.6710000000000003 0.018999999999999906 1.003042420902169 0.006679058509229458 1.0 1.0063016069652864 1.0063016069652864 -0.0032591860631172587
59770.77303440669 3.6710000000000003 0.018999999999999906 1.0225573898780997 0.008217254736817968 1.0 1.006301554039742 1.006301554039742 0.01625583583835777
59770.77305035011 3.6710000000000003 0.018999999999999906 "" "" 1.0 1.0063015011141976 1.0063015011141976 ""
59770.77306629352 3.6710000000000003 0.018999999999999906 1.0167426775748334 0.006723608337919123 1.0 1.0063014481886774 1.0063014481886774 0.010441229386155992
59770.77308223695 3.6710000000000003 0.018999999999999906 1.009762022817565 0.006711853140216873 1.0 1.006301395263109 1.006301395263109 0.003460627554455975
59770.77309818036 3.6710000000000003 0.018999999999999906 1.0157888006688003 0.008212381790594669 1.0 1.0063013423375888 1.0063013423375888 0.009487458331211451
59770.77311412379 3.6710000000000003 0.018999999999999906 1.0066829372938126 0.006694964199542685 1.0 1.0063012894120205 1.0063012894120205 0.0003816478817921798
59770.7731300672 3.6710000000000003 0.018999999999999906 0.9996551362477484 0.00669673198651456 1.0 1.0063012364865003 1.0063012364865003 -0.006646100238751895
59770.77314601063 3.6710000000000003 0.018999999999999906 1.0073202715182945 0.006717532779378535 1.0 1.0063011835609317 1.0063011835609317 0.0010190879573628298
59770.77316195404 3.6710000000000003 0.018999999999999906 1.001497521895904 0.00669794644575028 1.0 1.0063011306354117 1.0063011306354117 -0.004803608739507803
