eureka_custom_plots/data/stage5_lcfit_results/S5_wasp39b_ap4_bg8_Table_Save_ch02.txt
# %ECSV 1.0
# ---
# datatype:
# - {name: time, datatype: float64}
# - {name: wavelength, datatype: float64}
# - {name: bin_width, datatype: float64}
# - {name: lcdata, datatype: float64}
# - {name: lcerr, datatype: float64}
# - {name: transit, datatype: float64}
# - {name: polynom, datatype: float64}
# - {name: model, datatype: float64}
# - {name: residuals, datatype: float64}
# schema: astropy-2.0
time wavelength bin_width lcdata lcerr transit polynom model residuals
[from data line 14767]
59770.87945673211 3.096 0.019000000000000128 0.9824632776905313 0.004000257235420293 0.9810015505241414 1.0058380300248162 0.9867286670304926 -0.004265389339961234
59770.87947267553 3.096 0.019000000000000128 0.9857857376634418 0.004004056383134512 0.9810189007545976 1.0058378565210668 0.9867459483416576 -0.0009602106782158337
59770.87948861894 3.096 0.019000000000000128 0.9875016921825361 0.004009504315250831 0.9810362883971514 1.0058376830173967 0.9867632672773774 0.000738424905158741
59770.87950456237 3.096 0.019000000000000128 "" "" 0.9810537132738255 1.005837509513568 0.9867806236583828 ""
59770.87952050578 3.096 0.019000000000000128 0.9953090473552977 0.004024776359084221 0.9810711751517525 1.005837336009898 0.9867980172507387 0.008511030104559003
59770.87953644921 3.096 0.019000000000000128 0.984233286678714 0.004002340244436656 0.9810886738641249 1.0058371625060694 0.9868154478863339 -0.002582161207619893
59770.879552392624 3.096 0.019000000000000128 0.9819517276899459 0.0039992158552643806 0.9811062091809031 1.0058369890023993 0.9868329153340777 -0.0048811876441318125
59770.87956833604 3.096 0.019000000000000128 0.9928313945385269 0.004020140970396973 0.981123780922569 1.0058368154987292 0.9868504194132296 0.005980975125297272
59770.879584279464 3.096 0.019000000000000128 0.9879431758855801 0.004010579013530778 0.9811413889091308 1.0058366419949005 0.9868679599425729 0.0010752159430071906
59770.879600222885 3.096 0.019000000000000128 0.9823509907905777 0.004005013512093866 0.9811590329243323 1.0058364684911512 0.9868855367048035 -0.004534545914225752
59770.879616166305 3.096 0.019000000000000128 0.9935460885793632 0.004018138761354108 0.9811767127838181 1.0058362949874018 0.9869031495143937 0.006642939064969489
59770.87963210972 3.096 0.019000000000000128 0.9895976841135407 0.00401602897774703 0.9811944282892826 1.0058361214837317 0.9869207981719396 0.0026768859416010926
59770.87964805314 3.096 0.019000000000000128 0.983380841745276 0.0040046862873912336 0.9812121792668217 1.0058359479799823 0.986938482502348 -0.0035576407570719892
59770.87966399656 3.096 0.019000000000000128 0.9886308807259101 0.004011434623678474 0.981229965520302 1.005835774476233 0.9869562023084003 0.0016746784175097895
59770.87967993998 3.096 0.019000000000000128 0.9926522508122371 0.004021852935822048 0.9812477868641124 1.0058356009724836 0.986973957403384 0.0056782934088530634
59770.8796958834 3.096 0.019000000000000128 0.9831344958831739 0.004002135739909557 0.9812656431123942 1.0058354274687342 0.9869917476003374 -0.0038572517171634457
59770.87971182682 3.096 0.019000000000000128 0.9872598928899298 0.004010395988494106 0.9812835340810685 1.0058352539649849 0.9870095727140894 0.00025032017584036836
59770.87972777023 3.096 0.019000000000000128 "" "" 0.9813014595795299 1.0058350804613145 0.9870274325529818 ""
59770.87974371365 3.096 0.019000000000000128 0.990959988035598 0.004009347016567975 0.9813194194417337 1.0058349069575652 0.9870453269498282 0.003914661085769877
59770.87975965707 3.096 0.019000000000000128 0.9851828513128116 0.0040082196611921205 0.9813374134795423 1.0058347334538158 0.9870632557154524 -0.0018804044026408118
59770.87977560049 3.096 0.019000000000000128 0.9986769035494171 0.00403338833222026 0.9813554415137846 1.0058345599500664 0.9870812186696207 0.011595684879796342
59770.87979154391 3.096 0.019000000000000128 0.9850973395159418 0.004006041445847064 0.9813735033664691 1.005834386446317 0.9870992156332852 -0.002001876117343371
59770.87980748733 3.096 0.019000000000000128 0.98331423489585 0.004002599654355274 0.9813915988523974 1.005834212942647 0.987117246420227 -0.003803011524377009
59770.879823430754 3.096 0.019000000000000128 0.9996973691765736 0.004941203478005924 0.9814097278210391 1.0058340394388183 0.987135310878787 0.01256205829778656
59770.87983937417 3.096 0.019000000000000128 0.9929493280042294 0.0040165238151502 0.9814278900643119 1.0058338659351482 0.9871534087999625 0.005795919204266919
59770.87985531759 3.096 0.019000000000000128 0.9952209286818324 0.004022078856642701 0.9814460854339879 1.0058336924313989 0.9871715400344102 0.008049388647422218
59770.87987126101 3.096 0.019000000000000128 0.9877351041154294 0.004009328219333851 0.9814643137493665 1.0058335189276495 0.987189704400436 0.0005453997149934553
59770.87988720443 3.096 0.019000000000000128 0.9915652971288369 0.004014543888482901 0.9814825748392303 1.0058333454239001 0.9872079017258064 0.004357395403030484
59770.87990314785 3.096 0.019000000000000128 0.9844801704893146 0.004011124457929772 0.9815008685334424 1.0058331719201508 0.9872261318393752 -0.002745961350060666
59770.87991909126 3.096 0.019000000000000128 0.9903795234274831 0.004013734835367973 0.9815191946544352 1.0058329984164807 0.9872443945625998 0.0031351288648833187
59770.87993503468 3.096 0.019000000000000128 0.9870217861572629 0.0040036180301396855 0.9815375530511393 1.0058328249127313 0.9872626897433573 -0.00024090358609440976
59770.8799509781 3.096 0.019000000000000128 0.9793077392116764 0.003998187180097455 0.9815559435480847 1.005832651408982 0.9872810172052151 -0.007973277993538752
59770.87996692152 3.096 0.019000000000000128 0.9897590597231042 0.004013799726838031 0.9815743659792995 1.0058324779052326 0.9872993767812164 0.0024596829418878086
59770.87998286494 3.096 0.019000000000000128 0.9866971304010734 0.00400772358488466 0.9815928201798146 1.0058323044014832 0.9873177683054136 -0.0006206379043401933
59770.87999880836 3.096 0.019000000000000128 0.9866508879971089 0.004008208162560626 0.9816113059856586 1.0058321308977338 0.9873361916128625 -0.0006853036157535852
59770.880014751776 3.096 0.019000000000000128 0.9872956510812179 0.004008369276147736 0.9816298232252645 1.0058319573940635 0.9873546465310563 -5.89954498384504e-05
59770.880030695196 3.096 0.019000000000000128 0.9866363188354531 0.004004528543853277 0.9816483717537456 1.0058317838903141 0.9873731329140922 -0.0007368140786391253
59770.88004663862 3.096 0.019000000000000128 0.9882922360031727 0.004012590115667672 0.9816669514014763 1.0058316103865648 0.9873916505914165 0.000900585411756194
59770.88006258204 3.096 0.019000000000000128 0.9984258185937989 0.004029026500219651 0.9816855620083388 1.0058314368828154 0.9874101994019616 0.011015619191837245
59770.88007852546 3.096 0.019000000000000128 0.993220330150735 0.004024826454977366 0.9817042034151429 1.005831263379066 0.9874287791855928 0.005791550965142167
59770.88009446887 3.096 0.019000000000000128 0.9909921730627157 0.004015860046531016 0.9817228754549769 1.005831089875396 0.9874473897744871 0.0035447832882286034
59770.8801104123 3.096 0.019000000000000128 0.9898356080711348 0.004015811643528236 0.9817415779964228 1.0058309163715673 0.9874660310362104 0.002369577034924353
59770.88012635571 3.096 0.019000000000000128 0.9858420198700552 0.004006110994834539 0.9817603108484111 1.0058307428678972 0.987484702778875 -0.0016426829088198591
59770.88014229913 3.096 0.019000000000000128 0.9867942876715491 0.004010897697064485 0.9817790738813484 1.0058305693641478 0.9875034048718825 -0.0007091172003333979
59770.88015824255 3.096 0.019000000000000128 0.9870064769905135 0.004008310718898799 0.9817978669318829 1.0058303958603985 0.9875221371509906 -0.0005156601604771049
59770.88017418597 3.096 0.019000000000000128 0.9898121765844556 0.004015159435745691 0.9818166898461858 1.005830222356649 0.9875408994614582 0.0022712771229974615
59770.88019012939 3.096 0.019000000000000128 0.9935988844945419 0.004022120970196608 0.9818355424712837 1.0058300488528997 0.9875596916494046 0.00603919284513732
59770.880206072805 3.096 0.019000000000000128 0.9875666208793837 0.0040108163845756235 0.9818544246468489 1.0058298753492296 0.9875785135536296 -1.1892674245839174e-05
59770.880222016225 3.096 0.019000000000000128 0.9845043941165867 0.004003729649540256 0.9818733362379704 1.0058297018454803 0.9875973650382647 -0.003092970921677929
59770.880237959645 3.096 0.019000000000000128 0.9905561536696683 0.0040170923622848175 0.9818922770859934 1.005829528341731 0.9876162459437928 0.00293990772587549
59770.880253903066 3.096 0.019000000000000128 0.9913298081671919 0.004012355845836978 0.9819112470412648 1.0058293548379815 0.9876351561196732 0.0036946520475186206
59770.880269846486 3.096 0.019000000000000128 0.9847797795834794 0.004002952935811413 0.9819302459549333 1.0058291813342322 0.9876540954161718 -0.0028743158326923757
59770.880285789906 3.096 0.019000000000000128 0.9809111512900507 0.004005307271050832 0.9819492736789471 1.0058290078304828 0.9876730636843586 -0.006761912394307901
59770.88030173332 3.096 0.019000000000000128 0.9881229877068576 0.0040159391505013 0.9819683300572115 1.0058288343268125 0.9876920607672917 0.0004309269395659232
59770.88031767675 3.096 0.019000000000000128 0.9863614390445333 0.004005584873628144 0.9819874149691575 1.005828660822984 0.9877110865434516 -0.001349647498918305
59770.88033362016 3.096 0.019000000000000128 0.9859562571457149 0.004004421362470223 0.9820065282353978 1.0058284873193137 0.9877301408327012 -0.0017738836869862773
59770.88034956358 3.096 0.019000000000000128 0.98506288015857 0.004007002511247386 0.9820256697358191 1.0058283138155644 0.9877492235139792 -0.002686343355409182
59770.880365507 3.096 0.019000000000000128 0.9861220681512698 0.004012087522897035 0.9820448393179263 1.005828140311815 0.987768334433965 -0.0016462662826951524
59770.88038145041 3.096 0.019000000000000128 0.9905285710298567 0.0040196596248096034 0.9820640368293572 1.005827966808145 0.9877874734394715 0.002741097590385211
59770.88039739384 3.096 0.019000000000000128 0.9897102370492484 0.004012811856795719 0.9820832621540385 1.0058277933043163 0.9878066404135009 0.001903596635747573
59770.880413337254 3.096 0.019000000000000128 0.9813598595921615 0.004000809441255339 0.9821025151143756 1.0058276198006462 0.9878258351777206 -0.006465975585559058
59770.880429280674 3.096 0.019000000000000128 0.9866768155790782 0.004016300798991838 0.9821217955957762 1.0058274462968968 0.9878450576166224 -0.001168242037544287
59770.880445224095 3.096 0.019000000000000128 0.9793159571758603 0.003997597197750271 0.9821411034487475 1.0058272727931474 0.9878643075799062 -0.00854835040404589
59770.880461167515 3.096 0.019000000000000128 0.9860730162032187 0.004009560114867796 0.9821604385334001 1.005827099289398 0.9878835849268529 -0.001810568723634165
59770.880477110935 3.096 0.019000000000000128 0.9883864545121228 0.004009037735417053 0.9821798007105376 1.0058269257856487 0.9879028895174411 0.00048356499468171776
59770.88049305435 3.096 0.019000000000000128 0.9844550933954411 0.004011940865754917 0.9821991898326712 1.0058267522819786 0.9879222212033862 -0.003467127807945114
59770.88050899777 3.096 0.019000000000000128 0.9905100329164669 0.0040106169585486144 0.9822186057799075 1.0058265787782292 0.9879415798639266 0.002568453052540276
59770.880524941196 3.096 0.019000000000000128 0.9886200814662262 0.004012912745715149 0.9822380484151191 1.0058264052744006 0.9879609653611219 0.0006591161051042738
59770.88054088461 3.096 0.019000000000000128 0.9860343984569184 0.004005460983005299 0.9822575175747957 1.0058262317707305 0.9879803775307289 -0.0019459790738104443
59770.88055682803 3.096 0.019000000000000128 0.9824473239637592 0.003999063121665096 0.9822770131500953 1.0058260582669811 0.9879998162630239 -0.005552492299264689
59770.88057277145 3.096 0.019000000000000128 0.9839545192407461 0.004005865341806487 0.9822965349968164 1.0058258847632318 0.9880192814130296 -0.004064762172283576
59770.88058871486 3.096 0.019000000000000128 0.982124123115822 0.0040011865319592495 0.9823160829713472 1.0058257112595614 0.9880387728363617 -0.0059146497205396775
59770.88060465829 3.096 0.019000000000000128 0.9771512350070823 0.003995986210512689 0.9823356569669149 1.005825537755733 0.9880582904253785 -0.010907055418296174
59770.8806206017 3.096 0.019000000000000128 0.9872459342968072 0.004008846335930546 0.9823552568139943 1.0058253642520627 0.9880778340098644 -0.0008318997130571937
59770.880636545124 3.096 0.019000000000000128 0.990035584873808 0.0040131765959854505 0.9823748824070939 1.0058251907483133 0.9880974034834671 0.001938181390340965
59770.880652488544 3.096 0.019000000000000128 0.9876040877520957 0.0040082748651759596 0.9823945336050866 1.005825017244564 0.9881169987043016 -0.0005129109522058473
59770.88066843196 3.096 0.019000000000000128 0.988534172503834 0.004013141871367751 0.9824142102674029 1.0058248437408939 0.9881366195310443 0.00039755297278976087
59770.880684375385 3.096 0.019000000000000128 0.9806102186855332 0.0040017773384851294 0.9824339122905144 1.0058246702370652 0.9881562658593165 -0.007546047173783266
59770.8807003188 3.096 0.019000000000000128 0.9886498342065588 0.00401350395026743 0.9824536395076974 1.0058244967333951 0.9881759375217222 0.00047389668483666103
59770.88071626222 3.096 0.019000000000000128 0.9830324762146071 0.004001696419142072 0.9824733918166386 1.0058243232296458 0.9881956344151052 -0.005163158200498064
59770.88073220564 3.096 0.019000000000000128 0.9875132695530775 0.004012435030926782 0.9824931690791218 1.0058241497258964 0.9882153564005091 -0.00070208684743156
59770.88074814906 3.096 0.019000000000000128 0.9829639221440423 0.004004775426050964 0.9825129711666274 1.005823976222147 0.9882351033486528 -0.005271181204610564
59770.88076409248 3.096 0.019000000000000128 0.9863184318539117 0.00400737609096008 0.9825327979512112 1.0058238027183977 0.9882548751308343 -0.0019364432769226614
59770.88078003589 3.096 0.019000000000000128 0.9894196318162235 0.0040084739787276304 0.9825526492968661 1.0058236292147276 0.9882746716103193 0.0011449602059041553
59770.88079597931 3.096 0.019000000000000128 0.9832488709599791 0.004005842049130864 0.9825725250939898 1.0058234557109782 0.9882944926766987 -0.005045621716719517
59770.88081192274 3.096 0.019000000000000128 0.989297194220192 0.0040131053508481816 0.9825924252163367 1.0058232822071496 0.988314338202979 0.0009828560172130407
59770.88082786615 3.096 0.019000000000000128 0.9867296237176659 0.004009293909961028 0.9826123495122684 1.0058231087034795 0.9883342080368597 -0.001604584319193747
59770.88084380957 3.096 0.019000000000000128 0.9937048597213142 0.004020558223399493 0.9826322978825043 1.00582293519973 0.9883541020782359 0.005350757643078241
59770.88085975299 3.096 0.019000000000000128 "" "" 0.9826522701937578 1.0058227616959807 0.9883740201931105 ""
59770.880875696406 3.096 0.019000000000000128 0.9916745635889205 0.0040146141411757435 0.9826722663126454 1.0058225881923104 0.9883939622473883 0.0032806013415321855
59770.880891639834 3.096 0.019000000000000128 0.9874411307429608 0.004008159051480193 0.9826922861433427 1.005822414688482 0.9884139281444416 -0.0009727974014808183
59770.88090758325 3.096 0.019000000000000128 0.9845706579202903 0.004011875277497098 0.9827123295257161 1.0058222411848117 0.988433917723503 -0.003863259803212671
59770.880923526674 3.096 0.019000000000000128 0.9908878348203105 0.004016734236461353 0.9827323963742962 1.0058220676809833 0.9884539308982823 0.0024339039220282466
59770.88093947009 3.096 0.019000000000000128 0.9807557548217124 0.003994691559937559 0.9827524865298884 1.005821894177313 0.9884739675089567 -0.007718212687244264
59770.8809554135 3.096 0.019000000000000128 0.9853408098402252 0.004010016581595564 0.9827725998894973 1.0058217206736428 0.9884940274517637 -0.003153217611538528
59770.88097135693 3.096 0.019000000000000128 0.9905074958534533 0.004016193392907084 0.982792736350712 1.0058215471698142 0.9885141106235285 0.001993385229924871
59770.88098730035 3.096 0.019000000000000128 0.9915013013712266 0.004016407531246021 0.9828128957650362 1.0058213736660648 0.9885342168751117 0.0029670844961149356
