eureka_custom_plots/data/stage5_lcfit_results/S5_wasp39b_ap4_bg8_Table_Save_ch02.txt
# %ECSV 1.0
# ---
# datatype:
# - {name: time, datatype: float64}
# - {name: wavelength, datatype: float64}
# - {name: bin_width, datatype: float64}
# - {name: lcdata, datatype: float64}
# - {name: lcerr, datatype: float64}
# - {name: transit, datatype: float64}
# - {name: polynom, datatype: float64}
# - {name: model, datatype: float64}
# - {name: residuals, datatype: float64}
# schema: astropy-2.0
time wavelength bin_width lcdata lcerr transit polynom model residuals
[from data line 15262]
59770.88734872456 3.096 0.019000000000000128 0.9986155818298331 0.0040271158389332 0.9916999938558926 1.0057521456753733 0.9974043966868185 0.0012111851430146592
59770.88736466797 3.096 0.019000000000000128 0.9926613919091257 0.0040165729234237744 0.9917223137331991 1.005751972171703 0.9974266728838493 -0.004765280974723618
59770.8873806114 3.096 0.019000000000000128 0.9981967195751361 0.004032549542592796 0.9917446245419727 1.0057517986678746 0.9974489399522849 0.000747779622851219
59770.88739655481 3.096 0.019000000000000128 0.9980362316974536 0.004030896598357348 0.9917669261759352 1.0057516251642042 0.9974711977855542 0.0005650339118994374
59770.88741249823 3.096 0.019000000000000128 0.9979349234550463 0.00402843340372631 0.9917892185965214 1.0057514516604549 0.9974934463446395 0.00044147711040676274
59770.88742844165 3.096 0.019000000000000128 1.0018511272301853 0.004034319177021529 0.9918115017264346 1.0057512781567055 0.9975156855518832 0.004335441678302132
59770.88744438507 3.096 0.019000000000000128 1.0023809699181863 0.0040417998239820835 0.991833775498035 1.0057511046529561 0.9975379153392607 0.004843054578925532
59770.887460328486 3.096 0.019000000000000128 0.9966495284198432 0.004032178263348837 0.9918560398333529 1.005750931149286 0.997560135628438 -0.0009106072085948158
59770.887476271906 3.096 0.019000000000000128 0.9999158286569418 0.004033095710285426 0.9918782946852966 1.0057507576455367 0.9975823463719 0.0023334822850418213
59770.887492215326 3.096 0.019000000000000128 0.9980951571938895 0.004029471295126548 0.9919005399758442 1.0057505841417873 0.9976045474912595 0.0004906097026300404
59770.887508158754 3.096 0.019000000000000128 1.0056193339144635 0.00403738192896226 0.991922775646886 1.0057504106379587 0.9976267389279994 0.007992594986464097
59770.88752410217 3.096 0.019000000000000128 0.9929093748413328 0.004020714295601485 0.9919450016017226 1.0057502371342886 0.9976489205851048 -0.004739545743772
59770.88754004558 3.096 0.019000000000000128 1.0009973612468044 0.004035462067675025 0.991967217791199 1.0057500636306185 0.997671092412986 0.003326268833818369
59770.88755598901 3.096 0.019000000000000128 0.9946821399470446 0.004020968399426047 0.991989424168668 1.0057498901267898 0.9976932543645753 -0.003011114417530769
59770.88757193242 3.096 0.019000000000000128 0.9978447729581915 0.004030751656614761 0.9920116206251701 1.0057497166231197 0.9977154063306066 0.0001293666275848926
59770.88758787585 3.096 0.019000000000000128 0.9978793543313855 0.0040248356731565176 0.9920338071338936 1.005749543119291 0.9977375482838043 0.00014180604758118331
59770.88760381926 3.096 0.019000000000000128 0.9952859668102944 0.004025275768595504 0.9920559835858521 1.005749369615621 0.9977596801148756 -0.0024737133045812376
59770.88761976268 3.096 0.019000000000000128 0.9894655489290541 0.004012888011545947 0.9920781499438804 1.0057491961118716 0.9977818017862106 -0.008316252857156425
59770.8876357061 3.096 0.019000000000000128 0.9966036445680792 0.004023061271430557 0.9921003061297295 1.0057490226081223 0.9978039132191944 -0.0012002686511152216
59770.887651649515 3.096 0.019000000000000128 0.9975162554559223 0.004024799389660493 0.9921224520651357 1.005748849104452 0.997826014335197 -0.0003097588792747574
59770.887667592935 3.096 0.019000000000000128 0.9970980118418228 0.004033479729215267 0.9921445877025378 1.0057486756007026 0.9978481050862325 -0.0007500932444096664
59770.88768353636 3.096 0.019000000000000128 1.003331306212428 0.007008574084118202 0.9921667129738383 1.0057485020968742 0.9978701854038171 0.005461120808610942
59770.887699479776 3.096 0.019000000000000128 1.0033942155066675 0.00404213608510165 0.9921888277802136 1.0057483285932038 0.9978922551888 0.005501960317867538
59770.887715423196 3.096 0.019000000000000128 0.995426157023476 0.004028043758064121 0.9922109320842125 1.0057481550894545 0.9979143144032847 -0.0024881573798086754
59770.887731366616 3.096 0.019000000000000128 0.993765631379902 0.004025503636964264 0.9922330258074094 1.005747981585705 0.9979363629684788 -0.004170731588576726
59770.88774731003 3.096 0.019000000000000128 0.9989596020562618 0.004030122893823446 0.9922551088713643 1.005747808082035 0.9979584008055756 0.0010012012506861456
59770.88776325346 3.096 0.019000000000000128 0.9965423207644032 0.004026078879634094 0.9922771812384572 1.0057476345782064 0.9979804278765085 -0.0014381071121053468
59770.88777919687 3.096 0.019000000000000128 1.0006981286454828 0.004031527221019174 0.9922992427995422 1.0057474610745363 0.9980024440718244 0.00269568457365843
59770.88779514029 3.096 0.019000000000000128 0.9973973965741119 0.004031576311963924 0.9923212935169066 1.005747287570787 0.9980244493533634 -0.000627052779251569
59770.88781108371 3.096 0.019000000000000128 0.9952560668598703 0.004029213147185777 0.9923433333119674 1.0057471140670375 0.9980464436421755 -0.002790376782305204
59770.88782702712 3.096 0.019000000000000128 0.998469356622412 0.004030438418007722 0.9923653621061197 1.0057469405633674 0.9980684268592882 0.0004009297631237807
59770.88784297055 3.096 0.019000000000000128 0.9984866682389529 0.004031065941041119 0.9923873798614761 1.0057467670595388 0.998090398966366 0.00039626927258695765
59770.887858913964 3.096 0.019000000000000128 1.0002113086543145 0.004036566658712498 0.9924093864687928 1.0057465935558687 0.998112359853858 0.0020989488004564683
59770.887874857384 3.096 0.019000000000000128 0.9975804949417728 0.004030072605027365 0.9924313818900892 1.0057464200521193 0.9981343094833349 -0.0005538145415621143
59770.887890800805 3.096 0.019000000000000128 0.9925101189406602 0.004020179886929936 0.9924533660465998 1.00574624654837 0.9981562477756633 -0.005646128835003039
59770.887906744225 3.096 0.019000000000000128 "" "" 0.99247533886971 1.0057460730446206 0.9981781746618399 ""
59770.887922687645 3.096 0.019000000000000128 0.9999022432992676 0.004031033889759725 0.9924973002907527 1.0057458995408712 0.9982000900728093 0.0017021532264582806
59770.88793863106 3.096 0.019000000000000128 1.0023625647058996 0.004037550244999983 0.9925192502315041 1.005745726037201 0.9982219939299823 0.0041405707759172294
59770.88795457448 3.096 0.019000000000000128 0.9949540804323946 0.004031932246161072 0.9925411886422583 1.0057455525334515 0.9982438861832168 -0.003289805750822161
59770.887970517906 3.096 0.019000000000000128 1.002750951706584 0.004035178122388352 0.9925631154542046 1.0057453790296231 0.9982657667633126 0.004485184943271436
59770.88798646132 3.096 0.019000000000000128 0.99684884480622 0.004030059277614662 0.9925850305699776 1.0057452055259528 0.9982876355725863 -0.0014387907663662158
59770.88800240473 3.096 0.019000000000000128 0.9970076288403946 0.004022479169729841 0.9926069339390845 1.0057450320222827 0.9983094925601044 -0.0013018637197097505
59770.88801834816 3.096 0.019000000000000128 0.9958384705755806 0.004024207691052467 0.9926288255134812 1.005744858518454 0.9983313376773953 -0.002492867101814733
59770.88803429157 3.096 0.019000000000000128 1.0006916299757904 0.0040352454239330395 0.9926507051836694 1.005744685014784 0.9983531708146528 0.002338459161137618
59770.888050235 3.096 0.019000000000000128 0.9997127582180478 0.004037566999678226 0.9926725729211177 1.0057445115109553 0.9983749919428727 0.001337766275175123
59770.88806617841 3.096 0.019000000000000128 1.0063371900881932 0.004043777842382953 0.992694428616279 1.0057443380072852 0.9983968009521997 0.007940389135993486
59770.88808212183 3.096 0.019000000000000128 1.0010722766182947 0.004033220762782984 0.9927162722303714 1.0057441645035359 0.9984185978033996 0.0026536788148950885
59770.888098065254 3.096 0.019000000000000128 0.9962953382149463 0.004027080602270731 0.9927381036841035 1.0057439909997865 0.9984403824168101 -0.0021450442018637883
59770.88811400867 3.096 0.019000000000000128 0.9977203806142388 0.004030325038234267 0.9927599228981628 1.0057438174961164 0.9984621547127485 -0.0007417740985096177
59770.88812995209 3.096 0.019000000000000128 0.9927517444824989 0.004023563344371308 0.9927817298234589 1.005743643992367 0.9984839146416912 -0.005732170159192251
59770.888145895515 3.096 0.019000000000000128 1.0096809163699942 0.004049602522997897 0.9928035243906458 1.0057434704885384 0.9985056621339004 0.01117525423609389
59770.88816183893 3.096 0.019000000000000128 0.9946291265536371 0.0040280331431419 0.9928253065001034 1.0057432969848683 0.9985273970894264 -0.0038982705357892833
59770.88817778235 3.096 0.019000000000000128 0.9994768942206472 0.0040235288069678425 0.9928470761126362 1.005743123481119 0.998549119468619 0.0009277747520282098
59770.88819372577 3.096 0.019000000000000128 0.9952634025074307 0.004025998061971921 0.9928688331486788 1.0057429499773696 0.9985708291915409 -0.003307426684110215
59770.88820966918 3.096 0.019000000000000128 1.0019256628889193 0.004032835532042963 0.9928905775286286 1.0057427764736993 0.9985925261782177 0.0033331367107015675
59770.88822561261 3.096 0.019000000000000128 1.0037952357919475 0.004039940571396598 0.992912309213062 1.0057426029698708 0.9986142103887702 0.005181025403177331
59770.88824155602 3.096 0.019000000000000128 1.0002154039615285 0.00403055147992768 0.9929340280921065 1.0057424294662005 0.9986358817130158 0.0015795222485127658
59770.88825749945 3.096 0.019000000000000128 1.0028948839277327 0.004031058314514293 0.9929557341362485 1.005742255962372 0.998657540120964 0.004237343806768767
59770.88827344286 3.096 0.019000000000000128 1.00134978783169 0.004035566123576267 0.9929774272355493 1.0057420824587018 0.9986791855023653 0.0026706023293245895
59770.888289386276 3.096 0.019000000000000128 0.9930738293993426 0.004025825751204462 0.9929991073402736 1.0057419089550317 0.9987008178070492 -0.00562698840770659
59770.8883053297 3.096 0.019000000000000128 1.0017110088217942 0.004033878768054657 0.9930207744005828 1.005741735451203 0.9987224369847397 0.0029885718370544767
59770.888321273116 3.096 0.019000000000000128 1.0033292069375919 0.004041048312766554 0.9930424283064341 1.005741561947533 0.998744042925084 0.0045851640125078585
59770.88833721654 3.096 0.019000000000000128 0.9958442262257863 0.0040273546728950066 0.9930640690178902 1.0057413884437836 0.9987656355876863 -0.002921409361899996
59770.88835315996 3.096 0.019000000000000128 1.0010844059554167 0.004039569129422212 0.9930856964548657 1.0057412149400342 0.9987872148920867 0.0022971910633300396
59770.88836910338 3.096 0.019000000000000128 1.0055812652028022 0.004045616681371548 0.9931073105472349 1.0057410414362848 0.9988087807677639 0.006772484435038306
59770.8883850468 3.096 0.019000000000000128 1.000520787951029 0.0040372889151071775 0.9931289112248106 1.0057408679325355 0.998830333144135 0.001690454806893893
59770.88840099021 3.096 0.019000000000000128 "" "" 0.9931504984073584 1.0057406944288654 0.9988518719405903 ""
59770.88841693363 3.096 0.019000000000000128 0.9976239196664479 0.004036080629580686 0.9931720720445383 1.005740520925116 0.9988733971063508 -0.0012494774399028907
59770.88843287706 3.096 0.019000000000000128 1.0007782163753094 0.004034898727383581 0.9931936320659542 1.0057403474212874 0.9988949085706231 0.0018833078046862628
59770.88844882047 3.096 0.019000000000000128 1.0014909513007386 0.00403234679926421 0.9932151783712495 1.0057401739176173 0.9989164062327177 0.002574545068020906
59770.888464763884 3.096 0.019000000000000128 1.007737973169153 0.004045820097802795 0.9932367109104897 1.005740000413947 0.9989378900422632 0.008800083126889735
59770.88848070731 3.096 0.019000000000000128 0.9970256006300586 0.004028028472591255 0.993258229631142 1.0057398269101185 0.9989593599462755 -0.0019337593162168654
59770.888496650725 3.096 0.019000000000000128 0.9972030256408596 0.004031701034983609 0.993279734425226 1.0057396534064482 0.9989808158364757 -0.0017777901956160802
59770.88851259415 3.096 0.019000000000000128 1.0030526961880775 0.004041468470387501 0.9933012252593428 1.0057394799026198 0.9990022576789664 0.004050438509111021
59770.888528537565 3.096 0.019000000000000128 1.0018173878888694 0.0040397542400388885 0.993322702025425 1.0057393063989495 0.9990236853653813 0.0027937025234880952
59770.888544480986 3.096 0.019000000000000128 0.9944062433943586 0.004026117018118893 0.9933441646805817 1.0057391328952001 0.9990450988523552 -0.004638855457996582
59770.888560424406 3.096 0.019000000000000128 1.0012571500889507 0.0040373836704361765 0.9933656131445753 1.0057389593914507 0.9990664980592756 0.0021906520296750553
59770.88857636782 3.096 0.019000000000000128 0.9987354348220029 0.004023630964548795 0.9933870473364996 1.0057387858877807 0.9990878829048584 -0.00035244808285550544
59770.88859231125 3.096 0.019000000000000128 1.002262061487679 0.00404043385120961 0.9934084672150337 1.005738612383952 0.9991092533473167 0.003152808140362229
59770.88860825466 3.096 0.019000000000000128 1.0012158087696634 0.004037546378286502 0.9934298726694046 1.005738438880282 0.9991306092755643 0.0020851994940991325
59770.88862419808 3.096 0.019000000000000128 1.0030503536365047 0.0040379591257387396 0.9934512636581229 1.0057382653765325 0.9991519506476447 0.003898402988860017
59770.8886401415 3.096 0.019000000000000128 1.0048691683072604 0.004042921091374676 0.9934726401000007 1.0057380918727832 0.9991732773819909 0.005695890925269453
59770.88865608492 3.096 0.019000000000000128 1.0019993568714272 0.004033389129373427 0.993494001923681 1.0057379183690338 0.9991945894068438 0.0028047674645833576
59770.88867202833 3.096 0.019000000000000128 1.0015790288134614 0.004033473410199148 0.9935153490478581 1.0057377448653637 0.9992158866405175 0.002363142172943866
59770.88868797176 3.096 0.019000000000000128 1.0003904452072878 0.0040329571775736435 0.9935366814306442 1.005737571361535 0.9992371690406553 0.001153276166632522
59770.888703915174 3.096 0.019000000000000128 1.0069099243195814 0.004045874930474799 0.9935579989609714 1.005737397857865 0.9992584364958748 0.007651487823706615
59770.8887198586 3.096 0.019000000000000128 1.0018014063512928 0.004038910572972054 0.9935793016066283 1.0057372243540363 0.9992796889734723 0.002521717377820476
59770.888735802015 3.096 0.019000000000000128 0.9999410700651811 0.004040702462738127 0.9936005892564479 1.0057370508503662 0.999300926361966 0.0006401437032150792
59770.88875174543 3.096 0.019000000000000128 0.9972263972709341 0.004926993339076812 0.9936218618583275 1.005736877346696 0.9993221486088043 -0.002095751337870211
59770.888767688855 3.096 0.019000000000000128 1.0045080078983362 0.004040705789235434 0.9936431193600258 1.0057367038428675 0.9993433556612973 0.00516465223703888
59770.88878363227 3.096 0.019000000000000128 1.0059100685250202 0.004043961302513795 0.9936643616502193 1.0057365303391972 0.9993645474078048 0.006545521117215403
59770.88879957569 3.096 0.019000000000000128 0.9946999389113974 0.004026803091987242 0.9936855886863335 1.0057363568354478 0.9993857238052803 -0.004685784893882938
59770.88881551911 3.096 0.019000000000000128 0.9993976076052755 0.004030687264549759 0.9937068003863894 1.0057361833316985 0.9994068847713612 -9.27716608567497e-06
59770.88883146253 3.096 0.019000000000000128 0.9967875245871758 0.004023446872570148 0.9937279966781546 1.005736009827949 0.9994280302334086 -0.00264050564623286
59770.88884740595 3.096 0.019000000000000128 1.0034699337130433 0.004040025384462576 0.9937491774893092 1.0057358363241997 0.999449160118696 0.004020773594347271
59770.88886334936 3.096 0.019000000000000128 1.0047055610358595 0.004040964586238411 0.9937703427376617 1.0057356628205296 0.9994702743446471 0.005235286691212426
59770.88887929278 3.096 0.019000000000000128 1.008013597158564 0.004052516583601394 0.993791492370307 1.0057354893167803 0.9994913728579039 0.008522224300660075
