eureka_custom_plots/data/stage5_lcfit_results/S5_wasp39b_ap4_bg8_Table_Save_ch31.txt
# %ECSV 1.0
# ---
# datatype:
# - {name: time, datatype: float64}
# - {name: wavelength, datatype: float64}
# - {name: bin_width, datatype: float64}
# - {name: lcdata, datatype: float64}
# - {name: lcerr, datatype: float64}
# - {name: transit, datatype: float64}
# - {name: polynom, datatype: float64}
# - {name: model, datatype: float64}
# - {name: residuals, datatype: float64}
# schema: astropy-2.0
time wavelength bin_width lcdata lcerr transit polynom model residuals
[from data line 6865]
59770.75347183029 4.2075 0.019500000000000295 1.001606179248955 0.007017505437452632 1.0 1.0067244619372802 1.0067244619372802 -0.005118282688325149
59770.75348777372 4.2075 0.019500000000000295 1.0111291476590287 0.007036149555158579 1.0 1.0067244065369632 1.0067244065369632 0.00440474112206557
59770.75350371713 4.2075 0.019500000000000295 1.0053474328177163 0.007027108168234159 1.0 1.006724351136697 1.006724351136697 -0.00137691831898068
59770.75351966056 4.2075 0.019500000000000295 1.0036662646333874 0.007012518398238348 1.0 1.00672429573638 1.00672429573638 -0.003058031102992631
59770.75353560397 4.2075 0.019500000000000295 1.0196499185271721 0.007036318165390025 1.0 1.0067242403361136 1.0067242403361136 0.012925678191058498
59770.753551547394 4.2075 0.019500000000000295 1.0032508603993813 0.007018233484811526 1.0 1.0067241849358222 1.0067241849358222 -0.0034733245364408916
59770.753567490814 4.2075 0.019500000000000295 0.9880617942478134 0.0069888451839121716 1.0 1.0067241295355305 1.0067241295355305 -0.018662335287717102
59770.75358343424 4.2075 0.019500000000000295 1.01214044420514 0.007040324731600714 1.0 1.0067240741352137 1.0067240741352137 0.005416370069926346
59770.753599377655 4.2075 0.019500000000000295 0.9962808059543764 0.007020005886098405 1.0 1.0067240187349473 1.0067240187349473 -0.01044321278057092
59770.753615321075 4.2075 0.019500000000000295 1.0048099944646214 0.007007475659710237 1.0 1.0067239633346556 1.0067239633346556 -0.001913968870034255
59770.753631264495 4.2075 0.019500000000000295 1.0131605059344388 0.007042349236039694 1.0 1.0067239079343642 1.0067239079343642 0.006436598000074678
59770.753647207915 4.2075 0.019500000000000295 1.0065012439562164 0.007021977723665826 1.0 1.0067238525340725 1.0067238525340725 -0.0002226085778560538
59770.75366315134 4.2075 0.019500000000000295 1.0079171672215426 0.00701400987329423 1.0 1.0067237971337555 1.0067237971337555 0.0011933700877870823
59770.753679094756 4.2075 0.019500000000000295 1.012108098259743 0.007017540704867693 1.0 1.0067237417334893 1.0067237417334893 0.005384356526253686
59770.753695038184 4.2075 0.019500000000000295 1.0084454444965851 0.007008973703220669 1.0 1.0067236863331723 1.0067236863331723 0.001721758163412801
59770.7537109816 4.2075 0.019500000000000295 1.0015659845661733 0.006996179055550008 1.0 1.006723630932906 1.006723630932906 -0.00515764636673266
59770.75372692502 4.2075 0.019500000000000295 0.999031448459878 0.006987840721006221 1.0 1.0067235755326145 1.0067235755326145 -0.0076921270727364766
59770.75374286844 4.2075 0.019500000000000295 0.9938081197387258 0.006989262027527148 1.0 1.0067235201323228 1.0067235201323228 -0.012915400393596954
59770.75375881186 4.2075 0.019500000000000295 1.0095796586451657 0.007015299484004049 1.0 1.0067234647320311 1.0067234647320311 0.0028561939131346303
59770.75377475528 4.2075 0.019500000000000295 1.0070041628536184 0.0070142995217124995 1.0 1.0067234093317396 1.0067234093317396 0.0002807535218787294
59770.7537906987 4.2075 0.019500000000000295 1.0185709788425819 0.007055424629594105 1.0 1.006723353931448 1.006723353931448 0.011847624911133892
59770.75380664212 4.2075 0.019500000000000295 0.9946517171421801 0.007006682902460339 1.0 1.0067232985311565 1.0067232985311565 -0.012071581388976349
59770.75382258554 4.2075 0.019500000000000295 0.9929731891092678 0.0069980342281645 1.0 1.0067232431308648 1.0067232431308648 -0.013750054021597014
59770.75383852895 4.2075 0.019500000000000295 0.9973182579132153 0.00698774119651515 1.0 1.0067231877305984 1.0067231877305984 -0.009404929817383167
59770.75385447238 4.2075 0.019500000000000295 1.00640248092708 0.0070311180924592116 1.0 1.0067231323302817 1.0067231323302817 -0.0003206514032016994
59770.7538704158 4.2075 0.019500000000000295 1.0100046236716307 0.0070151045190775686 1.0 1.00672307692999 1.00672307692999 0.0032815467416407174
59770.75388635922 4.2075 0.019500000000000295 1.0025223662402727 0.0070146431950993075 1.0 1.0067230215296983 1.0067230215296983 -0.004200655289425592
59770.75390230263 4.2075 0.019500000000000295 1.0146674304782826 0.0070486136550607335 1.0 1.0067229661294321 1.0067229661294321 0.007944464348850433
59770.75391824606 4.2075 0.019500000000000295 0.9967482169500109 0.006993418867657314 1.0 1.0067229107291151 1.0067229107291151 -0.009974693779104205
59770.75393418948 4.2075 0.019500000000000295 0.992748320811321 0.006979867608079527 1.0 1.0067228553288234 1.0067228553288234 -0.013974534517502413
59770.7539501329 4.2075 0.019500000000000295 1.0060399682807357 0.007027914702370426 1.0 1.006722799928532 1.006722799928532 -0.0006828316477962559
59770.75396607632 4.2075 0.019500000000000295 1.0071602037513867 0.007017574821173626 1.0 1.0067227445282403 1.0067227445282403 0.00043745922314641916
59770.75398201974 4.2075 0.019500000000000295 1.0096358693879663 0.0070192584437241325 1.0 1.0067226891279486 1.0067226891279486 0.0029131802600177448
59770.75399796316 4.2075 0.019500000000000295 1.0135601202229334 0.007048184303878174 1.0 1.0067226337276571 1.0067226337276571 0.006837486495276268
59770.754013906575 4.2075 0.019500000000000295 1.0110657898203026 0.007036593512438714 1.0 1.0067225783273908 1.0067225783273908 0.004343211492911836
59770.75402985 4.2075 0.019500000000000295 1.0041895838002382 0.007011259822127108 1.0 1.006722522927074 1.006722522927074 -0.0025329391268358314
59770.75404579342 4.2075 0.019500000000000295 0.9962722616383757 0.006996756671516672 1.0 1.0067224675267823 1.0067224675267823 -0.010450205888406616
59770.75406173684 4.2075 0.019500000000000295 1.0056947832969536 0.007026785395253567 1.0 1.0067224121264906 1.0067224121264906 -0.0010276288295369973
59770.754077680256 4.2075 0.019500000000000295 0.9984859408179597 0.007001905064515414 1.0 1.0067223567262245 1.0067223567262245 -0.008236415908264738
59770.754093623684 4.2075 0.019500000000000295 1.0013648233113028 0.007012609777081149 1.0 1.0067223013259075 1.0067223013259075 -0.005357478014604622
59770.7541095671 4.2075 0.019500000000000295 1.0095121306630144 0.007022904819291736 1.0 1.006722245925641 1.006722245925641 0.002789884737373294
59770.754125510524 4.2075 0.019500000000000295 1.0007329348691667 0.007008873881645705 1.0 1.0067221905253243 1.0067221905253243 -0.005989255656157599
59770.75414145394 4.2075 0.019500000000000295 1.0124332268100258 0.007027926723043915 1.0 1.006722135125058 1.006722135125058 0.005711091684967862
59770.754157397365 4.2075 0.019500000000000295 1.0121975160959065 0.007032721033827566 1.0 1.006722079724741 1.006722079724741 0.005475436371165543
59770.75417334078 4.2075 0.019500000000000295 1.0139123239094168 0.007035558258470533 1.0 1.0067220243244748 1.0067220243244748 0.007190299584941995
59770.7541892842 4.2075 0.019500000000000295 1.011442162496246 0.007038274470336681 1.0 1.006721968924183 1.006721968924183 0.004720193572062881
59770.75420522762 4.2075 0.019500000000000295 1.0145893938024648 0.0070331861487625 1.0 1.0067219135238914 1.0067219135238914 0.007867480278573424
59770.75422117104 4.2075 0.019500000000000295 1.0059930726236221 0.00702238972456112 1.0 1.0067218581236 1.0067218581236 -0.000728785499977791
59770.75423711447 4.2075 0.019500000000000295 1.0189829564426653 0.007036631098841426 1.0 1.006721802723283 1.006721802723283 0.012261153719382412
59770.75425305788 4.2075 0.019500000000000295 1.0182624277119399 0.007054793921704715 1.0 1.0067217473230168 1.0067217473230168 0.011540680388923086
59770.75426900131 4.2075 0.019500000000000295 1.0055493469104313 0.007029653155400194 1.0 1.0067216919226998 1.0067216919226998 -0.001172345012268483
59770.75428494472 4.2075 0.019500000000000295 1.0069996508638384 0.007023011259950018 1.0 1.0067216365224334 1.0067216365224334 0.00027801434140495296
59770.75430088814 4.2075 0.019500000000000295 1.018337319703575 0.007044230795125827 1.0 1.006721581122142 1.006721581122142 0.011615738581433055
59770.75431683156 4.2075 0.019500000000000295 1.0076165169041733 0.007029319136973585 1.0 1.0067215257218503 1.0067215257218503 0.0008949911823230572
59770.75433277499 4.2075 0.019500000000000295 0.9983899373506322 0.006999109734952677 1.0 1.0067214703215333 1.0067214703215333 -0.008331532970901057
59770.7543487184 4.2075 0.019500000000000295 1.0015107520859787 0.007010142017376504 1.0 1.006721414921267 1.006721414921267 -0.005210662835288371
59770.75436466182 4.2075 0.019500000000000295 1.0073358984609346 0.008130215665236674 1.0 1.0067213595209754 1.0067213595209754 0.0006145389399592194
59770.75438060524 4.2075 0.019500000000000295 1.0080494578112074 0.00701487253971078 1.0 1.0067213041206837 1.0067213041206837 0.0013281536905236369
59770.75439654866 4.2075 0.019500000000000295 1.004446694489883 0.0070015430183226444 1.0 1.0067212487203923 1.0067212487203923 -0.0022745542305091515
59770.75441249208 4.2075 0.019500000000000295 0.9926280654375347 0.007005571769252256 1.0 1.0067211933201006 1.0067211933201006 -0.014093127882565892
59770.7544284355 4.2075 0.019500000000000295 1.0045638137179147 0.00700379692327168 1.0 1.006721137919809 1.006721137919809 -0.002157324201894406
59770.75444437892 4.2075 0.019500000000000295 0.9981536440879826 0.007017023802632077 1.0 1.0067210825195174 1.0067210825195174 -0.008567438431534846
59770.75446032234 4.2075 0.019500000000000295 1.0226208780723058 0.007045379938589333 1.0 1.0067210271192257 1.0067210271192257 0.015899850953080108
59770.754476265756 4.2075 0.019500000000000295 1.0043106678639173 0.007017582622515612 1.0 1.0067209717189594 1.0067209717189594 -0.0024103038550420397
59770.754492209184 4.2075 0.019500000000000295 1.010933285918502 0.007025620390892704 1.0 1.0067209163186426 1.0067209163186426 0.004212369599859489
59770.7545081526 4.2075 0.019500000000000295 1.0150451384126462 0.0070405329370539504 1.0 1.0067208609183762 1.0067208609183762 0.008324277494270005
59770.754524096024 4.2075 0.019500000000000295 1.021566410713963 0.007050828876414653 1.0 1.0067208055180594 1.0067208055180594 0.01484560519590361
59770.754540039445 4.2075 0.019500000000000295 0.9976608478962947 0.007014883629696511 1.0 1.0067207501177677 1.0067207501177677 -0.009059902221473015
59770.754555982865 4.2075 0.019500000000000295 1.0099573068340695 0.007033901599283866 1.0 1.006720694717476 1.006720694717476 0.003236612116593429
59770.754571926285 4.2075 0.019500000000000295 1.0234417895492305 0.007059895540897652 1.0 1.0067206393171846 1.0067206393171846 0.0167211502320459
59770.754587869706 4.2075 0.019500000000000295 0.9977500969946462 0.006995202105869227 1.0 1.006720583916893 1.006720583916893 -0.008970486922246668
59770.754603813126 4.2075 0.019500000000000295 0.9986937690517093 0.007002369304099609 1.0 1.0067205285166014 1.0067205285166014 -0.008026759464892175
59770.754619756546 4.2075 0.019500000000000295 1.0081259565124427 0.007027249895328668 1.0 1.0067204731163097 1.0067204731163097 0.0014054833961330004
59770.75463569997 4.2075 0.019500000000000295 1.0093602010849958 0.007020812046908859 1.0 1.006720417716018 1.006720417716018 0.002639783368977744
59770.75465164338 4.2075 0.019500000000000295 1.0186194721739252 0.007066642359784041 1.0 1.0067203623157517 1.0067203623157517 0.011899109858173551
59770.75466758681 4.2075 0.019500000000000295 1.0050166700596213 0.007014156327701008 1.0 1.006720306915435 1.006720306915435 -0.0017036368558136505
59770.75468353022 4.2075 0.019500000000000295 1.010228094251774 0.007030231764032462 1.0 1.0067202515151685 1.0067202515151685 0.0035078427366055376
59770.75469947365 4.2075 0.019500000000000295 0.998298374023711 0.007002142765886129 1.0 1.0067201961148518 1.0067201961148518 -0.00842182209114073
59770.75471541706 4.2075 0.019500000000000295 1.017294277092425 0.007053098271123769 1.0 1.0067201407145854 1.0067201407145854 0.01057413637783955
59770.75473136049 4.2075 0.019500000000000295 1.0079802480409004 0.007039194587161718 1.0 1.0067200853142684 1.0067200853142684 0.001260162726631986
59770.7547473039 4.2075 0.019500000000000295 1.0118784846484405 0.007030673185473465 1.0 1.0067200299140022 1.0067200299140022 0.0051584547344383225
59770.75476324732 4.2075 0.019500000000000295 1.0072707446825468 0.00702462003002613 1.0 1.0067199745137105 1.0067199745137105 0.000550770168836312
59770.75477919074 4.2075 0.019500000000000295 1.0077816314470296 0.007011396546356044 1.0 1.0067199191134188 1.0067199191134188 0.0010617123336107426
59770.75479513417 4.2075 0.019500000000000295 1.001532577062147 0.007015708106607958 1.0 1.006719863713102 1.006719863713102 -0.005187286650955025
59770.75481107759 4.2075 0.019500000000000295 0.9959332411892492 0.006994648999073067 1.0 1.0067198083128104 1.0067198083128104 -0.010786567123561186
59770.754827021 4.2075 0.019500000000000295 1.0042625115123534 0.007003723010431795 1.0 1.006719752912544 1.006719752912544 -0.0024572414001906573
59770.75484296443 4.2075 0.019500000000000295 1.0088058449632127 0.0070267826883121266 1.0 1.0067196975122272 1.0067196975122272 0.002086147450985454
59770.75485890784 4.2075 0.019500000000000295 1.0081819989011354 0.007036419459927344 1.0 1.0067196421119609 1.0067196421119609 0.0014623567891745015
59770.75487485127 4.2075 0.019500000000000295 1.0169998632127824 0.0070424400124209805 1.0 1.006719586711644 1.006719586711644 0.010280276501138275
59770.754890794684 4.2075 0.019500000000000295 1.021244218401647 0.007050281233666413 1.0 1.0067195313113777 1.0067195313113777 0.014524687090269328
59770.75490673811 4.2075 0.019500000000000295 1.0190853194756213 0.007051143108667696 1.0 1.0067194759110607 1.0067194759110607 0.012365843564560608
59770.754922681524 4.2075 0.019500000000000295 0.9957626589749649 0.0069956545331784845 1.0 1.0067194205107945 1.0067194205107945 -0.010956761535829695
59770.754938624945 4.2075 0.019500000000000295 1.0193276440637082 0.008155878809731853 1.0 1.0067193651105029 1.0067193651105029 0.012608278953205376
59770.754954568365 4.2075 0.019500000000000295 1.0085511412357773 0.007020655700355509 1.0 1.0067193097102112 1.0067193097102112 0.0018318315255660966
59770.754970511785 4.2075 0.019500000000000295 1.0046765931317443 0.007018431158950675 1.0 1.0067192543099197 1.0067192543099197 -0.00204266117817542
59770.754986455206 4.2075 0.019500000000000295 0.990089386181044 0.006991674376068688 1.0 1.006719198909628 1.006719198909628 -0.016629812728583993
59770.755002398626 4.2075 0.019500000000000295 1.008815515155073 0.007020684678053261 1.0 1.0067191435093363 1.0067191435093363 0.0020963716457367276
59770.755018342046 4.2075 0.019500000000000295 1.0033014276940653 0.00700468992063719 1.0 1.0067190881090449 1.0067190881090449 -0.0034176604149795953
59770.75503428547 4.2075 0.019500000000000295 0.9972687786501901 0.007013620762517465 1.0 1.0067190327087532 1.0067190327087532 -0.009450254058563035
59770.75505022889 4.2075 0.019500000000000295 1.0060421750208488 0.007027875237233836 1.0 1.0067189773084617 1.0067189773084617 -0.0006768022876129098
59770.75506617231 4.2075 0.019500000000000295 0.9925760309560064 0.006987838905994986 1.0 1.00671892190817 1.00671892190817 -0.01414289095216359
59770.75508211573 4.2075 0.019500000000000295 1.0037842343374603 0.007025234701456966 1.0 1.0067188665078783 1.0067188665078783 -0.0029346321704180056
59770.75509805915 4.2075 0.019500000000000295 1.009262479117701 0.007023842416541805 1.0 1.0067188111075869 1.0067188111075869 0.002543668010114075
59770.75511400257 4.2075 0.019500000000000295 1.014881479312481 0.007050850603748582 1.0 1.0067187557072952 1.0067187557072952 0.008162723605185773
59770.75512994599 4.2075 0.019500000000000295 1.0043544451565094 0.007014075335785251 1.0 1.0067187003070035 1.0067187003070035 -0.002364255150494099
59770.75514588941 4.2075 0.019500000000000295 1.0045485575105244 0.007013337061319167 1.0 1.006718644906712 1.006718644906712 -0.0021700873961876255
