eureka_custom_plots/data/stage5_lcfit_results/S5_wasp39b_ap4_bg8_Table_Save_ch31.txt
# %ECSV 1.0
# ---
# datatype:
# - {name: time, datatype: float64}
# - {name: wavelength, datatype: float64}
# - {name: bin_width, datatype: float64}
# - {name: lcdata, datatype: float64}
# - {name: lcerr, datatype: float64}
# - {name: transit, datatype: float64}
# - {name: polynom, datatype: float64}
# - {name: model, datatype: float64}
# - {name: residuals, datatype: float64}
# schema: astropy-2.0
time wavelength bin_width lcdata lcerr transit polynom model residuals
[from data line 8943]
59770.78660225703 4.2075 0.019500000000000295 0.9938464712250273 0.006974998968608145 0.9879853750359108 1.0066093401335205 0.994515306426467 -0.000668835201439677
59770.78661820045 4.2075 0.019500000000000295 0.9901706296493795 0.006975336407685658 0.9879623080190225 1.0066092847332289 0.9944920322184182 -0.004321402569038679
59770.786634143864 4.2075 0.019500000000000295 0.9729289940878227 0.006936563199985631 0.987939243132541 1.0066092293329625 0.9944687601574373 -0.021539766069614608
59770.78665008729 4.2075 0.019500000000000295 0.9976770316867108 0.006991155265693138 0.9879161804136664 1.0066091739326457 0.9944454902808952 0.0032315414058156078
59770.786666030705 4.2075 0.019500000000000295 0.9941062331010204 0.006973638470567503 0.9878931199716794 1.0066091185323793 0.9944222226988942 -0.0003159895978738225
59770.78668197413 4.2075 0.019500000000000295 0.988537133697666 0.006969820463285202 0.9878700618332177 1.0066090631320623 0.9943989574381478 -0.00586182374048172
59770.786697917545 4.2075 0.019500000000000295 0.9877799932233328 0.0069688450124818085 0.9878470061076476 1.0066090077317962 0.9943756946088448 -0.0065957013855120206
59770.78671386097 4.2075 0.019500000000000295 1.0024114197469605 0.006995346386979797 0.9878239528217192 1.0066089523314792 0.9943524342378113 0.008058985509149186
59770.786729804386 4.2075 0.019500000000000295 0.984734946870308 0.0069634088863348015 0.9878009020855573 1.0066088969312128 0.9943291764359997 -0.00959422956569167
59770.786745747806 4.2075 0.019500000000000295 0.992630394076766 0.0069876650295495665 0.9877778539346833 1.0066088415309213 0.9943059212390912 -0.0016755271623252188
59770.786761691226 4.2075 0.019500000000000295 0.9946753210276235 0.006978086189000013 0.9877548084493283 1.0066087861306297 0.994282668727871 0.00039265229975249394
59770.78677763465 4.2075 0.019500000000000295 0.9942972973514774 0.006977326649481127 0.9877317656964503 1.006608730730338 0.9942594189697394 3.787838173807678e-05
59770.78679357807 4.2075 0.019500000000000295 0.9906477478082578 0.006978619835958304 0.9877087257457204 1.0066086753300465 0.9942361720348278 -0.0035884242265700195
59770.78680952149 4.2075 0.019500000000000295 0.9956969190186109 0.006985989344809296 0.9876856886648662 1.0066086199297548 0.9942129279913104 0.0014839910273004575
59770.78682546491 4.2075 0.019500000000000295 1.0000034008542684 0.00701201499465801 0.9876626545216728 1.0066085645294631 0.9941896869074202 0.005813713946848265
59770.78684140833 4.2075 0.019500000000000295 0.9847711981333338 0.006964596682237272 0.9876396233859756 1.0066085091291717 0.9941664488534534 -0.009395250720119597
59770.78685735175 4.2075 0.019500000000000295 0.9979091606304975 0.006984223402699325 0.9876165953250013 1.00660845372888 0.9941432138970806 0.0037659467334169028
59770.78687329517 4.2075 0.019500000000000295 0.9927810234573017 0.006978576612650007 0.9875935704086986 1.0066083983285885 0.9941199821087121 -0.0013389586514104268
59770.78688923859 4.2075 0.019500000000000295 0.9986002673931894 0.006998635749466506 0.9875705487050734 1.0066083429282968 0.9940967535568028 0.004503513836386586
59770.78690518201 4.2075 0.019500000000000295 0.9917869982051909 0.007008788131299391 0.9875475302821916 1.0066082875280051 0.9940735283098676 -0.0022865301046767206
59770.78692112542 4.2075 0.019500000000000295 0.9974730384551949 0.007013832651201576 0.9875245152208185 1.0066082321277388 0.9940503064492304 0.003422732005964435
59770.78693706885 4.2075 0.019500000000000295 0.9982196473065326 0.007002129122034412 0.9875015035571955 1.006608176727422 0.9940270880112964 0.004192559295236209
59770.78695301226 4.2075 0.019500000000000295 0.9873755309967561 0.0069687519830534984 0.9874784954021469 1.0066081213271556 0.9940038731077214 -0.006628342110965302
59770.78696895569 4.2075 0.019500000000000295 0.9931918986075232 0.006987595140022119 0.9874554907833923 1.0066080659268388 0.993980661766308 -0.0007887631587847332
59770.7869848991 4.2075 0.019500000000000295 0.9923043807419825 0.006983651019162018 0.987432489811199 1.0066080105265724 0.9939574540981511 -0.0016530733561685995
59770.78700084253 4.2075 0.019500000000000295 0.9991183644882544 0.006995088159358357 0.9874094925134211 1.0066079551262554 0.9939342501311885 0.005184114357065894
59770.787016785944 4.2075 0.019500000000000295 0.9897603143926397 0.0069661749548926375 0.9873864990004373 1.0066078997259893 0.9939110499766278 -0.004150735583988152
59770.787032729364 4.2075 0.019500000000000295 1.008879459819577 0.007012534632690517 0.9873635093108712 1.0066078443256976 0.9938878536732719 0.014991606146305014
59770.787048672784 4.2075 0.019500000000000295 0.9910511603553466 0.006976163647872643 0.9873405235239716 1.006607788925406 0.9938646613009178 -0.0028135009455712012
59770.78706461621 4.2075 0.019500000000000295 0.9903092672061133 0.006974041957659355 0.9873175416977821 1.0066077335250891 0.9938414729179671 -0.003532205711853753
59770.787080559625 4.2075 0.019500000000000295 0.979249922072061 0.006950363400381413 0.9872945639349323 1.0066076781248228 0.9938182886278016 -0.014568366555740675
59770.787096503045 4.2075 0.019500000000000295 0.9976208095915309 0.007004222788440836 0.9872715902716622 1.006607622724531 0.9937951084668252 0.003825701124705705
59770.787112446465 4.2075 0.019500000000000295 1.0016519072355536 0.006979470634521084 0.9872486207894674 1.0066075673242396 0.9937719325170965 0.007879974718457139
59770.787128389886 4.2075 0.019500000000000295 1.0082635833256177 0.007025640865359003 0.9872256555572848 1.006607511923948 0.9937487608480069 0.014514822477610823
59770.787144333306 4.2075 0.019500000000000295 0.996613537588056 0.006996877635881368 0.9872026946441159 1.0066074565236565 0.9937255935290135 0.0028879440590425798
59770.78716027672 4.2075 0.019500000000000295 0.9962584169426131 0.006991963224868813 0.9871797381316423 1.00660740112339 0.9937024306423612 0.002555986300251889
59770.78717622015 4.2075 0.019500000000000295 0.9927061559061813 0.006986740993270019 0.9871567860564805 1.006607345723073 0.9936792722248333 -0.0009731163186520453
59770.78719216356 4.2075 0.019500000000000295 "" "" 0.9871338385323052 1.006607290322807 0.9936561183909549 ""
59770.78720810698 4.2075 0.019500000000000295 0.9777491314206465 0.006935692367876318 0.9871108955958745 1.0066072349225152 0.9936329691776509 -0.015883837757004415
59770.7872240504 4.2075 0.019500000000000295 0.9920337042104884 0.006967314751550182 0.9870879573291461 1.0066071795222236 0.9936098246674447 -0.0015761204569563203
59770.78723999382 4.2075 0.019500000000000295 0.9916724283561592 0.006979597514580817 0.9870650238015386 1.006607124121932 0.9935866849302132 -0.001914256574053974
59770.78725593724 4.2075 0.019500000000000295 0.9855007245111679 0.006969337421843644 0.9870420950825397 1.0066070687216404 0.993563550035902 -0.00806282552473414
59770.78727188066 4.2075 0.019500000000000295 0.9838435823478247 0.006970680944356944 0.9870191712437048 1.0066070133213487 0.9935404200565385 -0.009696837708713879
59770.78728782408 4.2075 0.019500000000000295 0.9992646416082316 0.006990694503162742 0.9869962523540023 1.0066069579210573 0.9935172950615464 0.005747346546685184
59770.7873037675 4.2075 0.019500000000000295 1.002783300246538 0.007009291360816893 0.9869733384851328 1.0066069025207656 0.9934941751230987 0.009289125123439379
59770.78731971092 4.2075 0.019500000000000295 0.9792964952544196 0.006953745709324929 0.9869504297068772 1.0066068471204739 0.9934710603114365 -0.014174565057016864
59770.78733565434 4.2075 0.019500000000000295 0.9958017832831048 0.006984463618172144 0.9869275260890966 1.0066067917201824 0.9934479506968822 0.0023538325862225706
59770.78735159776 4.2075 0.019500000000000295 0.9894497287360966 0.006977159496029905 0.9869046277037095 1.0066067363198907 0.9934248463518278 -0.003975117615731216
59770.78736754118 4.2075 0.019500000000000295 0.9975761942817074 0.006974441669735934 0.9868817346200652 1.0066066809195993 0.9934017473460807 0.004174446935626741
59770.787383484596 4.2075 0.019500000000000295 0.9963829537824997 0.0069898724545910266 0.9868588469208278 1.0066066255193329 0.9933786537628744 0.003004300019625372
59770.78739942802 4.2075 0.019500000000000295 0.9992847952078742 0.006996223482898816 0.9868359646443946 1.0066065701190159 0.9933555656407845 0.005929229567089633
59770.78741537144 4.2075 0.019500000000000295 0.9997922275067157 0.006988103427693547 0.9868130879033596 1.0066065147187495 0.9933324830932478 0.0064597444134678605
59770.787431314864 4.2075 0.019500000000000295 0.9881771537292864 0.0069823057652102765 0.9867902167276923 1.0066064593184327 0.9933094061503313 -0.0051322524210448695
59770.78744725828 4.2075 0.019500000000000295 1.0028369890976072 0.006990325621826789 0.9867673512294604 1.0066064039181664 0.9932863349249413 0.009550654172665873
59770.787463201705 4.2075 0.019500000000000295 0.9991422287907837 0.006993613037604279 0.9867444914388168 1.0066063485178496 0.9932632694473299 0.005878959343453838
59770.78747914512 4.2075 0.019500000000000295 0.9989815343351399 0.006983469334953473 0.9867216374679696 1.0066062931175832 0.9932402098305446 0.005741324504595302
59770.78749508854 4.2075 0.019500000000000295 0.9809947603312195 0.006941219472770496 0.9866987893578227 1.0066062377172915 0.9932171561156843 -0.012222395784464823
59770.78751103196 4.2075 0.019500000000000295 0.991165192268268 0.006978018332689129 0.9866759471896823 1.006606182317 0.9931941083846161 -0.002028916116348034
59770.787526975386 4.2075 0.019500000000000295 0.9862610588325035 0.006951992695991158 0.9866531110237962 1.006606126916683 0.9931710666979595 -0.006910007865456036
59770.7875429188 4.2075 0.019500000000000295 0.9907061817323761 0.006973127600524705 0.9866302809647373 1.0066060715164167 0.9931480311610525 -0.0024418494286764236
59770.78755886222 4.2075 0.019500000000000295 0.9982940672252881 0.006997716042323408 0.9866074570511333 1.0066060161161252 0.9931250018127024 0.005169065412585772
59770.78757480564 4.2075 0.019500000000000295 0.9884746278954817 0.006975714027508926 0.9865846393665989 1.0066059607158335 0.9931019787370995 -0.0046273508416178055
59770.78759074906 4.2075 0.019500000000000295 0.9832745218880441 0.006950481116768294 0.9865618279822856 1.0066059053155418 0.9930789620058645 -0.009804440117820445
59770.78760669248 4.2075 0.019500000000000295 0.9857031804307111 0.006947492530129081 0.9865390229694363 1.0066058499152504 0.9930559516907101 -0.0073527712599990025
59770.7876226359 4.2075 0.019500000000000295 0.996589752725881 0.006982246244993129 0.9865162244013603 1.0066057945149587 0.9930329478654286 0.0035568048604524005
59770.78763857932 4.2075 0.019500000000000295 0.992115729536422 0.006983047269003904 0.9864934323494743 1.0066057391146672 0.9930099506019076 -0.0008942210654855343
59770.78765452274 4.2075 0.019500000000000295 1.0004390529697318 0.006991825259811362 0.9864706468852866 1.0066056837143755 0.9929869599721263 0.0074520929976055195
59770.787670466154 4.2075 0.019500000000000295 1.0097419660439981 0.007017302173247282 0.9864478680922523 1.0066056283141092 0.9929639760601151 0.016777989983883024
59770.78768640958 4.2075 0.019500000000000295 0.9980753050657555 0.0069985833848280965 0.986425096011763 1.0066055729137924 0.9929409989074633 0.0051343061582921345
59770.787702352995 4.2075 0.019500000000000295 0.9826103062407229 0.006957559699502733 0.9864023307577414 1.006605517513526 0.9929180286289445 -0.01030772238822164
59770.78771829642 4.2075 0.019500000000000295 0.9900096058339279 0.006964380312745091 0.986379572360592 1.006605462113209 0.9928950652550632 -0.0028854594211352724
59770.787734239835 4.2075 0.019500000000000295 1.014771893630474 0.008164159864073324 0.986356820934399 1.0066054067129429 0.9928721089007561 0.021899784729717875
59770.78775018326 4.2075 0.019500000000000295 0.9896057676589596 0.006979984000506813 0.9863340765110877 1.0066053513126259 0.9928491595980579 -0.0032433919390982835
59770.787766126676 4.2075 0.019500000000000295 0.9960836430622894 0.006986092264133209 0.9863113392042521 1.0066052959123595 0.9928262174614118 0.003257425600877606
59770.787782070096 4.2075 0.019500000000000295 1.0006680865765236 0.006999911200378924 0.9862886090565494 1.006605240512068 0.9928032825336809 0.007864804042842732
59770.787798013516 4.2075 0.019500000000000295 0.9932681871034142 0.006987684276238408 0.9862658861501902 1.0066051851117763 0.9927803548976423 0.0004878322057719764
59770.787813956944 4.2075 0.019500000000000295 0.989940750307854 0.006972968960057895 0.9862431705490853 1.0066051297114595 0.9927574346176031 -0.002816684309749129
59770.78782990036 4.2075 0.019500000000000295 0.9836209197454121 0.006954455804967973 0.9862204623573009 1.0066050743111932 0.9927345217983902 -0.009113602052978065
59770.78784584378 4.2075 0.019500000000000295 1.0012445381696642 0.007002819373823684 0.9861977616159521 1.0066050189109015 0.9927116164813141 0.00853292168835007
59770.7878617872 4.2075 0.019500000000000295 1.004949453851497 0.007017300186831478 0.9861750684102599 1.0066049635106098 0.9926887187521828 0.012260735099314135
59770.78787773062 4.2075 0.019500000000000295 1.0025303094349631 0.006993714046185039 0.9861523828124097 1.0066049081103183 0.9926658286836572 0.00986448075130597
59770.78789367404 4.2075 0.019500000000000295 0.9964003916237961 0.007004705419736234 0.9861297048973113 1.0066048527100266 0.9926429463511401 0.0037574452726559793
59770.78790961746 4.2075 0.019500000000000295 0.9910553033455355 0.006974627282141191 0.9861070347380123 1.0066047973097352 0.9926200718281609 -0.0015647684826254338
59770.78792556088 4.2075 0.019500000000000295 1.005249019728121 0.007010159615441419 0.9860843724076582 1.0066047419094435 0.9925972051883464 0.012651814539774597
59770.7879415043 4.2075 0.019500000000000295 0.9802907231499436 0.006955946912372216 0.9860617179814684 1.0066046865091518 0.9925743465074116 -0.012283623357468021
59770.78795744771 4.2075 0.019500000000000295 0.9830705645245916 0.006953613113954871 0.9860390715426198 1.0066046311088857 0.992551495869107 -0.009480931344515331
59770.78797339114 4.2075 0.019500000000000295 0.9825853030719381 0.006961491077770599 0.9860164331351134 1.0066045757085686 0.9925286533176472 -0.009943350245709026
59770.78798933456 4.2075 0.019500000000000295 0.9879618903025393 0.006975732702002756 0.9859938028639433 1.006604520308277 0.9925058189587935 -0.0045439286562541925
59770.78800527798 4.2075 0.019500000000000295 0.9974827957898029 0.006985319046212573 0.9859711807923112 1.0066044649079855 0.9924829928561391 0.004999802933663866
59770.78802122139 4.2075 0.019500000000000295 0.9899029384563186 0.006979613800549493 0.9859485670064241 1.0066044095077191 0.9924601750964833 -0.0025572366401647173
59770.78803716481 4.2075 0.019500000000000295 0.9960118805165784 0.007001605501031486 0.9859259615585952 1.0066043541074274 0.9924373657324341 0.003574514784144278
59770.788053108234 4.2075 0.019500000000000295 0.9867146871325653 0.006965271157184019 0.9859033645352516 1.006604298707136 0.9924145648510128 -0.005699877718447488
59770.788069051654 4.2075 0.019500000000000295 0.9981963399962248 0.006988181919659736 0.9858807760098547 1.0066042433068443 0.9923917725261642 0.00580456747006064
59770.788084995074 4.2075 0.019500000000000295 0.989187743847649 0.00698459301334867 0.9858581960585889 1.0066041879065526 0.9923689888345748 -0.0031812449869258463
59770.788100938495 4.2075 0.019500000000000295 0.9909850499631534 0.006984524664576919 0.9858356247557917 1.0066041325062611 0.9923462138510717 -0.001361163887918293
59770.788116881915 4.2075 0.019500000000000295 0.9985753916513781 0.006980809965894591 0.9858130621759144 1.0066040771059694 0.992323447650596 0.006251944000782106
59770.78813282533 4.2075 0.019500000000000295 0.9828077005185374 0.006959820145046547 0.9857905084059119 1.006604021705703 0.9923006903207006 -0.009492989802163176
