eureka_custom_plots/data/stage5_lcfit_results/S5_wasp39b_ap4_bg8_Table_Save_ch45.txt
# %ECSV 1.0
# ---
# datatype:
# - {name: time, datatype: float64}
# - {name: wavelength, datatype: float64}
# - {name: bin_width, datatype: float64}
# - {name: lcdata, datatype: float64}
# - {name: lcerr, datatype: float64}
# - {name: transit, datatype: float64}
# - {name: polynom, datatype: float64}
# - {name: model, datatype: float64}
# - {name: residuals, datatype: float64}
# schema: astropy-2.0
time wavelength bin_width lcdata lcerr transit polynom model residuals
[from data line 18833]
59770.94428267319 4.744 0.019000000000000128 1.00825944499097 0.009914081201593131 1.0 1.006066314466839 1.006066314466839 0.0021931305241311705
59770.94429861661 4.744 0.019000000000000128 0.9920571587600033 0.00988448601955542 1.0 1.006066267045686 1.006066267045686 -0.014009108285682581
59770.94431456002 4.744 0.019000000000000128 0.9921075364559313 0.009889184894795212 1.0 1.0060662196245547 1.0060662196245547 -0.013958683168623365
59770.944330503444 4.744 0.019000000000000128 0.9996886714406771 0.011082443004045785 1.0 1.0060661722034017 1.0060661722034017 -0.006377500762724586
59770.944346446864 4.744 0.019000000000000128 0.9990281322740647 0.009917767070118166 1.0 1.0060661247822489 1.0060661247822489 -0.007037992508184154
59770.944362390284 4.744 0.019000000000000128 1.0071153974806324 0.009892508285779426 1.0 1.0060660773610959 1.0060660773610959 0.001049320119536512
59770.9443783337 4.744 0.019000000000000128 1.0062218405250118 0.009913915744768234 1.0 1.0060660299399646 1.0060660299399646 0.00015581058504721135
59770.944394277125 4.744 0.019000000000000128 0.9796226664327089 0.009845943852727098 1.0 1.00606598251879 1.00606598251879 -0.026443316086081192
59770.94441022054 4.744 0.019000000000000128 1.0092486419577116 0.009916014107964463 1.0 1.0060659350976586 1.0060659350976586 0.003182706860052953
59770.94442616396 4.744 0.019000000000000128 1.017486128257662 0.009944102214759611 1.0 1.0060658876765058 1.0060658876765058 0.011420240581156094
59770.94444210738 4.744 0.019000000000000128 0.9973766976200273 0.009864724100608166 1.0 1.0060658402553528 1.0060658402553528 -0.008689142635325497
59770.94445805079 4.744 0.019000000000000128 0.9872903628080054 0.009840554826067686 1.0 1.0060657928342216 1.0060657928342216 -0.018775430026216178
59770.94447399421 4.744 0.019000000000000128 1.01022095157686 0.009895812688683578 1.0 1.0060657454130686 1.0060657454130686 0.004155206163791503
59770.94448993763 4.744 0.019000000000000128 1.0109650512857498 0.009881355962771394 1.0 1.0060656979919156 1.0060656979919156 0.004899353293834174
59770.94450588105 4.744 0.019000000000000128 1.0116896757453033 0.009877231124783914 1.0 1.0060656505707626 1.0060656505707626 0.005624025174540748
59770.944521824465 4.744 0.019000000000000128 0.9972268210980156 0.00989843722569237 1.0 1.0060656031496313 1.0060656031496313 -0.008838782051615701
59770.94453776789 4.744 0.019000000000000128 0.9877960167735961 0.009870902794215928 1.0 1.0060655557284568 1.0060655557284568 -0.01826953895486072
59770.944553711306 4.744 0.019000000000000128 1.009359877384094 0.009902040103391033 1.0 1.0060655083073256 1.0060655083073256 0.0032943690767683886
59770.94456965472 4.744 0.019000000000000128 1.011558997381109 0.009890246851961052 1.0 1.006065460886194 1.006065460886194 0.005493536494914908
59770.94458559815 4.744 0.019000000000000128 1.001950216161898 0.009906783487996 1.0 1.0060654134650195 1.0060654134650195 -0.004115197303121487
59770.94460154157 4.744 0.019000000000000128 1.0232364060857682 0.009919511092022376 1.0 1.0060653660438668 1.0060653660438668 0.017171040041901398
59770.94461748498 4.744 0.019000000000000128 1.0015086460457068 0.009856644120573856 1.0 1.0060653186227353 1.0060653186227353 -0.00455667257702852
59770.9446334284 4.744 0.019000000000000128 0.9997788053857677 0.00986959736961205 1.0 1.0060652712015825 1.0060652712015825 -0.0062864658158148234
59770.94464937182 4.744 0.019000000000000128 0.9925526703422938 0.0098461602983984 1.0 1.0060652237804295 1.0060652237804295 -0.013512553438135733
59770.94466531523 4.744 0.019000000000000128 1.0040205851732078 0.009920409649628219 1.0 1.0060651763592983 1.0060651763592983 -0.002044591186090461
59770.94468125866 4.744 0.019000000000000128 1.0127201079426962 0.009947777258609012 1.0 1.0060651289381235 1.0060651289381235 0.006654979004572681
59770.944697202074 4.744 0.019000000000000128 1.0083586089184418 0.009900876071539269 1.0 1.0060650815169923 1.0060650815169923 0.002293527401449502
59770.944713145494 4.744 0.019000000000000128 1.0095332430395467 0.009891756367063015 1.0 1.0060650340958393 1.0060650340958393 0.0034682089437074737
59770.94472908891 4.744 0.019000000000000128 1.00042593104723 0.009855466428484623 1.0 1.006064986674708 1.006064986674708 -0.005639055627477907
59770.94474503233 4.744 0.019000000000000128 1.011888175979227 0.009912596188401615 1.0 1.006064939253555 1.006064939253555 0.005823236725672087
59770.94476097575 4.744 0.019000000000000128 1.0107634430400485 0.009920026488100557 1.0 1.0060648918324022 1.0060648918324022 0.004698551207646284
59770.94477691916 4.744 0.019000000000000128 1.001540643709915 0.009893457231952797 1.0 1.006064844411271 1.006064844411271 -0.0045242007013559515
59770.94479286259 4.744 0.019000000000000128 1.0197971526595224 0.00995660470820937 1.0 1.0060647969900962 1.0060647969900962 0.01373235566942621
59770.944808806 4.744 0.019000000000000128 1.012733653923456 0.009888183182725737 1.0 1.006064749568965 1.006064749568965 0.006668904354490968
59770.94482474942 4.744 0.019000000000000128 1.0029202900068135 0.009909094385586027 1.0 1.006064702147812 1.006064702147812 -0.003144412140998476
59770.94484069284 4.744 0.019000000000000128 1.0087017964627083 0.009904068683367231 1.0 1.0060646547266592 1.0060646547266592 0.00263714173604912
59770.94485663626 4.744 0.019000000000000128 0.9958953075320928 0.009895387260605728 1.0 1.0060646073055062 1.0060646073055062 -0.01016929977341341
59770.944872579676 4.744 0.019000000000000128 1.0141272996918005 0.009906405060970272 1.0 1.006064559884375 1.006064559884375 0.008062739807425556
59770.9448885231 4.744 0.019000000000000128 1.0241060871158765 0.009942433531465827 1.0 1.0060645124632002 1.0060645124632002 0.018041574652676307
59770.944904466516 4.744 0.019000000000000128 1.0243706001269266 0.009925233635108046 1.0 1.006064465042069 1.006064465042069 0.018306135084857678
59770.94492040993 4.744 0.019000000000000128 1.0132257803090226 0.009952943195217239 1.0 1.0060644176209377 1.0060644176209377 0.007161362688084871
59770.94493635336 4.744 0.019000000000000128 0.9941820171082991 0.009845126726225086 1.0 1.0060643701997631 1.0060643701997631 -0.011882353091464015
59770.94495229677 4.744 0.019000000000000128 0.9841306558977477 0.009870813502463641 1.0 1.0060643227786317 1.0060643227786317 -0.02193366688088394
59770.94496824019 4.744 0.019000000000000128 1.0245258705917266 0.009957240973016765 1.0 1.0060642753574789 1.0060642753574789 0.01846159523424773
59770.94498418361 4.744 0.019000000000000128 1.0005354406473428 0.009904444701899433 1.0 1.0060642279363259 1.0060642279363259 -0.005528787288983095
59770.94500012703 4.744 0.019000000000000128 1.0209665261509542 0.011164140392901234 1.0 1.0060641805151729 1.0060641805151729 0.0149023456357813
59770.945016070444 4.744 0.019000000000000128 0.9991236562637894 0.00988585041065265 1.0 1.0060641330940416 1.0060641330940416 -0.006940476830252229
59770.945032013864 4.744 0.019000000000000128 1.0213570427671865 0.009951853436148 1.0 1.0060640856728886 1.0060640856728886 0.015292957094297899
59770.945047957284 4.744 0.019000000000000128 0.9919578408875211 0.009875604943445181 1.0 1.0060640382517358 1.0060640382517358 -0.014106197364214701
59770.945063900705 4.744 0.019000000000000128 0.9914803090640067 0.009866722852757547 1.0 1.0060639908305828 1.0060639908305828 -0.014583681766576095
59770.945079844125 4.744 0.019000000000000128 1.0098577295207465 0.009938346630600193 1.0 1.0060639434094298 1.0060639434094298 0.003793786111316644
59770.94509578754 4.744 0.019000000000000128 0.9961627354369617 0.009880919938769484 1.0 1.0060638959882986 1.0060638959882986 -0.00990116055133694
59770.94511173096 4.744 0.019000000000000128 0.9963393329747924 0.009859367710239486 1.0 1.0060638485671456 1.0060638485671456 -0.009724515592353211
59770.94512767437 4.744 0.019000000000000128 1.005107309785487 0.009870109600581567 1.0 1.0060638011460143 1.0060638011460143 -0.000956491360527334
59770.9451436178 4.744 0.019000000000000128 1.0157398183044144 0.011133699806829744 1.0 1.0060637537248398 1.0060637537248398 0.009676064579574595
59770.94515956121 4.744 0.019000000000000128 0.9972350008467245 0.009895795889931034 1.0 1.0060637063037086 1.0060637063037086 -0.00882870545698411
59770.94517550463 4.744 0.019000000000000128 0.9957435036461452 0.009871539263892747 1.0 1.0060636588825556 1.0060636588825556 -0.010320155236410389
59770.94519144805 4.744 0.019000000000000128 0.9945458678114875 0.009890598116792096 1.0 1.0060636114614026 1.0060636114614026 -0.011517743649915091
59770.945207391465 4.744 0.019000000000000128 1.0048408201815886 0.009909577469049878 1.0 1.0060635640402713 1.0060635640402713 -0.0012227438586827066
59770.945223334886 4.744 0.019000000000000128 1.0082637848491347 0.009891114113786808 1.0 1.0060635166191183 1.0060635166191183 0.0022002682300164
59770.945239278306 4.744 0.019000000000000128 1.0007802727102904 0.009916831360559313 1.0 1.0060634691979653 1.0060634691979653 -0.005283196487674946
59770.945255221726 4.744 0.019000000000000128 1.0030401791988124 0.009891716258460628 1.0 1.0060634217768125 1.0060634217768125 -0.0030232425780001293
59770.94527116514 4.744 0.019000000000000128 1.010128400687068 0.009917241931473695 1.0 1.006063374355681 1.006063374355681 0.004065026331387056
59770.94528710857 4.744 0.019000000000000128 1.0093865260881087 0.009902250771583618 1.0 1.0060633269345065 1.0060633269345065 0.003323199153602241
59770.94530305198 4.744 0.019000000000000128 0.991887002589894 0.0110181935218738 1.0 1.0060632795133753 1.0060632795133753 -0.014176276923481224
59770.94531899539 4.744 0.019000000000000128 1.016379994552639 0.00990730084917863 1.0 1.006063232092244 1.006063232092244 0.010316762460395035
59770.94533493882 4.744 0.019000000000000128 0.999594489078099 0.009892034798263701 1.0 1.0060631846710695 1.0060631846710695 -0.006468695592970475
59770.94535088224 4.744 0.019000000000000128 0.9955025201098006 0.011077014079691755 1.0 1.0060631372499165 1.0060631372499165 -0.010560617140115913
59770.945366825654 4.744 0.019000000000000128 1.004626842658704 0.00991083485376344 1.0 1.0060630898287852 1.0060630898287852 -0.001436247170081284
59770.945382769074 4.744 0.019000000000000128 1.0089990405884435 0.009919306566308414 1.0 1.0060630424076322 1.0060630424076322 0.00293599818081125
59770.945398712494 4.744 0.019000000000000128 1.0095036512512214 0.009909439704247427 1.0 1.0060629949864792 1.0060629949864792 0.0034406562647422145
59770.94541465591 4.744 0.019000000000000128 1.0076905361766317 0.009908481125580309 1.0 1.006062947565348 1.006062947565348 0.001627588611283759
59770.945430599335 4.744 0.019000000000000128 0.9963580458728193 0.00987245200146404 1.0 1.0060629001441734 1.0060629001441734 -0.009704854271354146
59770.94544654275 4.744 0.019000000000000128 1.012056893469661 0.009932921229536549 1.0 1.006062852723042 1.006062852723042 0.005994040746619023
59770.94546248617 4.744 0.019000000000000128 1.0013447477821498 0.00986839700618846 1.0 1.0060628053018892 1.0060628053018892 -0.004718057519739416
59770.94547842958 4.744 0.019000000000000128 1.0100042451037978 0.009899339512793663 1.0 1.0060627578807577 1.0060627578807577 0.003941487223040108
59770.945494373 4.744 0.019000000000000128 1.0211959244446203 0.009888143044297084 1.0 1.006062710459605 1.006062710459605 0.015133213985015326
59770.94551031642 4.744 0.019000000000000128 1.0131313653609326 0.009906259708568487 1.0 1.006062663038452 1.006062663038452 0.007068702322480691
59770.94552625984 4.744 0.019000000000000128 1.010946201146165 0.009918844561003486 1.0 1.006062615617299 1.006062615617299 0.00488358552886603
59770.94554220326 4.744 0.019000000000000128 1.032618973425721 0.009946562670905481 1.0 1.0060625681961461 1.0060625681961461 0.02655640522957481
59770.945558146675 4.744 0.019000000000000128 1.009863805222877 0.009914343844164262 1.0 1.0060625207750147 1.0060625207750147 0.0038012844478623187
59770.945574090096 4.744 0.019000000000000128 1.0065526200139352 0.009922386228744301 1.0 1.006062473353862 1.006062473353862 0.0004901466600732984
59770.945590033516 4.744 0.019000000000000128 1.0255804683882774 0.009930495338478163 1.0 1.006062425932709 1.006062425932709 0.01951804245556854
59770.945605976936 4.744 0.019000000000000128 1.0124361957517956 0.00991862172656886 1.0 1.0060623785115559 1.0060623785115559 0.006373817240239665
59770.94562192035 4.744 0.019000000000000128 0.9979972359832316 0.009870996208207005 1.0 1.0060623310904246 1.0060623310904246 -0.008065095107192999
59770.94563786378 4.744 0.019000000000000128 1.0222300904312531 0.00991107835135218 1.0 1.00606228366925 1.00606228366925 0.016167806762003023
59770.94565380719 4.744 0.019000000000000128 0.996627834467646 0.009886972551353141 1.0 1.0060622362481186 1.0060622362481186 -0.009434401780472612
59770.9456697506 4.744 0.019000000000000128 1.0104650597281577 0.009896385238765725 1.0 1.0060621888269874 1.0060621888269874 0.004402870901170308
59770.94568569403 4.744 0.019000000000000128 1.0013229128553627 0.009863168698950608 1.0 1.0060621414058128 1.0060621414058128 -0.00473922855045017
59770.94570163744 4.744 0.019000000000000128 0.9892643429064947 0.009845931144493824 1.0 1.0060620939846816 1.0060620939846816 -0.01679775107818693
59770.945717580864 4.744 0.019000000000000128 1.003002953778627 0.009894526837086384 1.0 1.0060620465635286 1.0060620465635286 -0.0030590927849016847
59770.945733524284 4.744 0.019000000000000128 1.0089626148607072 0.00991653464018878 1.0 1.0060619991423756 1.0060619991423756 0.002900615718331556
59770.945749467704 4.744 0.019000000000000128 1.0166125342401633 0.009920111959277719 1.0 1.0060619517212228 1.0060619517212228 0.010550582518940477
59770.94576541112 4.744 0.019000000000000128 1.0192107455658257 0.00994119480567116 1.0 1.0060619043000913 1.0060619043000913 0.013148841265734346
59770.94578135454 4.744 0.019000000000000128 0.9914713813839015 0.009817444442182516 1.0 1.0060618568789386 1.0060618568789386 -0.014590475495037114
59770.94579729796 4.744 0.019000000000000128 1.0237083563003166 0.009931730583194734 1.0 1.0060618094577856 1.0060618094577856 0.017646546842531086
59770.94581324138 4.744 0.019000000000000128 1.0065227136952615 0.009888391359995564 1.0 1.0060617620366326 1.0060617620366326 0.0004609516586289164
59770.94582918479 4.744 0.019000000000000128 1.0218671059395188 0.009950825587186624 1.0 1.0060617146155013 1.0060617146155013 0.01580539132401748
59770.94584512821 4.744 0.019000000000000128 1.0152451479942688 0.009905631556972659 1.0 1.0060616671943483 1.0060616671943483 0.009183480799920485
59770.94586107163 4.744 0.019000000000000128 1.0161641073309808 0.009923850656717305 1.0 1.0060616197731953 1.0060616197731953 0.010102487557785533
59770.945877015045 4.744 0.019000000000000128 1.015262988124234 0.009934685856898806 1.0 1.006061572352064 1.006061572352064 0.00920141577217004
59770.94589295847 4.744 0.019000000000000128 0.9956475364461934 0.009868965926475392 1.0 1.0060615249308895 1.0060615249308895 -0.010413988484696102
59770.945908901886 4.744 0.019000000000000128 0.9873918652913377 0.009851019156206777 1.0 1.0060614775097583 1.0060614775097583 -0.01866961221842056
59770.945924845306 4.744 0.019000000000000128 1.0066979507244649 0.009906753477518983 1.0 1.0060614300886053 1.0060614300886053 0.0006365206358596165
59770.945940788726 4.744 0.019000000000000128 0.9987360043173201 0.009909648798702703 1.0 1.0060613826674523 1.0060613826674523 -0.007325378350132139
59770.94595673214 4.744 0.019000000000000128 1.0242596604912833 0.00993957415893326 1.0 1.006061335246321 1.006061335246321 0.018198325244962232
59770.94597267556 4.744 0.019000000000000128 1.0089643756935536 0.00989246863225422 1.0 1.006061287825168 1.006061287825168 0.0029030878683855565
