eureka_custom_plots/data/stage5_lcfit_results/S5_wasp39b_ap4_bg8_Table_Save_ch30.txt
# %ECSV 1.0
# ---
# datatype:
# - {name: time, datatype: float64}
# - {name: wavelength, datatype: float64}
# - {name: bin_width, datatype: float64}
# - {name: lcdata, datatype: float64}
# - {name: lcerr, datatype: float64}
# - {name: transit, datatype: float64}
# - {name: polynom, datatype: float64}
# - {name: model, datatype: float64}
# - {name: residuals, datatype: float64}
# schema: astropy-2.0
time wavelength bin_width lcdata lcerr transit polynom model residuals
[from data line 15691]
59770.89418845132 4.1690000000000005 0.018999999999999684 1.005959536457013 0.006736092311272063 0.9992683733312384 1.0061659429893264 1.0054298051522357 0.0005297313047774033
59770.89420439474 4.1690000000000005 0.018999999999999684 1.0193197463157255 0.0067621775063950815 0.9992798145921534 1.006165898968767 1.0054412729704567 0.013878473345268816
59770.89422033816 4.1690000000000005 0.018999999999999684 1.0123523419828844 0.006755529970753994 0.9992911971340351 1.0061658549482078 1.0054526817065845 0.006899660276299846
59770.89423628157 4.1690000000000005 0.018999999999999684 1.002264851220248 0.0067314563264922 0.999302520586276 1.0061658109276685 1.0054640309877536 -0.0031991797675055
59770.89425222499 4.1690000000000005 0.018999999999999684 0.9961166226008491 0.0066914562242288405 0.9993137845896785 1.0061657669071091 1.0054753204525195 -0.009358697851670428
59770.89426816841 4.1690000000000005 0.018999999999999684 1.0074077994060686 0.006730658709377537 0.9993249887638751 1.00616572288655 1.0054865497181977 0.0019212496878708851
59770.89428411183 4.1690000000000005 0.018999999999999684 1.0031333168169656 0.006716282294547086 0.9993361327272062 1.0061656788659905 1.005497718400783 -0.0023644015838173438
59770.89430005525 4.1690000000000005 0.018999999999999684 1.0098903570304782 0.006737318489935631 0.9993472160932538 1.0061656348454313 1.005508826111483 0.00438153091899518
59770.894315998674 4.1690000000000005 0.018999999999999684 1.000803066124642 0.006713247191310774 0.9993582384697041 1.006165590824872 1.005519872455573 -0.004716806330930856
59770.89433194209 4.1690000000000005 0.018999999999999684 0.9919329390849574 0.006714661467965436 0.9993691994521741 1.0061655468043327 1.005530857026205 -0.01359791794124754
59770.89434788551 4.1690000000000005 0.018999999999999684 1.006468641206839 0.006728925330665365 0.9993800986465238 1.0061655027837733 1.0055417794267765 0.0009268617800626267
59770.89436382893 4.1690000000000005 0.018999999999999684 1.0015452292310907 0.006728223288335257 0.9993909356357124 1.006165458763214 1.0055526392377043 -0.004007410006613643
59770.89437977235 4.1690000000000005 0.018999999999999684 1.011136679380943 0.006767459372389299 0.9994017100021326 1.0061654147426546 1.005563436038814 0.005573243342129164
59770.89439571577 4.1690000000000005 0.018999999999999684 0.9966032435993475 0.006725133661337033 0.9994124213210726 1.0061653707220954 1.005574169402784 -0.008970925803436502
59770.89441165918 4.1690000000000005 0.018999999999999684 1.0087885884510088 0.006739318715641628 0.9994230691562198 1.0061653267015562 1.0055848388906399 0.0032037495603689514
59770.89442760261 4.1690000000000005 0.018999999999999684 1.0050459956045446 0.00673163636901167 0.9994336530827808 1.0061652826809768 1.0055954440749175 -0.0005494484703729707
59770.89444354602 4.1690000000000005 0.018999999999999684 0.9877793570215928 0.006682621025788632 0.9994441726354384 1.0061652386604376 1.0056059844875194 -0.01782662746592656
59770.89445948944 4.1690000000000005 0.018999999999999684 0.9944512506252838 0.0067083076119426235 0.9994546273742307 1.0061651946398782 1.0056164596857198 -0.011165209060435943
59770.89447543286 4.1690000000000005 0.018999999999999684 1.012847806331901 0.0067546930096994365 0.9994650168326843 1.006165150619319 1.005626869200198 0.007220937131703131
59770.89449137628 4.1690000000000005 0.018999999999999684 1.0210323411437374 0.0067711903287529344 0.999475340541049 1.0061651065987596 1.0056372125583162 0.015395128585421247
59770.894507319696 4.1690000000000005 0.018999999999999684 1.0024870645315487 0.00673453933238017 0.9994855980155324 1.0061650625782204 1.005647489273328 -0.003160424741779355
59770.894523263116 4.1690000000000005 0.018999999999999684 0.9968744267289142 0.006729152166182204 0.9994957887787763 1.006165018557661 1.0056576988649015 -0.008783272135987286
59770.894539206536 4.1690000000000005 0.018999999999999684 1.0063653932038386 0.006738068509724268 0.999505912330184 1.0061649745371017 1.0056678408293822 0.000697552374456345
59770.89455514996 4.1690000000000005 0.018999999999999684 1.0025102584707464 0.0067343986027121544 0.9995159681637614 1.0061649305165423 1.0056779146576655 -0.0031676561869191655
59770.89457109338 4.1690000000000005 0.018999999999999684 1.0131436768540119 0.0067541164049454054 0.9995259557648024 1.0061648864959831 1.0056879198318815 0.007455757022130305
59770.89458703679 4.1690000000000005 0.018999999999999684 1.0014259819661642 0.006725360253239731 0.9995358746040931 1.006164842475444 1.0056978558195824 -0.004271873853418207
59770.89460298022 4.1690000000000005 0.018999999999999684 0.9958013442628453 0.006716659492314745 0.9995457241595768 1.0061647984548645 1.0057077220954422 -0.009906377832596958
59770.89461892363 4.1690000000000005 0.018999999999999684 1.0047804905088178 0.006732976000762315 0.9995555038677553 1.0061647544343253 1.0057175180925784 -0.0009370275837605746
59770.89463486704 4.1690000000000005 0.018999999999999684 1.0072564926183356 0.006744808927774118 0.9995652131803481 1.006164710413786 1.0057272432592992 0.001529249359036422
59770.89465081047 4.1690000000000005 0.018999999999999684 0.998383156795153 0.006726642417853207 0.9995748515382388 1.0061646663932067 1.0057368970330112 -0.007353740237858175
59770.89466675389 4.1690000000000005 0.018999999999999684 1.0185723597388694 0.00675661043807293 0.9995844183481374 1.0061646223726473 1.005746478816836 0.012825880922033406
59770.89468269731 4.1690000000000005 0.018999999999999684 1.0058517296986618 0.00672395188609901 0.9995939130215322 1.006164578352088 1.0057559880186238 9.574168003800843e-05
59770.894698640725 4.1690000000000005 0.018999999999999684 0.999617464270803 0.006731320574368486 0.999603334949154 1.0061645343315486 1.0057654240253786 -0.006147959754575605
59770.894714584145 4.1690000000000005 0.018999999999999684 0.990911212263725 0.0066995006490057855 0.9996126835215251 1.0061644903109894 1.0057747862238358 -0.014863573960110732
59770.894730527565 4.1690000000000005 0.018999999999999684 1.0081471346451167 0.006744897235668888 0.9996219581014734 1.00616444629043 1.0057840739729245 0.0023630606721922742
59770.894746470985 4.1690000000000005 0.018999999999999684 1.010167783391729 0.006740160448129806 0.999631158042671 1.0061644022698708 1.005793286622343 0.004374496769386171
59770.8947624144 4.1690000000000005 0.018999999999999684 1.001351975785686 0.00672934364956692 0.9996402826796502 1.0061643582493316 1.0058024235025507 -0.004450447716864758
59770.894778357826 4.1690000000000005 0.018999999999999684 1.0124393423847136 0.0067539686974763665 0.9996493313474217 1.0061643142287522 1.0058114839444092 0.006627858440304335
59770.89479430124 4.1690000000000005 0.018999999999999684 1.002369981840309 0.00672435800928186 0.9996583033364846 1.006164270208213 1.0058204672341344 -0.003450485393825531
59770.89481024466 4.1690000000000005 0.018999999999999684 0.9940799228732721 0.006713448872232384 0.9996671979486454 1.0061642261876536 1.0058293726691787 -0.011749449795906641
59770.89482618808 4.1690000000000005 0.018999999999999684 1.0043386670462946 0.006734958947926441 0.9996760144521769 1.0061641821670944 1.005838199513335 -0.0014995324670403765
59770.8948421315 4.1690000000000005 0.018999999999999684 0.993069801290685 0.0066934289266638546 0.9996847521008343 1.006164138146535 1.0058469470157683 -0.012777145725083261
59770.89485807492 4.1690000000000005 0.018999999999999684 1.0034993107030734 0.006744043995784193 0.9996934101293606 1.0061640941259755 1.0058556144065154 -0.0023563037034419754
59770.89487401833 4.1690000000000005 0.018999999999999684 1.0024814409882101 0.00672539805051942 0.9997019877476506 1.0061640501054363 1.0058642008906313 -0.0033827599024212063
59770.89488996175 4.1690000000000005 0.018999999999999684 0.9988508080428611 0.006719896687968542 0.9997104841573842 1.006164006084877 1.0058727056648458 -0.007021897621984685
59770.894905905174 4.1690000000000005 0.018999999999999684 1.0023449052555067 0.006732118980000603 0.9997188985252209 1.0061639620643177 1.0058811278907118 -0.003536222635205144
59770.894921848594 4.1690000000000005 0.018999999999999684 0.9976819694419934 0.006718378929578621 0.9997272299993494 1.0061639180437585 1.005889466711179 -0.008207497269185682
59770.894937792014 4.1690000000000005 0.018999999999999684 1.0036004236761138 0.006734360065158165 0.9997354777036024 1.006163874023199 1.0058977212446902 -0.0022972975685764396
59770.894953735435 4.1690000000000005 0.018999999999999684 0.9946699156719571 0.006713023063246398 0.9997436407355028 1.0061638300026399 1.0059058905832168 -0.011235974911259716
59770.89496967885 4.1690000000000005 0.018999999999999684 1.006961798079676 0.006739063332006773 0.9997517181626566 1.0061637859821007 1.0059139737886487 0.0010478242910272328
59770.89498562227 4.1690000000000005 0.018999999999999684 1.0084174189261268 0.006747503022936549 0.9997597090354957 1.0061637419615412 1.005921969905536 0.0024954490205908453
59770.89500156569 4.1690000000000005 0.018999999999999684 1.0103696883759394 0.006744173560038195 0.9997676123626339 1.006163697940982 1.005929877936414 0.004439810439525349
59770.8950175091 4.1690000000000005 0.018999999999999684 1.0089571986549304 0.006738992778091012 0.9997754271222183 1.0061636539204426 1.0059376968531624 0.003019501801768021
59770.89503345253 4.1690000000000005 0.018999999999999684 1.0006631451858843 0.006725603345522674 0.9997831522725136 1.0061636098998632 1.0059454256075768 -0.005282280421692542
59770.89504939594 4.1690000000000005 0.018999999999999684 1.0155265962936464 0.006772161685460216 0.9997907867121085 1.006163565879324 1.0059530630915499 0.00957353320209653
59770.89506533937 4.1690000000000005 0.018999999999999684 1.0077611859042028 0.0067367005615350944 0.9997983293303947 1.0061635218587446 1.005960608187559 0.0018005777166438808
59770.89508128278 4.1690000000000005 0.018999999999999684 1.0113565141520955 0.006739470149665445 0.9998057789492254 1.0061634778382054 1.0059680597102887 0.0053884544418068
59770.895097226196 4.1690000000000005 0.018999999999999684 1.0113756656577884 0.006750212084958233 0.9998131343686455 1.0061634338176662 1.00597541645236 0.005400249205428365
59770.89511316962 4.1690000000000005 0.018999999999999684 1.0064367506461256 0.006740655176142567 0.9998203943443489 1.0061633897970867 1.0059826771617701 0.0004540734843554439
59770.89512911304 4.1690000000000005 0.018999999999999684 1.0040788015384956 0.006721257397258085 0.9998275575665587 1.0061633457765276 1.0059898405207424 -0.00191103898224676
59770.89514505646 4.1690000000000005 0.018999999999999684 1.0067071451151408 0.006734913441850648 0.9998346226853546 1.0061633017559883 1.0059969051710491 0.0007102399440916951
59770.89516099988 4.1690000000000005 0.018999999999999684 0.9925534673779988 0.006717037126218964 0.99984158830261 1.006163257735429 1.0060038697059197 -0.01345040232792094
59770.8951769433 4.1690000000000005 0.018999999999999684 1.0047549835150291 0.006736258756221771 0.9998484529512531 1.0061632137148697 1.0060107326492735 -0.0012557491342444216
59770.89519288672 4.1690000000000005 0.018999999999999684 1.0225710978961002 0.006776172950834908 0.9998552151052781 1.0061631696943103 1.006017492465713 0.016553605430387197
59770.89520883014 4.1690000000000005 0.018999999999999684 0.9896878961957088 0.006705309126933157 0.9998618731710631 1.0061631256737509 1.0060241475518084 -0.016336251356099507
59770.89522477355 4.1690000000000005 0.018999999999999684 0.999864242540651 0.006729232424359565 0.9998684254784933 1.0061630816532117 1.0060306962271854 -0.006166453686534457
59770.89524071698 4.1690000000000005 0.018999999999999684 1.0188094973577 0.006765375327147381 0.9998748702912393 1.0061630376326323 1.0060371367447676 0.01277236061293241
59770.89525666039 4.1690000000000005 0.018999999999999684 0.9998112947255698 0.00670991019491621 0.9998812057666044 1.006162993612093 1.006043467250596 -0.0062321725250261695
59770.895272603804 4.1690000000000005 0.018999999999999684 1.0156945996010538 0.006750544926763747 0.9998874299864566 1.0061629495915538 1.0060496858146915 0.009644913786362341
59770.89528854723 4.1690000000000005 0.018999999999999684 1.011435231363359 0.006732293427422928 0.9998935409316491 1.0061629055709744 1.0060557904054381 0.005379440957920867
59770.895304490645 4.1690000000000005 0.018999999999999684 0.9974083092372314 0.006699548477861269 0.9998995364555167 1.0061628615504352 1.0060617788630364 -0.008653469625804933
59770.89532043407 4.1690000000000005 0.018999999999999684 1.0012193885512186 0.0067237742598388805 0.9999054143119777 1.0061628175298558 1.0060676489274973 -0.0048482603762787235
59770.895336377485 4.1690000000000005 0.018999999999999684 1.0026757864522253 0.006729607167373552 0.9999111721001401 1.0061627735093166 1.0060733981832286 -0.0033976117310032805
59770.895352320906 4.1690000000000005 0.018999999999999684 1.0068841620199356 0.007787758478574738 0.9999168072898382 1.0061627294887572 1.0060790240844273 0.0008051379355082933
59770.895368264326 4.1690000000000005 0.018999999999999684 0.9958045255836867 0.0067127961250385195 0.9999223171768921 1.006162685468198 1.006084523910285 -0.010279998326598205
59770.895384207746 4.1690000000000005 0.018999999999999684 1.0052225003641897 0.006727586717501218 0.9999276988772524 1.0061626414476386 1.0060898947589951 -0.0008673943948054319
59770.89540015116 4.1690000000000005 0.018999999999999684 1.0000007116835863 0.0067221486558954775 0.9999329492994921 1.0061625974270993 1.006095133520117 -0.006094421836530639
59770.89541609459 4.1690000000000005 0.018999999999999684 1.0072866046552236 0.006734570678289422 0.999938065131845 1.00616255340652 1.0061002368614322 0.001186367793791332
59770.895432038 4.1690000000000005 0.018999999999999684 0.9999694956600809 0.006706692719155889 0.999943042784766 1.0061625093859807 1.0061052011713731 -0.006135705511292278
59770.89544798142 4.1690000000000005 0.018999999999999684 1.0047086862767263 0.0067306979418702536 0.9999478783868524 1.0061624653654215 1.0061100225546382 -0.0014013362779119465
59770.89546392484 4.1690000000000005 0.018999999999999684 1.0064872607929358 0.006736687525001987 0.9999525677153817 1.0061624213448621 1.0061146967625205 0.00037256403041530106
59770.89547986825 4.1690000000000005 0.018999999999999684 1.0060163007991831 0.006747207210282796 0.9999571061510747 1.006162377324323 1.0061192191473156 -0.00010291834813247469
59770.89549581168 4.1690000000000005 0.018999999999999684 1.0060763579775132 0.006741393174391842 0.9999614886182798 1.0061623333037435 1.006123584602053 -4.7226624539931095e-05
59770.895511755094 4.1690000000000005 0.018999999999999684 1.0198344414189968 0.006764748727535809 0.9999657094787026 1.0061622892832043 1.0061277874537948 0.013706653965201987
59770.895527698514 4.1690000000000005 0.018999999999999684 1.0097772805883627 0.00674789870247171 0.9999697624507474 1.0061622452626449 1.0061318213821977 0.0036454592061649915
59770.895543641935 4.1690000000000005 0.018999999999999684 1.0003473715132694 0.006715900703950124 0.9999736404479163 1.0061622012420857 1.0061356792571374 -0.005788307743868071
59770.89555958535 4.1690000000000005 0.018999999999999684 1.0099071764359113 0.006741342272876393 0.9999773354001827 1.0061621572215464 1.0061393529589018 0.0037678234770095465
59770.89557552877 4.1690000000000005 0.018999999999999684 1.009111557455178 0.006738931936940129 0.9999808380042711 1.006162113200987 1.0061428331268714 0.002968724328306749
59770.895591472196 4.1690000000000005 0.018999999999999684 1.0077161756235236 0.006743778704856214 0.9999841373583535 1.0061620691804076 1.0061461087920658 0.0015700668314577726
