eureka_custom_plots/data/stage5_lcfit_results/S5_wasp39b_ap4_bg8_Table_Save_ch37.txt
# %ECSV 1.0
# ---
# datatype:
# - {name: time, datatype: float64}
# - {name: wavelength, datatype: float64}
# - {name: bin_width, datatype: float64}
# - {name: lcdata, datatype: float64}
# - {name: lcerr, datatype: float64}
# - {name: transit, datatype: float64}
# - {name: polynom, datatype: float64}
# - {name: model, datatype: float64}
# - {name: residuals, datatype: float64}
# schema: astropy-2.0
time wavelength bin_width lcdata lcerr transit polynom model residuals
[from data line 1191]
59770.66300886249 4.4375 0.01949999999999985 1.012356797740438 0.008211964103484683 1.0 1.0072181466839774 1.0072181466839774 0.005138651056460608
59770.66302480591 4.4375 0.01949999999999985 1.01029253503531 0.008181772362223921 1.0 1.0072180924888205 1.0072180924888205 0.0030744425464894753
59770.66304074933 4.4375 0.01949999999999985 1.0156599702541 0.008188879192486908 1.0 1.0072180382936637 1.0072180382936637 0.0084419319604363
59770.66305669275 4.4375 0.01949999999999985 1.0136019483380578 0.009487419970257803 1.0 1.007217984098507 1.007217984098507 0.006383964239550899
59770.66307263617 4.4375 0.01949999999999985 1.0126596169531583 0.008208814079237627 1.0 1.00721792990335 1.00721792990335 0.005441687049808408
59770.66308857959 4.4375 0.01949999999999985 1.0072314112092329 0.008180951084330614 1.0 1.007217875708193 1.007217875708193 1.353550103977419e-05
59770.66310452301 4.4375 0.01949999999999985 1.009901351512131 0.00818915240995618 1.0 1.0072178215130363 1.0072178215130363 0.0026835299990946027
59770.66312046644 4.4375 0.01949999999999985 1.0215595011090952 0.008213650103104009 1.0 1.0072177673178548 1.0072177673178548 0.014341733791240374
59770.66313640985 4.4375 0.01949999999999985 1.0158673871335797 0.00819986596546148 1.0 1.0072177131227227 1.0072177131227227 0.008649674010857034
59770.66315235327 4.4375 0.01949999999999985 1.0102271238311338 0.008207016385258652 1.0 1.0072176589275659 1.0072176589275659 0.0030094649035679044
59770.6631682967 4.4375 0.01949999999999985 1.0007680582931844 0.008159987551294833 1.0 1.0072176047323842 1.0072176047323842 -0.006449546439199816
59770.66318424011 4.4375 0.01949999999999985 1.0193559007896045 0.008222078241482087 1.0 1.007217550537252 1.007217550537252 0.012138350252352437
59770.66320018354 4.4375 0.01949999999999985 1.0072684954124216 0.008189966124144918 1.0 1.0072174963420706 1.0072174963420706 5.099907035099882e-05
59770.66321612695 4.4375 0.01949999999999985 1.0005990677018812 0.008159165480569532 1.0 1.0072174421469384 1.0072174421469384 -0.006618374445057196
59770.66323207038 4.4375 0.01949999999999985 1.0013299424938988 0.0081478424918742 1.0 1.0072173879517567 1.0072173879517567 -0.005887445457857909
59770.6632480138 4.4375 0.01949999999999985 1.0100211965626207 0.008203787842562895 1.0 1.0072173337566 1.0072173337566 0.0028038628060207405
59770.66326395722 4.4375 0.01949999999999985 1.0140470823425909 0.008205048399259946 1.0 1.0072172795614431 1.0072172795614431 0.0068298027811477535
59770.66327990064 4.4375 0.01949999999999985 1.009630096959193 0.00818634441835038 1.0 1.0072172253662863 1.0072172253662863 0.002412871592906596
59770.66329584407 4.4375 0.01949999999999985 1.0038490363824042 0.008162556715205169 1.0 1.0072171711711047 1.0072171711711047 -0.003368134788700461
59770.66331178748 4.4375 0.01949999999999985 1.0012020558574546 0.008152399201988063 1.0 1.0072171169759725 1.0072171169759725 -0.006015061118517906
59770.6633277309 4.4375 0.01949999999999985 1.0045604497924985 0.00818377070340369 1.0 1.0072170627808157 1.0072170627808157 -0.0026566129883172085
59770.66334367432 4.4375 0.01949999999999985 1.0028355930741277 0.008189030577893908 1.0 1.0072170085856589 1.0072170085856589 -0.00438141551153115
59770.66335961774 4.4375 0.01949999999999985 0.9979995852965682 0.00815693380442619 1.0 1.007216954390502 1.007216954390502 -0.009217369093933891
59770.66337556117 4.4375 0.01949999999999985 1.0134805491209347 0.008218694204867861 1.0 1.0072169001953204 1.0072169001953204 0.0062636489256142625
59770.66339150458 4.4375 0.01949999999999985 0.9998651002497974 0.008175570106876626 1.0 1.0072168460001882 1.0072168460001882 -0.007351745750390881
59770.66340744801 4.4375 0.01949999999999985 1.004670152685537 0.00816975422803158 1.0 1.0072167918050068 1.0072167918050068 -0.002546639119469729
59770.66342339143 4.4375 0.01949999999999985 0.9960766740769859 0.008143969657241063 1.0 1.00721673760985 1.00721673760985 -0.01114006353286412
59770.66343933484 4.4375 0.01949999999999985 1.0053686807633961 0.008181432158197848 1.0 1.0072166834147178 1.0072166834147178 -0.0018480026513216785
59770.66345527827 4.4375 0.01949999999999985 1.018417961762585 0.008210510271009898 1.0 1.0072166292195361 1.0072166292195361 0.011201332543048892
59770.66347122169 4.4375 0.01949999999999985 1.0085600806620985 0.008192811211590717 1.0 1.0072165750243793 1.0072165750243793 0.0013435056377191223
59770.66348716511 4.4375 0.01949999999999985 0.9957738868739293 0.008139715805611484 1.0 1.0072165208292225 1.0072165208292225 -0.011442633955293213
59770.66350310853 4.4375 0.01949999999999985 1.0076939611425084 0.008168200085374307 1.0 1.0072164666340657 1.0072164666340657 0.0004774945084426996
59770.66351905195 4.4375 0.01949999999999985 1.023179174226522 0.008243012261608581 1.0 1.007216412438909 1.007216412438909 0.015962761787613022
59770.66353499537 4.4375 0.01949999999999985 0.9947526020807361 0.008147503435844446 1.0 1.0072163582437519 1.0072163582437519 -0.01246375616301576
59770.6635509388 4.4375 0.01949999999999985 0.9985700991639016 0.008155730335632157 1.0 1.0072163040485704 1.0072163040485704 -0.008646204884668829
59770.66356688221 4.4375 0.01949999999999985 0.9995156584994772 0.00815401611553833 1.0 1.0072162498534383 1.0072162498534383 -0.0077005913539610615
59770.66358282564 4.4375 0.01949999999999985 1.0039544085576753 0.008158356147662428 1.0 1.0072161956582568 1.0072161956582568 -0.003261787100581559
59770.66359876906 4.4375 0.01949999999999985 1.0100747111675863 0.008189921829033426 1.0 1.0072161414630998 1.0072161414630998 0.002858569704486502
59770.663614712474 4.4375 0.01949999999999985 1.009101107509298 0.00818976747198021 1.0 1.0072160872679679 1.0072160872679679 0.001885020241330082
59770.6636306559 4.4375 0.01949999999999985 1.0075245280592338 0.008173535502217229 1.0 1.0072160330727862 1.0072160330727862 0.0003084949864475828
59770.663646599314 4.4375 0.01949999999999985 1.0104039019028912 0.008184561923232738 1.0 1.007215978877654 1.007215978877654 0.0031879230252371826
59770.66366254274 4.4375 0.01949999999999985 0.9947138526661254 0.008163807149170652 1.0 1.0072159246824726 1.0072159246824726 -0.012502072016347121
59770.66367848616 4.4375 0.01949999999999985 0.9995987352887417 0.008161805479021329 1.0 1.0072158704873155 1.0072158704873155 -0.007617135198573877
59770.66369442958 4.4375 0.01949999999999985 0.9963139350173631 0.008164168753656723 1.0 1.0072158162921587 1.0072158162921587 -0.010901881274795633
59770.663710373 4.4375 0.01949999999999985 1.0088776021048074 0.0081852205718241 1.0 1.007215762097002 1.007215762097002 0.0016618400078054485
59770.66372631643 4.4375 0.01949999999999985 1.016004096276339 0.00820066044994589 1.0 1.0072157079018202 1.0072157079018202 0.008788388374518785
59770.66374225984 4.4375 0.01949999999999985 0.9933191027282511 0.008171454935953674 1.0 1.0072156537066883 1.0072156537066883 -0.013896550978437228
59770.66375820327 4.4375 0.01949999999999985 0.9984818134553385 0.008181639452510785 1.0 1.0072155995115066 1.0072155995115066 -0.008733786056168147
59770.663774146684 4.4375 0.01949999999999985 1.0041871316696296 0.008173470131406523 1.0 1.0072155453163745 1.0072155453163745 -0.0030284136467448874
59770.663790090104 4.4375 0.01949999999999985 1.017646669943683 0.00821335999464477 1.0 1.0072154911212177 1.0072154911212177 0.010431178822465359
59770.66380603353 4.4375 0.01949999999999985 1.005432160743244 0.008171759001614744 1.0 1.0072154369260362 1.0072154369260362 -0.0017832761827922816
59770.663821976945 4.4375 0.01949999999999985 1.0079055236153083 0.008163393982780175 1.0 1.007215382730904 1.007215382730904 0.0006901408844042223
59770.66383792037 4.4375 0.01949999999999985 1.0052731862285764 0.008190716635670628 1.0 1.0072153285357224 1.0072153285357224 -0.0019421423071459554
59770.66385386379 4.4375 0.01949999999999985 1.000169285938807 0.008171818064170592 1.0 1.0072152743405656 1.0072152743405656 -0.007045988401758629
59770.66386980721 4.4375 0.01949999999999985 1.007060687911531 0.008179713554825512 1.0 1.0072152201454088 1.0072152201454088 -0.00015453223387784654
59770.66388575063 4.4375 0.01949999999999985 1.0115519509185025 0.008186754143717149 1.0 1.007215165950252 1.007215165950252 0.004336784968250518
59770.663901694046 4.4375 0.01949999999999985 1.010047741523157 0.008183179723824388 1.0 1.0072151117551198 1.0072151117551198 0.0028326297680372203
59770.663917637474 4.4375 0.01949999999999985 1.0055948356812072 0.008161461568865958 1.0 1.0072150575599381 1.0072150575599381 -0.0016202218787308986
59770.6639335809 4.4375 0.01949999999999985 1.0089899663100508 0.008184457594482667 1.0 1.0072150033647567 1.0072150033647567 0.0017749629452941118
59770.663949524314 4.4375 0.01949999999999985 1.0200874916578482 0.008211213939048284 1.0 1.0072149491696245 1.0072149491696245 0.01287254248822367
59770.663965467735 4.4375 0.01949999999999985 1.0177995654826641 0.008201816766176108 1.0 1.0072148949744677 1.0072148949744677 0.010584670508196448
59770.66398141116 4.4375 0.01949999999999985 1.0043094300451147 0.008201780110686147 1.0 1.007214840779286 1.007214840779286 -0.0029054107341712765
59770.663997354575 4.4375 0.01949999999999985 1.0136027535059453 0.008213532051028639 1.0 1.0072147865841539 1.0072147865841539 0.006387966921791444
59770.664013298 4.4375 0.01949999999999985 1.0111651595381985 0.008196525186776146 1.0 1.0072147323889724 1.0072147323889724 0.00395042714922611
59770.664029241416 4.4375 0.01949999999999985 1.0160320964681095 0.008191881348649987 1.0 1.0072146781938403 1.0072146781938403 0.008817418274269295
59770.66404518484 4.4375 0.01949999999999985 1.0190736494284147 0.008213296773807485 1.0 1.0072146239986586 1.0072146239986586 0.011859025429756143
59770.664061128264 4.4375 0.01949999999999985 1.0041039435940953 0.00818069466238234 1.0 1.0072145698035018 1.0072145698035018 -0.0031106262094064974
59770.66407707168 4.4375 0.01949999999999985 1.018581295959855 0.008177981080076642 1.0 1.0072145156083696 1.0072145156083696 0.011366780351485417
59770.664093015104 4.4375 0.01949999999999985 1.0210028226611618 0.00821118055345297 1.0 1.0072144614131882 1.0072144614131882 0.013788361247973668
59770.664108958525 4.4375 0.01949999999999985 1.0061965423602097 0.008180787153149313 1.0 1.0072144072180313 1.0072144072180313 -0.0010178648578216265
59770.664124901945 4.4375 0.01949999999999985 1.0182253635174023 0.008206596208979114 1.0 1.0072143530228745 1.0072143530228745 0.011011010494527795
59770.664140845365 4.4375 0.01949999999999985 1.0003131167744383 0.008175582771639208 1.0 1.0072142988277175 1.0072142988277175 -0.0069011820532791646
59770.664156788785 4.4375 0.01949999999999985 1.016916895543335 0.0082077020443501 1.0 1.0072142446325607 1.0072142446325607 0.009702650910774269
59770.664172732206 4.4375 0.01949999999999985 1.0036353723101517 0.008184545347701834 1.0 1.007214190437404 1.007214190437404 -0.003578818127252248
59770.664188675626 4.4375 0.01949999999999985 0.9970140959254749 0.008176449708743675 1.0 1.007214136242247 1.007214136242247 -0.010200040316772241
59770.664204619046 4.4375 0.01949999999999985 1.0140743899223519 0.008196654182409635 1.0 1.0072140820470903 1.0072140820470903 0.006860307875261595
59770.664220562474 4.4375 0.01949999999999985 1.005898224459226 0.008164991196473681 1.0 1.0072140278519086 1.0072140278519086 -0.0013158033926825574
59770.664236505894 4.4375 0.01949999999999985 1.010533317396276 0.00820454431366662 1.0 1.0072139736567518 1.0072139736567518 0.0033193437395242498
59770.66425244931 4.4375 0.01949999999999985 1.0140029153696115 0.00820525834537709 1.0 1.0072139194616196 1.0072139194616196 0.006788995907991868
59770.664268392735 4.4375 0.01949999999999985 1.0211520657295001 0.008211208798323145 1.0 1.0072138652664382 1.0072138652664382 0.013938200463061934
59770.66428433615 4.4375 0.01949999999999985 1.00793189250583 0.008177171033714086 1.0 1.007213811071306 1.007213811071306 0.0007180814345240094
59770.664300279575 4.4375 0.01949999999999985 1.00750620515173 0.008166415174366762 1.0 1.0072137568761244 1.0072137568761244 0.00029244827560570563
59770.664316222996 4.4375 0.01949999999999985 1.0086071719507366 0.008186625992436922 1.0 1.0072137026809675 1.0072137026809675 0.001393469269769021
59770.664332166416 4.4375 0.01949999999999985 1.018222210378551 0.008188914071366587 1.0 1.0072136484858107 1.0072136484858107 0.011008561892740243
59770.664348109836 4.4375 0.01949999999999985 1.005767899297953 0.008181245818115964 1.0 1.007213594290654 1.007213594290654 -0.0014456949927008633
59770.66436405326 4.4375 0.01949999999999985 1.012673563417076 0.00819407286488423 1.0 1.007213540095497 1.007213540095497 0.005460023321579133
59770.66437999668 4.4375 0.01949999999999985 0.9945892499264103 0.008180965589476778 1.0 1.00721348590034 1.00721348590034 -0.01262423597392981
59770.664395940104 4.4375 0.01949999999999985 1.0007155459565291 0.008175462707526839 1.0 1.0072134317051586 1.0072134317051586 -0.006497885748629528
59770.66441188352 4.4375 0.01949999999999985 1.01331272235522 0.008214675003678005 1.0 1.0072133775100265 1.0072133775100265 0.006099344845193588
59770.66442782694 4.4375 0.01949999999999985 1.006455632710676 0.008171464372732553 1.0 1.0072133233148697 1.0072133233148697 -0.0007576906041937281
59770.664443770365 4.4375 0.01949999999999985 1.006785113934545 0.008175626731164279 1.0 1.007213269119688 1.007213269119688 -0.0004281551851430532
59770.66445971378 4.4375 0.01949999999999985 1.0009600749506053 0.008185089824738388 1.0 1.0072132149245558 1.0072132149245558 -0.0062531399739504945
59770.664475657206 4.4375 0.01949999999999985 1.0244025274041533 0.008204080239068863 1.0 1.0072131607293744 1.0072131607293744 0.017189366674778883
59770.664491600626 4.4375 0.01949999999999985 1.0031702826220652 0.008188066424670746 1.0 1.0072131065342176 1.0072131065342176 -0.004042823912152382
59770.66450754405 4.4375 0.01949999999999985 1.0238700061600075 0.008214320536432246 1.0 1.0072130523390606 1.0072130523390606 0.016656953820946896
59770.66452348747 4.4375 0.01949999999999985 1.0131364559269318 0.008185981472881436 1.0 1.0072129981439037 1.0072129981439037 0.005923457783028052
59770.66453943088 4.4375 0.01949999999999985 1.0053545454349646 0.008192034473733864 1.0 1.0072129439487716 1.0072129439487716 -0.0018583985138069803
59770.66455537431 4.4375 0.01949999999999985 1.015604386470808 0.008197382934505082 1.0 1.0072128897535901 1.0072128897535901 0.008391496717217839
59770.66457131773 4.4375 0.01949999999999985 1.0087266764379672 0.0081918468026521 1.0 1.0072128355584333 1.0072128355584333 0.0015138408795338787
59770.66458726115 4.4375 0.01949999999999985 1.004720819430142 0.008194843094015783 1.0 1.0072127813632765 1.0072127813632765 -0.002491961933134501
59770.66460320457 4.4375 0.01949999999999985 1.007122295035563 0.008198360623083531 1.0 1.0072127271681195 1.0072127271681195 -9.043213255655047e-05
59770.664619147996 4.4375 0.01949999999999985 1.00900679609752 0.008186265393536361 1.0 1.007212672972938 1.007212672972938 0.0017941231245819367
59770.66463509141 4.4375 0.01949999999999985 1.001165648434279 0.008174635501519518 1.0 1.0072126187778059 1.0072126187778059 -0.0060469703435268585
59770.66465103483 4.4375 0.01949999999999985 1.0069677260863534 0.008180949525955224 1.0 1.007212564582649 1.007212564582649 -0.0002448384962956407
59770.66466697825 4.4375 0.01949999999999985 1.0087625205838329 0.00818353533471366 1.0 1.0072125103874923 1.0072125103874923 0.001550010196340601
59770.66468292168 4.4375 0.01949999999999985 1.0115213953310642 0.008196456563294532 1.0 1.0072124561923106 1.0072124561923106 0.004308939138753631
59770.6646988651 4.4375 0.01949999999999985 1.0128062477911097 0.008206766064493356 1.0 1.0072124019971538 1.0072124019971538 0.005593845793955943
