eureka_custom_plots/data/stage5_lcfit_results/S5_wasp39b_ap4_bg8_Table_Save_ch10.txt
# %ECSV 1.0
# ---
# datatype:
# - {name: time, datatype: float64}
# - {name: wavelength, datatype: float64}
# - {name: bin_width, datatype: float64}
# - {name: lcdata, datatype: float64}
# - {name: lcerr, datatype: float64}
# - {name: transit, datatype: float64}
# - {name: polynom, datatype: float64}
# - {name: model, datatype: float64}
# - {name: residuals, datatype: float64}
# schema: astropy-2.0
time wavelength bin_width lcdata lcerr transit polynom model residuals
[from data line 1822]
59770.673069161014 3.4025 0.019500000000000073 1.0071208435443575 0.004133815782203795 1.0 1.0073182619875798 1.0073182619875798 -0.00019741844322229696
59770.673085104434 3.4025 0.019500000000000073 1.0091419650441271 0.004135046534716149 1.0 1.007318158761332 1.007318158761332 0.001823806282795104
59770.673101047854 3.4025 0.019500000000000073 1.0034320795448344 0.004126478249046188 1.0 1.0073180555350842 1.0073180555350842 -0.003885975990249868
59770.673116991275 3.4025 0.019500000000000073 1.0115413349812807 0.004143556822120593 1.0 1.0073179523088365 1.0073179523088365 0.004223382672444265
59770.673132934695 3.4025 0.019500000000000073 1.003107745426238 0.004128567485415958 1.0 1.0073178490825885 1.0073178490825885 -0.004210103656350439
59770.673148878115 3.4025 0.019500000000000073 1.000833449179062 0.0041234252626729685 1.0 1.0073177458563407 1.0073177458563407 -0.006484296677278678
59770.67316482154 3.4025 0.019500000000000073 1.0079650264146016 0.0041320685934124485 1.0 1.0073176426300459 1.0073176426300459 0.0006473837845557551
59770.673180764956 3.4025 0.019500000000000073 1.0035442112851012 0.004127821648352773 1.0 1.0073175394038452 1.0073175394038452 -0.0037733281187439793
59770.673196708376 3.4025 0.019500000000000073 1.0141281429387838 0.004146611043136379 1.0 1.0073174361775974 1.0073174361775974 0.006810706761186447
59770.6732126518 3.4025 0.019500000000000073 0.999557760399629 0.004122683345404315 1.0 1.0073173329513025 1.0073173329513025 -0.007759572551673588
59770.67322859522 3.4025 0.019500000000000073 1.0051311181458285 0.004132573044401956 1.0 1.0073172297251018 1.0073172297251018 -0.0021861115792733976
59770.673244538644 3.4025 0.019500000000000073 1.0043281196864258 0.004125322329655478 1.0 1.007317126498807 1.007317126498807 -0.002989006812381234
59770.67326048206 3.4025 0.019500000000000073 1.0063632048731417 0.004131594722352964 1.0 1.0073170232726063 1.0073170232726063 -0.0009538183994646232
59770.673276425485 3.4025 0.019500000000000073 1.0068929030473441 0.004130777590316303 1.0 1.0073169200463112 1.0073169200463112 -0.00042401699896710277
59770.673292368905 3.4025 0.019500000000000073 1.0053692458997698 0.004132749482334984 1.0 1.0073168168200635 1.0073168168200635 -0.0019475709202936287
59770.673308312325 3.4025 0.019500000000000073 1.0086931401376178 0.004135588522905604 1.0 1.0073167135938157 1.0073167135938157 0.0013764265438021006
59770.673324255746 3.4025 0.019500000000000073 1.0019202267600573 0.004120971297674514 1.0 1.007316610367568 1.007316610367568 -0.005396383607510602
59770.673340199166 3.4025 0.019500000000000073 "" "" 1.0 1.0073165071413201 1.0073165071413201 ""
59770.673356142586 3.4025 0.019500000000000073 1.0049085741675072 0.004131338886296469 1.0 1.0073164039150724 1.0073164039150724 -0.002407829747565149
59770.67337208601 3.4025 0.019500000000000073 1.0126045811771451 0.004138839707573882 1.0 1.0073163006888246 1.0073163006888246 0.005288280488320529
59770.67338802943 3.4025 0.019500000000000073 1.0078387708185415 0.004137260195295424 1.0 1.0073161974625768 1.0073161974625768 0.0005225733559646173
59770.67340397285 3.4025 0.019500000000000073 1.0013346234867893 0.004126742978427349 1.0 1.007316094236329 1.007316094236329 -0.005981470749539808
59770.673419916275 3.4025 0.019500000000000073 1.00740853671807 0.004133271568063585 1.0 1.007315991010034 1.007315991010034 9.254570803607365e-05
59770.67343585969 3.4025 0.019500000000000073 1.0058455111703084 0.004134925676283829 1.0 1.0073158877838333 1.0073158877838333 -0.001470376613524893
59770.673451803115 3.4025 0.019500000000000073 1.0078759485386815 0.004135184901471672 1.0 1.0073157845575385 1.0073157845575385 0.0005601639811430026
59770.67346774653 3.4025 0.019500000000000073 1.007624647225722 0.004137996513439963 1.0 1.0073156813313378 1.0073156813313378 0.0003089658943842277
59770.67348368995 3.4025 0.019500000000000073 1.0044728761856287 0.00412841495287325 1.0 1.00731557810509 1.00731557810509 -0.0028427019194612324
59770.673499633376 3.4025 0.019500000000000073 1.0061851060085083 0.004133569684727523 1.0 1.0073154748787951 1.0073154748787951 -0.0011303688702868353
59770.6735155768 3.4025 0.019500000000000073 1.0037968830126527 0.004130508095612019 1.0 1.0073153716525474 1.0073153716525474 -0.003518488639894679
59770.67353152022 3.4025 0.019500000000000073 1.0103552515200174 0.0041394191538728755 1.0 1.0073152684262996 1.0073152684262996 0.0030399830937177796
59770.67354746363 3.4025 0.019500000000000073 1.003928534112505 0.004131839702521189 1.0 1.007315165200099 1.007315165200099 -0.00338663108759385
59770.67356340706 3.4025 0.019500000000000073 1.0006712126555715 0.004762087988849837 1.0 1.0073150619738038 1.0073150619738038 -0.006643849318232364
59770.67357935048 3.4025 0.019500000000000073 1.0045524983953547 0.004125344631648084 1.0 1.007314958747556 1.007314958747556 -0.0027624603522014013
59770.6735952939 3.4025 0.019500000000000073 1.0104277755820767 0.00413775950978543 1.0 1.0073148555213083 1.0073148555213083 0.003112920060768465
59770.67361123732 3.4025 0.019500000000000073 1.0088297739698184 0.004136254241816829 1.0 1.0073147522950605 1.0073147522950605 0.0015150216747579215
59770.673627180746 3.4025 0.019500000000000073 1.0062215730787833 0.004129561890227646 1.0 1.0073146490687657 1.0073146490687657 -0.0010930759899823173
59770.67364312416 3.4025 0.019500000000000073 1.0075461657589573 0.00413668422737368 1.0 1.007314545842565 1.007314545842565 0.0002316199163923116
59770.67365906758 3.4025 0.019500000000000073 1.014006354429404 0.004146402960983196 1.0 1.0073144426163172 1.0073144426163172 0.006691911813086815
59770.673675011 3.4025 0.019500000000000073 1.0052203295911695 0.004128991775258451 1.0 1.0073143393900694 1.0073143393900694 -0.002094009798899954
59770.67369095442 3.4025 0.019500000000000073 1.0110130236831645 0.004139128475566123 1.0 1.0073142361638217 1.0073142361638217 0.0036987875193428277
59770.67370689785 3.4025 0.019500000000000073 1.0084035228294892 0.004136756156648224 1.0 1.0073141329375266 1.0073141329375266 0.001089389891962611
59770.67372284126 3.4025 0.019500000000000073 1.0025193131926564 0.004130853314339297 1.0 1.0073140297113259 1.0073140297113259 -0.004794716518669473
59770.67373878469 3.4025 0.019500000000000073 1.0081347993746341 0.004136912807192118 1.0 1.007313926485031 1.007313926485031 0.0008208728896030859
59770.6737547281 3.4025 0.019500000000000073 1.0051190222156792 0.004131919390061483 1.0 1.0073138232588303 1.0073138232588303 -0.0021948010431511733
59770.67377067153 3.4025 0.019500000000000073 1.0090408447242876 0.004130513319589094 1.0 1.0073137200325355 1.0073137200325355 0.0017271246917520688
59770.67378661495 3.4025 0.019500000000000073 1.0068757884641364 0.004135508051547762 1.0 1.0073136168062877 1.0073136168062877 -0.00043782834215133626
59770.67380255837 3.4025 0.019500000000000073 1.0076417766328865 0.0041343952631733814 1.0 1.00731351358004 1.00731351358004 0.00032826305284650026
59770.67381850179 3.4025 0.019500000000000073 1.0043232711650105 0.004128402603516901 1.0 1.0073134103537922 1.0073134103537922 -0.0029901391887816597
59770.67383444521 3.4025 0.019500000000000073 1.008672645268661 0.004135258140446324 1.0 1.0073133071275442 1.0073133071275442 0.0013593381411167726
59770.67385038863 3.4025 0.019500000000000073 1.0086586363868613 0.004137828739511004 1.0 1.0073132039012964 1.0073132039012964 0.0013454324855648458
59770.67386633205 3.4025 0.019500000000000073 1.0125971777178877 0.004140428729852427 1.0 1.0073131006750486 1.0073131006750486 0.005284077042839064
59770.67388227547 3.4025 0.019500000000000073 1.0127122442387788 0.004140630355106125 1.0 1.0073129974488009 1.0073129974488009 0.005399246789977941
59770.67389821889 3.4025 0.019500000000000073 1.0031195324625308 0.004126825286689496 1.0 1.007312894222553 1.007312894222553 -0.004193361760022274
59770.67391416232 3.4025 0.019500000000000073 1.0051388424976238 0.004129914492117991 1.0 1.0073127909962583 1.0073127909962583 -0.0021739484986345037
59770.67393010573 3.4025 0.019500000000000073 1.010865598971084 0.00413400714395406 1.0 1.0073126877700576 1.0073126877700576 0.0035529112010264097
59770.67394604915 3.4025 0.019500000000000073 1.0070231530359333 0.004138892805406775 1.0 1.0073125845438098 1.0073125845438098 -0.0002894315078765253
59770.67396199257 3.4025 0.019500000000000073 1.0097301639339407 0.004136841395805523 1.0 1.007312481317562 1.007312481317562 0.002417682616378647
59770.673977936 3.4025 0.019500000000000073 1.0075764425234761 0.004137137885696945 1.0 1.007312378091267 1.007312378091267 0.00026406443220916564
59770.67399387942 3.4025 0.019500000000000073 1.0008370450228272 0.0041236677827125885 1.0 1.0073122748650192 1.0073122748650192 -0.006475229842191954
59770.67400982283 3.4025 0.019500000000000073 1.0142512840449602 0.004140580258160102 1.0 1.0073121716388185 1.0073121716388185 0.006939112406141756
59770.67402576626 3.4025 0.019500000000000073 1.010135891943992 0.004141881795111594 1.0 1.0073120684125236 1.0073120684125236 0.0028238235314683724
59770.67404170968 3.4025 0.019500000000000073 1.0117138018141374 0.0041404458431896956 1.0 1.0073119651862759 1.0073119651862759 0.004401836627861533
59770.6740576531 3.4025 0.019500000000000073 1.0079793093690292 0.004134636743524598 1.0 1.007311861960028 1.007311861960028 0.000667447409001154
59770.67407359652 3.4025 0.019500000000000073 1.0099803324686056 0.004133447557956475 1.0 1.0073117587337803 1.0073117587337803 0.002668573734825319
59770.67408953994 3.4025 0.019500000000000073 1.009191518973655 0.004137484541656775 1.0 1.0073116555075325 1.0073116555075325 0.0018798634661225666
59770.67410548336 3.4025 0.019500000000000073 1.0098821141490795 0.004136913738501038 1.0 1.0073115522812848 1.0073115522812848 0.002570561867794696
59770.67412142678 3.4025 0.019500000000000073 1.0002244959544768 0.004118709176882577 1.0 1.0073114490550368 1.0073114490550368 -0.007086953100559956
59770.6741373702 3.4025 0.019500000000000073 1.0029941414464298 0.0041249150090707214 1.0 1.007311345828789 1.007311345828789 -0.004317204382359163
59770.67415331362 3.4025 0.019500000000000073 1.0083595340882237 0.004129152955548647 1.0 1.0073112426025412 1.0073112426025412 0.0010482914856824177
59770.67416925704 3.4025 0.019500000000000073 1.004043995500073 0.004130520703254966 1.0 1.0073111393762935 1.0073111393762935 -0.003267143876220402
59770.67418520046 3.4025 0.019500000000000073 1.0027960774188793 0.004126940614712455 1.0 1.0073110361500457 1.0073110361500457 -0.004514958731166363
59770.67420114389 3.4025 0.019500000000000073 1.0036880064593432 0.004130781941033366 1.0 1.0073109329237508 1.0073109329237508 -0.0036229264644076498
59770.674217087304 3.4025 0.019500000000000073 1.0081979708217899 0.004135660240459549 1.0 1.0073108296975501 1.0073108296975501 0.0008871411242397098
59770.674233030724 3.4025 0.019500000000000073 1.0098201780924771 0.004142244959518638 1.0 1.0073107264713024 1.0073107264713024 0.002509451621174774
59770.67424897415 3.4025 0.019500000000000073 1.0103224382692884 0.004136988515798985 1.0 1.0073106232450075 1.0073106232450075 0.0030118150242808284
59770.67426491757 3.4025 0.019500000000000073 1.0049739762388832 0.0041340636792828655 1.0 1.0073105200187595 1.0073105200187595 -0.0023365437798763544
59770.67428086099 3.4025 0.019500000000000073 1.0066138682222603 0.004129673502035071 1.0 1.0073104167925118 1.0073104167925118 -0.0006965485702514762
59770.674296804405 3.4025 0.019500000000000073 1.0093507792175291 0.004138602429663267 1.0 1.007310313566311 1.007310313566311 0.0020404656512180708
59770.67431274783 3.4025 0.019500000000000073 1.0013315559304565 0.004122798161014703 1.0 1.0073102103400162 1.0073102103400162 -0.005978654409559692
59770.67432869125 3.4025 0.019500000000000073 1.014205024591392 0.0041404504364005 1.0 1.0073101071137684 1.0073101071137684 0.006894917477623608
59770.67434463467 3.4025 0.019500000000000073 1.009865582592682 0.004140892764715615 1.0 1.0073100038875207 1.0073100038875207 0.002555578705161432
59770.674360578094 3.4025 0.019500000000000073 1.0036469943111441 0.004129837483751995 1.0 1.007309900661273 1.007309900661273 -0.0036629063501287806
59770.674376521514 3.4025 0.019500000000000073 1.0150016915760403 0.004145373929082167 1.0 1.0073097974350251 1.0073097974350251 0.007691894141015121
59770.674392464934 3.4025 0.019500000000000073 1.0016283649487017 0.004122949677689512 1.0 1.0073096942087774 1.0073096942087774 -0.005681329260075696
59770.674408408355 3.4025 0.019500000000000073 1.0079958853831854 0.0041353769378201285 1.0 1.0073095909825296 1.0073095909825296 0.000686294400655818
59770.674424351775 3.4025 0.019500000000000073 1.003772289417688 0.004124170487001079 1.0 1.0073094877562816 1.0073094877562816 -0.0035371983385936723
59770.6744402952 3.4025 0.019500000000000073 1.0123473489561197 0.004137453184304567 1.0 1.0073093845299868 1.0073093845299868 0.005037964426132913
59770.67445623862 3.4025 0.019500000000000073 1.0069462885347435 0.004128445023796432 1.0 1.007309281303739 1.007309281303739 -0.0003629927689954293
59770.674472182036 3.4025 0.019500000000000073 1.0111883718938277 0.004140291887480752 1.0 1.0073091780775383 1.0073091780775383 0.003879193816289428
59770.67448812546 3.4025 0.019500000000000073 1.001720516107286 0.004124869671899289 1.0 1.0073090748512434 1.0073090748512434 -0.005588558743957472
59770.67450406888 3.4025 0.019500000000000073 1.0120649476930696 0.004136968211988213 1.0 1.0073089716250427 1.0073089716250427 0.0047559760680269125
59770.674520012304 3.4025 0.019500000000000073 1.0013820446708943 0.0041235162543421106 1.0 1.007308868398748 1.007308868398748 -0.005926823727853581
59770.674535955724 3.4025 0.019500000000000073 1.008644443397101 0.0041405771883104205 1.0 1.0073087651725001 1.0073087651725001 0.0013356782246007892
59770.674551899145 3.4025 0.019500000000000073 1.0090444756924537 0.0041346237202686915 1.0 1.0073086619462521 1.0073086619462521 0.0017358137462015755
59770.674567842565 3.4025 0.019500000000000073 1.0055420777371222 0.004133666248234562 1.0 1.0073085587200044 1.0073085587200044 -0.0017664809828821237
59770.67458378598 3.4025 0.019500000000000073 1.0079940451527831 0.004133889818178096 1.0 1.0073084554938037 1.0073084554938037 0.0006855896589794686
59770.674599729406 3.4025 0.019500000000000073 1.0106556824044768 0.004135199819830886 1.0 1.0073083522675088 1.0073083522675088 0.003347330136967974
59770.674615672826 3.4025 0.019500000000000073 1.004674888455061 0.004129441815333116 1.0 1.007308249041261 1.007308249041261 -0.0026333605862001175
59770.674631616246 3.4025 0.019500000000000073 1.005609507785867 0.004135250689620541 1.0 1.0073081458150133 1.0073081458150133 -0.00169863802914616
59770.67464755967 3.4025 0.019500000000000073 1.0034625368411743 0.004130183818642261 1.0 1.0073080425887655 1.0073080425887655 -0.003845505747591238
59770.674663503094 3.4025 0.019500000000000073 1.0058299512850584 0.004136001752477466 1.0 1.0073079393624707 1.0073079393624707 -0.0014779880774122844
59770.67467944651 3.4025 0.019500000000000073 1.010260430981659 0.004140864458593304 1.0 1.00730783613627 1.00730783613627 0.0029525948453890116
59770.67469538993 3.4025 0.019500000000000073 1.0101416235284402 0.00413904869059699 1.0 1.0073077329100222 1.0073077329100222 0.002833890618417989
59770.67471133335 3.4025 0.019500000000000073 1.0105921228753887 0.004140369342321692 1.0 1.0073076296837742 1.0073076296837742 0.0032844931916145015
59770.674727276775 3.4025 0.019500000000000073 1.010879807889401 0.004141743036216317 1.0 1.0073075264574793 1.0073075264574793 0.0035722814319216756
59770.674743220196 3.4025 0.019500000000000073 1.0079439533195866 0.004137710147622444 1.0 1.0073074232312316 1.0073074232312316 0.0006365300883550695
59770.67475916361 3.4025 0.019500000000000073 1.006012780512789 0.004134132650761086 1.0 1.0073073200050309 1.0073073200050309 -0.0012945394922418973
