eureka_custom_plots/data/stage5_lcfit_results/S5_wasp39b_ap4_bg8_Table_Save_ch58.txt
# %ECSV 1.0
# ---
# datatype:
# - {name: time, datatype: float64}
# - {name: wavelength, datatype: float64}
# - {name: bin_width, datatype: float64}
# - {name: lcdata, datatype: float64}
# - {name: lcerr, datatype: float64}
# - {name: transit, datatype: float64}
# - {name: polynom, datatype: float64}
# - {name: model, datatype: float64}
# - {name: residuals, datatype: float64}
# schema: astropy-2.0
time wavelength bin_width lcdata lcerr transit polynom model residuals
[from data line 21018]
59770.97911904254 5.2425 0.01949999999999985 1.02349093119185 0.013392716571298988 1.0 1.0060089667179788 1.0060089667179788 0.017481964473871292
59770.97913498595 5.2425 0.01949999999999985 0.9958052985965207 0.01330284146602443 1.0 1.006008930980203 1.006008930980203 -0.01020363238368227
59770.97915092937 5.2425 0.01949999999999985 1.0182512058797428 0.013342753639331604 1.0 1.0060088952424107 1.0060088952424107 0.012242310637332166
59770.97916687279 5.2425 0.01949999999999985 1.0005621626499774 0.013313113148634995 1.0 1.0060088595046184 1.0060088595046184 -0.005446696854640942
59770.979182816205 5.2425 0.01949999999999985 1.0247292290264824 0.013354380970004928 1.0 1.0060088237668423 1.0060088237668423 0.018720405259640138
59770.979198759625 5.2425 0.01949999999999985 1.0260522954161775 0.01343268485970549 1.0 1.00600878802905 1.00600878802905 0.020043507387127457
59770.979214703046 5.2425 0.01949999999999985 1.0022173725802743 0.013294417559139146 1.0 1.0060087522912577 1.0060087522912577 -0.0037913797109834224
59770.979230646466 5.2425 0.01949999999999985 1.0114471388012929 0.013369086264674167 1.0 1.0060087165534655 1.0060087165534655 0.0054384222478274236
59770.97924658988 5.2425 0.01949999999999985 1.016717110014337 0.013323810711008946 1.0 1.0060086808156896 1.0060086808156896 0.010708429198647451
59770.9792625333 5.2425 0.01949999999999985 0.9825872359898541 0.013348997905604463 1.0 1.0060086450778973 1.0060086450778973 -0.023421409088043244
59770.97927847672 5.2425 0.01949999999999985 0.9766600343885847 0.013274206750281431 1.0 1.0060086093401048 1.0060086093401048 -0.0293485749515201
59770.97929442014 5.2425 0.01949999999999985 0.9957199890170458 0.013294518577576336 1.0 1.0060085736023126 1.0060085736023126 -0.010288584585266713
59770.97931036355 5.2425 0.01949999999999985 0.992140699597809 0.013392853577613356 1.0 1.0060085378645367 1.0060085378645367 -0.013867838266727661
59770.97932630697 5.2425 0.01949999999999985 0.9915614862481246 0.013294087248387475 1.0 1.0060085021267444 1.0060085021267444 -0.014447015878619851
59770.97934225039 5.2425 0.01949999999999985 0.9984090930796284 0.013272293005431342 1.0 1.0060084663889521 1.0060084663889521 -0.007599373309323698
59770.97935819381 5.2425 0.01949999999999985 0.9788901381642835 0.013294546623567221 1.0 1.006008430651176 1.006008430651176 -0.02711829248689257
59770.979374137234 5.2425 0.01949999999999985 0.9822870616131171 0.013294130867314659 1.0 1.0060083949133676 1.0060083949133676 -0.023721333300250502
59770.97939008065 5.2425 0.01949999999999985 0.9971232318724905 0.013313601472560372 1.0 1.0060083591755915 1.0060083591755915 -0.008885127303100981
59770.97940602407 5.2425 0.01949999999999985 0.989972705896659 0.013345775725503009 1.0 1.0060083234377992 1.0060083234377992 -0.016035617541140246
59770.97942196748 5.2425 0.01949999999999985 1.0041003005739972 0.01332009110604229 1.0 1.0060082877000234 1.0060082877000234 -0.0019079871260261339
59770.9794379109 5.2425 0.01949999999999985 0.9854515851128197 0.013298004634358948 1.0 1.0060082519622309 1.0060082519622309 -0.020556666849411154
59770.97945385432 5.2425 0.01949999999999985 1.0077938231596237 0.013318863045142482 1.0 1.0060082162244386 1.0060082162244386 0.0017856069351851467
59770.97946979774 5.2425 0.01949999999999985 1.0134885991635207 0.013428923024837652 1.0 1.0060081804866463 1.0060081804866463 0.007480418676874434
59770.979485741154 5.2425 0.01949999999999985 1.0005303678992525 0.013384964902765096 1.0 1.0060081447488705 1.0060081447488705 -0.005477776849617921
59770.979501684575 5.2425 0.01949999999999985 1.04074198892158 0.013479709935547585 1.0 1.0060081090110782 1.0060081090110782 0.03473387991050192
59770.979517627995 5.2425 0.01949999999999985 0.982848102880049 0.013301203964963556 1.0 1.006008073273286 1.006008073273286 -0.023159970393236917
59770.97953357141 5.2425 0.01949999999999985 1.0039356105162072 0.013376877275119986 1.0 1.0060080375355098 1.0060080375355098 -0.0020724270193026584
59770.979549514836 5.2425 0.01949999999999985 0.9839767578155832 0.013223572734744584 1.0 1.0060080017977013 1.0060080017977013 -0.022031243982118087
59770.97956545825 5.2425 0.01949999999999985 1.0059952634267721 0.013352940913678732 1.0 1.0060079660599253 1.0060079660599253 -1.2702633153116594e-05
59770.97958140167 5.2425 0.01949999999999985 0.9947188066515931 0.013327369305194984 1.0 1.006007930322133 1.006007930322133 -0.011289123670539913
59770.97959734508 5.2425 0.01949999999999985 1.0182772007106904 0.013323877866510387 1.0 1.006007894584357 1.006007894584357 0.012269306126333479
59770.9796132885 5.2425 0.01949999999999985 1.0387818746245792 0.015054442481187143 1.0 1.0060078588465646 1.0060078588465646 0.03277401577801453
59770.97962923192 5.2425 0.01949999999999985 1.0269064654820461 0.01337548633690549 1.0 1.0060078231087723 1.0060078231087723 0.020898642373273768
59770.979645175335 5.2425 0.01949999999999985 1.0232705977110819 0.013467689007111476 1.0 1.0060077873709965 1.0060077873709965 0.017262810340085366
59770.97966111876 5.2425 0.01949999999999985 1.0084905461881646 0.013360515580072398 1.0 1.0060077516331878 1.0060077516331878 0.002482794554976797
59770.979677062176 5.2425 0.01949999999999985 0.9984960245111146 0.013309517846742332 1.0 1.006007715895412 1.006007715895412 -0.007511691384297303
59770.979693005596 5.2425 0.01949999999999985 1.0124626961303698 0.01334875886007032 1.0 1.0060076801576197 1.0060076801576197 0.006455015972750111
59770.97970894901 5.2425 0.01949999999999985 1.0058328402678396 0.013292656290131162 1.0 1.0060076444198436 1.0060076444198436 -0.00017480415200399335
59770.97972489243 5.2425 0.01949999999999985 0.9932513998587493 0.013303402414222681 1.0 1.0060076086820513 1.0060076086820513 -0.012756208823301973
59770.97974083585 5.2425 0.01949999999999985 0.9944353207475534 0.013324163734185292 1.0 1.006007572944259 1.006007572944259 -0.011572252196705657
59770.97975677927 5.2425 0.01949999999999985 0.9960519059120136 0.013323995026670699 1.0 1.0060075372064667 1.0060075372064667 -0.009955631294453093
59770.97977272269 5.2425 0.01949999999999985 1.0207053498111367 0.013367353969027695 1.0 1.0060075014686745 1.0060075014686745 0.014697848342462239
59770.9797886661 5.2425 0.01949999999999985 1.018109518996337 0.013422937112726796 1.0 1.0060074657308984 1.0060074657308984 0.012102053265438562
59770.979804609524 5.2425 0.01949999999999985 0.9997633740620756 0.013321063834880104 1.0 1.006007429993106 1.006007429993106 -0.006244055931030501
59770.97982055294 5.2425 0.01949999999999985 1.0082288399224113 0.013358351763862832 1.0 1.0060073942553303 1.0060073942553303 0.0022214456670810456
59770.979836496364 5.2425 0.01949999999999985 1.0274410190623062 0.01339658097257044 1.0 1.0060073585175215 1.0060073585175215 0.021433660544784683
59770.97985243978 5.2425 0.01949999999999985 1.0032790134342182 0.013419794932712592 1.0 1.0060073227797457 1.0060073227797457 -0.00272830934552748
59770.9798683832 5.2425 0.01949999999999985 1.0104419972543937 0.013346814750229368 1.0 1.0060072870419534 1.0060072870419534 0.0044347102124402404
59770.97988432662 5.2425 0.01949999999999985 1.019916986203629 0.013356060869840668 1.0 1.0060072513041611 1.0060072513041611 0.013909734899467896
59770.97990027003 5.2425 0.01949999999999985 1.003355428514737 0.013315968519092308 1.0 1.006007215566385 1.006007215566385 -0.0026517870516480357
59770.97991621345 5.2425 0.01949999999999985 1.0008460860701622 0.013323477270760876 1.0 1.0060071798285928 1.0060071798285928 -0.005161093758430546
59770.979932156864 5.2425 0.01949999999999985 0.9918373653688763 0.013382526342613771 1.0 1.0060071440908167 1.0060071440908167 -0.014169778721940363
59770.97994810029 5.2425 0.01949999999999985 0.9903205404766259 0.013289573436872044 1.0 1.0060071083530082 1.0060071083530082 -0.01568656787638234
59770.979964043705 5.2425 0.01949999999999985 1.0011800216162745 0.013316233619630647 1.0 1.0060070726152321 1.0060070726152321 -0.004827050998957638
59770.979979987125 5.2425 0.01949999999999985 0.9776533233497968 0.01331126177887723 1.0 1.0060070368774399 1.0060070368774399 -0.028353713527643043
59770.97999593054 5.2425 0.01949999999999985 1.0106404348058584 0.013383197563214221 1.0 1.006007001139664 1.006007001139664 0.0046334336661943976
59770.980011873966 5.2425 0.01949999999999985 1.0065806634100507 0.013355575685714115 1.0 1.0060069654018553 1.0060069654018553 0.0005736980081954002
59770.98002781738 5.2425 0.01949999999999985 0.9974982527202291 0.01333753880848617 1.0 1.0060069296640795 1.0060069296640795 -0.00850867694385038
59770.9800437608 5.2425 0.01949999999999985 0.9845868096698014 0.013318205169962466 1.0 1.0060068939262872 1.0060068939262872 -0.021420084256485783
59770.98005970422 5.2425 0.01949999999999985 1.0226085351205534 0.013386058084136282 1.0 1.006006858188495 1.006006858188495 0.016601676932058496
59770.98007564763 5.2425 0.01949999999999985 1.0204664434413777 0.013459724339510966 1.0 1.0060068224507188 1.0060068224507188 0.014459620990658895
59770.98009159105 5.2425 0.01949999999999985 0.9920254352192299 0.01330512132322049 1.0 1.0060067867129265 1.0060067867129265 -0.013981351493696614
59770.980107534466 5.2425 0.01949999999999985 0.9859727334081894 0.013307992321149568 1.0 1.0060067509751505 1.0060067509751505 -0.020034017566961104
59770.98012347789 5.2425 0.01949999999999985 1.0189790820055034 0.01336975561257542 1.0 1.006006715237342 1.006006715237342 0.01297236676816138
59770.98013942131 5.2425 0.01949999999999985 1.0024570461129283 0.013406084867665868 1.0 1.006006679499566 1.006006679499566 -0.0035496333866376073
59770.98015536473 5.2425 0.01949999999999985 1.0148346972445272 0.013406172642215917 1.0 1.0060066437617736 1.0060066437617736 0.008828053482753617
59770.98017130815 5.2425 0.01949999999999985 0.9765407826380669 0.013210395871680354 1.0 1.0060066080239813 1.0060066080239813 -0.029465825385914468
59770.98018725156 5.2425 0.01949999999999985 1.0094600345344198 0.013369055169827665 1.0 1.0060065722862055 1.0060065722862055 0.0034534622482143007
59770.98020319498 5.2425 0.01949999999999985 1.0138385375636225 0.013313904819303756 1.0 1.0060065365484132 1.0060065365484132 0.007832001015209311
59770.9802191384 5.2425 0.01949999999999985 1.0138693562893166 0.013357637607855969 1.0 1.006006500810621 1.006006500810621 0.007862855478695696
59770.98023508182 5.2425 0.01949999999999985 1.0303887592100132 0.013416423955942877 1.0 1.0060064650728284 1.0060064650728284 0.024382294137184735
59770.980251025234 5.2425 0.01949999999999985 0.9886195492372152 0.013290538465753024 1.0 1.0060064293350526 1.0060064293350526 -0.0173868800978374
59770.980266968654 5.2425 0.01949999999999985 1.0040677403377072 0.013375777761170783 1.0 1.0060063935972603 1.0060063935972603 -0.0019386532595531136
59770.980282912074 5.2425 0.01949999999999985 1.012565848464197 0.013379419667830838 1.0 1.006006357859468 1.006006357859468 0.006559490604729046
59770.980298855495 5.2425 0.01949999999999985 1.0154948668679535 0.013357720237688771 1.0 1.0060063221216757 1.0060063221216757 0.009488544746277805
59770.98031479891 5.2425 0.01949999999999985 1.0199117008529672 0.013331518422890024 1.0 1.0060062863838997 1.0060062863838997 0.013905414469067567
59770.98033074233 5.2425 0.01949999999999985 1.019592202292316 0.0133899130712794 1.0 1.0060062506461074 1.0060062506461074 0.013585951646208683
59770.98034668575 5.2425 0.01949999999999985 0.9928581391847041 0.01326885477227829 1.0 1.006006214908315 1.006006214908315 -0.013148075723610986
59770.98036262916 5.2425 0.01949999999999985 1.0017179203358881 0.013325645218802458 1.0 1.0060061791705392 1.0060061791705392 -0.004288258834651115
59770.98037857258 5.2425 0.01949999999999985 1.0175128889809157 0.013413614810874734 1.0 1.006006143432747 1.006006143432747 0.011506745548168773
59770.980394515995 5.2425 0.01949999999999985 1.0055121235368911 0.013403972725679218 1.0 1.006006107694971 1.006006107694971 -0.0004939841580797744
59770.98041045942 5.2425 0.01949999999999985 1.0146054285141501 0.013395567751880912 1.0 1.0060060719571622 1.0060060719571622 0.008599356556987958
59770.980426402835 5.2425 0.01949999999999985 1.0036596781223397 0.013305871411471718 1.0 1.0060060362193863 1.0060060362193863 -0.0023463580970466413
59770.980442346256 5.2425 0.01949999999999985 0.9910068095362077 0.013388127050572053 1.0 1.006006000481594 1.006006000481594 -0.014999190945386376
59770.980458289676 5.2425 0.01949999999999985 0.981128635307565 0.013293150519176096 1.0 1.0060059647438018 1.0060059647438018 -0.024877329436236773
59770.980474233096 5.2425 0.01949999999999985 1.0314499826804209 0.013445984675714047 1.0 1.0060059290060095 1.0060059290060095 0.025444053674411382
59770.98049017651 5.2425 0.01949999999999985 1.0207757556018033 0.013358299359224496 1.0 1.0060058932682334 1.0060058932682334 0.014769862333569916
59770.98050611993 5.2425 0.01949999999999985 0.9942090121887143 0.013369402761548719 1.0 1.0060058575304411 1.0060058575304411 -0.01179684534172687
59770.98052206335 5.2425 0.01949999999999985 1.030034034861701 0.01347402945020434 1.0 1.0060058217926489 1.0060058217926489 0.024028213069052118
59770.98053800676 5.2425 0.01949999999999985 1.010515806485704 0.013374727883280915 1.0 1.006005786054873 1.006005786054873 0.004510020430831041
59770.98055395018 5.2425 0.01949999999999985 1.000990429774531 0.013321502451997135 1.0 1.0060057503170805 1.0060057503170805 -0.005015320542549606
59770.9805698936 5.2425 0.01949999999999985 0.9970240167101948 0.013376414623563657 1.0 1.0060057145792882 1.0060057145792882 -0.008981697869093419
59770.980585837024 5.2425 0.01949999999999985 0.9926577853874846 0.013297204267149053 1.0 1.006005678841496 1.006005678841496 -0.013347893454011328
59770.98060178044 5.2425 0.01949999999999985 1.0122186457840174 0.013395117176818332 1.0 1.00600564310372 1.00600564310372 0.0062130026802973415
59770.98061772386 5.2425 0.01949999999999985 1.0103999524856473 0.013359765684814794 1.0 1.0060056073659278 1.0060056073659278 0.004394345119719478
59770.98063366728 5.2425 0.01949999999999985 1.0093856077207002 0.01339636145392954 1.0 1.0060055716281355 1.0060055716281355 0.0033800360925646533
59770.98064961069 5.2425 0.01949999999999985 1.026204315205587 0.013363747518529388 1.0 1.0060055358903595 1.0060055358903595 0.020198779315227622
59770.98066555411 5.2425 0.01949999999999985 0.9965007968746205 0.013335291707396692 1.0 1.0060055001525672 1.0060055001525672 -0.009504703277946724
59770.98068149754 5.2425 0.01949999999999985 1.0122434483290286 0.013345655824417114 1.0 1.0060054644147587 1.0060054644147587 0.0062379839142698845
59770.98069744095 5.2425 0.01949999999999985 0.9937171284060616 0.013245463100173452 1.0 1.0060054286769826 1.0060054286769826 -0.012288300270920982
59770.980713384364 5.2425 0.01949999999999985 0.977800872821469 0.014891897809333622 1.0 1.0060053929392065 1.0060053929392065 -0.028204520117737553
59770.980729327785 5.2425 0.01949999999999985 0.9733407638411042 0.013303083534970575 1.0 1.0060053572014143 1.0060053572014143 -0.032664593360310024
59770.980745271205 5.2425 0.01949999999999985 0.9942383067648892 0.01333311885748219 1.0 1.006005321463622 1.006005321463622 -0.011767014698732758
59770.980761214625 5.2425 0.01949999999999985 0.9709092721485729 0.01324583454627274 1.0 1.0060052857258297 1.0060052857258297 -0.03509601357725678
59770.98077715804 5.2425 0.01949999999999985 0.9955807880301011 0.013255950807179409 1.0 1.0060052499880539 1.0060052499880539 -0.010424461957952769
59770.980793101466 5.2425 0.01949999999999985 1.016990170862069 0.013402498545814467 1.0 1.0060052142502451 1.0060052142502451 0.01098495661182386
59770.98080904488 5.2425 0.01949999999999985 1.0202501293112352 0.013360107278225534 1.0 1.0060051785124693 1.0060051785124693 0.014244950798765865
