eureka_custom_plots/data/stage5_lcfit_results/S5_wasp39b_ap4_bg8_Table_Save_ch04.txt
# %ECSV 1.0
# ---
# datatype:
# - {name: time, datatype: float64}
# - {name: wavelength, datatype: float64}
# - {name: bin_width, datatype: float64}
# - {name: lcdata, datatype: float64}
# - {name: lcerr, datatype: float64}
# - {name: transit, datatype: float64}
# - {name: polynom, datatype: float64}
# - {name: model, datatype: float64}
# - {name: residuals, datatype: float64}
# schema: astropy-2.0
time wavelength bin_width lcdata lcerr transit polynom model residuals
[from data line 14136]
59770.869396434624 3.1725000000000003 0.019500000000000073 0.9949028292867406 0.004657702483897281 0.9782933717579287 1.0057731986332408 0.9839412537146701 0.010961575572070448
59770.86941237804 3.1725000000000003 0.019500000000000073 0.9857964327815906 0.004642903343759329 0.978294408785353 1.0057730060880223 0.9839421083631491 0.0018543244184414664
59770.869428321465 3.1725000000000003 0.019500000000000073 0.9784726420699614 0.004631152838700819 0.9782954474762013 1.0057728135426283 0.9839429646840835 -0.0054703226141220584
59770.86944426488 3.1725000000000003 0.019500000000000073 0.9839479896277898 0.0046370628896852985 0.9782964878321501 1.0057726209974098 0.9839438226795022 4.166948287642747e-06
59770.8694602083 3.1725000000000003 0.019500000000000073 0.9912686937958092 0.004654496271295511 0.9782975298581631 1.0057724284521037 0.9839446823541391 0.007324011441670053
59770.86947615172 3.1725000000000003 0.019500000000000073 0.9893277745463249 0.004656267573890129 0.9782985735572912 1.0057722359067973 0.9839455437111472 0.005382230835177748
59770.86949209514 3.1725000000000003 0.019500000000000073 0.9808866810112882 0.004632466525737355 0.9782996189331692 1.0057720433614912 0.9839464067541818 -0.003059725742893593
59770.86950803856 3.1725000000000003 0.019500000000000073 0.9868680723239129 0.004646786192944563 0.9783006659893232 1.0057718508161848 0.9839472714867878 0.0029208008371250926
59770.86952398197 3.1725000000000003 0.019500000000000073 0.9843628936455677 0.0046346091594094575 0.9783017147289259 1.0057716582709666 0.9839481379122419 0.0004147557333258334
59770.86953992539 3.1725000000000003 0.019500000000000073 0.9869964079337488 0.0046484657797855765 0.978302765156528 1.0057714657256602 0.9839490060349476 0.0030474018988011498
59770.86955586882 3.1725000000000003 0.019500000000000073 0.9814248588750718 0.004637316159122049 0.9783038172757239 1.0057712731802662 0.9839498758585193 -0.0025250169834475367
59770.86957181223 3.1725000000000003 0.019500000000000073 0.980531891341239 0.004633548232085681 0.9783048710887473 1.0057710806350477 0.9839507473854604 -0.00341885604422143
59770.86958775565 3.1725000000000003 0.019500000000000073 0.9927863570710505 0.004653495976808728 0.9783059266006762 1.0057708880897416 0.9839516206206196 0.008834736450430869
59770.86960369907 3.1725000000000003 0.019500000000000073 0.9900967557818147 0.005706852431282293 0.9783069838146521 1.0057706955444352 0.9839524955672412 0.006144260214573483
59770.869619642486 3.1725000000000003 0.019500000000000073 0.9793637639802171 0.004630930709288134 0.978308042733917 1.005770502999217 0.9839533722286712 -0.004589608248454113
59770.869635585914 3.1725000000000003 0.019500000000000073 0.9730594446606001 0.004616952883199259 0.9783091033635956 1.0057703104538227 0.9839542506098045 -0.010894805949204334
59770.86965152933 3.1725000000000003 0.019500000000000073 0.9696316926852583 0.005617144967415823 0.9783101657053904 1.0057701179086045 0.9839551307126969 -0.014323438027438629
59770.869667472754 3.1725000000000003 0.019500000000000073 0.9652605909601826 0.005604897000349292 0.9783112297650381 1.0057699253632104 0.983956012542773 -0.01869542158259041
59770.86968341617 3.1725000000000003 0.019500000000000073 0.9865608317955373 0.004644517613870767 0.9783122955442602 1.005769732817992 0.983956896102107 0.002603935693430315
59770.86969935958 3.1725000000000003 0.019500000000000073 "" "" 0.9783133630477752 1.0057695402727735 0.9839577813952718 ""
59770.86971530301 3.1725000000000003 0.019500000000000073 "" "" 0.9783144322802888 1.0057693477273795 0.9839586684268277 ""
59770.86973124642 3.1725000000000003 0.019500000000000073 0.9779864607887391 0.00462374053228762 0.9783155032436444 1.005769155182161 0.9839595571989709 -0.005973096410231804
59770.86974718985 3.1725000000000003 0.019500000000000073 0.9653602434593036 0.0056167925824584805 0.9783165759435346 1.005768962636767 0.9839604477170827 -0.018600204257779085
59770.86976313326 3.1725000000000003 0.019500000000000073 0.9771952767260553 0.004622958370453616 0.9783176503818221 1.0057687700915485 0.9839613399833788 -0.006766063257323429
59770.86977907668 3.1725000000000003 0.019500000000000073 0.9646978378092482 0.00560216342487126 0.9783187265637648 1.0057685775462424 0.9839622340028891 -0.019264396193640843
59770.8697950201 3.1725000000000003 0.019500000000000073 "" "" 0.9783198044926463 1.005768385000936 0.9839631297790004 ""
59770.86981096352 3.1725000000000003 0.019500000000000073 "" "" 0.9783208841723543 1.0057681924556299 0.9839640273156224 ""
59770.86982690694 3.1725000000000003 0.019500000000000073 0.9788858598224184 0.004621963980540862 0.9783219656066957 1.0057679999103235 0.9839649266165826 -0.005079066794164255
59770.86984285036 3.1725000000000003 0.019500000000000073 0.9815516147251448 0.004636080214443481 0.9783230487994911 1.0057678073650174 0.983965827685723 -0.0024142129605781992
59770.869858793776 3.1725000000000003 0.019500000000000073 0.9779059651070844 0.004620595083043118 0.9783241337541653 1.005767614819799 0.9839667305265728 -0.006060765419488412
59770.8698747372 3.1725000000000003 0.019500000000000073 0.9903913194582876 0.004658365677430128 0.9783252204755691 1.0057674222744928 0.983967635143838 0.006423684314449618
59770.86989068062 3.1725000000000003 0.019500000000000073 "" "" 0.9783263089670617 1.0057672297291864 0.9839685415409818 ""
59770.86990662404 3.1725000000000003 0.019500000000000073 "" "" 0.9783273992326117 1.0057670371838803 0.9839694497219951 ""
59770.86992256746 3.1725000000000003 0.019500000000000073 0.982209021877424 0.00463418412676575 0.9783284912761062 1.005766844638574 0.983970359690786 -0.0017613378133619628
59770.86993851087 3.1725000000000003 0.019500000000000073 0.9897022096489719 0.004656639318345039 0.9783295851009403 1.0057666520933557 0.9839712714508544 0.005730938198117541
59770.8699544543 3.1725000000000003 0.019500000000000073 0.9865491079137793 0.004646500342838537 0.9783306807126432 1.0057664595479614 0.9839721850075022 0.0025769229062770904
59770.86997039771 3.1725000000000003 0.019500000000000073 0.982730760151162 0.004637839988166948 0.9783317781131163 1.0057662670027432 0.983973100362985 -0.001242340211823012
59770.86998634113 3.1725000000000003 0.019500000000000073 0.9770348319021653 0.00462895388714414 0.9783328773078241 1.0057660744574368 0.9839740175225394 -0.0069391856203741
59770.87000228455 3.1725000000000003 0.019500000000000073 0.9868559320697894 0.0046442352458458645 0.9783339783003115 1.0057658819121307 0.9839749364898162 0.0028809955799732334
59770.87001822797 3.1725000000000003 0.019500000000000073 0.9807062644994997 0.004631382028272953 0.9783350810945495 1.0057656893668243 0.9839758572688075 -0.0032695927693078275
59770.87003417139 3.1725000000000003 0.019500000000000073 0.9808232199183751 0.004633514039506434 0.9783361856945229 1.0057654968215182 0.9839767798635208 -0.0031535599451457674
59770.870050114805 3.1725000000000003 0.019500000000000073 0.9910081336182055 0.004650500706652968 0.9783372921038139 1.0057653042762997 0.9839777042776435 0.007030429340561972
59770.87006605823 3.1725000000000003 0.019500000000000073 0.9777939356934852 0.004622063597063555 0.9783384003279412 1.0057651117309057 0.9839786305164673 -0.0061846948229821175
59770.870082001646 3.1725000000000003 0.019500000000000073 0.9884753520306024 0.004644547194847079 0.978339510368978 1.0057649191856872 0.98397955858242 0.004495793448182406
59770.870097945066 3.1725000000000003 0.019500000000000073 "" "" 0.9783406222325055 1.005764726640381 0.9839804884808563 ""
59770.870113888486 3.1725000000000003 0.019500000000000073 0.985043037391792 0.00463626829769033 0.9783417359220999 1.0057645340950747 0.9839814202154574 0.0010616171763345728
59770.87012983191 3.1725000000000003 0.019500000000000073 0.98743574806771 0.004643868545397182 0.9783428514418322 1.0057643415497686 0.9839823537903174 0.003453394277392552
59770.87014577533 3.1725000000000003 0.019500000000000073 0.9786631788528151 0.004633163616543093 0.9783439687958854 1.0057641490044622 0.9839832892096417 -0.005320110356826668
59770.87016171874 3.1725000000000003 0.019500000000000073 0.9887757927085591 0.004648967481604452 0.9783450879878417 1.005763956459244 0.9839842264771188 0.004791566231440281
59770.87017766216 3.1725000000000003 0.019500000000000073 "" "" 0.9783462090228527 1.0057637639139376 0.9839851655977563 ""
59770.87019360558 3.1725000000000003 0.019500000000000073 0.9802202280113521 0.004633734025085135 0.9783473319046285 1.0057635713686315 0.983986106575371 -0.0037658785640188874
59770.870209549 3.1725000000000003 0.019500000000000073 0.9895512429210233 0.004644694269132036 0.9783484566373152 1.0057633788233251 0.9839870494141315 0.005564193506891746
59770.87022549242 3.1725000000000003 0.019500000000000073 0.9789251233196451 0.00462773889814553 0.9783495832250727 1.005763186278019 0.983987994118221 -0.005062870798575925
59770.87024143584 3.1725000000000003 0.019500000000000073 0.986559986456378 0.0046420418082902416 0.9783507116721748 1.0057629937327126 0.9839889406919364 0.0025710457644415596
59770.870257379254 3.1725000000000003 0.019500000000000073 0.9809244150093963 0.004632702937859298 0.9783518419822895 1.0057628011874942 0.9839898891390522 -0.003065474129655854
59770.87027332268 3.1725000000000003 0.019500000000000073 0.9824875710568973 0.004637033731939186 0.9783529741611929 1.0057626086421 0.9839908394651186 -0.0015032684082212366
59770.870289266095 3.1725000000000003 0.019500000000000073 0.9840439151488855 0.0046359542915821545 0.9783541082111102 1.0057624160968819 0.9839917916727164 5.212347616900814e-05
59770.87030520952 3.1725000000000003 0.019500000000000073 0.9843606082106441 0.0046365218509593934 0.9783552441383445 1.0057622235514876 0.9839927457678399 0.0003678624428041788
59770.870321152936 3.1725000000000003 0.019500000000000073 0.9817626665204472 0.00463017501003773 0.9783563819451451 1.0057620310062694 0.9839937017530945 -0.002231035232647338
59770.87033709635 3.1725000000000003 0.019500000000000073 0.9834071469801939 0.004636228332929006 0.978357521636831 1.005761838461051 0.9839946596336565 -0.0005875126534625741
59770.870353039776 3.1725000000000003 0.019500000000000073 0.985859617626568 0.0046359540163338165 0.9783586632187438 1.0057616459156569 0.9839956194147256 0.0018639982118424658
59770.87036898319 3.1725000000000003 0.019500000000000073 0.9884400985720059 0.004648785793886515 0.9783598066931701 1.0057614533704384 0.983996581098944 0.004443517473061931
59770.87038492662 3.1725000000000003 0.019500000000000073 0.988749862417593 0.004648212324416684 0.9783609520665428 1.0057612608250444 0.9839975446924369 0.004752317725156052
59770.87040087003 3.1725000000000003 0.019500000000000073 0.9961982464898008 0.00465776015966717 0.9783620993410739 1.005761068279826 0.9839985101977716 0.012199736292029195
59770.87041681345 3.1725000000000003 0.019500000000000073 "" "" 0.978363248522803 1.0057608757345198 0.9839994776207639 ""
59770.87043275687 3.1725000000000003 0.019500000000000073 0.9818145485584574 0.004631867032034703 0.9783643996155644 1.0057606831892134 0.9840004469653547 -0.002185898406897313
59770.87044870028 3.1725000000000003 0.019500000000000073 0.9751326205235177 0.0046193137543467724 0.9783655526232385 1.005760490643995 0.9840014182355317 -0.008868797712013987
59770.87046464371 3.1725000000000003 0.019500000000000073 0.9829413526468616 0.00463480398518532 0.9783667075518245 1.005760298098601 0.9840023914370697 -0.0010610387902081353
59770.87048058713 3.1725000000000003 0.019500000000000073 0.9795788187046907 0.004627842954040892 0.978367864404235 1.0057601055532948 0.9840033665731549 -0.004424547868464246
59770.870496530544 3.1725000000000003 0.019500000000000073 0.97254473409906 0.004620370748706628 0.9783690231848641 1.0057599130080763 0.9840043436482055 -0.0114596095491456
59770.870512473964 3.1725000000000003 0.019500000000000073 0.9776598189558706 0.004624744688820963 0.9783701838993324 1.0057597204627702 0.9840053226677016 -0.006345503711830958
59770.870528417385 3.1725000000000003 0.019500000000000073 0.9964312650348552 0.004662602828980904 0.9783713465515682 1.0057595279174638 0.9840063036356786 0.012424961399176593
59770.870544360805 3.1725000000000003 0.019500000000000073 0.9805235865544916 0.004635668951495036 0.9783725111460527 1.0057593353721577 0.9840072865566429 -0.0034837000021513687
59770.870560304225 3.1725000000000003 0.019500000000000073 0.9920981009925428 0.004651084047756406 0.9783736776873848 1.0057591428268513 0.9840082714352183 0.008089829557324513
59770.87057624764 3.1725000000000003 0.019500000000000073 0.9793755049128177 0.004627315610595984 0.9783748461795387 1.0057589502816329 0.9840092582754869 -0.004633753362669246
59770.870592191066 3.1725000000000003 0.019500000000000073 0.9847244450239464 0.0046405820444576406 0.9783760166286701 1.0057587577362388 0.984010247083381 0.0007141979405653753
59770.87060813448 3.1725000000000003 0.019500000000000073 0.9847865935995027 0.004641769003285253 0.9783771890372639 1.0057585651910204 0.9840112378617423 0.0007753557377604414
59770.8706240779 3.1725000000000003 0.019500000000000073 0.9858921898150611 0.004639368099169434 0.9783783634115137 1.0057583726457142 0.9840122306165412 0.0018799591985199093
59770.87064002132 3.1725000000000003 0.019500000000000073 0.9935715949716011 0.004657371494218375 0.9783795397554617 1.005758180100408 0.9840132253519279 0.009558369619673157
59770.87065596473 3.1725000000000003 0.019500000000000073 0.9801928937339992 0.004625143143552529 0.9783807180732664 1.0057579875551896 0.9840142220721698 -0.0038213283381706153
59770.87067190816 3.1725000000000003 0.019500000000000073 0.9941168609269743 0.004660690773041538 0.978381898371185 1.0057577950097956 0.984015220783301 0.010101640143673318
59770.87068785157 3.1725000000000003 0.019500000000000073 0.9819929291496333 0.0046322193143074454 0.978383080651671 1.0057576024645771 0.9840162214881316 -0.002023292338498295
59770.870703795 3.1725000000000003 0.019500000000000073 0.9758202877274728 0.004623196554945739 0.9783842649216706 1.005757409919183 0.9840172241933033 -0.008196936465830529
59770.870719738414 3.1725000000000003 0.019500000000000073 0.9916622184910324 0.0046540442458442455 0.9783854511836658 1.0057572173739646 0.9840182289016546 0.007643989589377842
59770.87073568183 3.1725000000000003 0.019500000000000073 0.9867725518029721 0.004648892846568381 0.9783866394434435 1.0057570248287462 0.984019235618833 0.0027533161841390985
59770.870751625254 3.1725000000000003 0.019500000000000073 0.9875487150791658 0.004640312461372365 0.9783878297069192 1.005756832283352 0.9840202443506147 0.003528470728551003
59770.870767568675 3.1725000000000003 0.019500000000000073 0.9826058075061277 0.004628946630012928 0.978389021977171 1.005756639738046 0.9840212551003528 -0.0014154475942250722
59770.870783512095 3.1725000000000003 0.019500000000000073 0.9835062918060602 0.004638373346219649 0.9783902162594957 1.0057564471927396 0.9840222678732866 -0.0005159760672264202
59770.87079945551 3.1725000000000003 0.019500000000000073 0.9877622485514508 0.004646231761206985 0.9783914125582092 1.0057562546475212 0.9840232826738422 0.00373896587760858
59770.87081539893 3.1725000000000003 0.019500000000000073 0.9813422833084693 0.004628722368296548 0.9783926108792024 1.005756062102215 0.9840242995077714 -0.002682016199302084
59770.87083134235 3.1725000000000003 0.019500000000000073 0.9846444398360108 0.004639302606127504 0.9783938112267255 1.0057558695569087 0.9840253183794333 0.0006191214565774983
59770.87084728577 3.1725000000000003 0.019500000000000073 0.9845562960546805 0.00464188724637303 0.9783950136057047 1.0057556770116025 0.9840263392937816 0.000529956760898953
