eureka_custom_plots/data/stage5_lcfit_results/S5_wasp39b_ap4_bg8_Table_Save_ch48.txt
# %ECSV 1.0
# ---
# datatype:
# - {name: time, datatype: float64}
# - {name: wavelength, datatype: float64}
# - {name: bin_width, datatype: float64}
# - {name: lcdata, datatype: float64}
# - {name: lcerr, datatype: float64}
# - {name: transit, datatype: float64}
# - {name: polynom, datatype: float64}
# - {name: model, datatype: float64}
# - {name: residuals, datatype: float64}
# schema: astropy-2.0
time wavelength bin_width lcdata lcerr transit polynom model residuals
[from data line 14434]
59770.87414757354 4.859 0.019000000000000128 0.9891600483573415 0.010706183209757284 0.9786483141361709 1.0061786325321076 0.9846950224473849 0.004465025909956566
59770.87416351696 4.859 0.019000000000000128 0.9784458985638704 0.010698210054062412 0.9786496861567746 1.006178572138148 0.9846963438406702 -0.006250445276799743
59770.87417946037 4.859 0.019000000000000128 0.994996742054005 0.010731029003890847 0.9786510603236735 1.006178511744216 0.9846976673933727 0.01029907466063229
59770.8741954038 4.859 0.019000000000000128 0.9763433641613415 0.010703095278319938 0.9786524366459116 1.0061784513502288 0.9846989931145113 -0.00835562895316977
59770.87421134721 4.859 0.019000000000000128 0.9832572996141935 0.010712758380595922 0.9786538151282874 1.0061783909562967 0.9847003210090213 -0.0014430213948277704
59770.87422729064 4.859 0.019000000000000128 0.9834871733843373 0.010688342108969295 0.9786551957806295 1.0061783305623095 0.9847016510866841 -0.001214477702346728
59770.87424323405 4.859 0.019000000000000128 0.9905955734456282 0.010714968909622261 0.9786565786077521 1.0061782701683775 0.9847029833524508 0.005892590093177441
59770.874259177464 4.859 0.019000000000000128 0.9910179146366654 0.010758868601457637 0.9786579636183137 1.0061782097744454 0.9847043178149791 0.006313596821686307
59770.87427512089 4.859 0.019000000000000128 0.9766399536401653 0.01071090395120121 0.9786593508211548 1.0061781493804582 0.9847056544831102 -0.00806570084294489
59770.87429106431 4.859 0.019000000000000128 0.9554789911513828 0.01067828028279775 0.9786607402218005 1.0061780889864986 0.9847069933624834 -0.029228002211100557
59770.87430700773 4.859 0.019000000000000128 0.9887051466835062 0.010768791547266966 0.9786621318285564 1.006178028592539 0.9847083344614285 0.003996812222077706
59770.874322951146 4.859 0.019000000000000128 0.985418864484242 0.010731807806955623 0.9786635256483764 1.006177968198607 0.9847096777869686 0.0007091866972733785
59770.874338894566 4.859 0.019000000000000128 1.007095977207993 0.010744604598777378 0.9786649216902056 1.0061779078046473 0.98471102334805 0.02238495385994299
59770.874354837986 4.859 0.019000000000000128 0.9731007907444712 0.010708032833020195 0.9786663199612319 1.0061778474106875 0.9847123711519314 -0.011611580407460242
59770.87437078141 4.859 0.019000000000000128 0.9689172582695504 0.01066930056846569 0.9786677204692245 1.0061777870167279 0.9847137212064299 -0.01579646293687942
59770.87438672483 4.859 0.019000000000000128 0.9744324787374634 0.010674668961830747 0.9786691232220104 1.0061777266227683 0.9847150735194203 -0.010282594781956922
59770.87440266825 4.859 0.019000000000000128 0.979841335139446 0.012067630933918674 0.9786705282275967 1.0061776662288087 0.9847164280989587 -0.004875092959512606
59770.87441861166 4.859 0.019000000000000128 0.9717582088880763 0.010671585467525974 0.9786719354932772 1.0061776058348766 0.9847177849524105 -0.012959576064334177
59770.87443455508 4.859 0.019000000000000128 0.9742796687975239 0.010714684492648157 0.9786733450283595 1.006177545440917 0.9847191440890863 -0.010439475291562417
59770.8744504985 4.859 0.019000000000000128 0.9653414569857418 0.010633453400616062 0.9786747568403812 1.0061774850469574 0.9847205055165973 -0.01937904853085548
59770.87446644192 4.859 0.019000000000000128 0.9689659081720672 0.01066744373330533 0.9786761709374707 1.0061774246529978 0.9847218692431213 -0.015755961071054148
59770.87448238534 4.859 0.019000000000000128 0.9800379225920748 0.010719481801220853 0.9786775873278186 1.0061773642590381 0.9847232352768992 -0.004685312684824416
59770.874498328754 4.859 0.019000000000000128 0.9834826061576667 0.010692717525186014 0.9786790060191449 1.006177303865106 0.9847246036257251 -0.00124199746805842
59770.87451427218 4.859 0.019000000000000128 0.9682133441563224 0.010689647604636908 0.978680427021697 1.006177243471119 0.9847259742998287 -0.016512630143506235
59770.874530215595 4.859 0.019000000000000128 1.006672071513611 0.010831503142267156 0.978681850341352 1.0061771830771868 0.9847273473052305 0.02194472420838056
59770.874546159015 4.859 0.019000000000000128 0.9827455328172977 0.010744928812605747 0.9786832759885331 1.0061771226832272 0.984728722652337 -0.001983189835039312
59770.874562102435 4.859 0.019000000000000128 0.9749960756665034 0.010678966909170312 0.9786847039711388 1.0061770622892676 0.984730100349122 -0.009734024682618636
59770.874578045856 4.859 0.019000000000000128 0.9750875182463364 0.010697806223799414 0.9786861342977525 1.006177001895308 0.9847314804042214 -0.009643962157884989
59770.874593989276 4.859 0.019000000000000128 0.9915880403844247 0.010697881701744056 0.9786875669771505 1.0061769415013484 0.9847328628264654 0.00685517755795928
59770.87460993269 4.859 0.019000000000000128 0.9742422264391316 0.010684651970819158 0.9786890020173894 1.0061768811074163 0.9847342476239868 -0.01049202118485515
59770.87462587612 4.859 0.019000000000000128 0.9708898750755064 0.010642594005801606 0.9786904394292543 1.0061768207134292 0.984735634807556 -0.0138457597320496
59770.87464181953 4.859 0.019000000000000128 0.9895397483788584 0.010710958803441131 0.9786918792190727 1.006176760319497 0.9847370243836472 0.0048027239952112
59770.87465776295 4.859 0.019000000000000128 0.989813605806881 0.010744748062111365 0.9786933213977771 1.0061766999255375 0.9847384163631788 0.005075189443702222
59770.87467370637 4.859 0.019000000000000128 0.9648330971908039 0.010644597692489799 0.9786947659737101 1.0061766395315777 0.9847398107545714 -0.019906713563767497
59770.87468964979 4.859 0.019000000000000128 0.9802250720473056 0.010742949010964765 0.97869621295608 1.006176579137618 0.9847412075670903 -0.004516135519784692
59770.87470559321 4.859 0.019000000000000128 0.9781625874477323 0.010693442641406462 0.9786976623540035 1.0061765187436584 0.9847426068099077 -0.006580019362175338
59770.874721536624 4.859 0.019000000000000128 0.9898248538842468 0.010765505429400322 0.9786991141761685 1.0061764583497264 0.9847440084917917 0.0050808453924551245
59770.874737480044 4.859 0.019000000000000128 0.9881141426905178 0.010760913623484197 0.9787005684332306 1.0061763979557667 0.9847454126234094 0.003368730067108361
59770.874753423464 4.859 0.019000000000000128 0.9756895410653015 0.010663731720532952 0.9787020251339095 1.0061763375618071 0.9847468192135608 -0.009057278148259296
59770.874769366885 4.859 0.019000000000000128 0.9755435999531922 0.0106841520019797 0.9787034842878017 1.0061762771678475 0.9847482282719013 -0.009204628318709163
59770.874785310305 4.859 0.019000000000000128 0.9966744422365804 0.010759721565987817 0.978704945904459 1.006176216773888 0.9847496398080412 0.011924802428539216
59770.874801253725 4.859 0.019000000000000128 0.983850700017608 0.010698956241412377 0.9787064099935142 1.0061761563799283 0.9847510538316724 -0.0009003538140643919
59770.87481719714 4.859 0.019000000000000128 0.9639117115005863 0.010666557073614165 0.9787078765641318 1.0061760959859962 0.9847524703520425 -0.020840758851456198
59770.874833140566 4.859 0.019000000000000128 1.0084620420381538 0.010779439405462209 0.9787093456281502 1.006176035592009 0.9847538893809815 0.0237081526571723
59770.87484908398 4.859 0.019000000000000128 1.0028574298405366 0.0107725172213082 0.978710817192737 1.006175975198077 0.984755310925809 0.018102118914727572
59770.8748650274 4.859 0.019000000000000128 0.9987508464812456 0.010753822398436077 0.9787122912700342 1.0061759148041174 0.9847567349986605 0.013994111482585114
59770.87488097082 4.859 0.019000000000000128 0.9882643653670656 0.010757556274157636 0.9787137678694233 1.0061758544101578 0.9847581616090019 0.003506203758063764
59770.87489691423 4.859 0.019000000000000128 0.9916382362397878 0.010731919592707815 0.9787152470003705 1.0061757940162257 0.9847595907663842 0.006878645473403555
59770.87491285766 4.859 0.019000000000000128 0.971039711576061 0.01068330075854167 0.978716728675301 1.0061757336222386 0.9847610224832284 -0.013721310907167439
59770.87492880107 4.859 0.019000000000000128 0.9870401121583537 0.010731019676166156 0.9787182129018075 1.0061756732283065 0.9847624567672811 0.0022776553910726083
59770.87494474449 4.859 0.019000000000000128 0.9685499963300624 0.010668496199276805 0.9787196996923764 1.0061756128343469 0.9847638936310247 -0.016213897300962232
59770.874960687914 4.859 0.019000000000000128 0.9869828890313816 0.010718749596739607 0.9787211890569737 1.0061755524403873 0.9847653330845132 0.0022175559468684547
59770.874976631334 4.859 0.019000000000000128 0.9929027067167294 0.010692115438158206 0.9787226810062197 1.0061754920464274 0.9847667751384318 0.008135931578297617
59770.874992574754 4.859 0.019000000000000128 0.9871127316472804 0.010715799748750214 0.9787241755508322 1.0061754316524678 0.9847682198035643 0.0023445118437160906
59770.87500851817 4.859 0.019000000000000128 0.9820069596571394 0.010714273121793324 0.9787256727010654 1.0061753712585357 0.9847696670902546 -0.0027627074331152413
59770.87502446159 4.859 0.019000000000000128 0.9756457078238547 0.010703736783827 0.9787271724692238 1.0061753108645761 0.9847711170108289 -0.009125409186974132
59770.875040405015 4.859 0.019000000000000128 0.9685631259379179 0.01070853440984414 0.9787286748663331 1.006175250470589 0.9847725695763804 -0.01620944363846244
59770.87505634843 4.859 0.019000000000000128 0.9905572831761359 0.010751958462656626 0.9787301799015631 1.006175190076657 0.9847740247962158 0.005783258379920109
59770.87507229185 4.859 0.019000000000000128 0.9684474143559544 0.01063581988183161 0.9787316875881896 1.0061751296826973 0.9847754826836118 -0.01632806832765743
59770.87508823527 4.859 0.019000000000000128 0.9759742493255297 0.010687288793564799 0.9787331979369892 1.0061750692887377 0.9847769432494379 -0.0088026939239082
59770.87510417868 4.859 0.019000000000000128 0.9989311353342021 0.01074366472953126 0.9787347109587113 1.0061750088948056 0.9847784065045364 0.014152728829665673
59770.87512012211 4.859 0.019000000000000128 0.9991703748859186 0.010740501243766794 0.9787362266670201 1.0061749485008185 0.9847798724625744 0.014390502423344276
59770.87513606552 4.859 0.019000000000000128 1.0034355276402271 0.010748178147012896 0.9787377450709177 1.0061748881068864 0.9847813411327169 0.018654186507510273
59770.87515200895 4.859 0.019000000000000128 1.0041693625454797 0.010772806424533448 0.978739266185005 1.0061748277128992 0.9847828125295468 0.019386550015932924
59770.87516795236 4.859 0.019000000000000128 0.9824341558082961 0.01070295191614668 0.9787407900183748 1.0061747673189672 0.9847842866623203 -0.002350130854024246
59770.875183895776 4.859 0.019000000000000128 0.9824556381953938 0.010732668811079565 0.9787423165845932 1.006174706925035 0.984785763544633 -0.002330125349239154
59770.8751998392 4.859 0.019000000000000128 0.9769319907805399 0.010689040117109552 0.978743845897226 1.006174646531048 0.9847872431900798 -0.007855252409539881
59770.87521578262 4.859 0.019000000000000128 0.9885876094278607 0.010746190301955661 0.9787453779657148 1.0061745861371159 0.9847887256082681 0.003798883819592591
59770.875231726044 4.859 0.019000000000000128 0.9599717658023778 0.010687714053017317 0.9787469128054259 1.0061745257431287 0.9847902108145508 -0.024818445012173007
59770.87524766946 4.859 0.019000000000000128 0.9736505699217975 0.010690688094219518 0.9787484504260451 1.0061744653491966 0.9847916988187806 -0.011141128896983044
59770.87526361288 4.859 0.019000000000000128 0.9922755488890855 0.010754407599304305 0.9787499908423601 1.006174404955237 0.9847931896357554 0.007482359253330184
59770.8752795563 4.859 0.019000000000000128 0.9800967259340072 0.010696218564017921 0.9787515340665827 1.0061743445612774 0.9847946832777886 -0.004697957343781423
59770.87529549972 4.859 0.019000000000000128 0.97613767428563 0.010715859179864536 0.9787530801116359 1.0061742841673176 0.9847961797578825 -0.008658505472252442
59770.87531144314 4.859 0.019000000000000128 0.9934774863413904 0.010771705110711296 0.9787546289905805 1.006174223773358 0.9847976790891784 0.008679807252212068
59770.87532738656 4.859 0.019000000000000128 0.9643036368553074 0.010716387648489537 0.9787561807167512 1.0061741633793984 0.9847991812850924 -0.020495544429784962
59770.87534332997 4.859 0.019000000000000128 0.9994009777960429 0.010781504500478609 0.9787577353027709 1.0061741029854663 0.9848006863583519 0.014600291437690927
59770.87535927339 4.859 0.019000000000000128 0.9986790863303465 0.010772399642935917 0.9787592927635662 1.0061740425915067 0.9848021943239215 0.013876892006425057
59770.87537521681 4.859 0.019000000000000128 0.9910631510246513 0.0107184401675163 0.9787608531121892 1.006173982197547 0.9848037051949599 0.006259445829691401
59770.87539116023 4.859 0.019000000000000128 0.9815409877733235 0.010739298104426599 0.9787624163624263 1.0061739218035874 0.9848052189853382 -0.00326423121201469
59770.87540710365 4.859 0.019000000000000128 0.9857687663248235 0.010717609965451364 0.9787639825282174 1.0061738614096278 0.9848067357090821 0.0009620306157414049
59770.875423047066 4.859 0.019000000000000128 0.9712335489378965 0.01071541466191915 0.978765551623068 1.0061738010156958 0.9848082553798065 -0.013574706441910056
59770.87543899049 4.859 0.019000000000000128 0.9792062739454501 0.010725166385302439 0.9787671236633684 1.0061737406217086 0.9848097780139218 -0.005603504068471654
59770.87545493391 4.859 0.019000000000000128 0.9960698908814319 0.010736218668121314 0.9787686986607645 1.0061736802277765 0.9848113036232531 0.011258587258178854
59770.87547087732 4.859 0.019000000000000128 0.9968684480310938 0.010787223292908717 0.9787702766312939 1.0061736198338445 0.9848128322238823 0.012055615807211484
59770.87548682075 4.859 0.019000000000000128 0.9885448347831105 0.010736843265272189 0.9787718575911744 1.0061735594398573 0.984814363832073 0.0037304709510375123
59770.87550276417 4.859 0.019000000000000128 0.9965506355808733 0.01078986609239821 0.9787734415532771 1.0061734990458977 0.9848158984608563 0.011734737120017047
59770.87551870759 4.859 0.019000000000000128 0.9575836238470959 0.01064775990818601 0.9787750285334352 1.006173438651938 0.9848174361261354 -0.027233812279039427
59770.875534651 4.859 0.019000000000000128 0.9728667508499778 0.010683163072786049 0.9787766185462412 1.006173378258006 0.9848189768426192 -0.011952225992641452
59770.87555059442 4.859 0.019000000000000128 0.9754275369432482 0.01070645761253748 0.978778211608631 1.0061733178640464 0.984820520627294 -0.00939298368404573
59770.87556653784 4.859 0.019000000000000128 0.9743913922270955 0.012049354280270168 0.9787798077356618 1.0061732574700868 0.9848220674953361 -0.010430675268240597
59770.87558248126 4.859 0.019000000000000128 0.988458117060258 0.01076210892098386 0.9787814069431316 1.0061731970761272 0.9848236174626407 0.0036344995976173022
59770.87559842468 4.859 0.019000000000000128 0.9616706961669286 0.01065911820832084 0.9787830092472195 1.0061731366821676 0.9848251705454859 -0.023154474378557333
59770.8756143681 4.859 0.019000000000000128 0.9767995806315302 0.010697393607271068 0.978784614664165 1.0061730762882077 0.9848267267602109 -0.008027146128680718
59770.875630311515 4.859 0.019000000000000128 0.9788433592178417 0.010723836829953934 0.9787862232096666 1.0061730158942759 0.9848282861226381 -0.0059849269047963505
59770.875646254935 4.859 0.019000000000000128 0.9867436416373115 0.010712989855209349 0.9787878349020052 1.006172955500316 0.9848298486511059 0.0019137929862056424
59770.875662198356 4.859 0.019000000000000128 1.0026668390962812 0.010769088745271395 0.9787894497573026 1.0061728951063564 0.9848314143618628 0.017835424734418348
59770.875678141776 4.859 0.019000000000000128 0.9695447405054107 0.010683547983302129 0.9787910677926424 1.0061728347123968 0.9848329832720968 -0.015288242766686055
59770.875694085196 4.859 0.019000000000000128 0.9796544305411643 0.012072470157974307 0.9787926890254712 1.0061727743184372 0.9848345553993617 -0.00518012485819741
