eureka_custom_plots/data/stage5_lcfit_results/S5_wasp39b_ap4_bg8_Table_Save_ch21.txt
# %ECSV 1.0
# ---
# datatype:
# - {name: time, datatype: float64}
# - {name: wavelength, datatype: float64}
# - {name: bin_width, datatype: float64}
# - {name: lcdata, datatype: float64}
# - {name: lcerr, datatype: float64}
# - {name: transit, datatype: float64}
# - {name: polynom, datatype: float64}
# - {name: model, datatype: float64}
# - {name: residuals, datatype: float64}
# schema: astropy-2.0
time wavelength bin_width lcdata lcerr transit polynom model residuals
[from data line 11152]
59770.82182127117 3.824 0.018999999999999906 0.9856890481047256 0.006011826190139877 0.9780387211998368 1.0062518927818693 0.9841533144212948 0.00153573368343074
59770.8218372146 3.824 0.018999999999999906 0.9847627061287537 0.006012726217150464 0.9780384956086366 1.0062518341069195 0.984153030033363 0.0006096760953907543
59770.82185315801 3.824 0.018999999999999906 0.9876620559305687 0.00602977087245052 0.9780382703799482 1.0062517754320235 0.9841527460102882 0.0035093099202804234
59770.82186910144 3.824 0.018999999999999906 0.983480001764698 0.006009468006821948 0.978038045512964 1.0062517167570737 0.9841524623511531 -0.0006724605864550925
59770.821885044854 3.824 0.018999999999999906 0.975893657678642 0.005991032222292708 0.9780378210077297 1.0062516580821774 0.9841521790561079 -0.008258521377465855
59770.821900988274 3.824 0.018999999999999906 0.9773152761629614 0.0059904152062564015 0.9780375968635437 1.0062515994072545 0.9841518961243685 -0.006836619961407053
59770.821916931694 3.824 0.018999999999999906 0.9864961430942322 0.006009806252798262 0.9780373730801215 1.0062515407323316 0.9841516135556745 0.0023445295385576825
59770.82193287512 3.824 0.018999999999999906 0.9834065267243436 0.00601352619316586 0.9780371496569908 1.0062514820573818 0.9841513313495244 -0.0007448046251807838
59770.821948818535 3.824 0.018999999999999906 0.9828402620883817 0.006002449556612143 0.9780369265940743 1.0062514233824855 0.9841510495059187 -0.001310787417536985
59770.821964761955 3.824 0.018999999999999906 0.9872567961390799 0.00601654616455279 0.9780367038906813 1.0062513647075626 0.9841507680240844 0.003106028114995496
59770.821980705376 3.824 0.018999999999999906 0.9725501367024469 0.005996897906513735 0.9780364815465292 1.0062513060326397 0.9841504869037627 -0.011600350201315779
59770.82199664879 3.824 0.018999999999999906 0.9865013481767884 0.006021446863065301 0.9780362595613541 1.0062512473577434 0.9841502061447143 0.002351142032074094
59770.822012592216 3.824 0.018999999999999906 0.9920516821998296 0.0060205912960871735 0.9780360379344635 1.0062511886827936 0.9841499257461637 0.007901756453665976
59770.82202853563 3.824 0.018999999999999906 0.9864413767502683 0.006022731504507457 0.978035816665883 1.0062511300078976 0.9841496457082417 0.0022917310420266235
59770.82204447906 3.824 0.018999999999999906 0.9861259252890685 0.0060052728348417225 0.9780355957548387 1.0062510713329478 0.9841493660300642 0.001976559259004307
59770.82206042247 3.824 0.018999999999999906 0.9789943471041049 0.005982502711217553 0.9780353752013565 1.0062510126580515 0.9841490867117624 -0.005154739607657444
59770.82207636589 3.824 0.018999999999999906 0.9809823309997396 0.006005347327483379 0.9780351550047541 1.0062509539831286 0.9841488077525709 -0.0031664767528312154
59770.82209230931 3.824 0.018999999999999906 0.9915168910286604 0.006027008726968977 0.9780349351647518 1.0062508953082057 0.9841485291522344 0.007368361876425977
59770.82210825273 3.824 0.018999999999999906 0.9813649058587445 0.006002136960492198 0.9780347156809877 1.0062508366332825 0.9841482509103884 -0.002783345051643904
59770.82212419615 3.824 0.018999999999999906 0.9922750852025659 0.0060282918785462825 0.9780344965530812 1.0062507779583596 0.9841479730266505 0.00812711217591544
59770.82214013957 3.824 0.018999999999999906 0.9896624963733364 0.006021027392955425 0.9780342777806587 1.0062507192834367 0.9841476955006443 0.005514800872692072
59770.82215608299 3.824 0.018999999999999906 0.9756543096208032 0.005993736548358071 0.9780340593633414 1.0062506606085138 0.9841474183319887 -0.00849310871118547
59770.822172026405 3.824 0.018999999999999906 0.989685502956612 0.00602785134395423 0.9780338413008703 1.0062506019336175 0.9841471415204489 0.005538361436163042
59770.822187969825 3.824 0.018999999999999906 0.9915159452571063 0.006023989174157794 0.9780336235926594 1.0062505432586946 0.9841468650653832 0.00736908019172311
59770.822203913245 3.824 0.018999999999999906 0.9860145369598963 0.0060189162390724815 0.9780334062384513 1.0062504845837716 0.9841465889665584 0.0018679479933378929
59770.82221985667 3.824 0.018999999999999906 0.9874924619757245 0.006012731353761361 0.978033189237769 1.0062504259088219 0.9841463132234685 0.0033461487522560285
59770.822235800086 3.824 0.018999999999999906 0.9892196784795971 0.006020112870897712 0.9780329725905437 1.0062503672339256 0.9841460378361224 0.005073640643474708
59770.822251743506 3.824 0.018999999999999906 0.9832479889914968 0.006019401005114871 0.9780327562960992 1.0062503085590027 0.9841457628037616 -0.0008977738122648571
59770.822267686926 3.824 0.018999999999999906 0.9821088010954684 0.0059980687071405775 0.9780325403541796 1.0062502498840797 0.9841454881261545 -0.0020366870306861573
59770.82228363035 3.824 0.018999999999999906 0.9813275407276613 0.006004227224079419 0.9780323247644112 1.0062501912091566 0.9841452138029246 -0.0028176730752633716
59770.82229957377 3.824 0.018999999999999906 0.9869593833423999 0.006011387856692385 0.978032109526426 1.0062501325342337 0.9841449398337023 0.0028144435086975284
59770.82231551718 3.824 0.018999999999999906 0.9907113717653843 0.0060213893748911965 0.9780318946399513 1.0062500738593376 0.9841446662182389 0.006566705547145335
59770.82233146061 3.824 0.018999999999999906 0.9831055158504188 0.00601585674815614 0.9780316801043349 1.0062500151843878 0.9841443929557994 -0.0010388771053805312
59770.82234740402 3.824 0.018999999999999906 0.9821037289234126 0.006009068887140581 0.9780314659196024 1.0062499565094916 0.9841441200465142 -0.0020403911231016147
59770.82236334744 3.824 0.018999999999999906 0.9882266787586341 0.006025307651451512 0.9780312520850855 1.0062498978345686 0.9841438474896325 0.004082831269001663
59770.82237929086 3.824 0.018999999999999906 0.9816395332523637 0.005995472536667759 0.9780310386005312 1.0062498391596457 0.9841435752849258 -0.0025040420325620483
59770.82239523428 3.824 0.018999999999999906 0.9733022669298947 0.005989453135988171 0.9780308254655699 1.0062497804847226 0.9841433034320217 -0.010841036502126977
59770.8224111777 3.824 0.018999999999999906 0.9868906457651713 0.006011328551752343 0.9780306126798386 1.0062497218097997 0.9841430319305555 0.0027476138346157475
59770.82242712112 3.824 0.018999999999999906 0.9849887289425651 0.006011585386971894 0.978030400242969 1.0062496631348767 0.9841427607801562 0.0008459681624088944
59770.82244306454 3.824 0.018999999999999906 0.9845023044398178 0.006011459594267768 0.9780301881546114 1.0062496044599538 0.9841424899804719 0.000359814459345853
59770.82245900796 3.824 0.018999999999999906 0.9827402457791472 0.00600526206356518 0.9780299764143986 1.0062495457850307 0.9841422195311329 -0.0014019737519856967
59770.82247495138 3.824 0.018999999999999906 0.9925137514908732 0.006024546126687874 0.9780297650219639 1.0062494871101078 0.9841419494317704 0.008371802059102817
59770.822490894796 3.824 0.018999999999999906 0.9705111782153869 0.005978155914180048 0.9780295539770577 1.0062494284352117 0.9841416796821594 -0.013630501466772471
59770.82250683822 3.824 0.018999999999999906 0.9845194930000031 0.006005454575013971 0.9780293432790212 1.006249369760262 0.984141410281558 0.000378082718445083
59770.82252278164 3.824 0.018999999999999906 0.981655511853974 0.006005823437917628 0.9780291329278799 1.0062493110853656 0.9841411412300965 -0.0024856293761225112
59770.82253872506 3.824 0.018999999999999906 0.9851982128764304 0.006010502849933358 0.9780289229229957 1.0062492524104427 0.984140872527055 0.0010573403493754352
59770.82255466848 3.824 0.018999999999999906 0.9839501748061401 0.006011247162725554 0.9780287132641022 1.0062491937355198 0.9841406041721907 -0.00019042936605062621
59770.8225706119 3.824 0.018999999999999906 0.9847768376873804 0.0060156605921176795 0.978028503950843 1.0062491350605967 0.9841403361651451 0.0006365015222353776
59770.82258655532 3.824 0.018999999999999906 0.9875778493763537 0.006010386950599066 0.9780282949828552 1.0062490763856737 0.9841400685055532 0.0034377808708004887
59770.82260249874 3.824 0.018999999999999906 0.9978345637864384 0.006042843611790088 0.9780280863597955 1.0062490177107508 0.9841398011930697 0.01369476259336877
59770.82261844216 3.824 0.018999999999999906 0.9879490722773424 0.006013724600934348 0.9780278780813031 1.006248959035828 0.9841395342273308 0.003809538050011607
59770.82263438558 3.824 0.018999999999999906 0.9831891930334635 0.006016073239172008 0.978027670147023 1.0062489003609048 0.9841392676079795 -0.0009500745745160133
59770.82265032899 3.824 0.018999999999999906 0.9875630399497506 0.006018620862392849 0.9780274625566916 1.0062488416860087 0.9841390013347772 0.0034240386149734237
59770.82266627241 3.824 0.018999999999999906 0.9882027268087124 0.006025614336392616 0.9780272553097755 1.0062487830110856 0.9841387354071339 0.004063991401578426
59770.82268221584 3.824 0.018999999999999906 0.9891727249167014 0.006023230134433964 0.9780270484059165 1.006248724336136 0.9841384698246898 0.005034255092011608
59770.82269815925 3.824 0.018999999999999906 0.9879802046661045 0.006008417392589079 0.9780268418450437 1.0062486656612397 0.9841382045874516 0.003842000078652874
59770.82271410267 3.824 0.018999999999999906 0.9834005996297943 0.006006960541333006 0.9780266356265304 1.0062486069863168 0.9841379396947102 -0.0007373400649158812
59770.82273004609 3.824 0.018999999999999906 0.9893788057082277 0.006011192352230835 0.9780264297501154 1.0062485483113939 0.9841376751462291 0.005241130561998597
59770.82274598951 3.824 0.018999999999999906 0.9785122694214297 0.006874909303344529 0.9780262242154487 1.0062484896364707 0.9841374109416555 -0.0056251415202258626
59770.822761932934 3.824 0.018999999999999906 0.9842612436418391 0.006003438156598703 0.9780260190221746 1.0062484309615478 0.984137147080632 0.00012409656120704327
59770.822777876354 3.824 0.018999999999999906 0.9860666777541821 0.006016797379019815 0.9780258141699557 1.006248372286625 0.984136883562819 0.0019297941913630767
59770.822793819774 3.824 0.018999999999999906 0.9693350756427055 0.005974347001279541 0.9780256096584378 1.006248313611702 0.9841366203878597 -0.01480154474515416
59770.822809763195 3.824 0.018999999999999906 0.9817143026529811 0.006007075736194312 0.978025405487267 1.0062482549367788 0.984136357555398 -0.0024220549024168703
59770.82282570661 3.824 0.018999999999999906 0.9899034046915948 0.006013068924725333 0.978025201656202 1.0062481962618828 0.9841360950652174 0.005767309626377393
59770.82284165003 3.824 0.018999999999999906 0.9782881256018733 0.005987113139588967 0.9780249981647018 1.0062481375869596 0.9841358329167208 -0.005847707314847517
59770.82285759345 3.824 0.018999999999999906 0.9700698875557374 0.005981201174747498 0.9780247950125085 1.0062480789120367 0.9841355711096752 -0.01406568355393778
59770.82287353687 3.824 0.018999999999999906 0.9763572141172063 0.005992093793497848 0.9780245921992888 1.0062480202371138 0.984135309643745 -0.007778095526538631
59770.82288948029 3.824 0.018999999999999906 0.9885779649487371 0.006020271719315029 0.9780243897246915 1.0062479615621909 0.9841350485185766 0.004442916430160482
59770.82290542371 3.824 0.018999999999999906 0.9799544814103444 0.0060164305130380475 0.9780241875883724 1.006247902887268 0.9841347877338237 -0.004180306323479321
59770.82292136713 3.824 0.018999999999999906 0.9816859510348889 0.006004413204585163 0.978023985789982 1.0062478442123448 0.9841345272891343 -0.002448576254245438
59770.82293731055 3.824 0.018999999999999906 0.9871744139389323 0.006018003435334868 0.9780237843291885 1.006247785537422 0.984134267184175 0.003040146754757389
59770.82295325397 3.824 0.018999999999999906 0.9780056533155255 0.005989009344084853 0.9780235832056439 1.006247726862499 0.9841340074185952 -0.0061283541030697775
59770.82296919739 3.824 0.018999999999999906 0.9778121679218744 0.006003372579084361 0.978023382419006 1.006247668187576 0.9841337479920508 -0.006321580070176358
59770.82298514081 3.824 0.018999999999999906 0.9777234529667517 0.00599423665248765 0.9780231819689278 1.006247609512653 0.9841334889041919 -0.006410035937440273
59770.82300108422 3.824 0.018999999999999906 0.9865791593854742 0.0060096793993436115 0.9780229818551724 1.0062475508377569 0.9841332301548071 0.00244592923066711
59770.823017027644 3.824 0.018999999999999906 0.9812960213555576 0.006001913444519599 0.9780227820772085 1.0062474921628337 0.9841329717433087 -0.0028369503877511137
59770.823032971064 3.824 0.018999999999999906 0.9819712785959461 0.006006223309977879 0.9780225826347837 1.0062474334879108 0.9841327136694692 -0.002161435073523066
59770.823048914484 3.824 0.018999999999999906 0.9787434067258759 0.006002138487766176 0.9780223835275703 1.0062473748129879 0.9841324559329588 -0.005389049207082941
59770.823064857905 3.824 0.018999999999999906 0.9786700258940376 0.006002046990678769 0.9780221847552241 1.006247316138065 0.9841321985334309 -0.0054621726393933034
59770.823080801325 3.824 0.018999999999999906 0.9848971691555484 0.006016866767378322 0.9780219863174014 1.0062472574631418 0.9841319414705396 0.0007652276850087514
59770.823096744745 3.824 0.018999999999999906 0.9842834982307512 0.006013138212494043 0.9780217882137765 1.0062471987882189 0.9841316847439573 0.00015181348679393913
59770.82311268816 3.824 0.018999999999999906 0.9864700730338937 0.006024337664658159 0.9780215904440982 1.0062471401133228 0.9841314283534573 0.0023386446804363192
59770.823128631586 3.824 0.018999999999999906 0.9762558235303472 0.005994617036093276 0.9780213930077561 1.006247081438373 0.9841311722983467 -0.007875348767999446
59770.823144575006 3.824 0.018999999999999906 0.9886454720564363 0.0060252480497330835 0.9780211959046835 1.0062470227634501 0.9841309165786368 0.004514555477799442
59770.82316051842 3.824 0.018999999999999906 0.9811374975661448 0.006000390459101644 0.978020999134556 1.0062469640885539 0.984130661194001 -0.002993163627856288
59770.82317646184 3.824 0.018999999999999906 0.9884561347335165 0.0060120705529975015 0.9780208026968515 1.006246905413631 0.9841304061438622 0.0043257285896542985
59770.82319240526 3.824 0.018999999999999906 0.9892297040370137 0.006017201491065107 0.9780206065913217 1.0062468467387078 0.9841301514279958 0.005099552609017954
59770.82320834868 3.824 0.018999999999999906 0.9855075451121637 0.006018243990928095 0.9780204108176447 1.0062467880637849 0.9841298970460783 0.001377648066085313
59770.8232242921 3.824 0.018999999999999906 0.9784576290981758 0.006001395708789911 0.9780202153754819 1.006246729388862 0.9841296429977691 -0.0056720138995932645
59770.82324023552 3.824 0.018999999999999906 0.9775071250637961 0.005995678265970577 0.9780200202645016 1.006246670713939 0.984129389282734 -0.006622264218937857
59770.82325617894 3.824 0.018999999999999906 0.9696480659288031 0.00595802129358448 0.9780198254843665 1.0062466120390159 0.9841291359006333 -0.014481069971830185
59770.82327212236 3.824 0.018999999999999906 0.9784305950178775 0.005996720347097987 0.9780196310347566 1.006246553364093 0.9841288828511457 -0.005698287833268201
59770.823288065774 3.824 0.018999999999999906 0.9923082002233929 0.006041626399544182 0.9780194369154261 1.006246494689197 0.9841286301340497 0.008179570089343224
59770.8233040092 3.824 0.018999999999999906 0.9843773823641667 0.0060010868949334694 0.9780192431257757 1.0062464360142471 0.9841283777486632 0.00024900461550347863
59770.823319952615 3.824 0.018999999999999906 0.981194079426235 0.005993763144214379 0.9780190496658291 1.0062463773393509 0.9841281256951152 -0.002934046268880164
59770.823335896035 3.824 0.018999999999999906 0.9865915478576088 0.006007299592901288 0.9780188565350004 1.006246318664428 0.9841278739727375 0.0024636738848713424
