eureka_custom_plots/data/stage5_lcfit_results/S5_wasp39b_ap4_bg8_Table_Save_ch40.txt
# %ECSV 1.0
# ---
# datatype:
# - {name: time, datatype: float64}
# - {name: wavelength, datatype: float64}
# - {name: bin_width, datatype: float64}
# - {name: lcdata, datatype: float64}
# - {name: lcerr, datatype: float64}
# - {name: transit, datatype: float64}
# - {name: polynom, datatype: float64}
# - {name: model, datatype: float64}
# - {name: residuals, datatype: float64}
# schema: astropy-2.0
time wavelength bin_width lcdata lcerr transit polynom model residuals
[from data line 6173]
59770.74243898354 4.5525 0.01949999999999985 1.0030941361112768 0.009101589433309692 1.0 1.0068474940399628 1.0068474940399628 -0.0037533579286859187
59770.74245492696 4.5525 0.01949999999999985 1.0135144492892183 0.009118371637432595 1.0 1.0068474127423395 1.0068474127423395 0.006667036546878835
59770.74247087038 4.5525 0.01949999999999985 1.0050409474880901 0.009116653181084499 1.0 1.0068473314447532 1.0068473314447532 -0.0018063839566631046
59770.742486813804 4.5525 0.01949999999999985 1.01769049093045 0.009131388876073204 1.0 1.0068472501470929 1.0068472501470929 0.010843240783357189
59770.742502757224 4.5525 0.01949999999999985 1.015762860619052 0.009136377571792866 1.0 1.0068471688494698 1.0068471688494698 0.00891569176958229
59770.742518700645 4.5525 0.01949999999999985 1.0158231290303612 0.00913562930569584 1.0 1.0068470875518465 1.0068470875518465 0.008976041478514718
59770.742534644065 4.5525 0.01949999999999985 1.0077917240716887 0.009105991682291011 1.0 1.0068470062542232 1.0068470062542232 0.0009447178174655235
59770.742550587485 4.5525 0.01949999999999985 1.006059195198636 0.009104261022130059 1.0 1.0068469249565999 1.0068469249565999 -0.0007877297579639286
59770.742566530906 4.5525 0.01949999999999985 1.015994479320838 0.009133253981706106 1.0 1.0068468436589766 1.0068468436589766 0.009147635661861386
59770.74258247432 4.5525 0.01949999999999985 1.0058975714290004 0.009103214284812505 1.0 1.0068467623613906 1.0068467623613906 -0.0009491909323902092
59770.742598417746 4.5525 0.01949999999999985 1.0254619596004018 0.009156541740601204 1.0 1.0068466810637302 1.0068466810637302 0.018615278536671553
59770.74261436117 4.5525 0.01949999999999985 1.0031703814553057 0.009115311747531076 1.0 1.006846599766107 1.006846599766107 -0.003676218310801227
59770.74263030459 4.5525 0.01949999999999985 1.00665815801731 0.009118899435894803 1.0 1.0068465184684836 1.0068465184684836 -0.00018836045117365252
59770.742646248 4.5525 0.01949999999999985 1.007087328204847 0.00909059657520243 1.0 1.0068464371708976 1.0068464371708976 0.00024089103394930866
59770.74266219143 4.5525 0.01949999999999985 1.018397425872626 0.00913554687023846 1.0 1.0068463558732372 1.0068463558732372 0.011551069999388819
59770.74267813485 4.5525 0.01949999999999985 0.9920198185264796 0.009074534819453596 1.0 1.006846274575614 1.006846274575614 -0.014826456049134351
59770.74269407827 4.5525 0.01949999999999985 1.0092081259762804 0.009136047572520093 1.0 1.0068461932779906 1.0068461932779906 0.0023619326982897704
59770.74271002169 4.5525 0.01949999999999985 0.9986046215957872 0.009115464519296753 1.0 1.0068461119803676 1.0068461119803676 -0.00824149038458033
59770.74272596511 4.5525 0.01949999999999985 1.0062168680959616 0.009109355101142 1.0 1.0068460306827443 1.0068460306827443 -0.0006291625867826944
59770.74274190853 4.5525 0.01949999999999985 1.0079534429160373 0.009116513442768266 1.0 1.006845949385121 1.006845949385121 0.0011074935309163259
59770.74275785194 4.5525 0.01949999999999985 0.9926359159741781 0.009079466691093266 1.0 1.0068458680875347 1.0068458680875347 -0.014209952113356628
59770.74277379537 4.5525 0.01949999999999985 1.0028406695555339 0.009110142706257573 1.0 1.0068457867898746 1.0068457867898746 -0.004005117234340716
59770.74278973878 4.5525 0.01949999999999985 1.0016053337547945 0.009076266247177892 1.0 1.0068457054922884 1.0068457054922884 -0.00524037173749381
59770.74280568221 4.5525 0.01949999999999985 1.0082573535882116 0.009142345279976241 1.0 1.006845624194628 1.006845624194628 0.0014117293935835828
59770.74282162562 4.5525 0.01949999999999985 1.022412849391352 0.009117536058334971 1.0 1.0068455428970418 1.0068455428970418 0.015567306494310262
59770.74283756905 4.5525 0.01949999999999985 1.0148642508319214 0.009119908342265753 1.0 1.0068454615993816 1.0068454615993816 0.008018789232539847
59770.74285351246 4.5525 0.01949999999999985 1.0137890709765942 0.009134655313220552 1.0 1.0068453803017954 1.0068453803017954 0.00694369067479883
59770.74286945589 4.5525 0.01949999999999985 0.995269617612621 0.009092318360625812 1.0 1.006845299004135 1.006845299004135 -0.011575681391513992
59770.74288539931 4.5525 0.01949999999999985 0.9966286620505159 0.009108096890279516 1.0 1.0068452177065117 1.0068452177065117 -0.010216555655995774
59770.74290134273 4.5525 0.01949999999999985 1.0029209396412968 0.009094439539971876 1.0 1.0068451364088886 1.0068451364088886 -0.003924196767591814
59770.74291728615 4.5525 0.01949999999999985 1.00620822602923 0.009097731961707104 1.0 1.0068450551112653 1.0068450551112653 -0.0006368290820353284
59770.742933229565 4.5525 0.01949999999999985 1.0061719746583542 0.009081863145634248 1.0 1.006844973813679 1.006844973813679 -0.000672999155324927
59770.74294917299 4.5525 0.01949999999999985 1.013457708707564 0.009113602511581205 1.0 1.0068448925160187 1.0068448925160187 0.006612816191545301
59770.742965116406 4.5525 0.01949999999999985 1.0052538058077911 0.009098189710144082 1.0 1.0068448112184327 1.0068448112184327 -0.0015910054106416105
59770.74298105983 4.5525 0.01949999999999985 1.0042678986920652 0.00909736654499712 1.0 1.0068447299207723 1.0068447299207723 -0.0025768312287071105
59770.742997003246 4.5525 0.01949999999999985 0.987543294737967 0.009051762188777552 1.0 1.0068446486231861 1.0068446486231861 -0.01930135388521914
59770.743012946674 4.5525 0.01949999999999985 1.0103061398814233 0.009147279932405833 1.0 1.0068445673255257 1.0068445673255257 0.0034615725558975186
59770.74302889009 4.5525 0.01949999999999985 0.9946066890325347 0.009118647866019467 1.0 1.0068444860279397 1.0068444860279397 -0.01223779699540506
59770.74304483351 4.5525 0.01949999999999985 1.0020384774449782 0.009109295777045282 1.0 1.0068444047303164 1.0068444047303164 -0.004805927285338241
59770.74306077693 4.5525 0.01949999999999985 1.0081357741008372 0.009090063435659754 1.0 1.0068443234326931 1.0068443234326931 0.0012914506681440674
59770.743076720355 4.5525 0.01949999999999985 0.9990965008395214 0.009106555084067129 1.0 1.0068442421350328 1.0068442421350328 -0.007747741295511368
59770.743092663775 4.5525 0.01949999999999985 0.9951667683967326 0.009107472192503654 1.0 1.0068441608374095 1.0068441608374095 -0.011677392440676893
59770.74310860719 4.5525 0.01949999999999985 1.007186532027888 0.009123232634033248 1.0 1.0068440795398235 1.0068440795398235 0.00034245248806463735
59770.743124550616 4.5525 0.01949999999999985 1.0036775322399654 0.009099952797663383 1.0 1.006843998242163 1.006843998242163 -0.003166466002197721
59770.74314049403 4.5525 0.01949999999999985 1.0092859220874302 0.009131928449102886 1.0 1.0068439169445769 1.0068439169445769 0.0024420051428533096
59770.74315643746 4.5525 0.01949999999999985 1.011644940080987 0.009118845902156536 1.0 1.0068438356469165 1.0068438356469165 0.004801104434070558
59770.74317238087 4.5525 0.01949999999999985 1.0118606120290072 0.009136954408592093 1.0 1.0068437543493305 1.0068437543493305 0.005016857679676745
59770.7431883243 4.5525 0.01949999999999985 0.994583372829584 0.009090933007811478 1.0 1.00684367305167 1.00684367305167 -0.012260300222086129
59770.74320426771 4.5525 0.01949999999999985 0.9973564979627078 0.009065315168422556 1.0 1.0068435917540839 1.0068435917540839 -0.009487093791376133
59770.74322021113 4.5525 0.01949999999999985 1.014532317638353 0.009105708447762552 1.0 1.0068435104564606 1.0068435104564606 0.007688807181892354
59770.74323615455 4.5525 0.01949999999999985 0.9991759420132161 0.00908908198144631 1.0 1.0068434291588375 1.0068434291588375 -0.007667487145621377
59770.74325209797 4.5525 0.01949999999999985 1.0155542913191515 0.009144043674546704 1.0 1.0068433478612142 1.0068433478612142 0.008710943457937326
59770.74326804139 4.5525 0.01949999999999985 0.9961062052655166 0.00909047042706151 1.0 1.006843266563591 1.006843266563591 -0.01073706129807428
59770.74328398481 4.5525 0.01949999999999985 1.0183090615723402 0.009148375383275778 1.0 1.0068431852659676 1.0068431852659676 0.011465876306372635
59770.74329992824 4.5525 0.01949999999999985 1.0154611891137943 0.009148149437878804 1.0 1.0068431039683075 1.0068431039683075 0.008618085145486898
59770.74331587165 4.5525 0.01949999999999985 1.0000053206944584 0.009086985668059929 1.0 1.0068430226707212 1.0068430226707212 -0.006837701976262878
59770.74333181508 4.5525 0.01949999999999985 1.0214171534984673 0.009174298660386538 1.0 1.0068429413730609 1.0068429413730609 0.014574212125406438
59770.74334775849 4.5525 0.01949999999999985 0.9997484453076781 0.009131719957589532 1.0 1.0068428600754746 1.0068428600754746 -0.007094414767796486
59770.74336370192 4.5525 0.01949999999999985 1.0006749692193562 0.009104939752377897 1.0 1.0068427787778145 1.0068427787778145 -0.006167809558458304
59770.74337964533 4.5525 0.01949999999999985 0.9949538196445803 0.009103403264581342 1.0 1.0068426974802283 1.0068426974802283 -0.01188887783564796
59770.74339558875 4.5525 0.01949999999999985 1.0006063057165187 0.009089397680096405 1.0 1.006842616182605 1.006842616182605 -0.006236310466086303
59770.743411532174 4.5525 0.01949999999999985 0.9901150001060837 0.00907971108161439 1.0 1.0068425348849817 1.0068425348849817 -0.01672753477889799
59770.743427475594 4.5525 0.01949999999999985 1.0096313313080418 0.009129871498618387 1.0 1.0068424535873586 1.0068424535873586 0.0027888777206832582
59770.743443419015 4.5525 0.01949999999999985 1.004867321245473 0.009110452660898907 1.0 1.0068423722897353 1.0068423722897353 -0.0019750510442622105
59770.743459362435 4.5525 0.01949999999999985 1.006653807063046 0.009099317118774555 1.0 1.006842290992112 1.006842290992112 -0.00018848392906600786
59770.743475305855 4.5525 0.01949999999999985 1.0097032981667775 0.009099106319579558 1.0 1.0068422096944887 1.0068422096944887 0.002861088472288831
59770.743491249275 4.5525 0.01949999999999985 1.020687915116866 0.009142085215749773 1.0 1.0068421283968656 1.0068421283968656 0.013845786720000364
59770.743507192696 4.5525 0.01949999999999985 1.0106894636926544 0.009103322938415379 1.0 1.0068420470992423 1.0068420470992423 0.003847416593412145
59770.743523136116 4.5525 0.01949999999999985 1.013034078338501 0.009145284759725682 1.0 1.006841965801619 1.006841965801619 0.006192112536882011
59770.74353907954 4.5525 0.01949999999999985 1.016269135854949 0.009141339143497438 1.0 1.0068418845039586 1.0068418845039586 0.009427251350990318
59770.74355502296 4.5525 0.01949999999999985 1.0045542781336667 0.00909607202883566 1.0 1.0068418032063726 1.0068418032063726 -0.0022875250727059093
59770.74357096638 4.5525 0.01949999999999985 1.0073491397688208 0.009112611143867947 1.0 1.0068417219087493 1.0068417219087493 0.0005074178600714685
59770.7435869098 4.5525 0.01949999999999985 1.0108132118066693 0.009128460284375148 1.0 1.006841640611126 1.006841640611126 0.003971571195543255
59770.74360285322 4.5525 0.01949999999999985 0.9920505452251822 0.009069600314084637 1.0 1.0068415593135027 1.0068415593135027 -0.014791014088320509
59770.74361879664 4.5525 0.01949999999999985 1.0084482436546993 0.009127459079984674 1.0 1.0068414780158794 1.0068414780158794 0.0016067656388198959
59770.74363474006 4.5525 0.01949999999999985 1.0092467130394394 0.009129277403295085 1.0 1.0068413967182563 1.0068413967182563 0.0024053163211830153
59770.74365068348 4.5525 0.01949999999999985 1.0248394078201546 0.00914546121414515 1.0 1.006841315420633 1.006841315420633 0.017998092399521548
59770.7436666269 4.5525 0.01949999999999985 0.998413585637277 0.009083356225627042 1.0 1.0068412341230097 1.0068412341230097 -0.008427648485732742
59770.74368257032 4.5525 0.01949999999999985 1.0296119720878631 0.009157801649503718 1.0 1.0068411528253864 1.0068411528253864 0.022770819262476705
59770.74369851374 4.5525 0.01949999999999985 1.0097657941172047 0.009142649346451396 1.0 1.0068410715277634 1.0068410715277634 0.00292472258944132
59770.74371445716 4.5525 0.01949999999999985 1.0021386533612888 0.009117871428194533 1.0 1.00684099023014 1.00684099023014 -0.004702336868851242
59770.74373040058 4.5525 0.01949999999999985 1.000016291029839 0.00911529593994907 1.0 1.0068409089325168 1.0068409089325168 -0.006824617902677854
59770.743746344 4.5525 0.01949999999999985 1.0170373189293527 0.009152916188568536 1.0 1.0068408276348935 1.0068408276348935 0.010196491294459209
59770.74376228742 4.5525 0.01949999999999985 1.0304248196227876 0.009175549153145342 1.0 1.0068407463372704 1.0068407463372704 0.02358407328551726
59770.74377823084 4.5525 0.01949999999999985 1.0015754179689964 0.009103208400064063 1.0 1.006840665039647 1.006840665039647 -0.00526524707065068
59770.743794174254 4.5525 0.01949999999999985 1.0274499276871203 0.00919715238391244 1.0 1.0068405837420609 1.0068405837420609 0.020609343945059422
59770.74381011768 4.5525 0.01949999999999985 1.0088362808692748 0.009122346754742647 1.0 1.0068405024444005 1.0068405024444005 0.001995778424874306
59770.7438260611 4.5525 0.01949999999999985 1.0087320054739413 0.00912791389741717 1.0 1.0068404211467774 1.0068404211467774 0.0018915843271638533
59770.74384200452 4.5525 0.01949999999999985 0.9844779425150465 0.009073485930749123 1.0 1.006840339849154 1.006840339849154 -0.02236239733410761
59770.743857947935 4.5525 0.01949999999999985 1.0097187264398089 0.009149394425470875 1.0 1.006840258551568 1.006840258551568 0.0028784678882409764
59770.74387389136 4.5525 0.01949999999999985 1.0076924248060999 0.009150764723227244 1.0 1.0068401772539075 1.0068401772539075 0.0008522475521923756
59770.74388983478 4.5525 0.01949999999999985 0.9976417042322178 0.009077272896895952 1.0 1.0068400959562844 1.0068400959562844 -0.009198391724066668
59770.7439057782 4.5525 0.01949999999999985 1.0085733799051269 0.009097259527758535 1.0 1.0068400146586611 1.0068400146586611 0.0017333652464657234
59770.74392172162 4.5525 0.01949999999999985 1.0015360130703062 0.009117632590673401 1.0 1.0068399333610378 1.0068399333610378 -0.0053039202907316785
59770.74393766504 4.5525 0.01949999999999985 1.009007689754895 0.00911282665942363 1.0 1.0068398520634145 1.0068398520634145 0.0021678376914804343
59770.743953608464 4.5525 0.01949999999999985 1.0117480090318676 0.009142445392753707 1.0 1.0068397707657915 1.0068397707657915 0.004908238266076115
59770.74396955188 4.5525 0.01949999999999985 0.9977198985321953 0.009084170319436334 1.0 1.0068396894682052 1.0068396894682052 -0.009119790936009897
59770.743985495305 4.5525 0.01949999999999985 0.9983819428019736 0.009091530994407904 1.0 1.0068396081705449 1.0068396081705449 -0.008457665368571288
59770.744001438725 4.5525 0.01949999999999985 0.9882809490018059 0.009085169728037296 1.0 1.0068395268729216 1.0068395268729216 -0.0185585778711157
59770.744017382145 4.5525 0.01949999999999985 1.008697226715487 0.00912723331501064 1.0 1.0068394455752985 1.0068394455752985 0.0018577811401885302
59770.74403332556 4.5525 0.01949999999999985 1.0151792930000265 0.009132924989802324 1.0 1.0068393642777123 1.0068393642777123 0.00833992872231426
59770.744049268986 4.5525 0.01949999999999985 1.002141487202552 0.009107222545462477 1.0 1.0068392829800519 1.0068392829800519 -0.004697795777499847
59770.7440652124 4.5525 0.01949999999999985 0.9967074200226242 0.009084492955338603 1.0 1.0068392016824657 1.0068392016824657 -0.01013178165984141
59770.744081155826 4.5525 0.01949999999999985 1.0081265681855005 0.00912187613504514 1.0 1.0068391203848053 1.0068391203848053 0.0012874478006952295
59770.74409709925 4.5525 0.01949999999999985 0.9860619087794338 0.00907880729665926 1.0 1.0068390390871822 1.0068390390871822 -0.020777130307748415
59770.74411304267 4.5525 0.01949999999999985 1.0010597683321583 0.009131711281285227 1.0 1.006838957789559 1.006838957789559 -0.005779189457400635
59770.74412898609 4.5525 0.01949999999999985 1.004948763017236 0.009119551018042899 1.0 1.0068388764919356 1.0068388764919356 -0.001890113474699584
