eureka_custom_plots/data/stage5_lcfit_results/S5_wasp39b_ap4_bg8_Table_Save_ch38.txt
# %ECSV 1.0
# ---
# datatype:
# - {name: time, datatype: float64}
# - {name: wavelength, datatype: float64}
# - {name: bin_width, datatype: float64}
# - {name: lcdata, datatype: float64}
# - {name: lcerr, datatype: float64}
# - {name: transit, datatype: float64}
# - {name: polynom, datatype: float64}
# - {name: model, datatype: float64}
# - {name: residuals, datatype: float64}
# schema: astropy-2.0
time wavelength bin_width lcdata lcerr transit polynom model residuals
[from data line 758]
59770.65610536125 4.476 0.019000000000000128 1.0043210537325895 0.008763278443300236 1.0 1.0069815823187667 1.0069815823187667 -0.0026605285861771577
59770.656121304666 4.476 0.019000000000000128 1.008790538393472 0.008804109770814543 1.0 1.0069815410659793 1.0069815410659793 0.001808997327492845
59770.656137248094 4.476 0.019000000000000128 0.9873793674961184 0.008742823748811511 1.0 1.006981499813154 1.006981499813154 -0.01960213231703567
59770.656153191514 4.476 0.019000000000000128 1.006517046158754 0.008763989233826024 1.0 1.0069814585603478 1.0069814585603478 -0.0004644124015937834
59770.65616913493 4.476 0.019000000000000128 1.0144568166727344 0.008819179094334613 1.0 1.0069814173075604 1.0069814173075604 0.00747539936517394
59770.656185078355 4.476 0.019000000000000128 1.0084844994012498 0.008800454350630375 1.0 1.0069813760547353 1.0069813760547353 0.00150312334651459
59770.656201021775 4.476 0.019000000000000128 1.0097788099530274 0.008787027379471006 1.0 1.006981334801929 1.006981334801929 0.0027974751510984053
59770.656216965195 4.476 0.019000000000000128 1.012737575380315 0.00880310691288781 1.0 1.0069812935491227 1.0069812935491227 0.005756281831192256
59770.656232908615 4.476 0.019000000000000128 1.0091193530719653 0.008801860973758836 1.0 1.0069812522963164 1.0069812522963164 0.00213810077564891
59770.656248852036 4.476 0.019000000000000128 1.0162749706481202 0.00880032632544838 1.0 1.0069812110435101 1.0069812110435101 0.009293759604610097
59770.656264795456 4.476 0.019000000000000128 1.0190578138118496 0.008835622700683108 1.0 1.0069811697907038 1.0069811697907038 0.012076644021145722
59770.65628073888 4.476 0.019000000000000128 1.0141293684805341 0.008809629340167085 1.0 1.0069811285378976 1.0069811285378976 0.007148239942636581
59770.6562966823 4.476 0.019000000000000128 1.0087778479014653 0.008786930810003049 1.0 1.0069810872850913 1.0069810872850913 0.0017967606163740157
59770.656312625724 4.476 0.019000000000000128 1.0284312984391082 0.008838036486914771 1.0 1.0069810460322663 1.0069810460322663 0.02145025240684184
59770.656328569145 4.476 0.019000000000000128 0.9951669457745246 0.00875165604479672 1.0 1.00698100477946 1.00698100477946 -0.011814059004935484
59770.65634451256 4.476 0.019000000000000128 0.9916681164158752 0.008740127554943135 1.0 1.0069809635266724 1.0069809635266724 -0.015312847110797279
59770.656360455985 4.476 0.019000000000000128 1.011096239692148 0.0087930473239068 1.0 1.0069809222738475 1.0069809222738475 0.0041153174183004015
59770.656376399405 4.476 0.019000000000000128 1.00672374398557 0.008791006325538512 1.0 1.006980881021041 1.006980881021041 -0.00025713703547092237
59770.656392342826 4.476 0.019000000000000128 1.007830124795711 0.008795666090955081 1.0 1.0069808397682347 1.0069808397682347 0.0008492850274763875
59770.656408286246 4.476 0.019000000000000128 1.0203728426644523 0.008787723831684522 1.0 1.0069807985154284 1.0069807985154284 0.01339204414902384
59770.656424229666 4.476 0.019000000000000128 0.9925980610806597 0.008741987815408166 1.0 1.0069807572626222 1.0069807572626222 -0.014382696181962418
59770.65644017309 4.476 0.019000000000000128 0.9882156135942896 0.00874270079531179 1.0 1.0069807160098159 1.0069807160098159 -0.018765102415526314
59770.65645611651 4.476 0.019000000000000128 1.000127575856846 0.008770256894264949 1.0 1.0069806747570096 1.0069806747570096 -0.006853098900163612
59770.65647205993 4.476 0.019000000000000128 1.008479447490845 0.008797490327614425 1.0 1.0069806335042033 1.0069806335042033 0.001498813986641645
59770.65648800335 4.476 0.019000000000000128 1.0084325661880864 0.008793010780638629 1.0 1.006980592251397 1.006980592251397 0.001451973936689388
59770.656503946775 4.476 0.019000000000000128 1.0069994259754325 0.008798279658517602 1.0 1.006980550998572 1.006980550998572 1.8874976860372428e-05
59770.65651989019 4.476 0.019000000000000128 0.9999468136637187 0.008755148652852908 1.0 1.0069805097457845 1.0069805097457845 -0.007033696082065721
59770.656535833616 4.476 0.019000000000000128 1.0181952142339008 0.010195950428827224 1.0 1.0069804684929595 1.0069804684929595 0.011214745740941279
59770.656551777036 4.476 0.019000000000000128 1.0063336348338991 0.008780107027517905 1.0 1.0069804272401532 1.0069804272401532 -0.0006467924062540931
59770.656567720456 4.476 0.019000000000000128 1.012010314101849 0.008816852830284414 1.0 1.006980385987347 1.006980385987347 0.005029928114502091
59770.65658366388 4.476 0.019000000000000128 1.0071830886029303 0.008773153987263884 1.0 1.0069803447345407 1.0069803447345407 0.0002027438683895877
59770.6565996073 4.476 0.019000000000000128 1.0169612132916033 0.010200093701780245 1.0 1.0069803034817344 1.0069803034817344 0.009980909809868876
59770.65661555072 4.476 0.019000000000000128 1.0080456738601835 0.008766319270227406 1.0 1.0069802622289281 1.0069802622289281 0.0010654116312553974
59770.65663149414 4.476 0.019000000000000128 1.012609064561301 0.008812418572449708 1.0 1.0069802209761218 1.0069802209761218 0.005628843585179233
59770.65664743756 4.476 0.019000000000000128 1.0122240289788995 0.008810096169819214 1.0 1.0069801797233155 1.0069801797233155 0.0052438492555839655
59770.65666338098 4.476 0.019000000000000128 1.0035643324631287 0.008782777345441837 1.0 1.0069801384705093 1.0069801384705093 -0.003415806007380562
59770.656679324406 4.476 0.019000000000000128 1.017593051282606 0.00879210911551489 1.0 1.0069800972176841 1.0069800972176841 0.010612954064921798
59770.65669526782 4.476 0.019000000000000128 1.0040688856776112 0.008803416109969304 1.0 1.0069800559648967 1.0069800559648967 -0.0029111702872854917
59770.656711211246 4.476 0.019000000000000128 1.0010977372118752 0.008766045372993492 1.0 1.0069800147120715 1.0069800147120715 -0.00588227750019632
59770.65672715467 4.476 0.019000000000000128 1.0147797356305315 0.008817472065308916 1.0 1.0069799734592653 1.0069799734592653 0.007799762171266211
59770.65674309808 4.476 0.019000000000000128 1.0132520625104673 0.008819203104271322 1.0 1.0069799322064776 1.0069799322064776 0.006272130303989654
59770.65675904151 4.476 0.019000000000000128 1.020477253786515 0.008837525103691356 1.0 1.0069798909536527 1.0069798909536527 0.013497362832862292
59770.65677498493 4.476 0.019000000000000128 1.0104603531807557 0.00878613210368783 1.0 1.0069798497008464 1.0069798497008464 0.003480503479909247
59770.65679092835 4.476 0.019000000000000128 1.0074432438429957 0.008753376910784644 1.0 1.0069798084480401 1.0069798084480401 0.00046343539495552477
59770.65680687177 4.476 0.019000000000000128 1.0073974133437722 0.008779905202165601 1.0 1.0069797671952339 1.0069797671952339 0.00041764614853834203
59770.65682281519 4.476 0.019000000000000128 0.9962479127719855 0.00875079465947151 1.0 1.0069797259424276 1.0069797259424276 -0.010731813170442028
59770.65683875861 4.476 0.019000000000000128 1.0116193028199167 0.008790087896180398 1.0 1.0069796846896213 1.0069796846896213 0.004639618130295453
59770.656854702036 4.476 0.019000000000000128 1.01303127320927 0.008813094735138978 1.0 1.0069796434367961 1.0069796434367961 0.0060516297724737544
59770.65687064545 4.476 0.019000000000000128 1.0004775022698993 0.008785969503997649 1.0 1.0069796021840087 1.0069796021840087 -0.006502099914109438
59770.65688658888 4.476 0.019000000000000128 1.0021026340958628 0.008758577623330741 1.0 1.0069795609311836 1.0069795609311836 -0.004876926835320816
59770.6569025323 4.476 0.019000000000000128 1.0214107126836576 0.008810058210655393 1.0 1.0069795196783773 1.0069795196783773 0.014431193005280285
59770.65691847571 4.476 0.019000000000000128 0.9951338686662855 0.00875302273793934 1.0 1.0069794784255899 1.0069794784255899 -0.011845609759304376
59770.65693441914 4.476 0.019000000000000128 1.0000995194760578 0.00874515716688025 1.0 1.0069794371727647 1.0069794371727647 -0.0068799176967069275
59770.65695036255 4.476 0.019000000000000128 1.0207203310066404 0.008842624556721638 1.0 1.0069793959199773 1.0069793959199773 0.013740935086663075
59770.65696630598 4.476 0.019000000000000128 0.9911571796190827 0.008751283953284379 1.0 1.0069793546671522 1.0069793546671522 -0.015822175048069487
59770.6569822494 4.476 0.019000000000000128 1.0091604530093874 0.0088170152756874 1.0 1.0069793134143459 1.0069793134143459 0.0021811395950415147
59770.65699819282 4.476 0.019000000000000128 1.008769879324324 0.008788224578164493 1.0 1.0069792721615396 1.0069792721615396 0.0017906071627844522
59770.65701413624 4.476 0.019000000000000128 1.0069169060092678 0.008787503553322291 1.0 1.0069792309087333 1.0069792309087333 -6.232489946556008e-05
59770.65703007966 4.476 0.019000000000000128 1.0066648352210643 0.008787640548084978 1.0 1.006979189655927 1.006979189655927 -0.0003143544348627181
59770.65704602308 4.476 0.019000000000000128 1.0053261288947681 0.008777188500928037 1.0 1.0069791484031207 1.0069791484031207 -0.0016530195083526156
59770.65706196651 4.476 0.019000000000000128 1.00786159412892 0.008783078608498874 1.0 1.0069791071502956 1.0069791071502956 0.0008824869786243639
59770.65707790993 4.476 0.019000000000000128 1.0184441883456006 0.00881475728102931 1.0 1.0069790658974893 1.0069790658974893 0.011465122448111265
59770.65709385334 4.476 0.019000000000000128 0.9963928674947152 0.008750974788698873 1.0 1.006979024644702 1.006979024644702 -0.010586157149986675
59770.65710979677 4.476 0.019000000000000128 1.0030471530191423 0.008779425998016952 1.0 1.0069789833918767 1.0069789833918767 -0.0039318303727344794
59770.65712574018 4.476 0.019000000000000128 1.0132414845253712 0.00880467607171213 1.0 1.0069789421390893 1.0069789421390893 0.006262542386281877
59770.65714168361 4.476 0.019000000000000128 1.0010703655517255 0.008767458026738659 1.0 1.0069789008862642 1.0069789008862642 -0.005908535334538723
59770.65715762703 4.476 0.019000000000000128 1.0034642172630053 0.008791855451429027 1.0 1.006978859633458 1.006978859633458 -0.0035146423704526253
59770.65717357045 4.476 0.019000000000000128 1.005614949373104 0.008763032348593477 1.0 1.0069788183806516 1.0069788183806516 -0.0013638690075477022
59770.65718951387 4.476 0.019000000000000128 1.0011217929471452 0.008771553731108288 1.0 1.0069787771278453 1.0069787771278453 -0.005856984180700131
59770.65720545729 4.476 0.019000000000000128 0.9866350724814704 0.008720147669754263 1.0 1.006978735875039 1.006978735875039 -0.020343663393568634
59770.65722140071 4.476 0.019000000000000128 1.0216995183201338 0.00881718897544079 1.0 1.0069786946222328 1.0069786946222328 0.014720823697901064
59770.65723734414 4.476 0.019000000000000128 0.987557926160287 0.00874211296780378 1.0 1.0069786533694076 1.0069786533694076 -0.01942072720912058
59770.65725328755 4.476 0.019000000000000128 1.0118135256220375 0.008790381513295963 1.0 1.0069786121166202 1.0069786121166202 0.004834913505417315
59770.65726923097 4.476 0.019000000000000128 1.0011605196744784 0.008734931235547643 1.0 1.006978570863814 1.006978570863814 -0.005818051189335538
59770.6572851744 4.476 0.019000000000000128 1.009177884983425 0.008787164649523413 1.0 1.0069785296109888 1.0069785296109888 0.002199355372436207
59770.65730111781 4.476 0.019000000000000128 1.004709116425857 0.008768969670831097 1.0 1.0069784883582014 1.0069784883582014 -0.002269371932344333
59770.65731706124 4.476 0.019000000000000128 1.0144998069196405 0.008809211969450042 1.0 1.0069784471053762 1.0069784471053762 0.007521359814264272
59770.65733300466 4.476 0.019000000000000128 1.0038390557203198 0.008781355848355708 1.0 1.00697840585257 1.00697840585257 -0.003139350132250085
59770.65734894808 4.476 0.019000000000000128 1.0195288985296733 0.008790483590585953 1.0 1.0069783645997636 1.0069783645997636 0.01255053392990968
59770.6573648915 4.476 0.019000000000000128 0.9990798102509798 0.008785325241693844 1.0 1.0069783233469574 1.0069783233469574 -0.007898513095977555
59770.65738083492 4.476 0.019000000000000128 0.9969565963021634 0.008755192656873134 1.0 1.006978282094151 1.006978282094151 -0.0100216857919877
59770.65739677834 4.476 0.019000000000000128 0.9995941954209172 0.008751391902799333 1.0 1.0069782408413448 1.0069782408413448 -0.007384045420427587
59770.65741272176 4.476 0.019000000000000128 1.001064773419192 0.008791643956305122 1.0 1.0069781995885385 1.0069781995885385 -0.005913426169346536
59770.65742866518 4.476 0.019000000000000128 1.013694519659048 0.008812847818602273 1.0 1.0069781583357322 1.0069781583357322 0.006716361323315878
59770.6574446086 4.476 0.019000000000000128 1.0067045965380996 0.008815208865031583 1.0 1.006978117082926 1.006978117082926 -0.00027352054482632226
59770.65746055203 4.476 0.019000000000000128 1.02105846863509 0.008833268753740084 1.0 1.0069780758301008 1.0069780758301008 0.014080392804989295
59770.65747649544 4.476 0.019000000000000128 1.000788883147774 0.008774389820383128 1.0 1.0069780345773134 1.0069780345773134 -0.006189151429539352
59770.65749243886 4.476 0.019000000000000128 1.0193018083055658 0.00881055079036164 1.0 1.006977993324507 1.006977993324507 0.012323814981058723
59770.65750838229 4.476 0.019000000000000128 1.002219065389877 0.00876001016338291 1.0 1.006977952071682 1.006977952071682 -0.004758886681804908
59770.65752432571 4.476 0.019000000000000128 1.0149366236839683 0.008822128310440698 1.0 1.0069779108188757 1.0069779108188757 0.007958712865092643
59770.65754026913 4.476 0.019000000000000128 1.0118367786777018 0.008800365750788056 1.0 1.0069778695660694 1.0069778695660694 0.004858909111632448
59770.65755621255 4.476 0.019000000000000128 1.019595207426927 0.008827222720140655 1.0 1.006977828313263 1.006977828313263 0.012617379113663896
59770.65757215597 4.476 0.019000000000000128 1.019168615955884 0.008826004520153878 1.0 1.0069777870604568 1.0069777870604568 0.012190828895427108
59770.65758809939 4.476 0.019000000000000128 1.0157010518409906 0.008798448310285738 1.0 1.0069777458076505 1.0069777458076505 0.00872330603334004
59770.65760404281 4.476 0.019000000000000128 0.9845020068744011 0.008734631190285714 1.0 1.0069777045548443 1.0069777045548443 -0.022475697680443107
59770.65761998623 4.476 0.019000000000000128 1.0165160371971902 0.008824438139397778 1.0 1.006977663302038 1.006977663302038 0.009538373895152219
59770.65763592966 4.476 0.019000000000000128 1.0150257628263475 0.008789652985188641 1.0 1.0069776220492128 1.0069776220492128 0.008048140777134671
59770.65765187307 4.476 0.019000000000000128 0.9973321091795129 0.008782921591454865 1.0 1.0069775807964254 1.0069775807964254 -0.009645471616912538
59770.65766781649 4.476 0.019000000000000128 1.017303711112504 0.00881978505665666 1.0 1.0069775395436191 1.0069775395436191 0.010326171568884934
59770.65768375992 4.476 0.019000000000000128 0.9919156348906222 0.008741525230825827 1.0 1.006977498290794 1.006977498290794 -0.015061863400171793
59770.65769970334 4.476 0.019000000000000128 1.0151374120537906 0.00881314062601359 1.0 1.0069774570379877 1.0069774570379877 0.008159955015802911
59770.65771564676 4.476 0.019000000000000128 1.0142389860697878 0.008807606483597382 1.0 1.0069774157851814 1.0069774157851814 0.007261570284606389
59770.65773159018 4.476 0.019000000000000128 1.0029762838757803 0.008791578613406077 1.0 1.0069773745323751 1.0069773745323751 -0.004001090656594819
59770.6577475336 4.476 0.019000000000000128 0.9996768351964637 0.008764205312083204 1.0 1.0069773332795688 1.0069773332795688 -0.007300498083105178
59770.65776347702 4.476 0.019000000000000128 1.0096336929022505 0.00880102625081298 1.0 1.0069772920267626 1.0069772920267626 0.0026564008754879076
59770.65777942044 4.476 0.019000000000000128 1.0197512003945404 0.008837424491246118 1.0 1.0069772507739563 1.0069772507739563 0.01277394962058409
59770.65779536386 4.476 0.019000000000000128 1.0145909871382879 0.00880500504909824 1.0 1.00697720952115 1.00697720952115 0.007613777617137885
