eureka_custom_plots/data/stage5_lcfit_results/S5_wasp39b_ap4_bg8_Table_Save_ch58.txt
# %ECSV 1.0
# ---
# datatype:
# - {name: time, datatype: float64}
# - {name: wavelength, datatype: float64}
# - {name: bin_width, datatype: float64}
# - {name: lcdata, datatype: float64}
# - {name: lcerr, datatype: float64}
# - {name: transit, datatype: float64}
# - {name: polynom, datatype: float64}
# - {name: model, datatype: float64}
# - {name: residuals, datatype: float64}
# schema: astropy-2.0
time wavelength bin_width lcdata lcerr transit polynom model residuals
[from data line 543]
59770.65267752576 5.2425 0.01949999999999985 1.017651884884623 0.013384446254100842 1.0 1.0067406979842914 1.0067406979842914 0.010911186900331549
59770.65269346917 5.2425 0.01949999999999985 0.9997063919578872 0.013376563832884781 1.0 1.0067406622465154 1.0067406622465154 -0.0070342702886281305
59770.65270941259 5.2425 0.01949999999999985 1.0071814244581392 0.013332363912831996 1.0 1.006740626508723 1.006740626508723 0.00044079794941609407
59770.65272535602 5.2425 0.01949999999999985 1.027309517533844 0.01342803911574527 1.0 1.0067405907709146 1.0067405907709146 0.02056892676292943
59770.65274129943 5.2425 0.01949999999999985 1.0226383320081995 0.013412917396126567 1.0 1.0067405550331385 1.0067405550331385 0.015897776975061007
59770.65275724286 5.2425 0.01949999999999985 1.0048043065149692 0.013372157659910277 1.0 1.00674051929533 1.00674051929533 -0.0019362127803608242
59770.65277318628 5.2425 0.01949999999999985 0.9835150178656059 0.01327917585335848 1.0 1.0067404835575378 1.0067404835575378 -0.023225465691931846
59770.6527891297 5.2425 0.01949999999999985 0.9953174260116268 0.013311094477717873 1.0 1.0067404478197455 1.0067404478197455 -0.011423021808118716
59770.65280507312 5.2425 0.01949999999999985 1.0171838845078387 0.013470936099003279 1.0 1.0067404120819532 1.0067404120819532 0.010443472425885503
59770.652821016534 5.2425 0.01949999999999985 1.0001630089866682 0.013370954712720155 1.0 1.0067403763441771 1.0067403763441771 -0.006577367357508912
59770.65283695996 5.2425 0.01949999999999985 1.0065432564599615 0.013350912520088444 1.0 1.0067403406063686 1.0067403406063686 -0.0001970841464071782
59770.65285290338 5.2425 0.01949999999999985 0.9921785741749314 0.013351284507226818 1.0 1.0067403048685764 1.0067403048685764 -0.01456173069364497
59770.6528688468 5.2425 0.01949999999999985 1.0056224446399729 0.013399342721266458 1.0 1.006740269130784 1.006740269130784 -0.0011178244908112145
59770.65288479022 5.2425 0.01949999999999985 1.0174616388929356 0.013290961471352482 1.0 1.0067402333929918 1.0067402333929918 0.010721405499943826
59770.65290073365 5.2425 0.01949999999999985 1.0123732752018793 0.013333486212539637 1.0 1.006740197655183 1.006740197655183 0.005633077546696175
59770.65291667706 5.2425 0.01949999999999985 0.9993301173640141 0.013304545059722712 1.0 1.006740161917407 1.006740161917407 -0.007410044553392892
59770.65293262048 5.2425 0.01949999999999985 1.0067867258650156 0.013404915605107271 1.0 1.0067401261796147 1.0067401261796147 4.659968540088322e-05
59770.65294856391 5.2425 0.01949999999999985 1.0142153829960043 0.01339474385823967 1.0 1.0067400904418062 1.0067400904418062 0.007475292554198099
59770.65296450733 5.2425 0.01949999999999985 1.0034602787945461 0.013312628889630359 1.0 1.006740054704014 1.006740054704014 -0.003279775909467819
59770.65298045075 5.2425 0.01949999999999985 1.0029198604155571 0.013372314544135453 1.0 1.0067400189662217 1.0067400189662217 -0.003820158550664532
59770.65299639417 5.2425 0.01949999999999985 0.9968798830391018 0.013365152623290114 1.0 1.0067399832284294 1.0067399832284294 -0.009860100189327592
59770.65301233759 5.2425 0.01949999999999985 1.014822453276571 0.013416734744759351 1.0 1.006739947490637 1.006739947490637 0.008082505785933947
59770.65302828101 5.2425 0.01949999999999985 0.9982401106948574 0.013286650588412297 1.0 1.0067399117528448 1.0067399117528448 -0.008499801057987422
59770.65304422443 5.2425 0.01949999999999985 0.9961749368071764 0.01329453227138848 1.0 1.0067398760150525 1.0067398760150525 -0.010564939207876156
59770.65306016785 5.2425 0.01949999999999985 1.0120582290717417 0.013425066048667007 1.0 1.0067398402772603 1.0067398402772603 0.005318388794481432
59770.65307611128 5.2425 0.01949999999999985 0.9904479840780175 0.013296702750645073 1.0 1.0067398045394516 1.0067398045394516 -0.01629182046143407
59770.653092054694 5.2425 0.01949999999999985 1.0073176846524134 0.013383876298585526 1.0 1.0067397688016757 1.0067397688016757 0.0005779158507377424
59770.653107998114 5.2425 0.01949999999999985 0.9982620334205744 0.013330108031117598 1.0 1.0067397330638834 1.0067397330638834 -0.008477699643309022
59770.65312394154 5.2425 0.01949999999999985 1.0078459972353908 0.013329530686236024 1.0 1.0067396973260747 1.0067396973260747 0.0011062999093160997
59770.653139884955 5.2425 0.01949999999999985 1.0024168266849243 0.013327305665440116 1.0 1.0067396615882986 1.0067396615882986 -0.004322834903374373
59770.65315582838 5.2425 0.01949999999999985 1.0001702848986662 0.013306358386250331 1.0 1.0067396258504901 1.0067396258504901 -0.006569340951823932
59770.6531717718 5.2425 0.01949999999999985 0.9995371163351842 0.013362070740147064 1.0 1.0067395901126979 1.0067395901126979 -0.007202473777513707
59770.65318771522 5.2425 0.01949999999999985 1.0112350824487784 0.013361767098729885 1.0 1.0067395543749056 1.0067395543749056 0.004495528073872768
59770.65320365864 5.2425 0.01949999999999985 1.0237951649014547 0.01339664268052648 1.0 1.0067395186371133 1.0067395186371133 0.017055646264341418
59770.65321960206 5.2425 0.01949999999999985 1.0118608063216412 0.013394899774047316 1.0 1.006739482899321 1.006739482899321 0.00512132342232019
59770.653235545484 5.2425 0.01949999999999985 1.0274290682747815 0.013412111605152684 1.0 1.0067394471615287 1.0067394471615287 0.020689621113252787
59770.65325148891 5.2425 0.01949999999999985 1.0071604065487463 0.013297277641388383 1.0 1.00673941142372 1.00673941142372 0.0004209951250262467
59770.653267432324 5.2425 0.01949999999999985 0.9861409560500961 0.013314817863105094 1.0 1.0067393756859442 1.0067393756859442 -0.020598419635848075
59770.653283375745 5.2425 0.01949999999999985 0.994336969919963 0.013372032344303944 1.0 1.006739339948152 1.006739339948152 -0.012402370028188892
59770.65329931917 5.2425 0.01949999999999985 0.985283455030575 0.013271586338020063 1.0 1.0067393042103432 1.0067393042103432 -0.02145584917976817
59770.653315262585 5.2425 0.01949999999999985 1.0257430910555092 0.013387199717194914 1.0 1.0067392684725673 1.0067392684725673 0.019003822582941865
59770.65333120601 5.2425 0.01949999999999985 0.9982729004049996 0.013323013425533265 1.0 1.0067392327347586 1.0067392327347586 -0.008466332329759019
59770.65334714943 5.2425 0.01949999999999985 0.9971135317786853 0.013341032527772984 1.0 1.0067391969969663 1.0067391969969663 -0.00962566521828101
59770.65336309285 5.2425 0.01949999999999985 0.9934160812752476 0.013266121362246284 1.0 1.006739161259174 1.006739161259174 -0.013323079983926456
59770.653379036274 5.2425 0.01949999999999985 1.0068932634712287 0.013389047323726888 1.0 1.0067391255213818 1.0067391255213818 0.00015413794984686646
59770.65339497969 5.2425 0.01949999999999985 1.014880206214536 0.013383887241406465 1.0 1.0067390897836057 1.0067390897836057 0.008141116430930184
59770.653410923114 5.2425 0.01949999999999985 1.008363611358877 0.013350010000145206 1.0 1.0067390540457972 1.0067390540457972 0.0016245573130797553
59770.65342686654 5.2425 0.01949999999999985 1.0015245784301463 0.013352164558212596 1.0 1.0067390183079885 1.0067390183079885 -0.005214439877842203
59770.653442809955 5.2425 0.01949999999999985 1.0160234635815588 0.013399964168776441 1.0 1.0067389825702127 1.0067389825702127 0.009284481011346157
59770.653458753375 5.2425 0.01949999999999985 1.0063584195110038 0.013394682422033595 1.0 1.0067389468324204 1.0067389468324204 -0.0003805273214165794
59770.6534746968 5.2425 0.01949999999999985 1.0095583366722047 0.01495548617680336 1.0 1.0067389110946117 1.0067389110946117 0.002819425577593071
59770.653490640216 5.2425 0.01949999999999985 0.9901642065734169 0.013320508855284357 1.0 1.0067388753568358 1.0067388753568358 -0.016574668783418955
59770.65350658364 5.2425 0.01949999999999985 1.0194479598742299 0.013359253811826115 1.0 1.006738839619027 1.006738839619027 0.012709120255202766
59770.65352252706 5.2425 0.01949999999999985 1.0012638097646531 0.013337752924859437 1.0 1.0067388038812348 1.0067388038812348 -0.0054749941165816995
59770.653538470484 5.2425 0.01949999999999985 0.9786007956256711 0.013327281463366139 1.0 1.0067387681434425 1.0067387681434425 -0.028137972517771392
59770.653554413904 5.2425 0.01949999999999985 1.0080507356561896 0.013349480525794299 1.0 1.0067387324056503 1.0067387324056503 0.001312003250539373
59770.653570357324 5.2425 0.01949999999999985 1.021865342169102 0.013477623953120537 1.0 1.006738696667858 1.006738696667858 0.015126645501243985
59770.653586300745 5.2425 0.01949999999999985 1.0008811374249902 0.013383201646008036 1.0 1.0067386609300657 1.0067386609300657 -0.0058575235050755126
59770.653602244165 5.2425 0.01949999999999985 0.9954992547560858 0.013322897181621189 1.0 1.0067386251922734 1.0067386251922734 -0.011239370436187612
59770.653618187585 5.2425 0.01949999999999985 0.9983159256406524 0.01331850918694455 1.0 1.0067385894544811 1.0067385894544811 -0.008422663813828724
59770.653634131006 5.2425 0.01949999999999985 1.0022761546166898 0.013338328328137755 1.0 1.0067385537166889 1.0067385537166889 -0.004462399099999015
59770.65365007443 5.2425 0.01949999999999985 0.9876035110949624 0.01330851423706757 1.0 1.0067385179788804 1.0067385179788804 -0.019135006883918004
59770.653666017846 5.2425 0.01949999999999985 0.9990247876639132 0.013375568222117487 1.0 1.0067384822411043 1.0067384822411043 -0.007713694577191066
59770.65368196127 5.2425 0.01949999999999985 0.9941155066676233 0.013380844375270031 1.0 1.006738446503312 1.006738446503312 -0.01262293983568874
59770.653697904694 5.2425 0.01949999999999985 1.0353002305314307 0.013467229747881542 1.0 1.0067384107655033 1.0067384107655033 0.02856181976592742
59770.653713848114 5.2425 0.01949999999999985 0.99420243607616 0.01327363475175429 1.0 1.006738375027711 1.006738375027711 -0.012535938951551029
59770.653729791535 5.2425 0.01949999999999985 1.0197544953398423 0.013394879762814598 1.0 1.0067383392899187 1.0067383392899187 0.013016156049923566
59770.653745734955 5.2425 0.01949999999999985 1.0040184469683209 0.013350308871862672 1.0 1.0067383035521265 1.0067383035521265 -0.00271985658380558
59770.653761678375 5.2425 0.01949999999999985 0.9968076909031178 0.013339382538480707 1.0 1.0067382678143342 1.0067382678143342 -0.009930576911216349
59770.653777621796 5.2425 0.01949999999999985 0.9992415411130459 0.013322267447945565 1.0 1.006738232076542 1.006738232076542 -0.007496690963496033
59770.653793565216 5.2425 0.01949999999999985 0.9925644803605159 0.01482154318287331 1.0 1.0067381963387496 1.0067381963387496 -0.014173715978233692
59770.653809508636 5.2425 0.01949999999999985 1.0371070078470168 0.013449269157194072 1.0 1.0067381606009573 1.0067381606009573 0.030368847246059483
59770.653825452064 5.2425 0.01949999999999985 1.0022965204371235 0.013396123404266016 1.0 1.0067381248631488 1.0067381248631488 -0.0044416044260253695
59770.65384139548 5.2425 0.01949999999999985 1.009846040719622 0.014902024000817365 1.0 1.0067380891253728 1.0067380891253728 0.0031079515942491476
59770.6538573389 5.2425 0.01949999999999985 1.0194121095964053 0.013403687620455374 1.0 1.0067380533875805 1.0067380533875805 0.01267405620882478
59770.653873282325 5.2425 0.01949999999999985 1.0151502273190234 0.013358829611102931 1.0 1.006738017649772 1.006738017649772 0.00841220966925138
59770.653889225745 5.2425 0.01949999999999985 0.9681002300576025 0.013229623469666746 1.0 1.0067379819119797 1.0067379819119797 -0.038637751854377234
59770.653905169165 5.2425 0.01949999999999985 1.0116135063140845 0.014973652034563162 1.0 1.0067379461741872 1.0067379461741872 0.004875560139897317
59770.653921112586 5.2425 0.01949999999999985 1.0062754621685102 0.013368518173056445 1.0 1.006737910436395 1.006737910436395 -0.0004624482678847741
59770.653937056006 5.2425 0.01949999999999985 1.016187338967373 0.013383422794166924 1.0 1.0067378746986027 1.0067378746986027 0.009449464268770358
59770.653952999426 5.2425 0.01949999999999985 0.9928928948848788 0.013316142178307172 1.0 1.0067378389608104 1.0067378389608104 -0.01384494407593162
59770.65396894285 5.2425 0.01949999999999985 1.0124043453651068 0.013318392484627758 1.0 1.006737803223018 1.006737803223018 0.005666542142088726
59770.65398488627 5.2425 0.01949999999999985 0.9783673323338927 0.013286731820389731 1.0 1.0067377674852258 1.0067377674852258 -0.028370435151333084
59770.654000829694 5.2425 0.01949999999999985 1.0094861228826781 0.013318973970570672 1.0 1.0067377317474173 1.0067377317474173 0.0027483911352608192
59770.65401677311 5.2425 0.01949999999999985 1.0064306638447977 0.013378819102770867 1.0 1.0067376960096412 1.0067376960096412 -0.0003070321648435126
59770.65403271653 5.2425 0.01949999999999985 0.9963534779590184 0.013326737789746286 1.0 1.006737660271849 1.006737660271849 -0.010384182312830559
59770.654048659955 5.2425 0.01949999999999985 1.0036578919010057 0.013346999857229801 1.0 1.0067376245340405 1.0067376245340405 -0.0030797326330347374
59770.65406460337 5.2425 0.01949999999999985 1.0128373213845645 0.013392511925524646 1.0 1.0067375887962644 1.0067375887962644 0.0060997325883001
59770.654080546796 5.2425 0.01949999999999985 1.0184895820355497 0.013349152975934826 1.0 1.006737553058456 1.006737553058456 0.01175202897709382
59770.654096490216 5.2425 0.01949999999999985 1.0018051769035141 0.013312012430927557 1.0 1.0067375173206636 1.0067375173206636 -0.004932340417149517
59770.654112433636 5.2425 0.01949999999999985 1.029542551195285 0.013427719038736546 1.0 1.0067374815828714 1.0067374815828714 0.022805069612413575
59770.65412837706 5.2425 0.01949999999999985 1.0234041683511457 0.013344971201597508 1.0 1.006737445845079 1.006737445845079 0.0166667225060666
59770.65414432047 5.2425 0.01949999999999985 1.006541122328444 0.013384281275897346 1.0 1.006737410107303 1.006737410107303 -0.00019628777885905002
59770.6541602639 5.2425 0.01949999999999985 0.9929656587223972 0.013336196342919316 1.0 1.0067373743694943 1.0067373743694943 -0.013771715647097116
59770.654176207325 5.2425 0.01949999999999985 1.0002348051032324 0.013341395706707318 1.0 1.0067373386316858 1.0067373386316858 -0.006502533528453425
59770.65419215074 5.2425 0.01949999999999985 1.010739343178434 0.013368258827188681 1.0 1.0067373028939097 1.0067373028939097 0.004002040284524222
59770.65420809416 5.2425 0.01949999999999985 0.9952707451224566 0.013332731782946807 1.0 1.0067372671561174 1.0067372671561174 -0.011466522033660831
59770.654224037586 5.2425 0.01949999999999985 0.9827612815503813 0.013274725696559707 1.0 1.006737231418309 1.006737231418309 -0.023975949867927615
59770.654239981 5.2425 0.01949999999999985 0.9762147528338726 0.013257103505605857 1.0 1.0067371956805329 1.0067371956805329 -0.03052244284666028
59770.654255924426 5.2425 0.01949999999999985 1.0325132136744322 0.013468942386869878 1.0 1.0067371599427244 1.0067371599427244 0.02577605373170777
59770.65427186785 5.2425 0.01949999999999985 1.0058520778556912 0.013404196717608771 1.0 1.006737124204932 1.006737124204932 -0.0008850463492409144
59770.65428781127 5.2425 0.01949999999999985 0.9873969717388552 0.013328449007060282 1.0 1.0067370884671398 1.0067370884671398 -0.019340116728284618
59770.65430375469 5.2425 0.01949999999999985 1.0171636366590262 0.0133959239186025 1.0 1.0067370527293475 1.0067370527293475 0.010426583929678657
59770.6543196981 5.2425 0.01949999999999985 1.0099083673642255 0.013353504122056076 1.0 1.0067370169915715 1.0067370169915715 0.003171350372654036
59770.65433564153 5.2425 0.01949999999999985 1.0210110875984246 0.013351638553339724 1.0 1.006736981253763 1.006736981253763 0.014274106344661641
59770.654351584955 5.2425 0.01949999999999985 1.0114537508703543 0.013405393131368834 1.0 1.0067369455159543 1.0067369455159543 0.0047168053544
59770.65436752837 5.2425 0.01949999999999985 1.0001844529779795 0.013353280884671206 1.0 1.0067369097781784 1.0067369097781784 -0.006552456800198891
