eureka_custom_plots/data/stage5_lcfit_results/S5_wasp39b_ap4_bg8_Table_Save_ch59.txt
# %ECSV 1.0
# ---
# datatype:
# - {name: time, datatype: float64}
# - {name: wavelength, datatype: float64}
# - {name: bin_width, datatype: float64}
# - {name: lcdata, datatype: float64}
# - {name: lcerr, datatype: float64}
# - {name: transit, datatype: float64}
# - {name: polynom, datatype: float64}
# - {name: model, datatype: float64}
# - {name: residuals, datatype: float64}
# schema: astropy-2.0
time wavelength bin_width lcdata lcerr transit polynom model residuals
[from data line 975]
59770.65956508358 5.281 0.019000000000000128 1.0046395144169982 0.013356283835586683 1.0 1.006792740394955 1.006792740394955 -0.002153225977956863
59770.659581027 5.281 0.019000000000000128 0.9961288889586187 0.0133196220167582 1.0 1.0067926807993788 1.0067926807993788 -0.01066379184076005
59770.65959697043 5.281 0.019000000000000128 0.9882359733962103 0.013332799298516098 1.0 1.0067926212037754 1.0067926212037754 -0.018556647807565163
59770.65961291384 5.281 0.019000000000000128 1.0108458979208486 0.013357926498810154 1.0 1.0067925616082265 1.0067925616082265 0.004053336312622058
59770.65962885726 5.281 0.019000000000000128 1.0188242252123194 0.013386399216623617 1.0 1.0067925020126502 1.0067925020126502 0.012031723199669164
59770.65964480068 5.281 0.019000000000000128 1.020650605217736 0.013411107297663706 1.0 1.0067924424170742 1.0067924424170742 0.013858162800661766
59770.65966074411 5.281 0.019000000000000128 1.0016473387612406 0.013339427331294023 1.0 1.0067923828214707 1.0067923828214707 -0.005145044060230086
59770.65967668753 5.281 0.019000000000000128 1.0145687161529058 0.013354944960825345 1.0 1.0067923232258946 1.0067923232258946 0.007776392927011155
59770.65969263094 5.281 0.019000000000000128 1.0162518697606047 0.01336983267354231 1.0 1.0067922636303455 1.0067922636303455 0.009459606130259202
59770.65970857437 5.281 0.019000000000000128 1.0102966453096458 0.013362842473062951 1.0 1.0067922040347421 1.0067922040347421 0.00350444127490368
59770.65972451779 5.281 0.019000000000000128 0.9871721533007474 0.013271705482829734 1.0 1.006792144439166 1.006792144439166 -0.019619991138418724
59770.65974046121 5.281 0.019000000000000128 0.9972613604084464 0.013304485300002234 1.0 1.0067920848435898 1.0067920848435898 -0.009530724435143467
59770.65975640463 5.281 0.019000000000000128 1.0033269039060833 0.013386909524435341 1.0 1.0067920252480136 1.0067920252480136 -0.003465121341930333
59770.65977234805 5.281 0.019000000000000128 1.0229441868752704 0.013426474375137805 1.0 1.0067919656524376 1.0067919656524376 0.016152221222832885
59770.65978829147 5.281 0.019000000000000128 0.9884797269470534 0.013323242629283239 1.0 1.0067919060568613 1.0067919060568613 -0.01831217910980787
59770.65980423489 5.281 0.019000000000000128 0.9879008789757301 0.013356099339915434 1.0 1.006791846461285 1.006791846461285 -0.018890967485554966
59770.65982017831 5.281 0.019000000000000128 0.9913383612192007 0.013287862121288914 1.0 1.0067917868657088 1.0067917868657088 -0.01545342564650809
59770.65983612173 5.281 0.019000000000000128 1.0191379427929999 0.013390320591355979 1.0 1.0067917272701328 1.0067917272701328 0.012346215522867077
59770.65985206516 5.281 0.019000000000000128 0.9866766438670155 0.013342444676989952 1.0 1.0067916676745294 1.0067916676745294 -0.020115023807513954
59770.65986800857 5.281 0.019000000000000128 1.019034592959042 0.013421600240604594 1.0 1.0067916080789803 1.0067916080789803 0.012242984880061814
59770.659883952 5.281 0.019000000000000128 1.0013049574169766 0.013408136023219205 1.0 1.006791548483377 1.006791548483377 -0.00548659106640037
59770.65989989542 5.281 0.019000000000000128 1.0011275237469408 0.013304195161877171 1.0 1.0067914888878007 1.0067914888878007 -0.005663965140859872
59770.65991583884 5.281 0.019000000000000128 1.0164329004175747 0.013367142353963751 1.0 1.0067914292922246 1.0067914292922246 0.009641471125350076
59770.65993178226 5.281 0.019000000000000128 0.986347105777289 0.013321803416471163 1.0 1.0067913696966484 1.0067913696966484 -0.020444263919359384
59770.65994772568 5.281 0.019000000000000128 0.9714177186727739 0.013232342497994546 1.0 1.0067913101010721 1.0067913101010721 -0.03537359142829821
59770.6599636691 5.281 0.019000000000000128 1.0076855785153118 0.01340818172807093 1.0 1.0067912505054961 1.0067912505054961 0.0008943280098157036
59770.65997961252 5.281 0.019000000000000128 1.0278269905721502 0.013399288765853723 1.0 1.0067911909099199 1.0067911909099199 0.021035799662230348
59770.65999555594 5.281 0.019000000000000128 1.0198238153230932 0.013398619882593653 1.0 1.0067911313143436 1.0067911313143436 0.013032684008749573
59770.66001149936 5.281 0.019000000000000128 1.0007986341768411 0.013331926521857761 1.0 1.0067910717187676 1.0067910717187676 -0.005992437541926465
59770.66002744279 5.281 0.019000000000000128 1.0137983462055689 0.013364473526109994 1.0 1.006791012123164 1.006791012123164 0.007007334082404837
59770.660043386204 5.281 0.019000000000000128 1.011581788345908 0.013373556038436285 1.0 1.006790952527615 1.006790952527615 0.004790835818292871
59770.66005932963 5.281 0.019000000000000128 1.0093175607691556 0.013355280227178547 1.0 1.0067908929320117 1.0067908929320117 0.0025266678371438367
59770.660075273045 5.281 0.019000000000000128 0.9925100708048823 0.01333979150796949 1.0 1.0067908333364628 1.0067908333364628 -0.014280762531580504
59770.660091216465 5.281 0.019000000000000128 1.0002348942413222 0.013377163417659915 1.0 1.0067907737408865 1.0067907737408865 -0.0065558794995643765
59770.66010715989 5.281 0.019000000000000128 1.0025623942873594 0.013359645497298745 1.0 1.0067907141452832 1.0067907141452832 -0.0042283198579238235
59770.66012310331 5.281 0.019000000000000128 0.994252279526833 0.013331693663871581 1.0 1.006790654549707 1.006790654549707 -0.012538375022873915
59770.66013904673 5.281 0.019000000000000128 1.0255895957205607 0.01342514516587264 1.0 1.006790594954131 1.006790594954131 0.01879900076642982
59770.66015499015 5.281 0.019000000000000128 0.9992281120399258 0.01329293520738223 1.0 1.0067905353585547 1.0067905353585547 -0.007562423318628886
59770.660170933574 5.281 0.019000000000000128 0.9984896634020172 0.013331148122772666 1.0 1.0067904757629784 1.0067904757629784 -0.008300812360961252
59770.660186876994 5.281 0.019000000000000128 0.9955162497904033 0.013323159555834189 1.0 1.0067904161674024 1.0067904161674024 -0.011274166376999073
59770.66020282042 5.281 0.019000000000000128 0.9992747036487437 0.013335681133483197 1.0 1.0067903565717988 1.0067903565717988 -0.007515652923055116
59770.660218763835 5.281 0.019000000000000128 0.9891791300612572 0.01334618111700863 1.0 1.0067902969762499 1.0067902969762499 -0.01761116691499265
59770.66023470726 5.281 0.019000000000000128 1.0220643585720817 0.013361612123010017 1.0 1.0067902373806465 1.0067902373806465 0.01527412119143512
59770.660250650675 5.281 0.019000000000000128 1.0121604338244428 0.01331577149914485 1.0 1.0067901777850976 1.0067901777850976 0.005370256039345156
59770.660266594095 5.281 0.019000000000000128 0.9798801909382502 0.01331632475848965 1.0 1.0067901181895214 1.0067901181895214 -0.02690992725127117
59770.66028253752 5.281 0.019000000000000128 0.9966541784727295 0.013338599362061542 1.0 1.006790058593918 1.006790058593918 -0.01013588012118849
59770.660298480936 5.281 0.019000000000000128 1.01299834140881 0.013408379910575008 1.0 1.006789998998369 1.006789998998369 0.006208342410440881
59770.66031442436 5.281 0.019000000000000128 1.0187368779654942 0.013395674257518888 1.0 1.0067899394027657 1.0067899394027657 0.011946938562728437
59770.660330367784 5.281 0.019000000000000128 1.0171988085646384 0.013378999340487642 1.0 1.0067898798071895 1.0067898798071895 0.010408928757448921
59770.660346311204 5.281 0.019000000000000128 1.0044262594793443 0.01336591094689929 1.0 1.0067898202116132 1.0067898202116132 -0.0023635607322689545
59770.660362254624 5.281 0.019000000000000128 0.9987903831142045 0.013316800413425815 1.0 1.006789760616037 1.006789760616037 -0.007999377501832439
59770.660378198045 5.281 0.019000000000000128 0.9985868894867318 0.013266580107092155 1.0 1.006789701020461 1.006789701020461 -0.008202811533729149
59770.660394141465 5.281 0.019000000000000128 1.0046161471629473 0.013350573434208804 1.0 1.0067896414248847 1.0067896414248847 -0.0021734942619373587
59770.66041008489 5.281 0.019000000000000128 1.0042796796477307 0.013342976617872124 1.0 1.0067895818292814 1.0067895818292814 -0.0025099021815506717
59770.660426028306 5.281 0.019000000000000128 0.9792707086601143 0.013271722306212567 1.0 1.0067895222337324 1.0067895222337324 -0.027518813573618073
59770.660441971726 5.281 0.019000000000000128 1.0138018467176724 0.013380314596221344 1.0 1.0067894626381562 1.0067894626381562 0.00701238407951621
59770.66045791515 5.281 0.019000000000000128 1.0137564737384124 0.013357422111185612 1.0 1.0067894030425528 1.0067894030425528 0.006967070695859556
59770.66047385857 5.281 0.019000000000000128 1.030951436273812 0.013420771117127599 1.0 1.0067893434470039 1.0067893434470039 0.024162092826808035
59770.660489801994 5.281 0.019000000000000128 1.020526592004532 0.01337908070097775 1.0 1.0067892838514003 1.0067892838514003 0.013737308153131789
59770.660505745414 5.281 0.019000000000000128 1.0090029323317922 0.013373035423323684 1.0 1.0067892242558243 1.0067892242558243 0.0022137080759678796
59770.660521688835 5.281 0.019000000000000128 0.9932252558891687 0.013301422668171935 1.0 1.006789164660248 1.006789164660248 -0.01356390877107938
59770.660537632255 5.281 0.019000000000000128 1.008722688890799 0.013391508143320364 1.0 1.0067891050646718 1.0067891050646718 0.0019335838261271832
59770.66055357567 5.281 0.019000000000000128 0.9834483467933863 0.013329000953451154 1.0 1.0067890454691228 1.0067890454691228 -0.023340698675736515
59770.660569519096 5.281 0.019000000000000128 1.0222017650722912 0.013430039532720576 1.0 1.0067889858735195 1.0067889858735195 0.015412779198771709
59770.66058546252 5.281 0.019000000000000128 1.0216473134038135 0.013429273356673956 1.0 1.0067889262779162 1.0067889262779162 0.014858387125897377
59770.660601405936 5.281 0.019000000000000128 0.9794318226947102 0.013291732088658487 1.0 1.0067888666823672 1.0067888666823672 -0.027357043987657037
59770.66061734936 5.281 0.019000000000000128 1.0040329438744198 0.013336651542450357 1.0 1.006788807086791 1.006788807086791 -0.0027558632123712012
59770.660633292784 5.281 0.019000000000000128 0.9772005090861151 0.013260872134447583 1.0 1.0067887474911876 1.0067887474911876 -0.02958823840507252
59770.6606492362 5.281 0.019000000000000128 1.0259910479463161 0.01341561426818135 1.0 1.0067886878956387 1.0067886878956387 0.019202360050677436
59770.660665179625 5.281 0.019000000000000128 0.9954962625029921 0.013333597759289882 1.0 1.0067886283000351 1.0067886283000351 -0.011292365797043069
59770.66068112304 5.281 0.019000000000000128 1.0202817347137543 0.013419070720127577 1.0 1.0067885687044862 1.0067885687044862 0.013493166009268087
59770.660697066465 5.281 0.019000000000000128 1.0248678808648166 0.013398187562998152 1.0 1.0067885091088828 1.0067885091088828 0.01807937175593377
59770.660713009886 5.281 0.019000000000000128 1.0057450745845298 0.013373181696107572 1.0 1.0067884495133066 1.0067884495133066 -0.001043374928776819
59770.6607289533 5.281 0.019000000000000128 1.005192642364492 0.013316235282306873 1.0 1.0067883899177577 1.0067883899177577 -0.0015957475532657472
59770.660744896726 5.281 0.019000000000000128 0.9929466579255185 0.01330864941107738 1.0 1.0067883303221543 1.0067883303221543 -0.013841672396635807
59770.66076084015 5.281 0.019000000000000128 0.9880419020178218 0.013263144482459882 1.0 1.006788270726578 1.006788270726578 -0.018746368708756234
59770.66077678357 5.281 0.019000000000000128 0.9991991721088868 0.0132831067913275 1.0 1.006788211131002 1.006788211131002 -0.007589039022115274
59770.66079272699 5.281 0.019000000000000128 0.9967546958498132 0.013335932911929006 1.0 1.0067881515354258 1.0067881515354258 -0.010033455685612536
59770.66080867041 5.281 0.019000000000000128 0.9945847860705461 0.013272158485752876 1.0 1.0067880919398495 1.0067880919398495 -0.012203305869303405
59770.66082461383 5.281 0.019000000000000128 1.0274797490606717 0.013434498769556168 1.0 1.0067880323442733 1.0067880323442733 0.020691716716398467
59770.66084055725 5.281 0.019000000000000128 1.0095039360048506 0.013370211372054446 1.0 1.0067879727486972 1.0067879727486972 0.0027159632561533087
59770.66085650067 5.281 0.019000000000000128 1.0016852228130138 0.01335402269098759 1.0 1.006787913153121 1.006787913153121 -0.005102690340107241
59770.660872444096 5.281 0.019000000000000128 1.0146642251306468 0.013393649659012383 1.0 1.0067878535575177 1.0067878535575177 0.007876371573129148
59770.660888387516 5.281 0.019000000000000128 1.0036147488387626 0.013328852940512337 1.0 1.0067877939619414 1.0067877939619414 -0.0031730451231788415
59770.66090433093 5.281 0.019000000000000128 1.0080086153042362 0.013375537113212512 1.0 1.0067877343663925 1.0067877343663925 0.0012208809378437824
59770.66092027436 5.281 0.019000000000000128 0.997509385990047 0.013322972873083155 1.0 1.0067876747707891 1.0067876747707891 -0.009278288780742106
59770.66093621778 5.281 0.019000000000000128 1.0091056119873838 0.014984474642890053 1.0 1.0067876151752129 1.0067876151752129 0.0023179968121709305
59770.6609521612 5.281 0.019000000000000128 0.9993780467422826 0.013322965101802017 1.0 1.0067875555796366 1.0067875555796366 -0.0074095088373540285
59770.66096810462 5.281 0.019000000000000128 1.0014417838384488 0.013329224209596851 1.0 1.0067874959840606 1.0067874959840606 -0.005345712145611747
59770.66098404804 5.281 0.019000000000000128 1.0079872507418002 0.013410128288595285 1.0 1.0067874363884843 1.0067874363884843 0.0011998143533158423
59770.66099999146 5.281 0.019000000000000128 0.9912243176300353 0.013295323766873524 1.0 1.006787376792908 1.006787376792908 -0.015563059162872817
59770.66101593488 5.281 0.019000000000000128 "" "" 1.0 1.006787317197332 1.006787317197332 ""
59770.6610318783 5.281 0.019000000000000128 1.0070193484019792 0.013345055596229099 1.0 1.0067872576017558 1.0067872576017558 0.00023209080022335016
59770.661047821726 5.281 0.019000000000000128 1.0015759760175877 0.013296905376721964 1.0 1.0067871980061525 1.0067871980061525 -0.005211221988564718
59770.66106376515 5.281 0.019000000000000128 1.0040332996135826 0.013327558747333277 1.0 1.0067871384105762 1.0067871384105762 -0.002753838796993646
59770.66107970856 5.281 0.019000000000000128 1.0134335041177978 0.013353754239559678 1.0 1.0067870788150273 1.0067870788150273 0.006646425302770487
59770.66109565199 5.281 0.019000000000000128 1.0034399879345512 0.013317489011166427 1.0 1.006787019219424 1.006787019219424 -0.0033470312848726813
59770.6611115954 5.281 0.019000000000000128 1.0196845921815914 0.013397983917789865 1.0 1.0067869596238748 1.0067869596238748 0.012897632557716587
59770.66112753883 5.281 0.019000000000000128 1.0098838935076329 0.013348406995282855 1.0 1.0067869000282714 1.0067869000282714 0.0030969934793614318
59770.66114348225 5.281 0.019000000000000128 1.007697002390704 0.013356427026987394 1.0 1.0067868404326954 1.0067868404326954 0.0009101619580085263
59770.66115942567 5.281 0.019000000000000128 0.9905645281347538 0.013299735346472495 1.0 1.0067867808371191 1.0067867808371191 -0.016222252702365325
59770.66117536909 5.281 0.019000000000000128 1.000100413894925 0.013317610722612644 1.0 1.006786721241543 1.006786721241543 -0.0066863073466179035
59770.66119131251 5.281 0.019000000000000128 1.0258366784548667 0.013416237419856961 1.0 1.0067866616459669 1.0067866616459669 0.01905001680889984
59770.66120725593 5.281 0.019000000000000128 0.9799351663418573 0.013242797910534926 1.0 1.0067866020503906 1.0067866020503906 -0.026851435708533322
59770.66122319935 5.281 0.019000000000000128 1.0218612173960386 0.013429572510079963 1.0 1.0067865424548144 1.0067865424548144 0.015074674941224275
59770.66123914277 5.281 0.019000000000000128 1.0005945137914773 0.013361362826612664 1.0 1.006786482859238 1.006786482859238 -0.006191969067760761
59770.66125508619 5.281 0.019000000000000128 1.0090654191636406 0.013379852076586716 1.0 1.006786423263662 1.006786423263662 0.0022789958999784865
59770.66127102962 5.281 0.019000000000000128 1.0223602786150137 0.013366655089171037 1.0 1.0067863636680587 1.0067863636680587 0.015573914946954925
