eureka_custom_plots/data/stage5_lcfit_results/S5_wasp39b_ap4_bg8_Table_Save_ch29.txt
# %ECSV 1.0
# ---
# datatype:
# - {name: time, datatype: float64}
# - {name: wavelength, datatype: float64}
# - {name: bin_width, datatype: float64}
# - {name: lcdata, datatype: float64}
# - {name: lcerr, datatype: float64}
# - {name: transit, datatype: float64}
# - {name: polynom, datatype: float64}
# - {name: model, datatype: float64}
# - {name: residuals, datatype: float64}
# schema: astropy-2.0
time wavelength bin_width lcdata lcerr transit polynom model residuals
[from data line 16311]
59770.90407337108 4.131 0.019000000000000128 1.0096066611717252 0.006849386583154932 1.0 1.0059605138186647 1.0059605138186647 0.0036461473530604582
59770.90408931449 4.131 0.019000000000000128 1.0113178212107066 0.006843429513142977 1.0 1.0059604479456699 1.0059604479456699 0.005357373265036713
59770.904105257905 4.131 0.019000000000000128 0.9980420237492987 0.006827813984592032 1.0 1.0059603820726752 1.0059603820726752 -0.007918358323376506
59770.90412120133 4.131 0.019000000000000128 1.0003258162586897 0.006828182112692386 1.0 1.0059603161996205 1.0059603161996205 -0.005634499940930793
59770.904137144746 4.131 0.019000000000000128 1.0154475483881793 0.006850066088465177 1.0 1.0059602503266256 1.0059602503266256 0.009487298061553684
59770.90415308817 4.131 0.019000000000000128 1.0076719455028942 0.006832568222315019 1.0 1.0059601844535708 1.0059601844535708 0.001711761049323357
59770.904169031586 4.131 0.019000000000000128 1.0021658584051465 0.006833398137795519 1.0 1.005960118580576 1.005960118580576 -0.003794260175429498
59770.90418497501 4.131 0.019000000000000128 0.9947233496717142 0.006807545956858975 1.0 1.0059600527075512 1.0059600527075512 -0.011236703035837015
59770.90420091843 4.131 0.019000000000000128 1.015801733527455 0.006871818720357851 1.0 1.0059599868345264 1.0059599868345264 0.009841746692928588
59770.90421686185 4.131 0.019000000000000128 0.9972170828568938 0.006832390192117495 1.0 1.0059599209615018 1.0059599209615018 -0.008742838104607964
59770.90423280526 4.131 0.019000000000000128 1.0129928779775983 0.006848554756304296 1.0 1.005959855088507 1.005959855088507 0.007033022889091356
59770.90424874869 4.131 0.019000000000000128 1.0083871182231343 0.006862744528106394 1.0 1.0059597892154521 1.0059597892154521 0.0024273290076821663
59770.9042646921 4.131 0.019000000000000128 1.0049242858953422 0.006840804838404311 1.0 1.0059597233424573 1.0059597233424573 -0.0010354374471150951
59770.904280635514 4.131 0.019000000000000128 1.0194587425486301 0.006873866796512872 1.0 1.0059596574694627 1.0059596574694627 0.013499085079167417
59770.90429657894 4.131 0.019000000000000128 1.004201048523295 0.006842379772723531 1.0 1.0059595915964077 1.0059595915964077 -0.0017585430731126284
59770.904312522354 4.131 0.019000000000000128 1.009631068709688 0.006853995669899342 1.0 1.005959525723413 1.005959525723413 0.0036715429862750337
59770.90432846578 4.131 0.019000000000000128 1.0118412963212786 0.006846898128610355 1.0 1.0059594598503583 1.0059594598503583 0.005881836470920332
59770.904344409195 4.131 0.019000000000000128 1.0041263384555401 0.006830735450340259 1.0 1.0059593939773634 1.0059593939773634 -0.0018330555218233346
59770.904360352615 4.131 0.019000000000000128 1.0103911288817828 0.00684333028511101 1.0 1.0059593281043386 1.0059593281043386 0.004431800777444206
59770.904376296035 4.131 0.019000000000000128 1.0204149929167048 0.00687424794818164 1.0 1.0059592622313138 1.0059592622313138 0.014455730685390966
59770.90439223945 4.131 0.019000000000000128 1.013592716883845 0.0068497438720209 1.0 1.0059591963583192 1.0059591963583192 0.007633520525525794
59770.90440818287 4.131 0.019000000000000128 1.0068606491671577 0.006840923637012805 1.0 1.0059591304852944 1.0059591304852944 0.0009015186818632781
59770.9044241263 4.131 0.019000000000000128 1.0098374513470911 0.0068371906452876895 1.0 1.0059590646122396 1.0059590646122396 0.0038783867348515244
59770.90444006971 4.131 0.019000000000000128 1.0061209708965975 0.0068430952073074165 1.0 1.0059589987392448 1.0059589987392448 0.00016197215735269666
59770.90445601312 4.131 0.019000000000000128 "" "" 1.0 1.0059589328662502 1.0059589328662502 ""
59770.90447195655 4.131 0.019000000000000128 1.0034895206428727 0.00683643722566675 1.0 1.0059588669931951 1.0059588669931951 -0.0024693463503224766
59770.90448789996 4.131 0.019000000000000128 1.0136984641137612 0.006861689325941633 1.0 1.0059588011202005 1.0059588011202005 0.007739662993560659
59770.90450384339 4.131 0.019000000000000128 1.017033500024114 0.006868065498418665 1.0 1.0059587352471455 1.0059587352471455 0.011074764776968449
59770.9045197868 4.131 0.019000000000000128 1.0191642341107523 0.006858177916996987 1.0 1.005958669374151 1.005958669374151 0.013205564736601394
59770.904535730224 4.131 0.019000000000000128 1.0040628242605265 0.006841838168647052 1.0 1.005958603501126 1.005958603501126 -0.0018957792405995821
59770.904551673644 4.131 0.019000000000000128 1.0112315231663134 0.006861995346263481 1.0 1.0059585376281013 1.0059585376281013 0.005272985538212094
59770.90456761706 4.131 0.019000000000000128 1.0042596462559052 0.0068366746023165595 1.0 1.0059584717551067 1.0059584717551067 -0.0016988254992014173
59770.90458356048 4.131 0.019000000000000128 1.0140850949504205 0.006848129390209247 1.0 1.0059584058820819 1.0059584058820819 0.008126689068338688
59770.9045995039 4.131 0.019000000000000128 1.014142603976892 0.006871635007505492 1.0 1.005958340009057 1.005958340009057 0.008184263967834893
59770.90461544732 4.131 0.019000000000000128 1.0157673361607271 0.006865286979731111 1.0 1.0059582741360322 1.0059582741360322 0.009809062024694892
59770.90463139073 4.131 0.019000000000000128 1.027108773894625 0.00689078468267763 1.0 1.0059582082630374 1.0059582082630374 0.02115056563158757
59770.90464733416 4.131 0.019000000000000128 1.0030718038863378 0.006844770164583618 1.0 1.0059581423899826 1.0059581423899826 -0.0028863385036448364
59770.90466327757 4.131 0.019000000000000128 1.0182689592837704 0.006855452278006866 1.0 1.005958076516988 1.005958076516988 0.012310882766782383
59770.90467922099 4.131 0.019000000000000128 1.0084581998986015 0.006837559021052016 1.0 1.0059580106439632 1.0059580106439632 0.002500189254638352
59770.90469516441 4.131 0.019000000000000128 1.0033737652467978 0.006826331994646095 1.0 1.0059579447709384 1.0059579447709384 -0.002584179524140584
59770.90471110783 4.131 0.019000000000000128 0.9974014174114063 0.006815491166763658 1.0 1.0059578788979135 1.0059578788979135 -0.008556461486507239
59770.90472705125 4.131 0.019000000000000128 1.0052207545383627 0.006834585871701603 1.0 1.0059578130248887 1.0059578130248887 -0.0007370584865260543
59770.904742994666 4.131 0.019000000000000128 1.0035557005205742 0.006845611623522142 1.0 1.0059577471518941 1.0059577471518941 -0.002402046631319932
59770.904758938086 4.131 0.019000000000000128 1.002342846099639 0.006842927671114142 1.0 1.0059576812788693 1.0059576812788693 -0.0036148351792302247
59770.90477488151 4.131 0.019000000000000128 1.011710795140343 0.006849399396693997 1.0 1.0059576154058445 1.0059576154058445 0.005753179734498515
59770.90479082493 4.131 0.019000000000000128 1.016472991046593 0.006847674941307824 1.0 1.0059575495328197 1.0059575495328197 0.010515441513773371
59770.90480676834 4.131 0.019000000000000128 1.0196315690874949 0.007927245221361661 1.0 1.0059574836598248 1.0059574836598248 0.013674085427670013
59770.90482271177 4.131 0.019000000000000128 1.013272878465185 0.0068503167146727224 1.0 1.00595741778677 1.00595741778677 0.007315460678414931
59770.90483865518 4.131 0.019000000000000128 1.0076509390256314 0.006847009437184377 1.0 1.0059573519137752 1.0059573519137752 0.0016935871118561874
59770.9048545986 4.131 0.019000000000000128 1.0063676033449338 0.006848878898591893 1.0 1.0059572860407506 1.0059572860407506 0.000410317304183172
59770.90487054202 4.131 0.019000000000000128 1.0119419795876996 0.006858916512330596 1.0 1.0059572201677258 1.0059572201677258 0.005984759419973784
59770.90488648544 4.131 0.019000000000000128 1.0162508763063898 0.006872356848729349 1.0 1.005957154294701 1.005957154294701 0.010293722011688766
59770.90490242886 4.131 0.019000000000000128 1.0127754382902998 0.006855414420797938 1.0 1.0059570884216762 1.0059570884216762 0.006818349868623619
59770.904918372275 4.131 0.019000000000000128 1.0129044945863523 0.00685638931087649 1.0 1.0059570225486814 1.0059570225486814 0.0069474720376709875
59770.904934315695 4.131 0.019000000000000128 1.0189181912569347 0.006851399833136041 1.0 1.0059569566756565 1.0059569566756565 0.01296123458127818
59770.904950259115 4.131 0.019000000000000128 1.001307254214837 0.006838171429543608 1.0 1.005956890802632 1.005956890802632 -0.004649636587795047
59770.904966202535 4.131 0.019000000000000128 1.0020619764980283 0.00682510399754304 1.0 1.0059568249296071 1.0059568249296071 -0.0038948484315788345
59770.90498214595 4.131 0.019000000000000128 1.0013699405661014 0.006838223262727405 1.0 1.0059567590566123 1.0059567590566123 -0.004586818490510902
59770.904998089376 4.131 0.019000000000000128 1.001444649488261 0.0068160422848085045 1.0 1.0059566931835575 1.0059566931835575 -0.004512043695296564
59770.90501403279 4.131 0.019000000000000128 1.012687372883639 0.006850923465264425 1.0 1.0059566273105627 1.0059566273105627 0.006730745573076291
59770.90502997621 4.131 0.019000000000000128 1.0169075434453707 0.006866229353149908 1.0 1.0059565614375379 1.0059565614375379 0.010950982007832843
59770.90504591963 4.131 0.019000000000000128 1.0123577956036875 0.006863946029148521 1.0 1.0059564955645133 1.0059564955645133 0.006401300039174274
59770.90506186304 4.131 0.019000000000000128 1.0076754193056832 0.006845410068561246 1.0 1.0059564296915184 1.0059564296915184 0.0017189896141647232
59770.90507780647 4.131 0.019000000000000128 0.9966049528646405 0.006829117628521527 1.0 1.0059563638184637 1.0059563638184637 -0.009351410953823192
59770.90509374988 4.131 0.019000000000000128 1.0059051706201698 0.006834762969447655 1.0 1.0059562979454688 1.0059562979454688 -5.112732529899411e-05
59770.9051096933 4.131 0.019000000000000128 1.002113636317615 0.006828735544942809 1.0 1.005956232072444 1.005956232072444 -0.003842595754828926
59770.905125636724 4.131 0.019000000000000128 1.0038196555044467 0.006837705023097899 1.0 1.0059561661994192 1.0059561661994192 -0.002136510694972449
59770.90514158014 4.131 0.019000000000000128 1.0146361678120688 0.0068596994976370205 1.0 1.0059561003264246 1.0059561003264246 0.008680067485644205
59770.90515752356 4.131 0.019000000000000128 1.0089748827165967 0.006856576439875906 1.0 1.0059560344533998 1.0059560344533998 0.0030188482631969826
59770.905173466985 4.131 0.019000000000000128 1.0093527919036283 0.006845490507688115 1.0 1.005955968580345 1.005955968580345 0.0033968233232832823
59770.9051894104 4.131 0.019000000000000128 1.0149962526598637 0.006861595575591549 1.0 1.0059559027073501 1.0059559027073501 0.009040349952513571
59770.90520535382 4.131 0.019000000000000128 1.0168793221469699 0.006856380757822409 1.0 1.0059558368343253 1.0059558368343253 0.010923485312644532
59770.90522129724 4.131 0.019000000000000128 1.003103908041961 0.006838143043406077 1.0 1.0059557709613005 1.0059557709613005 -0.0028518629193394762
59770.90523724065 4.131 0.019000000000000128 0.9943556685816106 0.006821904993631121 1.0 1.005955705088306 1.005955705088306 -0.011600036506695277
59770.90525318408 4.131 0.019000000000000128 1.008476677024907 0.006848217298857884 1.0 1.005955639215251 1.005955639215251 0.002521037809655846
59770.90526912749 4.131 0.019000000000000128 1.006515900753772 0.006838397309602176 1.0 1.0059555733422563 1.0059555733422563 0.000560327411515793
59770.90528507091 4.131 0.019000000000000128 1.0138240882497638 0.0068596618364132 1.0 1.0059555074692315 1.0059555074692315 0.00786858078053232
59770.90530101433 4.131 0.019000000000000128 1.0038838601516251 0.006830301522089158 1.0 1.0059554415962066 1.0059554415962066 -0.0020715814445815273
59770.905316957746 4.131 0.019000000000000128 1.0096709011551137 0.006847224948342934 1.0 1.005955375723212 1.005955375723212 0.0037155254319016784
59770.905332901166 4.131 0.019000000000000128 1.0176168025327317 0.00685616746153621 1.0 1.0059553098501872 1.0059553098501872 0.011661492682544461
59770.905348844586 4.131 0.019000000000000128 1.003755692487667 0.006840317477729725 1.0 1.0059552439771624 1.0059552439771624 -0.002199551489495466
59770.90536478801 4.131 0.019000000000000128 1.0086871179867438 0.006844547318112232 1.0 1.0059551781041376 1.0059551781041376 0.002731939882606227
59770.90538073143 4.131 0.019000000000000128 1.0106260803705944 0.006851139514405435 1.0 1.0059551122311128 1.0059551122311128 0.004670968139481646
59770.90539667485 4.131 0.019000000000000128 1.005701153313005 0.006825501915567345 1.0 1.005955046358088 1.005955046358088 -0.00025389304508305344
59770.90541261826 4.131 0.019000000000000128 1.0129261352879235 0.006857776069561847 1.0 1.0059549804850934 1.0059549804850934 0.006971154802830171
59770.90542856169 4.131 0.019000000000000128 1.0050448051161185 0.006852661815742884 1.0 1.0059549146120383 1.0059549146120383 -0.000910109495919853
59770.9054445051 4.131 0.019000000000000128 1.0022013502858012 0.006831307709391291 1.0 1.0059548487390437 1.0059548487390437 -0.0037534984532425764
59770.90546044852 4.131 0.019000000000000128 1.0116363972139784 0.0068609979527109125 1.0 1.005954782866019 1.005954782866019 0.0056816143479594405
59770.90547639194 4.131 0.019000000000000128 1.01174935801573 0.006866782909547176 1.0 1.005954716992994 1.005954716992994 0.005794641022735858
59770.905492335354 4.131 0.019000000000000128 1.000314108813158 0.0068359795901799855 1.0 1.0059546511199995 1.0059546511199995 -0.005640542306841523
59770.905508278775 4.131 0.019000000000000128 1.0118624431389869 0.00686500946283422 1.0 1.0059545852469747 1.0059545852469747 0.005907857892012203
59770.905524222195 4.131 0.019000000000000128 1.000010045322627 0.006845321544548592 1.0 1.0059545193739499 1.0059545193739499 -0.005944474051322812
59770.905540165615 4.131 0.019000000000000128 0.9966310282685096 0.00682040141288691 1.0 1.005954453500925 1.005954453500925 -0.009323425232415472
59770.90555610903 4.131 0.019000000000000128 1.0140287144226647 0.006851900531778706 1.0 1.0059543876279302 1.0059543876279302 0.008074326794734521
59770.905572052456 4.131 0.019000000000000128 0.9922426389575095 0.006811308035778759 1.0 1.0059543217548754 1.0059543217548754 -0.013711682797365898
59770.90558799587 4.131 0.019000000000000128 1.0093316535669994 0.006850876693222242 1.0 1.0059542558818808 1.0059542558818808 0.003377397685118577
59770.90560393929 4.131 0.019000000000000128 1.009221415155287 0.0068441524653079 1.0 1.005954190008856 1.005954190008856 0.003267225146430963
59770.90561988271 4.131 0.019000000000000128 0.9881520798671798 0.007863230366165097 1.0 1.0059541241358312 1.0059541241358312 -0.017802044268651396
59770.90563582613 4.131 0.019000000000000128 1.0090814595037443 0.006852788453419884 1.0 1.0059540582628064 1.0059540582628064 0.0031274012409379104
59770.90565176955 4.131 0.019000000000000128 1.0058775592784794 0.006839752659364161 1.0 1.0059539923897816 1.0059539923897816 -7.643311130212105e-05
59770.90566771296 4.131 0.019000000000000128 0.998756873856508 0.006823767231312989 1.0 1.005953926516787 1.005953926516787 -0.007197052660278924
59770.90568365638 4.131 0.019000000000000128 1.0094775441235748 0.006858483802431583 1.0 1.0059538606437621 1.0059538606437621 0.0035236834798126893
59770.9056995998 4.131 0.019000000000000128 0.9993834710700807 0.006848352335808369 1.0 1.0059537947707373 1.0059537947707373 -0.006570323700656577
59770.905715543224 4.131 0.019000000000000128 0.9967468020726528 0.006816567156275 1.0 1.0059537288977125 1.0059537288977125 -0.009206926825059747
59770.90573148664 4.131 0.019000000000000128 1.0129464686208578 0.006856709135806841 1.0 1.0059536630247177 1.0059536630247177 0.006992805596140128
59770.905747430064 4.131 0.019000000000000128 0.9975778190810334 0.006825253346238402 1.0 1.0059535971516629 1.0059535971516629 -0.008375778070629503
59770.90576337348 4.131 0.019000000000000128 1.0121520873872825 0.0068382683496345815 1.0 1.005953531278668 1.005953531278668 0.006198556108614417
59770.9057793169 4.131 0.019000000000000128 1.0089236157950718 0.006847572675279697 1.0 1.0059534654056435 1.0059534654056435 0.002970150389428383
