eureka_custom_plots/data/stage5_lcfit_results/S5_wasp39b_ap4_bg8_Table_Save_ch29.txt
# %ECSV 1.0
# ---
# datatype:
# - {name: time, datatype: float64}
# - {name: wavelength, datatype: float64}
# - {name: bin_width, datatype: float64}
# - {name: lcdata, datatype: float64}
# - {name: lcerr, datatype: float64}
# - {name: transit, datatype: float64}
# - {name: polynom, datatype: float64}
# - {name: model, datatype: float64}
# - {name: residuals, datatype: float64}
# schema: astropy-2.0
time wavelength bin_width lcdata lcerr transit polynom model residuals
[from data line 19879]
59770.960959488984 4.131 0.019000000000000128 1.0097494114883077 0.006853687041011926 1.0 1.0057254788897803 1.0057254788897803 0.004023932598527402
59770.9609754324 4.131 0.019000000000000128 1.0136417867773218 0.0068601416773887355 1.0 1.0057254130167854 1.0057254130167854 0.007916373760536333
59770.96099137582 4.131 0.019000000000000128 1.00283278137725 0.006828917269489958 1.0 1.0057253471437606 1.0057253471437606 -0.0028925657665106463
59770.96100731923 4.131 0.019000000000000128 1.0005340975500299 0.006817126141890829 1.0 1.005725281270766 1.005725281270766 -0.0051911837207361256
59770.96102326265 4.131 0.019000000000000128 1.0010017227256736 0.006833613966018621 1.0 1.0057252153977412 1.0057252153977412 -0.00472349267206762
59770.96103920607 4.131 0.019000000000000128 1.0078368750870514 0.006842389481639868 1.0 1.0057251495247164 1.0057251495247164 0.002111725562335076
59770.96105514949 4.131 0.019000000000000128 1.0213512611133995 0.006875422470284989 1.0 1.0057250836516916 1.0057250836516916 0.015626177461707913
59770.96107109291 4.131 0.019000000000000128 1.0036047340874197 0.0068197907278061635 1.0 1.0057250177786667 1.0057250177786667 -0.00212028369124706
59770.961087036325 4.131 0.019000000000000128 0.9957146634574782 0.00682022421908733 1.0 1.0057249519056721 1.0057249519056721 -0.01001028844819396
59770.961102979745 4.131 0.019000000000000128 1.0085847246375839 0.006844791366225345 1.0 1.0057248860326473 1.0057248860326473 0.0028598386049365487
59770.961118923165 4.131 0.019000000000000128 1.0003110497329601 0.006825443137867107 1.0 1.0057248201596225 1.0057248201596225 -0.0054137704266623565
59770.961134866586 4.131 0.019000000000000128 0.9999721759230144 0.006818899987515956 1.0 1.0057247542865977 1.0057247542865977 -0.005752578363583338
59770.96115081 4.131 0.019000000000000128 1.00727020759888 0.006826532256231669 1.0 1.005724688413603 1.005724688413603 0.0015455191852769001
59770.96116675343 4.131 0.019000000000000128 1.009422435787262 0.006841976082224286 1.0 1.005724622540548 1.005724622540548 0.0036978132467140323
59770.96118269684 4.131 0.019000000000000128 1.016443063356062 0.00685047824364857 1.0 1.0057245566675534 1.0057245566675534 0.010718506688508489
59770.96119864025 4.131 0.019000000000000128 1.0172718785747474 0.006870478016544885 1.0 1.0057244907945586 1.0057244907945586 0.011547387780188823
59770.96121458367 4.131 0.019000000000000128 1.0028680893419646 0.006826599271877139 1.0 1.0057244249215338 1.0057244249215338 -0.0028563355795692136
59770.96123052709 4.131 0.019000000000000128 1.011274348372197 0.006838490870456871 1.0 1.005724359048509 1.005724359048509 0.005549989323688109
59770.96124647051 4.131 0.019000000000000128 1.008122831799634 0.00684783176104152 1.0 1.0057242931754844 1.0057242931754844 0.0023985386241496265
59770.961262413926 4.131 0.019000000000000128 0.9940939941611197 0.006805028468845411 1.0 1.0057242273024896 1.0057242273024896 -0.011630233141369906
59770.961278357354 4.131 0.019000000000000128 0.9935324907695752 0.006810158806317252 1.0 1.0057241614294348 1.0057241614294348 -0.0121916706598596
59770.96129430077 4.131 0.019000000000000128 1.009205350295587 0.006865469229445743 1.0 1.00572409555644 1.00572409555644 0.003481254739146955
59770.96131024418 4.131 0.019000000000000128 1.011475495139555 0.006849449254850409 1.0 1.0057240296834453 1.0057240296834453 0.005751465456109717
59770.96132618761 4.131 0.019000000000000128 1.003704922613793 0.006837402227486559 1.0 1.0057239638103903 1.0057239638103903 -0.0020190411965972377
59770.96134213103 4.131 0.019000000000000128 1.0086113661059624 0.006853834850920242 1.0 1.0057238979373657 1.0057238979373657 0.002887468168596641
59770.96135807444 4.131 0.019000000000000128 1.0073629920578333 0.006832543676699232 1.0 1.0057238320643709 1.0057238320643709 0.0016391599934624246
59770.961374017854 4.131 0.019000000000000128 1.005676280875133 0.006841751797458054 1.0 1.0057237661913763 1.0057237661913763 -4.7485316243323084e-05
59770.96138996128 4.131 0.019000000000000128 0.9996555996093945 0.006827532446990083 1.0 1.0057237003183213 1.0057237003183213 -0.006068100708926716
59770.961405904694 4.131 0.019000000000000128 1.0082657663491628 0.006850761087572734 1.0 1.0057236344453266 1.0057236344453266 0.00254213190383612
59770.961421848115 4.131 0.019000000000000128 1.008405041761665 0.006834837233612377 1.0 1.0057235685723018 1.0057235685723018 0.0026814731893631816
59770.961437791535 4.131 0.019000000000000128 0.9997216424869516 0.006822167542707271 1.0 1.005723502699277 1.005723502699277 -0.006001860212325405
59770.961453734955 4.131 0.019000000000000128 1.0155465886613542 0.006854057658836854 1.0 1.0057234368262522 1.0057234368262522 0.009823151835101962
59770.96146967837 4.131 0.019000000000000128 "" "" 1.0 1.0057233709532574 1.0057233709532574 ""
59770.96148562179 4.131 0.019000000000000128 1.0223726401109254 0.006886171374345569 1.0 1.0057233050802328 1.0057233050802328 0.016649335030692658
59770.96150156521 4.131 0.019000000000000128 1.0051455398677387 0.006845887429721556 1.0 1.005723239207208 1.005723239207208 -0.0005776993394692731
59770.96151750862 4.131 0.019000000000000128 1.0093159669074359 0.0068599692820900055 1.0 1.0057231733342131 1.0057231733342131 0.00359279357322273
59770.96153345204 4.131 0.019000000000000128 0.9982093455262381 0.006812819114396143 1.0 1.0057231074611883 1.0057231074611883 -0.007513761934950236
59770.96154939546 4.131 0.019000000000000128 1.0011748951578967 0.006830760948834635 1.0 1.0057230415881635 1.0057230415881635 -0.004548146430266797
59770.96156533888 4.131 0.019000000000000128 1.013301273647478 0.006858576975336368 1.0 1.0057229757151387 1.0057229757151387 0.0075782979323393285
59770.961581282296 4.131 0.019000000000000128 0.9953996250918875 0.0068215117521524295 1.0 1.005722909842144 1.005722909842144 -0.010323284750256567
59770.96159722572 4.131 0.019000000000000128 0.9959336704898735 0.0068214101720625265 1.0 1.0057228439690893 1.0057228439690893 -0.009789173479215818
59770.96161316914 4.131 0.019000000000000128 1.0168527056619612 0.006871545438414571 1.0 1.0057227780960944 1.0057227780960944 0.011129927565866726
59770.96162911256 4.131 0.019000000000000128 0.9979861199045711 0.0068321173484430855 1.0 1.0057227122230696 1.0057227122230696 -0.0077365923184985474
59770.96164505598 4.131 0.019000000000000128 1.0026144715729894 0.0068316563775244876 1.0 1.0057226463500448 1.0057226463500448 -0.0031081747770553836
59770.96166099939 4.131 0.019000000000000128 1.0055389678558313 0.006837019567916695 1.0 1.0057225804770502 1.0057225804770502 -0.0001836126212189093
59770.96167694281 4.131 0.019000000000000128 1.0044301457243618 0.006834241762871524 1.0 1.0057225146040254 1.0057225146040254 -0.0012923688796635524
59770.96169288622 4.131 0.019000000000000128 1.0072411767466838 0.006839186814916283 1.0 1.0057224487310306 1.0057224487310306 0.0015187280156532257
59770.96170882965 4.131 0.019000000000000128 0.9986679223551507 0.006834123956804388 1.0 1.0057223828579758 1.0057223828579758 -0.0070544605028250995
59770.961724773064 4.131 0.019000000000000128 1.0048317244902114 0.006831862425044614 1.0 1.0057223169849812 1.0057223169849812 -0.0008905924947697486
59770.961740716484 4.131 0.019000000000000128 1.0067019303303633 0.0068445215129902485 1.0 1.0057222511119563 1.0057222511119563 0.0009796792184069147
59770.961756659904 4.131 0.019000000000000128 1.0005484064787173 0.0068279095450072946 1.0 1.0057221852389315 1.0057221852389315 -0.005173778760214187
59770.96177260332 4.131 0.019000000000000128 1.0086270418991332 0.006846244146794218 1.0 1.0057221193659367 1.0057221193659367 0.002904922533196519
59770.96178854674 4.131 0.019000000000000128 1.0020917999884813 0.006821495264242854 1.0 1.0057220534929119 1.0057220534929119 -0.0036302535044305806
59770.961804490165 4.131 0.019000000000000128 1.0032718601249349 0.006826283908578994 1.0 1.005721987619857 1.005721987619857 -0.0024501274949222385
59770.96182043358 4.131 0.019000000000000128 0.9967644779801204 0.00682659069026843 1.0 1.0057219217468625 1.0057219217468625 -0.008957443766742124
59770.96183637699 4.131 0.019000000000000128 1.004747247161541 0.006829148808920238 1.0 1.0057218558738676 1.0057218558738676 -0.0009746087123265745
59770.96185232041 4.131 0.019000000000000128 1.014504396392728 0.006866332431129948 1.0 1.0057217900008428 1.0057217900008428 0.008782606391885217
59770.96186826383 4.131 0.019000000000000128 1.0061424769292662 0.0068508273226772195 1.0 1.005721724127818 1.005721724127818 0.0004207528014481543
59770.96188420725 4.131 0.019000000000000128 1.0059065436534849 0.006852156451928716 1.0 1.0057216582547932 1.0057216582547932 0.00018488539869165876
59770.961900150665 4.131 0.019000000000000128 1.0099098083815217 0.006840494985669377 1.0 1.0057215923817986 1.0057215923817986 0.004188215999723077
59770.96191609409 4.131 0.019000000000000128 1.0045565890612937 0.006833517761167143 1.0 1.0057215265087438 1.0057215265087438 -0.001164937447450054
59770.961932037506 4.131 0.019000000000000128 0.9948009228380067 0.006813323410662921 1.0 1.005721460635749 1.005721460635749 -0.010920537797742269
59770.96194798092 4.131 0.019000000000000128 1.0047682612137043 0.00685466204711733 1.0 1.0057213947627544 1.0057213947627544 -0.0009531335490500226
59770.96196392435 4.131 0.019000000000000128 0.994603851563871 0.0068205262030485905 1.0 1.0057213288896993 1.0057213288896993 -0.011117477325828351
59770.96197986776 4.131 0.019000000000000128 1.0061150086245716 0.006837255963710675 1.0 1.0057212630167047 1.0057212630167047 0.00039374560786686885
59770.96199581118 4.131 0.019000000000000128 1.0076217690562996 0.0068224765779353064 1.0 1.00572119714368 1.00572119714368 0.0019005719126197196
59770.96201175459 4.131 0.019000000000000128 0.9939189178009592 0.0068146592942904816 1.0 1.005721131270685 1.005721131270685 -0.011802213469725875
59770.96202769802 4.131 0.019000000000000128 0.9878192255183729 0.006799677061359358 1.0 1.0057210653976303 1.0057210653976303 -0.01790183987925742
59770.96204364143 4.131 0.019000000000000128 1.0115767051439668 0.0068731248594013925 1.0 1.0057209995246357 1.0057209995246357 0.005855705619331131
59770.96205958485 4.131 0.019000000000000128 1.002914463536612 0.006842357146522829 1.0 1.0057209336516408 1.0057209336516408 -0.0028064701150287696
59770.962075528274 4.131 0.019000000000000128 1.0089919556557845 0.0068527089108391705 1.0 1.005720867778586 1.005720867778586 0.003271087877198431
59770.962091471694 4.131 0.019000000000000128 1.0081202133373008 0.006842510168397964 1.0 1.0057208019055612 1.0057208019055612 0.0023994114317396065
59770.96210741511 4.131 0.019000000000000128 0.9977469114313048 0.006820502674304918 1.0 1.0057207360325664 1.0057207360325664 -0.007973824601261614
59770.96212335853 4.131 0.019000000000000128 1.0021156189277505 0.006827262302359969 1.0 1.0057206701595416 1.0057206701595416 -0.003605051231791112
59770.96213930195 4.131 0.019000000000000128 1.0052288119381239 0.006834893653821836 1.0 1.005720604286517 1.005720604286517 -0.0004917923483931386
59770.96215524536 4.131 0.019000000000000128 1.006769335990659 0.0068432737581258845 1.0 1.0057205384135222 1.0057205384135222 0.0010487975771369396
59770.96217118878 4.131 0.019000000000000128 1.0063960759862132 0.0068309888137558375 1.0 1.0057204725404973 1.0057204725404973 0.0006756034457158222
59770.9621871322 4.131 0.019000000000000128 1.0039712629319983 0.006840310535314813 1.0 1.0057204066674725 1.0057204066674725 -0.0017491437354741901
59770.96220307562 4.131 0.019000000000000128 0.9992771782176887 0.006809536759676346 1.0 1.0057203407944477 1.0057203407944477 -0.006443162576759032
59770.962219019035 4.131 0.019000000000000128 1.0108101754480179 0.006859287013959739 1.0 1.005720274921453 1.005720274921453 0.005089900526564772
59770.962234962455 4.131 0.019000000000000128 1.009880057322577 0.006853269817478169 1.0 1.0057202090484283 1.0057202090484283 0.004159848274148725
59770.962250905875 4.131 0.019000000000000128 1.0099303646985163 0.0068431068411076304 1.0 1.0057201431754035 1.0057201431754035 0.004210221523112789
59770.962266849296 4.131 0.019000000000000128 1.0019643224132957 0.006842770737169999 1.0 1.0057200773023787 1.0057200773023787 -0.003755754889082974
59770.962282792716 4.131 0.019000000000000128 1.0034638908142055 0.006833957319587645 1.0 1.0057200114293539 1.0057200114293539 -0.0022561206151483493
59770.96229873613 4.131 0.019000000000000128 1.0089319095610085 0.006856178387108593 1.0 1.0057199455563592 1.0057199455563592 0.0032119640046492925
59770.96231467955 4.131 0.019000000000000128 1.0005108727944494 0.006836193090171757 1.0 1.0057198796833344 1.0057198796833344 -0.005209006888885037
59770.96233062296 4.131 0.019000000000000128 1.0115561812591263 0.006853089721042857 1.0 1.0057198138103396 1.0057198138103396 0.0058363674487866835
59770.96234656639 4.131 0.019000000000000128 1.0095356832435054 0.006851052091492556 1.0 1.0057197479372848 1.0057197479372848 0.003815935306220597
59770.9623625098 4.131 0.019000000000000128 1.0051317980211343 0.007900415291161486 1.0 1.00571968206429 1.00571968206429 -0.0005878840431556842
59770.96237845322 4.131 0.019000000000000128 1.0074166601849066 0.006850617690598403 1.0 1.0057196161912654 1.0057196161912654 0.001697043993641234
59770.96239439664 4.131 0.019000000000000128 1.0194610278301353 0.006861010512276939 1.0 1.0057195503182406 1.0057195503182406 0.013741477511894695
59770.96241034006 4.131 0.019000000000000128 1.019217978765134 0.006868487490254291 1.0 1.0057194844452457 1.0057194844452457 0.013498494319888366
59770.96242628348 4.131 0.019000000000000128 1.0128206004970315 0.006853543875425275 1.0 1.005719418572221 1.005719418572221 0.007101181924810573
59770.9624422269 4.131 0.019000000000000128 1.00462953878718 0.0068479412279876615 1.0 1.005719352699196 1.005719352699196 -0.0010898139120161243
59770.96245817032 4.131 0.019000000000000128 1.004889138149268 0.006836683689530992 1.0 1.0057192868261713 1.0057192868261713 -0.0008301486769033417
59770.96247411373 4.131 0.019000000000000128 0.9997519412992691 0.006812912562188146 1.0 1.0057192209531767 1.0057192209531767 -0.005967279653907531
59770.96249005715 4.131 0.019000000000000128 0.9969868463119334 0.006819846091739772 1.0 1.0057191550801519 1.0057191550801519 -0.00873230876821851
59770.96250600057 4.131 0.019000000000000128 1.007525443930598 0.006842368394613913 1.0 1.005719089207127 1.005719089207127 0.0018063547234710153
59770.962521943984 4.131 0.019000000000000128 1.0028484955567956 0.006834808451441107 1.0 1.0057190233341324 1.0057190233341324 -0.002870527777336873
59770.962537887404 4.131 0.019000000000000128 1.0059249374156103 0.006838820399856337 1.0 1.0057189574611076 1.0057189574611076 0.00020597995450266637
59770.96255383083 4.131 0.019000000000000128 0.9908067888100461 0.0068040732371515535 1.0 1.0057188915880526 1.0057188915880526 -0.014912102778006475
59770.962569774245 4.131 0.019000000000000128 1.0172816441612087 0.006856911468821129 1.0 1.005718825715058 1.005718825715058 0.011562818446150702
59770.96258571766 4.131 0.019000000000000128 1.0058251905148032 0.0068419307354538285 1.0 1.0057187598420632 1.0057187598420632 0.00010643067274007656
59770.962601661086 4.131 0.019000000000000128 1.005022383528316 0.006846290560958798 1.0 1.0057186939690084 1.0057186939690084 -0.0006963104406922938
59770.9626176045 4.131 0.019000000000000128 1.0089083232745921 0.006854409123798533 1.0 1.0057186280960138 1.0057186280960138 0.0031896951785783667
59770.96263354792 4.131 0.019000000000000128 1.0053904397120152 0.00684320240208449 1.0 1.005718562222989 1.005718562222989 -0.00032812251097369405
59770.96264949133 4.131 0.019000000000000128 0.9929227749873274 0.006810630324064957 1.0 1.005718496349994 1.005718496349994 -0.012795721362666712
