eureka_custom_plots/data/stage5_lcfit_results/S5_wasp39b_ap4_bg8_Table_Save_ch12.txt
# %ECSV 1.0
# ---
# datatype:
# - {name: time, datatype: float64}
# - {name: wavelength, datatype: float64}
# - {name: bin_width, datatype: float64}
# - {name: lcdata, datatype: float64}
# - {name: lcerr, datatype: float64}
# - {name: transit, datatype: float64}
# - {name: polynom, datatype: float64}
# - {name: model, datatype: float64}
# - {name: residuals, datatype: float64}
# schema: astropy-2.0
time wavelength bin_width lcdata lcerr transit polynom model residuals
[from data line 4543]
59770.716451208435 3.479 0.019000000000000128 0.9976018053758006 0.0049889856366107255 1.0 1.00686214086636 1.00686214086636 -0.00926033549055949
59770.716467151855 3.479 0.019000000000000128 1.016024112518986 0.005026144702525215 1.0 1.0068620651539346 1.0068620651539346 0.009162047365051329
59770.716483095275 3.479 0.019000000000000128 0.9991941423889265 0.004991861694172955 1.0 1.0068619894415092 1.0068619894415092 -0.007667847052582721
59770.716499038695 3.479 0.019000000000000128 1.0080687292284263 0.005009130487568483 1.0 1.0068619137290835 1.0068619137290835 0.0012068154993427616
59770.716514982116 3.479 0.019000000000000128 1.0007638386492388 0.004991713940546412 1.0 1.006861838016658 1.006861838016658 -0.006097999367419282
59770.716530925536 3.479 0.019000000000000128 0.9995334952571777 0.0049924536877534245 1.0 1.0068617623042326 1.0068617623042326 -0.007328267047054915
59770.716546868956 3.479 0.019000000000000128 1.0100091113745842 0.005012233279378996 1.0 1.0068616865918072 1.0068616865918072 0.003147424782776964
59770.71656281238 3.479 0.019000000000000128 1.008509750026459 0.0050091227605022146 1.0 1.0068616108793815 1.0068616108793815 0.0016481391470775097
59770.716578755804 3.479 0.019000000000000128 1.0082273429243267 0.0050042715962578 1.0 1.0068615351669215 1.0068615351669215 0.0013658077574052463
59770.71659469922 3.479 0.019000000000000128 1.0014741091047166 0.005000633633676523 1.0 1.0068614594545306 1.0068614594545306 -0.0053873503498140796
59770.71661064264 3.479 0.019000000000000128 1.0054156293078107 0.004996820595612395 1.0 1.006861383742105 1.006861383742105 -0.0014457544342942885
59770.71662658606 3.479 0.019000000000000128 1.0140368057238258 0.005017765885910155 1.0 1.0068613080296795 1.0068613080296795 0.007175497694146271
59770.71664252948 3.479 0.019000000000000128 0.9955567114549647 0.004993241622414689 1.0 1.006861232317254 1.006861232317254 -0.011304520862289391
59770.716658472906 3.479 0.019000000000000128 1.0075426756611485 0.005007168482393518 1.0 1.006861156604794 1.006861156604794 0.0006815190563544959
59770.71667441632 3.479 0.019000000000000128 1.0061451115864009 0.005004913688113029 1.0 1.006861080892403 1.006861080892403 -0.000715969306002151
59770.716690359746 3.479 0.019000000000000128 1.0055652717278425 0.005004885281629805 1.0 1.006861005179943 1.006861005179943 -0.0012957334521004338
59770.71670630316 3.479 0.019000000000000128 1.004638692283471 0.005005830619832747 1.0 1.006860929467552 1.006860929467552 -0.0022222371840809885
59770.71672224658 3.479 0.019000000000000128 "" "" 1.0 1.0068608537551265 1.0068608537551265 ""
59770.71673819 3.479 0.019000000000000128 1.006226634738511 0.005005875299746909 1.0 1.006860778042701 1.006860778042701 -0.0006341433041900935
59770.71675413343 3.479 0.019000000000000128 1.0025235816045568 0.004997702802915503 1.0 1.006860702330241 1.006860702330241 -0.0043371207256841515
59770.71677007685 3.479 0.019000000000000128 1.007531418664006 0.00500636268148757 1.0 1.0068606266178153 1.0068606266178153 0.0006707920461908046
59770.71678602026 3.479 0.019000000000000128 1.0056654680165118 0.005009127691246051 1.0 1.0068605509054245 1.0068605509054245 -0.0011950828889126797
59770.71680196369 3.479 0.019000000000000128 1.0111836518600559 0.00501408803148066 1.0 1.0068604751929644 1.0068604751929644 0.004323176667091477
59770.7168179071 3.479 0.019000000000000128 1.0172028730930536 0.005028243084163135 1.0 1.0068603994805734 1.0068603994805734 0.010342473612480196
59770.71683385053 3.479 0.019000000000000128 1.009629528757085 0.005015342668400317 1.0 1.0068603237681133 1.0068603237681133 0.0027692049889715964
59770.71684979394 3.479 0.019000000000000128 1.0127335821630736 0.005012369872017885 1.0 1.0068602480557223 1.0068602480557223 0.005873334107351358
59770.71686573737 3.479 0.019000000000000128 1.0085679732565593 0.005017221856296737 1.0 1.0068601723432624 1.0068601723432624 0.0017078009132969196
59770.71688168079 3.479 0.019000000000000128 1.0020486341824715 0.00500334254585951 1.0 1.0068600966308368 1.0068600966308368 -0.004811462448365278
59770.7168976242 3.479 0.019000000000000128 1.0070121450048934 0.005009577703689027 1.0 1.006860020918446 1.006860020918446 0.00015212408644749154
59770.71691356763 3.479 0.019000000000000128 0.9949267006046869 0.004982088919114506 1.0 1.0068599452059859 1.0068599452059859 -0.011933244601298965
59770.71692951104 3.479 0.019000000000000128 1.0133066062653635 0.00501958782226867 1.0 1.0068598694935949 1.0068598694935949 0.0064467367717686574
59770.71694545447 3.479 0.019000000000000128 1.0064364541051622 0.005013281137075493 1.0 1.0068597937811348 1.0068597937811348 -0.00042333967597252276
59770.716961397884 3.479 0.019000000000000128 1.00609623699402 0.0050065903057854985 1.0 1.0068597180687437 1.0068597180687437 -0.000763481074723682
59770.71697734131 3.479 0.019000000000000128 1.0060395720986588 0.005003730763278769 1.0 1.0068596423562837 1.0068596423562837 -0.000820070257624872
59770.71699328473 3.479 0.019000000000000128 1.0047647939988371 0.005008179587234068 1.0 1.0068595666438582 1.0068595666438582 -0.0020947726450211146
59770.717009228145 3.479 0.019000000000000128 1.0093498077290946 0.005008694706495933 1.0 1.0068594909314672 1.0068594909314672 0.0024903167976273455
59770.71702517157 3.479 0.019000000000000128 0.9991117758368527 0.005000164834206545 1.0 1.0068594152190071 1.0068594152190071 -0.007747639382154392
59770.71704111499 3.479 0.019000000000000128 1.0063017475236151 0.005014628569953193 1.0 1.0068593395065817 1.0068593395065817 -0.0005575919829665654
59770.71705705841 3.479 0.019000000000000128 1.007315782677113 0.005013226890929705 1.0 1.0068592637941562 1.0068592637941562 0.0004565188829568356
59770.717073001826 3.479 0.019000000000000128 1.000359345834652 0.004986761203765513 1.0 1.0068591880817652 1.0068591880817652 -0.006499842247113197
59770.71708894525 3.479 0.019000000000000128 1.0062760329933778 0.005007870057933598 1.0 1.0068591123693051 1.0068591123693051 -0.0005830793759273867
59770.717104888674 3.479 0.019000000000000128 1.011498135103483 0.005013516942865079 1.0 1.0068590366568797 1.0068590366568797 0.0046390984466033736
59770.717120832094 3.479 0.019000000000000128 0.996052708865596 0.0049805791840333855 1.0 1.006858960944454 1.006858960944454 -0.010806252078857992
59770.717136775515 3.479 0.019000000000000128 1.003088446708662 0.005006434642929104 1.0 1.0068588852320286 1.0068588852320286 -0.0037704385233665594
59770.717152718935 3.479 0.019000000000000128 1.0091168699796185 0.005009729704907604 1.0 1.0068588095196032 1.0068588095196032 0.00225806046001531
59770.717168662355 3.479 0.019000000000000128 1.0066616958639822 0.005005246806301049 1.0 1.0068587338071777 1.0068587338071777 -0.00019703794319547718
59770.71718460577 3.479 0.019000000000000128 1.008737272991171 0.005012506093277811 1.0 1.0068586580947867 1.0068586580947867 0.0018786148963843008
59770.717200549196 3.479 0.019000000000000128 1.004298307284967 0.004997410875173048 1.0 1.0068585823823266 1.0068585823823266 -0.0025602750973596766
59770.717216492616 3.479 0.019000000000000128 1.0038475786166394 0.00499903076713653 1.0 1.0068585066699012 1.0068585066699012 -0.003010928053261752
59770.717232436036 3.479 0.019000000000000128 1.0020104744409084 0.004995325266728185 1.0 1.0068584309574755 1.0068584309574755 -0.004847956516567109
59770.71724837946 3.479 0.019000000000000128 1.0157248688759668 0.005021728842686881 1.0 1.00685835524505 1.00685835524505 0.008866513630916728
59770.71726432288 3.479 0.019000000000000128 1.0083430885041842 0.005011901318568823 1.0 1.0068582795326246 1.0068582795326246 0.0014848089715595592
59770.7172802663 3.479 0.019000000000000128 1.0063780183958926 0.00501662068619484 1.0 1.006858203820199 1.006858203820199 -0.00048018542430638966
59770.71729620972 3.479 0.019000000000000128 1.0162276552741476 0.005026052607761855 1.0 1.0068581281077735 1.0068581281077735 0.00936952716637407
59770.71731215314 3.479 0.019000000000000128 1.0083370477232105 0.005012577692990521 1.0 1.006858052395348 1.006858052395348 0.0014789953278624424
59770.71732809656 3.479 0.019000000000000128 1.007941782519558 0.005004499890935759 1.0 1.0068579766829224 1.0068579766829224 0.0010838058366355874
59770.71734403998 3.479 0.019000000000000128 1.0153317305186524 0.005019743154441459 1.0 1.006857900970497 1.006857900970497 0.008473829548155454
59770.7173599834 3.479 0.019000000000000128 0.9975482998111632 0.0049930457493065385 1.0 1.0068578252580715 1.0068578252580715 -0.009309525446908329
59770.71737592682 3.479 0.019000000000000128 1.0107035093321235 0.005011874145291233 1.0 1.0068577495456459 1.0068577495456459 0.0038457597864776094
59770.71739187024 3.479 0.019000000000000128 1.0076366262391432 0.005007823256552548 1.0 1.0068576738332204 1.0068576738332204 0.0007789524059227393
59770.71740781366 3.479 0.019000000000000128 1.0078906691423255 0.00500810897394517 1.0 1.006857598120795 1.006857598120795 0.0010330710215304961
59770.71742375708 3.479 0.019000000000000128 1.0065440698747083 0.005006955664075473 1.0 1.0068575224083693 1.0068575224083693 -0.0003134525336609961
59770.7174397005 3.479 0.019000000000000128 1.0035711206225495 0.00499534597178383 1.0 1.006857446695944 1.006857446695944 -0.0032863260733944077
59770.71745564392 3.479 0.019000000000000128 1.0037712339620577 0.004997615525628825 1.0 1.0068573709835185 1.0068573709835185 -0.0030861370214607664
59770.71747158734 3.479 0.019000000000000128 1.0077004955337263 0.005008669676064683 1.0 1.0068572952710928 1.0068572952710928 0.0008432002626335144
59770.71748753076 3.479 0.019000000000000128 1.0049526364318953 0.0050008858285355345 1.0 1.0068572195586674 1.0068572195586674 -0.001904583126772108
59770.71750347419 3.479 0.019000000000000128 0.9977687650553697 0.0049931072727466995 1.0 1.0068571438462073 1.0068571438462073 -0.00908837879083757
59770.7175194176 3.479 0.019000000000000128 1.0092473889503766 0.005007681410586378 1.0 1.0068570681338165 1.0068570681338165 0.0023903208165600986
59770.71753536102 3.479 0.019000000000000128 1.0041896079708728 0.005004016112383749 1.0 1.0068569924213908 1.0068569924213908 -0.002667384450518062
59770.71755130444 3.479 0.019000000000000128 1.0177821978320172 0.005031384709462302 1.0 1.0068569167089654 1.0068569167089654 0.0109252811230518
59770.71756724786 3.479 0.019000000000000128 1.0036179436864794 0.004995944997631911 1.0 1.00685684099654 1.00685684099654 -0.003238897310060551
59770.71758319129 3.479 0.019000000000000128 1.0092890174967257 0.005013675165229582 1.0 1.0068567652840799 1.0068567652840799 0.002432252212645869
59770.7175991347 3.479 0.019000000000000128 1.0073308791600957 0.005002238111798689 1.0 1.0068566895716888 1.0068566895716888 0.000474189588406837
59770.71761507813 3.479 0.019000000000000128 1.0062300709383334 0.004998665053324711 1.0 1.0068566138592288 1.0068566138592288 -0.0006265429208953677
59770.717631021544 3.479 0.019000000000000128 1.0087848397695423 0.00501604463857817 1.0 1.0068565381468377 1.0068565381468377 0.0019283016227045202
59770.717646964964 3.479 0.019000000000000128 1.0050957406685832 0.005006389798595693 1.0 1.0068564624344123 1.0068564624344123 -0.0017607217658290875
59770.717662908384 3.479 0.019000000000000128 1.0054113164057918 0.005007391811346209 1.0 1.0068563867219869 1.0068563867219869 -0.0014450703161950074
59770.717678851805 3.479 0.019000000000000128 1.0044465256684154 0.004998965667969542 1.0 1.0068563110095612 1.0068563110095612 -0.002409785341145776
59770.71769479523 3.479 0.019000000000000128 0.9973509058334247 0.004988353666100467 1.0 1.006856235297101 1.006856235297101 -0.009505329463676437
59770.717710738645 3.479 0.019000000000000128 1.003698027038275 0.005003735047358952 1.0 1.0068561595847103 1.0068561595847103 -0.003158132546435377
59770.71772668207 3.479 0.019000000000000128 0.9951293282529224 0.0049802175935899865 1.0 1.0068560838722502 1.0068560838722502 -0.011726755619327789
59770.717742625486 3.479 0.019000000000000128 0.9982368782576406 0.0049933961943247245 1.0 1.0068560081598592 1.0068560081598592 -0.00861912990221858
59770.71775856891 3.479 0.019000000000000128 1.016706208849439 0.005027051214559768 1.0 1.0068559324473991 1.0068559324473991 0.009850276402039837
59770.717774512326 3.479 0.019000000000000128 1.01283008848685 0.0050244207328207155 1.0 1.006855856735008 1.006855856735008 0.005974231751841863
59770.717790455754 3.479 0.019000000000000128 1.0082424351638755 0.005007141175819978 1.0 1.0068557810225482 1.0068557810225482 0.0013866541413272149
59770.717806399174 3.479 0.019000000000000128 1.0127415129898283 0.005021748039474685 1.0 1.0068557053101226 1.0068557053101226 0.005885807679705701
59770.71782234259 3.479 0.019000000000000128 0.9983144056162001 0.004991648676177248 1.0 1.0068556295977316 1.0068556295977316 -0.008541223981531454
59770.717838286015 3.479 0.019000000000000128 1.0039302055017518 0.004997477644053441 1.0 1.0068555538852717 1.0068555538852717 -0.002925348383519877
59770.71785422943 3.479 0.019000000000000128 1.0059194505838558 0.005008113718940907 1.0 1.0068554781728807 1.0068554781728807 -0.0009360275890248904
59770.717870172855 3.479 0.019000000000000128 1.006054280686088 0.005007003863871754 1.0 1.0068554024604206 1.0068554024604206 -0.0008011217743326693
59770.71788611627 3.479 0.019000000000000128 1.0064784958375148 0.005002292135254952 1.0 1.0068553267480296 1.0068553267480296 -0.00037683091051476936
59770.717902059696 3.479 0.019000000000000128 0.9990166596278223 0.004998088700358665 1.0 1.0068552510355695 1.0068552510355695 -0.00783859140774723
59770.71791800311 3.479 0.019000000000000128 0.9972647419128021 0.004987436677436567 1.0 1.0068551753231787 1.0068551753231787 -0.009590433410376575
59770.71793394653 3.479 0.019000000000000128 1.0050270153688017 0.005003279198276525 1.0 1.006855099610753 1.006855099610753 -0.0018280842419513554
59770.71794988996 3.479 0.019000000000000128 1.0055742730702664 0.005000423378412107 1.0 1.006855023898293 1.006855023898293 -0.001280750828026589
59770.71796583338 3.479 0.019000000000000128 1.003856433381137 0.0050066975742099635 1.0 1.0068549481858675 1.0068549481858675 -0.0029985148047304566
59770.7179817768 3.479 0.019000000000000128 1.0094786340291089 0.005011327353388878 1.0 1.006854872473442 1.006854872473442 0.0026237615556667926
59770.71799772021 3.479 0.019000000000000128 1.008001721594864 0.005017933598691625 1.0 1.006854796761051 1.006854796761051 0.0011469248338129567
59770.71801366364 3.479 0.019000000000000128 1.0141192837956527 0.005014747841299956 1.0 1.006854721048591 1.006854721048591 0.007264562747061776
59770.71802960705 3.479 0.019000000000000128 0.9984258164712007 0.0049894419632317555 1.0 1.0068546453362 1.0068546453362 -0.008428828864999294
59770.71804555048 3.479 0.019000000000000128 1.0117924402794627 0.005019116486900947 1.0 1.0068545696237399 1.0068545696237399 0.00493787065572282
59770.7180614939 3.479 0.019000000000000128 1.009088975985417 0.0050144491345712975 1.0 1.0068544939113144 1.0068544939113144 0.002234482074102484
59770.71807743732 3.479 0.019000000000000128 1.006634928275087 0.005013130944828417 1.0 1.006854418198889 1.006854418198889 -0.000219489923801941
59770.71809338074 3.479 0.019000000000000128 1.0069834713917474 0.005003429981658656 1.0 1.0068543424864633 1.0068543424864633 0.0001291289052840483
59770.71810932415 3.479 0.019000000000000128 1.0021107935557323 0.0049950855861400885 1.0 1.0068542667740725 1.0068542667740725 -0.004743473218340233
59770.71812526758 3.479 0.019000000000000128 1.0082301462912042 0.005019036700669015 1.0 1.0068541910616124 1.0068541910616124 0.0013759552295917743
59770.71814121099 3.479 0.019000000000000128 1.0055056178901034 0.005002248846890678 1.0 1.0068541153492214 1.0068541153492214 -0.0013484974591180254
