eureka_custom_plots/data/stage5_lcfit_results/S5_wasp39b_ap4_bg8_Table_Save_ch37.txt
# %ECSV 1.0
# ---
# datatype:
# - {name: time, datatype: float64}
# - {name: wavelength, datatype: float64}
# - {name: bin_width, datatype: float64}
# - {name: lcdata, datatype: float64}
# - {name: lcerr, datatype: float64}
# - {name: transit, datatype: float64}
# - {name: polynom, datatype: float64}
# - {name: model, datatype: float64}
# - {name: residuals, datatype: float64}
# schema: astropy-2.0
time wavelength bin_width lcdata lcerr transit polynom model residuals
[from data line 11083]
59770.82072117522 4.4375 0.01949999999999985 0.9832249153693843 0.00811548425684865 0.9767722452852143 1.0066820481952163 0.9832990845039599 -7.416913457558572e-05
59770.82073711865 4.4375 0.01949999999999985 0.9767353263312278 0.008087683170728617 0.9767720421084689 1.0066819940000347 0.9832988270332393 -0.006563500702011504
59770.820753062064 4.4375 0.01949999999999985 0.9833402563358227 0.008099862578596684 0.9767718392284455 1.0066819398049027 0.983298569861294 4.168647452862384e-05
59770.820769005484 4.4375 0.01949999999999985 0.9842081136680414 0.008085730517163284 0.976771636644568 1.0066818856097457 0.9832983129874711 0.0009098006805703385
59770.820784948904 4.4375 0.01949999999999985 0.9797747473618388 0.008104886024496846 0.9767714343566368 1.006681831414589 0.9832980564115941 -0.0035233090497552855
59770.820800892325 4.4375 0.01949999999999985 0.9830912989973971 0.008125050635536632 0.9767712323643581 1.006681777219432 0.9832978001333669 -0.00020650113596976105
59770.820816835745 4.4375 0.01949999999999985 0.97986744746613 0.008106480724554749 0.9767710306674453 1.0066817230242753 0.983297544152501 -0.0034300966863710647
59770.820832779165 4.4375 0.01949999999999985 0.9767025237858559 0.008102965052856898 0.9767708292655941 1.0066816688291185 0.9832972884686902 -0.006594764682834375
59770.820848722586 4.4375 0.01949999999999985 0.9883557509105423 0.008105260551461468 0.9767706281585185 1.0066816146339614 0.9832970330816461 0.00505871782889622
59770.820864666 4.4375 0.01949999999999985 0.9691806394856224 0.008066839527978785 0.9767704273460198 1.0066815604388295 0.9832967779911935 -0.01411613850557114
59770.820880609426 4.4375 0.01949999999999985 0.9883992630602101 0.008127297206657287 0.9767702268275289 1.0066815062436478 0.9832965231966864 0.00510273986352372
59770.82089655284 4.4375 0.01949999999999985 0.9940272951508186 0.008140478850812852 0.976770026603126 1.0066814520485157 0.9832962686983021 0.010731026452516446
59770.82091249627 4.4375 0.01949999999999985 0.9927942762583476 0.008147809873025866 0.9767698266721506 1.0066813978533342 0.9832960144952796 0.009498261763068006
59770.82092843968 4.4375 0.01949999999999985 0.981244865878135 0.008101267900810314 0.9767696270346832 1.006681343658202 0.9832957605877958 -0.0020508947096608
59770.8209443831 4.4375 0.01949999999999985 0.9822450308795473 0.00811888346111257 0.9767694276901575 1.0066812894630452 0.9832955069752085 -0.0010504760956612236
59770.82096032652 4.4375 0.01949999999999985 0.9805387846294319 0.008085021938319017 0.9767692286383773 1.0066812352678884 0.9832952536573443 -0.0027564690279123782
59770.82097626993 4.4375 0.01949999999999985 0.9743652435694865 0.008076237392579708 0.9767690298791464 1.0066811810727563 0.9832950006340294 -0.00892975706454291
59770.82099221336 4.4375 0.01949999999999985 0.9704539981520385 0.00807544430825956 0.976768831411907 1.0066811268775746 0.9832947479046302 -0.012840749752591751
59770.82100815678 4.4375 0.01949999999999985 0.9977779437296335 0.008130044333046302 0.9767686332366362 1.0066810726824178 0.9832944954691961 0.014483448260437348
59770.8210241002 4.4375 0.01949999999999985 0.9775283563976299 0.008120322404067619 0.9767684353529611 1.006681018487261 0.9832942433273272 -0.0057658869296972615
59770.821040043615 4.4375 0.01949999999999985 0.9736928589685577 0.00808327780156739 0.976768237760687 1.0066809642921288 0.9832939914788518 -0.009601132510294041
59770.82105598704 4.4375 0.01949999999999985 0.9804987549325829 0.008078097145803376 0.9767680404592537 1.0066809100969472 0.9832937399231332 -0.002794984990550309
59770.821071930455 4.4375 0.01949999999999985 0.9933433455622003 0.00813742335736036 0.9767678434487412 1.0066808559018152 0.983293488660349 0.010049856901851228
59770.82108787388 4.4375 0.01949999999999985 0.9799106275856603 0.00809476846450531 0.9767676467285057 1.0066808017066335 0.983293237689754 -0.0033826101040936862
59770.821103817296 4.4375 0.01949999999999985 0.9843019028461218 0.008124635073037585 0.9767674502986099 1.0066807475115014 0.9832929870115079 0.0010089158346139326
59770.821119760716 4.4375 0.01949999999999985 0.9786631766260845 0.008073103485687062 0.9767672541585194 1.0066806933163446 0.9832927366250005 -0.004629559998916011
59770.82113570414 4.4375 0.01949999999999985 0.9820589612910834 0.008088270409553573 0.976767058308025 1.0066806391211878 0.9832924865300451 -0.0012335252389616969
59770.82115164755 4.4375 0.01949999999999985 0.9840738302728725 0.00807832357652705 0.9767668627469396 1.0066805849260556 0.9832922367264774 0.0007815935463951762
59770.82116759098 4.4375 0.01949999999999985 0.9743643536702029 0.008069298039903562 0.9767666674747094 1.0066805307308742 0.9832919872136677 -0.008927633543464819
59770.82118353439 4.4375 0.01949999999999985 0.9890827004126171 0.008113201089432706 0.9767664724914137 1.006680476535742 0.983291737991792 0.005790962420825108
59770.82119947782 4.4375 0.01949999999999985 0.9970499771610061 0.009370062598566754 0.97676627779641 1.0066804223405603 0.9832914890601071 0.013758488100898969
59770.82121542123 4.4375 0.01949999999999985 0.9859871348394026 0.008120693177296474 0.9767660833897776 1.0066803681454282 0.9832912404187892 0.002695894420613354
59770.82123136466 4.4375 0.01949999999999985 0.9904079911787395 0.008114353417045066 0.9767658892708814 1.0066803139502467 0.9832909920671028 0.007116999111636657
59770.82124730807 4.4375 0.01949999999999985 0.9961189840598349 0.008116633805877764 0.9767656954397836 1.0066802597551145 0.9832907440052066 0.012828240054628348
59770.8212632515 4.4375 0.01949999999999985 0.9897942821685619 0.008113084885759311 0.9767655018958682 1.0066802055599329 0.9832904962323836 0.006503785936178286
59770.82127919491 4.4375 0.01949999999999985 1.0034213034502153 0.008165669845004386 0.9767653086391971 1.006680151364801 0.9832902487487934 0.020131054701421847
59770.82129513833 4.4375 0.01949999999999985 0.9786632562874755 0.008091856182468403 0.9767651156692287 1.006680097169644 0.9832900015538176 -0.004626745266342103
59770.82131108175 4.4375 0.01949999999999985 0.9966929088425316 0.00812129123040653 0.9767649229857741 1.006680042974487 0.9832897546472906 0.013403154195240963
59770.821327025165 4.4375 0.01949999999999985 0.9903491245716293 0.008151956701140294 0.9767647305886441 1.0066799887793552 0.9832895080290461 0.007059616542583136
59770.82134296859 4.4375 0.01949999999999985 0.974682032701072 0.008088575027235423 0.9767645384772944 1.0066799345841735 0.9832892616984631 -0.008607228997391081
59770.821358912006 4.4375 0.01949999999999985 0.9745503014349433 0.008070828936759027 0.9767643466518035 1.0066798803890413 0.9832890156557176 -0.008738714220774324
59770.82137485543 4.4375 0.01949999999999985 0.9915213443470756 0.008129665872321598 0.9767641551115397 1.0066798261938599 0.9832887699000772 0.00823257444699843
59770.82139079885 4.4375 0.01949999999999985 0.9803775667883563 0.008103155220447562 0.9767639638565813 1.0066797719987277 0.9832885244317168 -0.002910957643360468
59770.821406742274 4.4375 0.01949999999999985 0.9740767976081287 0.008103991426525554 0.9767637728863041 1.006679717803546 0.9832882792499116 -0.00921148164178287
59770.82142268569 4.4375 0.01949999999999985 0.9666889381771931 0.008048676398655606 0.9767635822007755 1.0066796636084139 0.983288034354826 -0.016599096177632888
59770.82143862911 4.4375 0.01949999999999985 0.9887098176112267 0.008106607534908064 0.9767633917994611 1.006679609413257 0.9832877897458497 0.005422027865376933
59770.82145457253 4.4375 0.01949999999999985 0.9902618414086145 0.008128587492109218 0.9767632016821751 1.0066795552181003 0.9832875454228196 0.006974295985794909
59770.82147051595 4.4375 0.01949999999999985 0.9830710341109543 0.008095839186570307 0.9767630118486432 1.0066795010229435 0.9832873013854596 -0.0002162672745052996
59770.82148645937 4.4375 0.01949999999999985 0.9739828519367115 0.008073906316224183 0.9767628222985922 1.0066794468277867 0.9832870576334946 -0.00930420569678303
59770.82150240278 4.4375 0.01949999999999985 0.9787991951702887 0.008107374393642602 0.9767626330318364 1.0066793926326545 0.9832868141667614 -0.004487618996472764
59770.82151834621 4.4375 0.01949999999999985 0.9972640046238863 0.008133940036498165 0.9767624440478411 1.0066793384374728 0.9832865709846497 0.013977433639236647
59770.82153428962 4.4375 0.01949999999999985 0.9692470004570009 0.008065794432125056 0.9767622553466835 1.0066792842423409 0.983286328087334 -0.01403932763033311
59770.82155023305 4.4375 0.01949999999999985 0.9816318962300432 0.008087313677330055 0.9767620669277483 1.0066792300471592 0.9832860854740973 -0.0016541892440541384
59770.82156617646 4.4375 0.01949999999999985 0.9853133860567528 0.008107677092412236 0.9767618787911021 1.006679175852027 0.9832858431451041 0.0020275429116486388
59770.82158211989 4.4375 0.01949999999999985 0.9826093196055548 0.008111083497678855 0.9767616909361315 1.0066791216568456 0.9832856010996401 -0.0006762814940853845
59770.8215980633 4.4375 0.01949999999999985 0.9876959379888889 0.008136560674384188 0.9767615033629137 1.0066790674617134 0.9832853593378792 0.004410578651009689
59770.82161400672 4.4375 0.01949999999999985 0.9700922222085345 0.008068653749008677 0.9767613160709182 1.0066790132665566 0.9832851178592151 -0.013192895650680603
59770.821629950144 4.4375 0.01949999999999985 0.9790177007233744 0.008095204432101375 0.9767611290599626 1.0066789590713996 0.9832848766634882 -0.004267175940113832
59770.82164589356 4.4375 0.01949999999999985 0.9714328018479217 0.008073670905203226 0.976760942329864 1.0066789048762677 0.9832846357505387 -0.011851833902617015
59770.821661836984 4.4375 0.01949999999999985 0.9729352779984742 0.008073771424350402 0.976760755880095 1.006678850681086 0.9832843951197628 -0.010349117121288609
59770.8216777804 4.4375 0.01949999999999985 0.9904558856711441 0.008121766057786983 0.9767605697107327 1.0066787964859538 0.9832841547713349 0.007171730899809159
59770.821693723825 4.4375 0.01949999999999985 0.999667244649546 0.008157949253816908 0.9767603838211698 1.0066787422907724 0.9832839147045473 0.016383329944998692
59770.82170966724 4.4375 0.01949999999999985 0.9778748859278055 0.008083425778971108 0.9767601982114726 1.0066786880956402 0.9832836749195628 -0.005408788991757341
59770.82172561066 4.4375 0.01949999999999985 0.9775081984186337 0.008081590945274265 0.9767600128811219 1.0066786339004834 0.9832834354157863 -0.005775236997152655
59770.82174155408 4.4375 0.01949999999999985 0.9760829393361931 0.008092968135094148 0.9767598278299372 1.0066785797053266 0.9832831961930605 -0.007200256856867426
59770.821757497506 4.4375 0.01949999999999985 0.9687829012343885 0.008079729780444312 0.9767596430575671 1.006678525510145 0.9832829572510071 -0.014500056016618634
59770.82177344092 4.4375 0.01949999999999985 0.9975691901407057 0.008149947603364838 0.9767594585640025 1.0066784713150128 0.9832827185896895 0.014286471551016144
59770.82178938434 4.4375 0.01949999999999985 0.9865458203809825 0.008122889431305203 0.9767592743487221 1.006678417119856 0.9832824802085107 0.0032633401724717626
59770.82180532776 4.4375 0.01949999999999985 0.9854947518862939 0.008124502407517147 0.9767590904115466 1.0066783629246991 0.983282242107314 0.0022125097789799097
59770.82182127117 4.4375 0.01949999999999985 0.9845919784481901 0.008089980974991147 0.9767589067522968 1.006678308729567 0.983282004285943 0.0013099741622470962
59770.8218372146 4.4375 0.01949999999999985 0.9904581523891476 0.008127008495251784 0.9767587233704594 1.0066782545343853 0.9832817667438086 0.007176385645338956
59770.82185315801 4.4375 0.01949999999999985 0.9802669199550109 0.008116418723011675 0.9767585402661002 1.0066782003392534 0.983281529481074 -0.003014609526063028
59770.82186910144 4.4375 0.01949999999999985 0.9846276293048477 0.008092325630813102 0.9767583574386225 1.0066781461440717 0.983281292497041 0.001346336807806714
59770.821885044854 4.4375 0.01949999999999985 0.9998284824691606 0.0081489687051422 0.9767581748881022 1.0066780919489395 0.9832810557918833 0.016547426677277266
59770.821900988274 4.4375 0.01949999999999985 0.9795745504477573 0.008101386839576879 0.9767579926140241 1.0066780377537827 0.9832808193650096 -0.003706268917252231
59770.821916931694 4.4375 0.01949999999999985 0.9685146719237308 0.008052704059025405 0.9767578106162107 1.006677983558626 0.9832805832162652 -0.014765911292534462
59770.82193287512 4.4375 0.01949999999999985 0.999043484601742 0.008140038280691096 0.976757628894317 1.0066779293634442 0.9832803473452786 0.01576313725646339
59770.821948818535 4.4375 0.01949999999999985 0.9898332105580173 0.00812712428943542 0.9767574474483345 1.0066778751683123 0.9832801117521138 0.00655309880590349
59770.821964761955 4.4375 0.01949999999999985 0.9864126839340842 0.008114340515252309 0.9767572662777507 1.0066778209731553 0.9832798764361821 0.0031328074979021237
59770.821980705376 4.4375 0.01949999999999985 0.9745831434971844 0.008095816161346171 0.9767570853823949 1.0066777667779985 0.9832796413973361 -0.0086964979001517
59770.82199664879 4.4375 0.01949999999999985 1.0005981309353575 0.008160239127780057 0.976756904762076 1.0066777125828663 0.9832794066354072 0.017318724299950294
59770.822012592216 4.4375 0.01949999999999985 0.9809297795904396 0.008104052607676075 0.9767567244163048 1.0066776583876849 0.983279172149831 -0.0023493925593913723
59770.82202853563 4.4375 0.01949999999999985 0.9924065970110977 0.008121323807434072 0.9767565443451413 1.0066776041925527 0.9832789379407637 0.009127659070333971
59770.82204447906 4.4375 0.01949999999999985 0.9711532731201081 0.00808840227362845 0.9767563645479992 1.006677549997371 0.9832787040075188 -0.012125430887410693
59770.82206042247 4.4375 0.01949999999999985 0.9764679080905714 0.008086166890579512 0.9767561850249533 1.006677495802239 0.9832784703502685 -0.006810562259697117
59770.82207636589 4.4375 0.01949999999999985 0.9914563692070071 0.008142858631542862 0.9767560057754974 1.0066774416070823 0.9832782369684302 0.008178132238576885
59770.82209230931 4.4375 0.01949999999999985 0.9892519884977163 0.008110447614628306 0.9767558267994575 1.0066773874119253 0.9832780038618528 0.005973984635863516
59770.82210825273 4.4375 0.01949999999999985 0.9940641904589019 0.008115218060336495 0.9767556480965773 1.0066773332167684 0.9832777710302788 0.010786419428623129
59770.82212419615 4.4375 0.01949999999999985 0.9812281319104812 0.008080769692898171 0.9767554696666059 1.0066772790216116 0.9832775384734551 -0.002049406562973921
59770.82214013957 4.4375 0.01949999999999985 0.9917836815375336 0.008111540659649814 0.9767552915092773 1.0066772248264548 0.9832773061911142 0.008506375346419404
59770.82215608299 4.4375 0.01949999999999985 0.9850802448106774 0.00810955703212952 0.9767551136243419 1.006677170631298 0.9832770741830045 0.0018031706276728787
59770.822172026405 4.4375 0.01949999999999985 0.9802811420702492 0.008102032180093062 0.9767549360116268 1.0066771164361659 0.9832768424489762 -0.0029957003787269842
59770.822187969825 4.4375 0.01949999999999985 0.9922772936397637 0.008115177765822977 0.9767547586707135 1.006677062241009 0.9832766109885597 0.009000682651204017
59770.822203913245 4.4375 0.01949999999999985 0.9889915612815572 0.00813852589123557 0.9767545816014301 1.006677008045852 0.9832763798016058 0.0057151814799514256
59770.82221985667 4.4375 0.01949999999999985 0.9795328241634976 0.008085507845532842 0.9767544048034418 1.0066769538506706 0.9832761488877536 -0.003743324724255981
59770.822235800086 4.4375 0.01949999999999985 0.9907266885385888 0.008116424392140702 0.9767542282767405 1.0066768996555384 0.9832759182470672 0.007450770291521636
59770.822251743506 4.4375 0.01949999999999985 0.9786775698190812 0.008092462124515476 0.9767540520208284 1.0066768454603816 0.983275687878973 -0.004598118059891854
