eureka_custom_plots/data/stage5_lcfit_results/S5_wasp39b_ap4_bg8_Table_Save_ch17.txt
# %ECSV 1.0
# ---
# datatype:
# - {name: time, datatype: float64}
# - {name: wavelength, datatype: float64}
# - {name: bin_width, datatype: float64}
# - {name: lcdata, datatype: float64}
# - {name: lcerr, datatype: float64}
# - {name: transit, datatype: float64}
# - {name: polynom, datatype: float64}
# - {name: model, datatype: float64}
# - {name: residuals, datatype: float64}
# schema: astropy-2.0
time wavelength bin_width lcdata lcerr transit polynom model residuals
[from data line 11589]
59770.82878854552 3.6710000000000003 0.018999999999999906 0.9806604321659727 0.006630436101814173 0.9779178312950118 1.0061164734177095 0.9838992397148318 -0.0032388075488591905
59770.828804488934 3.6710000000000003 0.018999999999999906 0.9746108279590855 0.0066274388062512535 0.9779177537397671 1.0061164204921893 0.9838991099284167 -0.00928828196933118
59770.82882043236 3.6710000000000003 0.018999999999999906 0.9918237651971158 0.006658927200745208 0.9779176763842898 1.0061163675666207 0.9838989803429518 0.007924784854164035
59770.828836375775 3.6710000000000003 0.018999999999999906 0.9804103640674314 0.006621079137309203 0.9779175992286347 1.0061163146411005 0.9838988509585868 -0.003488486891155329
59770.8288523192 3.6710000000000003 0.018999999999999906 0.9760223865949005 0.0066035911723334164 0.9779175222725709 1.0061162617155321 0.9838987217749947 -0.00787633518009423
59770.828868262615 3.6710000000000003 0.018999999999999906 0.9767444214257913 0.006607304655323708 0.9779174455161531 1.006116208790012 0.983898592792325 -0.007154171366533735
59770.828884206036 3.6710000000000003 0.018999999999999906 0.993128617860116 0.006662021980955461 0.9779173689591868 1.0061161558644676 0.9838984640103112 0.009230153849804745
59770.828900149456 3.6710000000000003 0.018999999999999906 0.9993594920603601 0.006663867793511515 0.9779172926016203 1.0061161029389234 0.9838983354289251 0.015461156631434991
59770.828916092876 3.6710000000000003 0.018999999999999906 0.9923340056331981 0.008121517043128617 0.9779172164433686 1.006116050013379 0.9838982070480806 0.008435798585117449
59770.8289320363 3.6710000000000003 0.018999999999999906 0.9903281132787412 0.00663150371460723 0.9779171404843403 1.0061159970878348 0.9838980788676863 0.00643003441105483
59770.82894797971 3.6710000000000003 0.018999999999999906 0.9879585096991669 0.006638835517049697 0.977917064724486 1.0061159441623146 0.9838979508877156 0.004060558811451287
59770.82896392314 3.6710000000000003 0.018999999999999906 0.9901519276790524 0.006645911813705411 0.9779169891636142 1.006115891236746 0.9838978231079051 0.006254104571147279
59770.82897986655 3.6710000000000003 0.018999999999999906 0.9732104506241261 0.006594938637796794 0.9779169138017786 1.0061158383112259 0.9838976955284032 -0.010687244904277082
59770.82899580998 3.6710000000000003 0.018999999999999906 0.9828302189100351 0.00662680087949675 0.9779168386387536 1.0061157853856575 0.9838975681488888 -0.0010673492388537653
59770.82901175339 3.6710000000000003 0.018999999999999906 0.9789812364461128 0.0066061206888373 0.9779167636745925 1.0061157324601373 0.9838974409695096 -0.0049162045233968055
59770.82902769682 3.6710000000000003 0.018999999999999906 "" "" 0.9779166889090711 1.006115679534569 0.9838973139899457 ""
59770.82904364023 3.6710000000000003 0.018999999999999906 0.9910665832044666 0.006627939090168698 0.9779166143422428 1.0061156266090487 0.983897187210345 0.007169395994121586
59770.82905958365 3.6710000000000003 0.018999999999999906 0.9755399590253524 0.0066099914653262705 0.9779165399739183 1.0061155736835043 0.9838970606304464 -0.008357101605093953
59770.82907552707 3.6710000000000003 0.018999999999999906 0.990100856007511 0.006653070727511008 0.9779164658040498 1.0061155207579602 0.9838969342502255 0.006203921757285458
59770.829091470485 3.6710000000000003 0.018999999999999906 0.9771211704838131 0.0065934324790608186 0.9779163918325804 1.00611546783244 0.9838968080696483 -0.006775637585835215
59770.82910741391 3.6710000000000003 0.018999999999999906 0.9876327574509508 0.006630340056205042 0.9779163180593318 1.0061154149068714 0.9838966820884646 0.003736075362486213
59770.829123357325 3.6710000000000003 0.018999999999999906 0.9845952851491123 0.006629124924168598 0.9779162444843499 1.0061153619813512 0.9838965563068153 0.0006987288422970472
59770.82913930075 3.6710000000000003 0.018999999999999906 0.9816887468235305 0.006627697258509336 0.9779161711074168 1.0061153090557828 0.9838964307243865 -0.0022076839008560167
59770.829155244166 3.6710000000000003 0.018999999999999906 0.9787235462197126 0.006609574897523672 0.9779160979285846 1.0061152561302626 0.9838963053413249 -0.0051727591216123026
59770.82917118759 3.6710000000000003 0.018999999999999906 0.9827056144198245 0.006633726353210677 0.9779160249476345 1.0061152032046943 0.9838961801573162 -0.0011905657374916556
59770.82918713101 3.6710000000000003 0.018999999999999906 0.9853728034341508 0.00662704293006323 0.9779159521646185 1.006115150279174 0.9838960551725067 0.001476748261644123
59770.829203074434 3.6710000000000003 0.018999999999999906 1.0037343267311551 0.008144156784278963 0.9779158795793207 1.0061150973536055 0.983895930386585 0.019838396344570186
59770.82921901785 3.6710000000000003 0.018999999999999906 0.9723485772571682 0.006603161822991313 0.9779158071917865 1.0061150444280855 0.9838958057996914 -0.011547228542523214
59770.82923496126 3.6710000000000003 0.018999999999999906 0.9795948055501218 0.006612815405661717 0.9779157350018726 1.0061149915025653 0.983895681411634 -0.004300875861512177
59770.82925090469 3.6710000000000003 0.018999999999999906 0.9951776003896535 0.006653279823913944 0.9779156630094299 1.0061149385769967 0.9838955572222156 0.011282043167437972
59770.8292668481 3.6710000000000003 0.018999999999999906 0.9794993495761807 0.006618437472956135 0.9779155912145056 1.0061148856514766 0.9838954332315784 -0.004396083655397676
59770.82928279153 3.6710000000000003 0.018999999999999906 0.9778622341450339 0.0066177080962298955 0.9779155196168868 1.0061148327259082 0.9838953094394137 -0.006033075294379797
59770.82929873494 3.6710000000000003 0.018999999999999906 1.0021879006605054 0.008149986891856796 0.977915448216625 1.006114779800388 0.9838951858458674 0.01829271481463801
59770.82931467837 3.6710000000000003 0.018999999999999906 1.0024092469864814 0.008142258770685926 0.9779153770135062 1.0061147268748196 0.98389506245063 0.018514184535851408
59770.82933062178 3.6710000000000003 0.018999999999999906 0.9882999706943688 0.006655060539911938 0.9779153060075811 1.0061146739492994 0.9838949392538469 0.004405031440521956
59770.8293465652 3.6710000000000003 0.018999999999999906 0.9764875065869887 0.0066010780239441355 0.9779152351986703 1.006114621023755 0.9838948162552664 -0.0074073096682777395
59770.82936250862 3.6710000000000003 0.018999999999999906 0.9896843929039922 0.0066348747324226414 0.9779151645867258 1.0061145680982109 0.9838946934548644 0.005789699449127883
59770.82937845204 3.6710000000000003 0.018999999999999906 0.9773109265886408 0.006594560545556554 0.9779150941716673 1.0061145151726665 0.9838945708525596 -0.006583644263918775
59770.82939439546 3.6710000000000003 0.018999999999999906 0.9833933668272086 0.006626677520671279 0.9779150239534166 1.006114462247122 0.9838944484482732 -0.0005010816210646585
59770.829410338876 3.6710000000000003 0.018999999999999906 0.9860613122796348 0.0066309572957779575 0.9779149539319199 1.006114409321602 0.983894326241975 0.002166986037659746
59770.829426282304 3.6710000000000003 0.018999999999999906 0.978745830325008 0.006607274807864642 0.9779148841070087 1.0061143563960335 0.9838942042334248 -0.005148373908416826
59770.82944222572 3.6710000000000003 0.018999999999999906 0.9852722176455198 0.006632204637910667 0.9779148144787263 1.0061143034705133 0.98389408242276 0.0013781352227597576
59770.829458169144 3.6710000000000003 0.018999999999999906 0.9831174832075723 0.006625904332086821 0.9779147450468668 1.006114250544945 0.9838939608096794 -0.000776477602107084
59770.82947411256 3.6710000000000003 0.018999999999999906 0.9721050700025967 0.006595380602574032 0.9779146758114795 1.0061141976194248 0.9838938393943266 -0.011788769391729903
59770.829490055985 3.6710000000000003 0.018999999999999906 0.9931770111238865 0.006646101489738542 0.9779146067723576 1.0061141446938562 0.9838937181763993 0.009283292947487198
59770.8295059994 3.6710000000000003 0.018999999999999906 0.9832663411438535 0.006614032744955398 0.9779145379295502 1.0061140917683362 0.9838935971560415 -0.0006272560121880488
59770.82952194281 3.6710000000000003 0.018999999999999906 0.9747529958078996 0.006607648913892076 0.9779144692829148 1.006114038842816 0.9838934763330623 -0.009140480525162697
59770.82953788624 3.6710000000000003 0.018999999999999906 0.9829474673173936 0.006632139772937655 0.9779144008323101 1.0061139859172474 0.9838933557072723 -0.0009458883898787462
59770.82955382965 3.6710000000000003 0.018999999999999906 0.9896331893287508 0.006634414654926744 0.9779143325777848 1.0061139329917272 0.9838932352788151 0.005739954049935658
59770.82956977308 3.6710000000000003 0.018999999999999906 0.9715838520736502 0.0066126915181824 0.9779142645191369 1.0061138800661589 0.9838931150473929 -0.012309262973742685
59770.82958571649 3.6710000000000003 0.018999999999999906 0.980132652150626 0.006616351183691833 0.977914196656411 1.0061138271406387 0.9838929950131449 -0.0037603428625189173
59770.82960165992 3.6710000000000003 0.018999999999999906 0.9817298448601746 0.006624952304400203 0.9779141289894061 1.0061137742150703 0.9838928751757745 -0.0021630303155999453
59770.82961760333 3.6710000000000003 0.018999999999999906 0.9897998208083545 0.006656164884428805 0.9779140615181705 1.0061137212895501 0.9838927555354245 0.0059070652729299455
59770.82963354676 3.6710000000000003 0.018999999999999906 0.9818602767700009 0.006632770592589627 0.9779139942425026 1.0061136683639818 0.983892636091798 -0.002032359321797128
59770.82964949017 3.6710000000000003 0.018999999999999906 0.9730005745510427 0.00660766946545325 0.9779139271624502 1.0061136154384616 0.9838925168450371 -0.010891942293994372
59770.82966543359 3.6710000000000003 0.018999999999999906 0.9866861250279956 0.0066397554207646425 0.9779138602778437 1.0061135625129172 0.9838923977949005 0.0027937272330951224
59770.829681377014 3.6710000000000003 0.018999999999999906 0.9885298138478698 0.006648913176410176 0.9779137935886382 1.0061135095873728 0.9838922789413664 0.004637534906503316
59770.82969732043 3.6710000000000003 0.018999999999999906 "" "" 0.9779137270947886 1.0061134566618528 0.9838921602844136 ""
59770.829713263855 3.6710000000000003 0.018999999999999906 0.9960473130353924 0.00667098830754041 0.9779136607961288 1.0061134037362842 0.9838920418238033 0.012155271211589103
59770.82972920727 3.6710000000000003 0.018999999999999906 0.988565583498399 0.00664233282130439 0.9779135946927006 1.006113350810764 0.9838919235596724 0.004673659938726593
59770.829745150695 3.6710000000000003 0.018999999999999906 0.99370574787069 0.006658951231907721 0.9779135287843138 1.0061132978851957 0.9838918054917352 0.009813942378954832
59770.82976109411 3.6710000000000003 0.018999999999999906 0.9788686167792733 0.006612918718668521 0.9779134630710099 1.0061132449596755 0.9838916876201276 -0.0050230708408542935
59770.829777037536 3.6710000000000003 0.018999999999999906 0.979135152002197 0.006592574791867135 0.9779133975525943 1.006113192034107 0.9838915699445594 -0.004756417942362368
59770.82979298095 3.6710000000000003 0.018999999999999906 0.9914492141386638 0.006649888476333591 0.9779133322291139 1.006113139108587 0.9838914524651723 0.0075577616734915365
59770.82980892436 3.6710000000000003 0.018999999999999906 0.9835276118250876 0.006623847050255086 0.9779132671004335 1.0061130861830667 0.9838913351817827 -0.00036372335669510036
59770.82982486779 3.6710000000000003 0.018999999999999906 0.9792619529186346 0.006611234911886878 0.977913202166419 1.0061130332574981 0.9838912180942088 -0.00462926517557416
59770.82984081121 3.6710000000000003 0.018999999999999906 0.9765267893315406 0.006605122451549232 0.9779131374270872 1.006112980331954 0.9838911012025383 -0.007364311870997731
59770.82985675463 3.6710000000000003 0.018999999999999906 0.9874800258981667 0.0066392242092297 0.977913072882334 1.0061129274064096 0.9838909845066426 0.0035890413915241615
59770.82987269804 3.6710000000000003 0.018999999999999906 0.9895577556355527 0.00664030277003312 0.9779130085321159 1.0061128744808894 0.9838908680065016 0.005666887629051098
59770.82988864147 3.6710000000000003 0.018999999999999906 0.9930930904792239 0.008089730269257266 0.9779129443762724 1.006112821555321 0.9838907517018831 0.00920233877734078
59770.82990458488 3.6710000000000003 0.018999999999999906 0.9894885152933263 0.006638476969734646 0.9779128804148456 1.0061127686298008 0.9838906355929236 0.005597879700402708
59770.82992052831 3.6710000000000003 0.018999999999999906 0.9878572411464762 0.006649822593597137 0.9779128166476461 1.0061127157042324 0.9838905196793383 0.003966721467137946
59770.829936471724 3.6710000000000003 0.018999999999999906 0.9874149586161106 0.006647993421998523 0.9779127530747197 1.0061126627787123 0.9838904039612676 0.003524554654843026
59770.829952415144 3.6710000000000003 0.018999999999999906 0.9772907613732729 0.0066147548473256485 0.9779126896959055 1.0061126098531679 0.9838902884384786 -0.006599527065205724
59770.829968358565 3.6710000000000003 0.018999999999999906 0.979982001956888 0.00662796415348529 0.977912626511161 1.0061125569276235 0.9838901731109522 -0.003908171154064166
59770.82998430198 3.6710000000000003 0.018999999999999906 0.9829958438986056 0.006622617739067979 0.9779125635204435 1.0061125040021035 0.9838900579786696 -0.0008942140800639597
59770.830000245405 3.6710000000000003 0.018999999999999906 0.9835807091253377 0.006631569624282219 0.9779125007235944 1.006112451076535 0.9838899430413992 -0.0003092339160615243
59770.83001618882 3.6710000000000003 0.018999999999999906 0.9837998128609111 0.00663723874685429 0.977912438120658 1.0061123981510147 0.983889828299281 -9.001543836983927e-05
59770.830032132246 3.6710000000000003 0.018999999999999906 0.9862881621314254 0.006647684238996321 0.9779123757114494 1.0061123452254463 0.9838897137520342 0.0023984483793912936
59770.83004807566 3.6710000000000003 0.018999999999999906 0.9886516189554427 0.006634749244182537 0.9779123134960095 1.0061122922999262 0.9838895993997941 0.004762019555648589
59770.83006401909 3.6710000000000003 0.018999999999999906 0.9741169300504884 0.006609636800396011 0.9779122514741544 1.0061122393743578 0.9838894852422816 -0.009772555191793209
59770.8300799625 3.6710000000000003 0.018999999999999906 0.9817698955528787 0.006624308318970797 0.9779121896459284 1.0061121864488376 0.9838893712796354 -0.0021194757267566366
59770.83009590591 3.6710000000000003 0.018999999999999906 0.9748883012370035 0.0066067484974061605 0.9779121280112036 1.0061121335233174 0.9838892575116795 -0.009000956274676009
59770.83011184934 3.6710000000000003 0.018999999999999906 0.9816859510681297 0.006631766564911478 0.9779120665698533 1.0061120805977488 0.9838891439382393 -0.002203192870109616
59770.83012779276 3.6710000000000003 0.018999999999999906 0.9881615253285705 0.006648354792452263 0.9779120053218933 1.0061120276722046 0.9838890305594018 0.004272494769168689
59770.83014373618 3.6710000000000003 0.018999999999999906 0.9842946883821712 0.006635917649721487 0.977911944267225 1.0061119747466603 0.9838889173750438 0.0004057710071273535
59770.83015967959 3.6710000000000003 0.018999999999999906 0.9938950867694347 0.006637235171939173 0.977911883405808 1.00611192182114 0.9838888043851481 0.01000628238428658
59770.83017562302 3.6710000000000003 0.018999999999999906 0.9862130069044115 0.006629381845989527 0.9779118227374882 1.0061118688955717 0.9838886915894893 0.002324315314922165
59770.830191566434 3.6710000000000003 0.018999999999999906 0.9833509201454794 0.0066312415880576715 0.977911762262309 1.0061118159700515 0.983888578988205 -0.0005376588427256079
59770.83020750986 3.6710000000000003 0.018999999999999906 0.9804068041859062 0.00662351561336042 0.9779117019800918 1.0061117630444831 0.9838884665810214 -0.0034816623951151593
