eureka_custom_plots/data/stage5_lcfit_results/S5_wasp39b_ap4_bg8_Table_Save_ch28.txt
# %ECSV 1.0
# ---
# datatype:
# - {name: time, datatype: float64}
# - {name: wavelength, datatype: float64}
# - {name: bin_width, datatype: float64}
# - {name: lcdata, datatype: float64}
# - {name: lcerr, datatype: float64}
# - {name: transit, datatype: float64}
# - {name: polynom, datatype: float64}
# - {name: model, datatype: float64}
# - {name: residuals, datatype: float64}
# schema: astropy-2.0
time wavelength bin_width lcdata lcerr transit polynom model residuals
[from data line 15787]
59770.89571901954 4.0925 0.01949999999999985 1.0005996759868392 0.006740256760795092 1.0 1.006043657361739 1.006043657361739 -0.0054439813748998755
59770.895734962956 4.0925 0.01949999999999985 1.0140023070000188 0.006790370460558677 1.0 1.0060436061290563 1.0060436061290563 0.00795870087096251
59770.895750906384 4.0925 0.01949999999999985 1.0134276805931297 0.006762683211903683 1.0 1.0060435548963267 1.0060435548963267 0.007384125696803023
59770.8957668498 4.0925 0.01949999999999985 1.0037732334417613 0.006751846697970938 1.0 1.006043503663644 1.006043503663644 -0.002270270221882642
59770.89578279322 4.0925 0.01949999999999985 1.0041838452798002 0.006759318235020898 1.0 1.0060434524309376 1.0060434524309376 -0.0018596071511374213
59770.89579873664 4.0925 0.01949999999999985 1.0077272629236529 0.0067564727874315856 1.0 1.0060434011982315 1.0060434011982315 0.0016838617254213428
59770.89581468006 4.0925 0.01949999999999985 "" "" 1.0 1.0060433499655252 1.0060433499655252 ""
59770.89583062347 4.0925 0.01949999999999985 1.0055602858483732 0.006755910835717099 1.0 1.0060432987328425 1.0060432987328425 -0.0004830128844692805
59770.8958465669 4.0925 0.01949999999999985 1.0161630873293424 0.006769507105486962 1.0 1.0060432475001129 1.0060432475001129 0.010119839829229482
59770.89586251031 4.0925 0.01949999999999985 1.0091487512985682 0.00676425634372467 1.0 1.00604319626743 1.00604319626743 0.003105555031138074
59770.89587845374 4.0925 0.01949999999999985 1.0154621155042158 0.0067771220092236635 1.0 1.0060431450347005 1.0060431450347005 0.009418970469515342
59770.89589439715 4.0925 0.01949999999999985 1.0035920940489138 0.006756502704703952 1.0 1.0060430938020177 1.0060430938020177 -0.002450999753103922
59770.895910340565 4.0925 0.01949999999999985 1.0069560382127143 0.006760731723160364 1.0 1.006043042569335 1.006043042569335 0.0009129956433793218
59770.89592628399 4.0925 0.01949999999999985 0.9999702860586651 0.006754035170248859 1.0 1.0060429913366054 1.0060429913366054 -0.006072705277940238
59770.895942227406 4.0925 0.01949999999999985 0.9919704329832326 0.006735342756570832 1.0 1.0060429401039224 1.0060429401039224 -0.014072507120689748
59770.895958170826 4.0925 0.01949999999999985 1.001938181252091 0.006762107570552279 1.0 1.0060428888712163 1.0060428888712163 -0.004104707619125181
59770.895974114246 4.0925 0.01949999999999985 1.0098165896810074 0.006774952898975836 1.0 1.00604283763851 1.00604283763851 0.0037737520424974136
59770.89599005767 4.0925 0.01949999999999985 1.0015827609789687 0.006751364805083234 1.0 1.006042786405804 1.006042786405804 -0.004460025426835212
59770.89600600109 4.0925 0.01949999999999985 1.0070769892649936 0.006754539949740067 1.0 1.0060427351730976 1.0060427351730976 0.0010342540918959475
59770.8960219445 4.0925 0.01949999999999985 0.9954918076146083 0.006727805125401931 1.0 1.0060426839404149 1.0060426839404149 -0.010550876325806535
59770.89603788792 4.0925 0.01949999999999985 1.0015380324785985 0.006747230304319701 1.0 1.0060426327077086 1.0060426327077086 -0.004504600229110034
59770.89605383135 4.0925 0.01949999999999985 1.0020413387768101 0.006756558404476428 1.0 1.0060425814749792 1.0060425814749792 -0.0040012426981690385
59770.89606977476 4.0925 0.01949999999999985 1.012589549448547 0.007808098335257698 1.0 1.0060425302422962 1.0060425302422962 0.0065470192062508925
59770.896085718174 4.0925 0.01949999999999985 1.0053767038277737 0.006761391252293532 1.0 1.0060424790096134 1.0060424790096134 -0.000665775181839745
59770.8961016616 4.0925 0.01949999999999985 1.0160239644220148 0.006769804223982935 1.0 1.0060424277768838 1.0060424277768838 0.009981536645131017
59770.896117605014 4.0925 0.01949999999999985 0.9994306370317808 0.0067323326249995935 1.0 1.006042376544201 1.006042376544201 -0.006611739512420223
59770.89613354844 4.0925 0.01949999999999985 1.00299319433483 0.006743887726614137 1.0 1.0060423253114714 1.0060423253114714 -0.00304913097664139
59770.896149491855 4.0925 0.01949999999999985 1.0051562913356933 0.006737635434384035 1.0 1.0060422740787887 1.0060422740787887 -0.0008859827430953704
59770.896165435275 4.0925 0.01949999999999985 1.0062608818496583 0.006767763505665922 1.0 1.0060422228460824 1.0060422228460824 0.00021865900357598278
59770.896181378695 4.0925 0.01949999999999985 1.0032916991322567 0.006749178168341509 1.0 1.0060421716133763 1.0060421716133763 -0.0027504724811195924
59770.89619732211 4.0925 0.01949999999999985 1.0095528896731212 0.006765928026237263 1.0 1.0060421203806933 1.0060421203806933 0.0035107692924278844
59770.89621326553 4.0925 0.01949999999999985 0.9885390687512424 0.007706604318070723 1.0 1.0060420691479872 1.0060420691479872 -0.017503000396744794
59770.89622920895 4.0925 0.01949999999999985 1.0106089393938975 0.0067722614863620694 1.0 1.006042017915281 1.006042017915281 0.004566921478616592
59770.89624515237 4.0925 0.01949999999999985 0.9941325800425135 0.006731462092682768 1.0 1.0060419666825748 1.0060419666825748 -0.011909386640061359
59770.89626109579 4.0925 0.01949999999999985 1.000120343075864 0.006745884233910817 1.0 1.0060419154498685 1.0060419154498685 -0.00592157237400448
59770.89627703921 4.0925 0.01949999999999985 1.0042036511417292 0.006755704503533102 1.0 1.0060418642171625 1.0060418642171625 -0.0018382130754333037
59770.89629298262 4.0925 0.01949999999999985 1.0096227182590767 0.006773067533231457 1.0 1.0060418129844795 1.0060418129844795 0.0035809052745972014
59770.89630892604 4.0925 0.01949999999999985 1.008867269832786 0.0067529482255141585 1.0 1.0060417617517734 1.0060417617517734 0.002825508081012673
59770.89632486946 4.0925 0.01949999999999985 1.003648148004953 0.0067505536194824136 1.0 1.006041710519067 1.006041710519067 -0.002393562514114045
59770.896340812884 4.0925 0.01949999999999985 0.9946287745578495 0.006743213508620143 1.0 1.006041659286361 1.006041659286361 -0.011412884728511541
59770.896356756304 4.0925 0.01949999999999985 1.0099608188241105 0.0067515854909728865 1.0 1.0060416080536547 1.0060416080536547 0.003919210770455761
59770.89637269972 4.0925 0.01949999999999985 0.9997974387289723 0.006746054569947596 1.0 1.006041556820972 1.006041556820972 -0.006244118091999651
59770.89638864314 4.0925 0.01949999999999985 1.004982853879276 0.006751968310798501 1.0 1.0060415055882657 1.0060415055882657 -0.0010586517089896663
59770.89640458656 4.0925 0.01949999999999985 1.0059898313426294 0.006738822525063697 1.0 1.0060414543555596 1.0060414543555596 -5.1623012930157586e-05
59770.89642052998 4.0925 0.01949999999999985 0.9911477467894009 0.0067268680110255785 1.0 1.0060414031228533 1.0060414031228533 -0.01489365633345241
59770.8964364734 4.0925 0.01949999999999985 1.0038602047307854 0.006747749704903192 1.0 1.0060413518901472 1.0060413518901472 -0.002181147159361796
59770.89645241682 4.0925 0.01949999999999985 1.0062336275827437 0.006770569414800072 1.0 1.006041300657441 1.006041300657441 0.00019232692530279927
59770.89646836023 4.0925 0.01949999999999985 1.0028646891585582 0.006746078640157125 1.0 1.0060412494247581 1.0060412494247581 -0.003176560266199946
59770.89648430365 4.0925 0.01949999999999985 1.0056704377618482 0.006756096393650169 1.0 1.0060411981920518 1.0060411981920518 -0.000370760430203676
59770.89650024707 4.0925 0.01949999999999985 0.9948489213338874 0.006735213840536075 1.0 1.0060411469593458 1.0060411469593458 -0.011192225625458407
59770.89651619049 4.0925 0.01949999999999985 1.0079890820574262 0.006747217160635983 1.0 1.0060410957266395 1.0060410957266395 0.001947986330786744
59770.89653213391 4.0925 0.01949999999999985 0.9970610173627071 0.00674683342654065 1.0 1.0060410444939334 1.0060410444939334 -0.008980027131226254
59770.896548077326 4.0925 0.01949999999999985 1.0068123422044435 0.0067422553202921565 1.0 1.0060409932612504 1.0060409932612504 0.0007713489431930842
59770.89656402075 4.0925 0.01949999999999985 1.0180396752142942 0.006774508244795828 1.0 1.0060409420285208 1.0060409420285208 0.01199873318577338
59770.89657996417 4.0925 0.01949999999999985 1.009718611226551 0.006757760294449308 1.0 1.006040890795838 1.006040890795838 0.0036777204307130162
59770.89659590759 4.0925 0.01949999999999985 0.9965454122950047 0.006727318995029027 1.0 1.006040839563132 1.006040839563132 -0.009495427268127243
59770.89661185101 4.0925 0.01949999999999985 1.0038062965535846 0.006756772665917008 1.0 1.0060407883304257 1.0060407883304257 -0.0022344917768410966
59770.89662779443 4.0925 0.01949999999999985 0.9947479087154752 0.006723894618736613 1.0 1.0060407370977196 1.0060407370977196 -0.011292828382244324
59770.89664373784 4.0925 0.01949999999999985 0.9915216128182707 0.0077423903715768275 1.0 1.0060406858650366 1.0060406858650366 -0.014519073046765918
59770.89665968126 4.0925 0.01949999999999985 1.000282033418648 0.0067398137727655615 1.0 1.0060406346323305 1.0060406346323305 -0.005758601213682546
59770.89667562468 4.0925 0.01949999999999985 1.0055651579264064 0.006761105786595423 1.0 1.0060405833996242 1.0060405833996242 -0.00047542547321777207
59770.8966915681 4.0925 0.01949999999999985 1.0055977012686543 0.006757593217300511 1.0 1.0060405321669181 1.0060405321669181 -0.00044283089826380184
59770.89670751152 4.0925 0.01949999999999985 1.0080768866906669 0.006749044138025342 1.0 1.0060404809342118 1.0060404809342118 0.0020364057564550286
59770.896723454935 4.0925 0.01949999999999985 1.0144943543797909 0.006782493061374197 1.0 1.006040429701529 1.006040429701529 0.008453924678261782
59770.89673939836 4.0925 0.01949999999999985 0.999363957155748 0.006728409498875298 1.0 1.0060403784687995 1.0060403784687995 -0.006676421313051462
59770.896755341775 4.0925 0.01949999999999985 1.0016057205354927 0.006745205959108865 1.0 1.0060403272361167 1.0060403272361167 -0.004434606700624011
59770.89677128519 4.0925 0.01949999999999985 1.012755435923846 0.006761813313141289 1.0 1.0060402760034337 1.0060402760034337 0.0067151599204122725
59770.896787228616 4.0925 0.01949999999999985 1.0084184900264015 0.006761138677097157 1.0 1.0060402247707043 1.0060402247707043 0.002378265255697176
59770.896803172036 4.0925 0.01949999999999985 1.0125811716066462 0.006769465631094471 1.0 1.006040173537998 1.006040173537998 0.006540998068648163
59770.896819115456 4.0925 0.01949999999999985 0.997116243879032 0.006724443275947205 1.0 1.0060401223052917 1.0060401223052917 -0.008923878426259746
59770.89683505887 4.0925 0.01949999999999985 1.006777658012158 0.006750880996993919 1.0 1.006040071072609 1.006040071072609 0.0007375869395489509
59770.89685100229 4.0925 0.01949999999999985 1.0065374157662905 0.006762188351764606 1.0 1.0060400198399029 1.0060400198399029 0.0004973959263876448
59770.89686694571 4.0925 0.01949999999999985 1.012893423045849 0.006772697401417704 1.0 1.0060399686071966 1.0060399686071966 0.006853454438652484
59770.89688288913 4.0925 0.01949999999999985 1.004247668867565 0.006761435643634449 1.0 1.0060399173744905 1.0060399173744905 -0.0017922485069254979
59770.89689883254 4.0925 0.01949999999999985 1.0000696846953911 0.006743824919102381 1.0 1.0060398661418075 1.0060398661418075 -0.005970181446416367
59770.89691477597 4.0925 0.01949999999999985 0.9967964422185055 0.0067441972821450456 1.0 1.006039814909078 1.006039814909078 -0.009243372690572405
59770.896930719384 4.0925 0.01949999999999985 1.0087651765056946 0.006761420249293237 1.0 1.0060397636763951 1.0060397636763951 0.0027254128292995006
59770.8969466628 4.0925 0.01949999999999985 1.004885007186242 0.006755919103355516 1.0 1.0060397124437124 1.0060397124437124 -0.001154705257470301
59770.896962606224 4.0925 0.01949999999999985 1.002818346979168 0.0067493252871671785 1.0 1.0060396612109828 1.0060396612109828 -0.0032213142318147092
59770.89697854964 4.0925 0.01949999999999985 1.0118557660084535 0.006765753115334485 1.0 1.0060396099783 1.0060396099783 0.005816156030153508
59770.896994493065 4.0925 0.01949999999999985 1.0014075147190735 0.0067400562396932135 1.0 1.0060395587455704 1.0060395587455704 -0.004632044026496862
59770.89701043648 4.0925 0.01949999999999985 0.9961452745171984 0.0067340620307335605 1.0 1.0060395075128876 1.0060395075128876 -0.009894232995689256
59770.8970263799 4.0925 0.01949999999999985 1.0154149461384907 0.006773438842456805 1.0 1.0060394562801813 1.0060394562801813 0.009375489858309383
59770.89704232332 4.0925 0.01949999999999985 0.9952489402463562 0.006744661764726172 1.0 1.0060394050474752 1.0060394050474752 -0.010790464801119004
59770.89705826674 4.0925 0.01949999999999985 1.0087636769674329 0.006770017529581655 1.0 1.006039353814769 1.006039353814769 0.00272432315266391
59770.89707421015 4.0925 0.01949999999999985 1.0215032396252808 0.006775845965093545 1.0 1.0060393025820862 1.0060393025820862 0.015463937043194598
59770.89709015358 4.0925 0.01949999999999985 1.005316694706311 0.006753011647518522 1.0 1.0060392513493566 1.0060392513493566 -0.0007225566430455466
59770.89710609699 4.0925 0.01949999999999985 1.0049750871590808 0.006747794074099239 1.0 1.0060392001166738 1.0060392001166738 -0.0010641129575930108
59770.89712204041 4.0925 0.01949999999999985 1.0101093908273695 0.006773985960459272 1.0 1.0060391488839675 1.0060391488839675 0.004070241943401998
59770.89713798383 4.0925 0.01949999999999985 1.0137816914263382 0.0067645603130185375 1.0 1.0060390976512612 1.0060390976512612 0.007742593775077022
59770.897153927246 4.0925 0.01949999999999985 1.010698369995955 0.00676360232945584 1.0 1.0060390464185784 1.0060390464185784 0.0046593235773766395
59770.897169870674 4.0925 0.01949999999999985 1.0117910533899521 0.006770039094121792 1.0 1.0060389951858488 1.0060389951858488 0.005752058204103294
59770.89718581409 4.0925 0.01949999999999985 0.9981382210942885 0.006736529212857209 1.0 1.006038943953166 1.006038943953166 -0.007900722858877551
59770.89720175751 4.0925 0.01949999999999985 1.0106468800738566 0.006773489545176359 1.0 1.00603889272046 1.00603889272046 0.004607987353396625
59770.89721770093 4.0925 0.01949999999999985 1.0134461991875483 0.006769166183028445 1.0 1.0060388414877537 1.0060388414877537 0.0074073576997946144
59770.89723364434 4.0925 0.01949999999999985 1.0086082656026092 0.0067624638129048995 1.0 1.006038790255071 1.006038790255071 0.0025694753475382637
59770.89724958777 4.0925 0.01949999999999985 1.0128293083678543 0.006765446920847188 1.0 1.0060387390223413 1.0060387390223413 0.006790569345513031
59770.89726553119 4.0925 0.01949999999999985 1.0211020973043001 0.006787346672573456 1.0 1.006038687789635 1.006038687789635 0.015063409514665116
59770.8972814746 4.0925 0.01949999999999985 1.000621094503951 0.00674409708709276 1.0 1.0060386365569522 1.0060386365569522 -0.005417542053001156
59770.89729741802 4.0925 0.01949999999999985 1.0160354769713928 0.006779981145490969 1.0 1.0060385853242462 1.0060385853242462 0.009996891647146677
59770.89731336144 4.0925 0.01949999999999985 1.0024349597866258 0.006759812461203315 1.0 1.0060385340915399 1.0060385340915399 -0.0036035743049140923
59770.897329304855 4.0925 0.01949999999999985 1.0033872990136428 0.00673955679470728 1.0 1.006038482858857 1.006038482858857 -0.0026511838452143444
59770.89734524828 4.0925 0.01949999999999985 1.0250387937095127 0.00680692517787724 1.0 1.0060384316261275 1.0060384316261275 0.01900036208338518
59770.897361191695 4.0925 0.01949999999999985 1.0079100404465395 0.006768733838544111 1.0 1.0060383803934447 1.0060383803934447 0.0018716600530948035
59770.89737713512 4.0925 0.01949999999999985 0.9883054747984642 0.006707137652543776 1.0 1.0060383291607151 1.0060383291607151 -0.017732854362250916
59770.897393078536 4.0925 0.01949999999999985 0.9931852996050614 0.006725041337498472 1.0 1.0060382779280321 1.0060382779280321 -0.01285297832297072
59770.89740902195 4.0925 0.01949999999999985 1.0020033580083858 0.006734481948885663 1.0 1.0060382266953494 1.0060382266953494 -0.004034868686963566
59770.89742496538 4.0925 0.01949999999999985 1.0130825416034976 0.006773849694599099 1.0 1.0060381754626198 1.0060381754626198 0.007044366140877889
