eureka_custom_plots/data/stage5_lcfit_results/S5_wasp39b_ap4_bg8_Table_Save_ch25.txt
# %ECSV 1.0
# ---
# datatype:
# - {name: time, datatype: float64}
# - {name: wavelength, datatype: float64}
# - {name: bin_width, datatype: float64}
# - {name: lcdata, datatype: float64}
# - {name: lcerr, datatype: float64}
# - {name: transit, datatype: float64}
# - {name: polynom, datatype: float64}
# - {name: model, datatype: float64}
# - {name: residuals, datatype: float64}
# schema: astropy-2.0
time wavelength bin_width lcdata lcerr transit polynom model residuals
[from data line 10768]
59770.81569899805 3.9775 0.01949999999999985 0.9795562693685884 0.006077195525051088 0.9781458018734396 1.0063374376695688 0.984344739924563 -0.004788470555974533
59770.81571494148 3.9775 0.01949999999999985 0.9788140402665291 0.006081520294235087 0.9781454548572777 1.006337378856302 0.984344333181278 -0.0055302929147489355
59770.81573088489 3.9775 0.01949999999999985 0.9872216016626902 0.006100062855883811 0.9781451082860747 1.0063373200430885 0.984343926885865 0.002877674776825212
59770.81574682831 3.9775 0.01949999999999985 0.9776680791043844 0.006078671596841208 0.9781447621588676 1.0063372612298482 0.9843435210372761 -0.0066754419328917125
59770.81576277173 3.9775 0.01949999999999985 0.9915722050521603 0.0061031303571014725 0.9781444164753347 1.006337202416608 0.9843431156352137 0.007229089416946555
59770.81577871515 3.9775 0.01949999999999985 0.9845674883918606 0.006093192053067753 0.9781440712349959 1.0063371436033677 0.9843427106791948 0.00022477771266582458
59770.81579465857 3.9775 0.01949999999999985 0.9937557223622279 0.006114255936600736 0.9781437264373711 1.0063370847901274 0.984342306168736 0.009413416193491897
59770.81581060199 3.9775 0.01949999999999985 0.9773388116032421 0.006069531370282943 0.978143382081981 1.0063370259768871 0.9843419021033548 -0.007003090500112719
59770.81582654541 3.9775 0.01949999999999985 0.9836146808916426 0.006093271828619421 0.9781430381683475 1.0063369671636468 0.98434149848257 -0.0007268175909274088
59770.815842488824 3.9775 0.01949999999999985 0.9855303919934155 0.00608755143266525 0.9781426946961517 1.0063369083504334 0.9843410953060872 0.0011892966873283672
59770.81585843225 3.9775 0.01949999999999985 0.9794842241928938 0.006093060312053843 0.9781423516644404 1.0063368495371663 0.9843406925728679 -0.00485646837997411
59770.815874375665 3.9775 0.01949999999999985 0.9934560793853308 0.006110345478094504 0.9781420090733725 1.0063367907239529 0.9843402902831773 0.009115789102153493
59770.81589031909 3.9775 0.01949999999999985 0.9743107449834755 0.006071063140134146 0.9781416669218386 1.006336731910686 0.9843398884357938 -0.010029143452318312
59770.815906262505 3.9775 0.01949999999999985 0.9869173340524823 0.00609059923114378 0.9781413252099977 1.0063366730974725 0.9843394870309821 0.0025778470215002125
59770.815922205926 3.9775 0.01949999999999985 0.9721927889381814 0.006071327870529778 0.9781409839369014 1.0063366142842323 0.984339086067709 -0.012146297129527639
59770.815938149346 3.9775 0.01949999999999985 0.9840228447669093 0.006095511557379919 0.9781406431022348 1.006336555470992 0.9843386855456839 -0.00031584077877466754
59770.81595409276 3.9775 0.01949999999999985 0.9774508860665548 0.006065625844980699 0.9781403027056833 1.0063364966577786 0.9843382854646164 -0.0068873993980616
59770.81597003619 3.9775 0.01949999999999985 0.9862502917605502 0.0060780110274765 0.9781399627463033 1.0063364378445114 0.984337885823478 0.0019124059370722035
59770.81598597961 3.9775 0.01949999999999985 0.9918366584934964 0.006117205447128606 0.9781396232240963 1.0063363790312712 0.984337486622349 0.007499171871147459
59770.81600192303 3.9775 0.01949999999999985 0.9843479111581019 0.006096635406258764 0.9781392841384351 1.0063363202180309 0.9843370878605717 1.0823297530215825e-05
59770.81601786644 3.9775 0.01949999999999985 0.9809534455054062 0.006081096243530027 0.9781389454890073 1.0063362614048175 0.9843366895378581 -0.0033832440324519375
59770.81603380987 3.9775 0.01949999999999985 0.9926936900148929 0.00610015402362886 0.9781386072748842 1.0063362025915505 0.984336291653195 0.00835739836169791
59770.81604975328 3.9775 0.01949999999999985 0.9854400104170498 0.0060928272387347025 0.9781382694961952 1.0063361437783371 0.984335894206817 0.001104116210232764
59770.81606569671 3.9775 0.01949999999999985 0.9903017504413572 0.006108211617237056 0.9781379321518875 1.00633608496507 0.9843354971975598 0.005966253243797404
59770.81608164012 3.9775 0.01949999999999985 0.9877082489832195 0.006102982180846874 0.9781375952420799 1.0063360261518566 0.9843351006256478 0.0033731483575717425
59770.81609758355 3.9775 0.01949999999999985 0.9780988803895708 0.006083320191176535 0.9781372587657228 1.0063359673385894 0.9843347044899198 -0.006235824100348952
59770.81611352696 3.9775 0.01949999999999985 0.9699247282398821 0.006058459136142132 0.9781369227229451 1.006335908525376 0.9843343087906105 -0.014409580550728385
59770.816129470375 3.9775 0.01949999999999985 0.9817526539501816 0.006077209518195448 0.9781365871129716 1.0063358497121626 0.984333913526887 -0.002581259576705408
59770.8161454138 3.9775 0.01949999999999985 0.9785790883256641 0.006082507888719817 0.9781362519350582 1.0063357908988955 0.984333518697948 -0.0057544303722839585
59770.816161357216 3.9775 0.01949999999999985 0.9878777479298877 0.006099385952414264 0.9781359171893241 1.006335732085682 0.9843331243040185 0.003544623625869159
59770.81617730064 3.9775 0.01949999999999985 0.9813495087623957 0.006088111494720763 0.9781355828747272 1.0063356732724151 0.9843327303439449 -0.002983221581549178
59770.816193244056 3.9775 0.01949999999999985 0.9858508739225756 0.006090970339977178 0.9781352489913961 1.0063356144592017 0.984332336817961 0.0015185371046146923
59770.816209187484 3.9775 0.01949999999999985 0.9787769634187852 0.006086976719538671 0.9781349155382629 1.0063355556459346 0.9843319437248871 -0.005554980306101909
59770.8162251309 3.9775 0.01949999999999985 0.9720591854385414 0.006068466861486918 0.9781345825154849 1.0063354968327212 0.9843315510649868 -0.012272365626445403
59770.816241074324 3.9775 0.01949999999999985 0.9839372079649105 0.006088059060883209 0.9781342499219875 1.006335438019454 0.9843311588370734 -0.00039395087216298474
59770.81625701774 3.9775 0.01949999999999985 0.9725050685586546 0.0060543713631118394 0.9781339177579284 1.0063353792062406 0.9843307670414106 -0.011825698482756053
59770.816272961165 3.9775 0.01949999999999985 0.9749465527055889 0.006069792570281486 0.9781335860222355 1.0063353203929735 0.9843303756768145 -0.00938382297122553
59770.81628890458 3.9775 0.01949999999999985 0.99169216373718 0.0061040276936668155 0.9781332547150668 1.00633526157976 0.9843299847435488 0.00736217899363123
59770.816304848 3.9775 0.01949999999999985 0.9889496576846561 0.0060992924238204215 0.9781329238355063 1.0063352027665198 0.9843295942406131 0.004620063444043088
59770.81632079142 3.9775 0.01949999999999985 0.9821346556434809 0.006089439101477968 0.9781325933832524 1.0063351439532797 0.9843292041677302 -0.0021945485242492735
59770.81633673483 3.9775 0.01949999999999985 0.9802324931376487 0.006068946092531426 0.9781322633580036 1.0063350851400663 0.9843288145246224 -0.004096321386973689
59770.81635267826 3.9775 0.01949999999999985 0.980773278188151 0.006082670409228995 0.978131933758849 1.0063350263267992 0.9843284253102943 -0.0035551471221433317
59770.81636862167 3.9775 0.01949999999999985 0.9961490251992039 0.006111698740093068 0.9781316045859455 1.0063349675135858 0.984328036525009 0.011820988674194899
59770.8163845651 3.9775 0.01949999999999985 0.9814752528904238 0.006084233182428211 0.9781312758382322 1.0063349087003186 0.9843276481675935 -0.002852395277169739
59770.81640050851 3.9775 0.01949999999999985 0.9888366632368263 0.006090450413698578 0.978130947515866 1.0063348498871052 0.9843272602383111 0.004509402998515211
59770.81641645193 3.9775 0.01949999999999985 0.9888866450603143 0.00610713386419237 0.9781306196179409 1.006334791073865 0.9843268727361706 0.004559772324143729
59770.81643239535 3.9775 0.01949999999999985 0.9876646268456645 0.006107405659099652 0.9781302921441587 1.0063347322606246 0.9843264856608985 0.0033381411847659415
59770.81644833878 3.9775 0.01949999999999985 0.9844732072441112 0.006087081949798789 0.9781299650939193 1.0063346734473577 0.9843260990118646 0.00014710823224661773
59770.816464282194 3.9775 0.01949999999999985 0.9875185265901419 0.006097929481454857 0.978129638467228 1.0063346146341443 0.9843257127891528 0.003192813800989125
59770.816480225614 3.9775 0.01949999999999985 0.9853611968431 0.006094221893332043 0.9781293122631837 1.006334555820904 0.9843253269917773 0.001035869851322646
59770.816496169035 3.9775 0.01949999999999985 0.9844263535551783 0.006089088592944375 0.9781289864814906 1.0063344970076638 0.9843249416194668 0.00010141193571144846
59770.816512112455 3.9775 0.01949999999999985 0.9820973775573197 0.006079365433017208 0.9781286611217026 1.0063344381944235 0.9843245566717722 -0.002227179114452471
59770.816528055875 3.9775 0.01949999999999985 0.9825300775494299 0.006078804203655636 0.9781283361833742 1.0063343793811832 0.9843241721482452 -0.001794094598815299
59770.81654399929 3.9775 0.01949999999999985 0.9852863026523238 0.006089539415981118 0.9781280116662109 1.0063343205679698 0.9843237880486155 0.00096251460370822
59770.816559942716 3.9775 0.01949999999999985 0.9872114657370603 0.006099790271789164 0.9781276875693184 1.0063342617547026 0.9843234043719045 0.0028880613651558473
59770.81657588613 3.9775 0.01949999999999985 0.9885016092245532 0.006097202448580905 0.9781273638928534 1.0063342029414892 0.9843230211183746 0.00417858810617866
59770.81659182955 3.9775 0.01949999999999985 0.9881749053230896 0.006102741272084949 0.9781270406359235 1.006334144128249 0.984322638287049 0.0038522670360405797
59770.81660777297 3.9775 0.01949999999999985 0.9899537284937668 0.0061097903963975445 0.9781267177982371 1.006334085315009 0.9843222558776608 0.005631472616106081
59770.81662371639 3.9775 0.01949999999999985 0.9829156989763905 0.006091807862931201 0.9781263953793528 1.0063340265017686 0.984321873889765 -0.0014061749133744694
59770.81663965981 3.9775 0.01949999999999985 0.9920179614851776 0.006117814810364578 0.9781260733788302 1.0063339676885283 0.9843214923229188 0.007696469162258857
59770.81665560323 3.9775 0.01949999999999985 0.9961443372879034 0.006108976433205301 0.9781257517962296 1.006333908875288 0.9843211111766795 0.011823226111223883
59770.81667154665 3.9775 0.01949999999999985 0.9954167043626331 0.006114229379749508 0.978125430631112 1.0063338500620478 0.9843207304506054 0.011095973912027657
59770.81668749007 3.9775 0.01949999999999985 0.9917574382650883 0.006105561460596914 0.9781251098830391 1.0063337912488075 0.9843203501442552 0.007437088120833102
59770.816703433484 3.9775 0.01949999999999985 0.9825963368159568 0.006077023173343227 0.9781247895517216 1.006333732435594 0.984319970257364 -0.0017236334414071353
59770.816719376904 3.9775 0.01949999999999985 0.9862341770742442 0.006093045822897425 0.978124469636426 1.0063336736223538 0.984319590789141 0.0019145862851032147
59770.81673532033 3.9775 0.01949999999999985 0.99433607135501 0.0070647378966252625 0.9781241501367165 1.0063336148090867 0.9843192117391477 0.010016859615862295
59770.816751263745 3.9775 0.01949999999999985 0.984518054083496 0.006097054319104495 0.9781238310526013 1.0063335559958733 0.984318833107471 0.000199220976024983
59770.816767207165 3.9775 0.01949999999999985 0.9874392588460482 0.006098043451666861 0.978123512383202 1.0063334971826332 0.9843184548931484 0.00312080395289982
59770.816783150585 3.9775 0.01949999999999985 0.9836846041857461 0.00607973564727038 0.9781231941282323 1.006333438369393 0.9843180770959172 -0.0006334729101711289
59770.816799094006 3.9775 0.01949999999999985 0.9884038430875424 0.0060984265624534776 0.9781228762872591 1.0063333795561527 0.9843176997153421 0.004086143372200257
59770.816815037426 3.9775 0.01949999999999985 1.0005730410104732 0.006116184099981294 0.9781225588598496 1.0063333207429124 0.9843173227509872 0.01625571825948602
59770.816830980846 3.9775 0.01949999999999985 0.9757693786783698 0.0060733864203852805 0.9781222418455807 1.006333261929672 0.9843169462024268 -0.008547567524057054
59770.81684692427 3.9775 0.01949999999999985 0.9841494725936594 0.006088638155662412 0.9781219252440031 1.0063332031164318 0.9843165700692087 -0.00016709747554932708
59770.81686286769 3.9775 0.01949999999999985 0.9901036907233352 0.006102543100410828 0.9781216090546953 1.0063331443031915 0.9843161943509086 0.005787496372426593
59770.8168788111 3.9775 0.01949999999999985 0.979135714385225 0.0060820710628672085 0.9781212932773642 1.0063330854899781 0.9843158190472577 -0.005180104662032781
59770.81689475453 3.9775 0.01949999999999985 0.9870189525093734 0.006080166111106626 0.9781209779111698 1.0063330266767112 0.9843154441573321 0.0027035083520413616
59770.81691069795 3.9775 0.01949999999999985 0.9881595546964792 0.00609982230806641 0.9781206629560946 1.006332967863471 0.9843150696811924 0.0038444850152867804
59770.81692664136 3.9775 0.01949999999999985 0.9790419475324217 0.006083363108597529 0.9781203484117191 1.0063329090502575 0.9843146956184168 -0.005272748085995094
59770.81694258478 3.9775 0.01949999999999985 0.9733725561685785 0.006055237359043871 0.978120034277325 1.0063328502370172 0.9843143219682294 -0.010941765799650893
59770.8169585282 3.9775 0.01949999999999985 0.9892412772365616 0.006102930463030874 0.9781197205526315 1.006332791423777 0.9843139487303744 0.004927328506187267
59770.81697447162 3.9775 0.01949999999999985 0.9876253718538778 0.006102259936119892 0.978119407237213 1.0063327326105367 0.9843135759044229 0.0033117959494548543
59770.81699041504 3.9775 0.01949999999999985 0.9814936778100342 0.006081770206184433 0.9781190943306441 1.0063326737972964 0.9843132034899471 -0.0028195256799129487
59770.81700635846 3.9775 0.01949999999999985 0.9885961445753012 0.006096416219062727 0.9781187818325009 1.0063326149840561 0.9843128314865202 0.004283313088781049
59770.81702230188 3.9775 0.01949999999999985 0.9788928205759037 0.006078508455117281 0.9781184697423592 1.0063325561708159 0.9843124598937151 -0.00541963931781142
59770.8170382453 3.9775 0.01949999999999985 0.9807635691736729 0.006082092158623094 0.978118158059796 1.0063324973575758 0.9843120887111065 -0.0035485195374336254
59770.817054188716 3.9775 0.01949999999999985 0.9837615147024088 0.006091109261728616 0.9781178467845331 1.0063324385443624 0.9843117179384402 -0.000550203236031388
59770.81707013214 3.9775 0.01949999999999985 0.9887479388367217 0.006091214641334634 0.9781175359157167 1.0063323797310952 0.9843113475747782 0.004436591261943512
59770.817086075556 3.9775 0.01949999999999985 0.9814168893052861 0.0060745930478954 0.9781172254535015 1.0063323209178818 0.9843109776203813 -0.002894088315095189
59770.81710201898 3.9775 0.01949999999999985 0.9887078764369376 0.0060912153654863336 0.9781169153970357 1.0063322621046416 0.9843106080743133 0.004397268362624329
59770.8171179624 3.9775 0.01949999999999985 0.9933532148088234 0.006107926101530056 0.9781166057460434 1.0063322032914013 0.9843102389363227 0.009042975872500691
59770.81713390582 3.9775 0.01949999999999985 0.993147532376804 0.006104632403013442 0.9781162965001057 1.006332144478161 0.9843098702059881 0.00883766217081583
59770.81714984924 3.9775 0.01949999999999985 0.9731559426767789 0.006058556402217923 0.9781159876588043 1.0063320856649207 0.9843095018828883 -0.011153559206109498
59770.81716579265 3.9775 0.01949999999999985 0.9823264921733392 0.0060809734507922125 0.978115679221864 1.0063320268517073 0.9843091339667728 -0.0019826417934335483
59770.81718173608 3.9775 0.01949999999999985 0.9891042401559802 0.006090545839678699 0.97811537118844 1.0063319680384402 0.9843087664567123 0.004795473699267916
59770.8171976795 3.9775 0.01949999999999985 0.9784050048414328 0.0060758629652306025 0.9781150635585442 1.0063319092252 0.9843083993527977 -0.005903394511364901
59770.81721362292 3.9775 0.01949999999999985 0.9835085426907201 0.006091937598915662 0.9781147563316179 1.0063318504119598 0.9843080326544402 -0.0007994899637201458
59770.81722956633 3.9775 0.01949999999999985 0.9843287468834483 0.006092086485451093 0.9781144495073882 1.0063317915987464 0.9843076663613916 2.1080522056737827e-05
