eureka_custom_plots/data/stage5_lcfit_results/S5_wasp39b_ap4_bg8_Table_Save_ch46.txt
# %ECSV 1.0
# ---
# datatype:
# - {name: time, datatype: float64}
# - {name: wavelength, datatype: float64}
# - {name: bin_width, datatype: float64}
# - {name: lcdata, datatype: float64}
# - {name: lcerr, datatype: float64}
# - {name: transit, datatype: float64}
# - {name: polynom, datatype: float64}
# - {name: model, datatype: float64}
# - {name: residuals, datatype: float64}
# schema: astropy-2.0
time wavelength bin_width lcdata lcerr transit polynom model residuals
[from data line 11581]
59770.82866099816 4.7825 0.01949999999999985 0.9776925363721819 0.00962056556286094 0.9771461586636546 1.0064578657092238 0.9834564373345884 -0.005763900962406532
59770.828676941586 4.7825 0.01949999999999985 0.9781614695708757 0.009711150861967022 0.9771460092060049 1.0064577887439217 0.9834562117054234 -0.005294742134547725
59770.828692885 4.7825 0.01949999999999985 0.9930950146627178 0.009655688366662423 0.9771458601010308 1.00645771177869 0.9834559864313033 0.009639028231414493
59770.82870882843 4.7825 0.01949999999999985 0.9924655177888482 0.009673593479687152 0.9771457113484071 1.0064576348133878 0.9834557615117632 0.009009756277085001
59770.82872477184 4.7825 0.01949999999999985 0.9716757566388171 0.00958431647507994 0.9771455629483732 1.006457557848156 0.9834555369471814 -0.01177978030836424
59770.82874071527 4.7825 0.01949999999999985 0.9559775870139384 0.009559387578889673 0.9771454149006058 1.006457480882854 0.9834553127370949 -0.027477725723156432
59770.82875665868 4.7825 0.01949999999999985 0.9729719967551226 0.00962012247705307 0.9771452672053302 1.0064574039176222 0.983455088881868 -0.010483092126745364
59770.82877260209 4.7825 0.01949999999999985 0.9936643438198136 0.009682517270618925 0.9771451198623738 1.0064573269523904 0.9834548653812579 0.010209478438555686
59770.82878854552 4.7825 0.01949999999999985 0.973282503705045 0.00959567299390308 0.977144972871552 1.0064572499870883 0.9834546422350102 -0.010172138529965236
59770.828804488934 4.7825 0.01949999999999985 0.9850956055799895 0.009677146885743513 0.9771448262330888 1.0064571730218566 0.9834544194434879 0.00164118613650166
59770.82882043236 4.7825 0.01949999999999985 0.971791658329615 0.009623544084698675 0.9771446799466774 1.0064570960565544 0.9834541970062443 -0.011662538676629253
59770.828836375775 4.7825 0.01949999999999985 1.0008235673124046 0.009724755668430523 0.9771445340125405 1.0064570190913227 0.9834539749236411 0.017369592388763566
59770.8288523192 4.7825 0.01949999999999985 0.9759545220366618 0.00958070375926445 0.9771443884303646 1.0064569421260205 0.9834537531952252 -0.007499231158563435
59770.828868262615 4.7825 0.01949999999999985 0.9943984411583092 0.00966015466188206 0.977144243200371 1.0064568651607888 0.9834535318213568 0.010944909336952469
59770.828884206036 4.7825 0.01949999999999985 0.9820685601469632 0.009566089215323337 0.9771440983223232 1.006456788195522 0.9834533108016947 -0.001384750654731537
59770.828900149456 4.7825 0.01949999999999985 0.9856712125046656 0.009644765325770263 0.9771439537962365 1.006456711230255 0.9834530901362883 0.002218122368377262
59770.828916092876 4.7825 0.01949999999999985 1.001993432121228 0.009748037976044184 0.9771438096220764 1.006456634264988 0.9834528698251033 0.018540562296124774
59770.8289320363 4.7825 0.01949999999999985 0.9901543970248038 0.009645997145857949 0.9771436657997954 1.006456557299721 0.9834526498680912 0.0067017471567125675
59770.82894797971 4.7825 0.01949999999999985 0.996804762021516 0.009734566883711663 0.9771435223294127 1.0064564803344893 0.9834524302653062 0.013352331756209868
59770.82896392314 4.7825 0.01949999999999985 0.9963971884162828 0.009665776348819415 0.9771433792106949 1.0064564033691874 0.98345221101641 0.01294497739987277
59770.82897986655 4.7825 0.01949999999999985 1.0036542263969364 0.00967901449099207 0.9771432364438599 1.0064563264039554 0.9834519921217589 0.020202234275177422
59770.82899580998 4.7825 0.01949999999999985 0.9832903001347763 0.009648778103229562 0.9771430940286011 1.0064562494386535 0.9834517735809074 -0.0001614734461311551
59770.82901175339 4.7825 0.01949999999999985 0.9887313069902737 0.009654553026615895 0.9771429519651352 1.0064561724734218 0.9834515553942107 0.005279751596062976
59770.82902769682 4.7825 0.01949999999999985 0.9883293060178412 0.009680306729649833 0.9771428102531652 1.0064560955081197 0.983451337561232 0.00487796845660915
59770.82904364023 4.7825 0.01949999999999985 0.9888175340224626 0.00973190507559752 0.9771426688929069 1.006456018542888 0.9834511200823265 0.00536641394013615
59770.82905958365 4.7825 0.01949999999999985 0.9644590404951037 0.009564575347392239 0.9771425278841177 1.0064559415776209 0.9834509029571463 -0.018991862462042652
59770.82907552707 4.7825 0.01949999999999985 0.9777970630414993 0.00962816792545622 0.9771423872268291 1.006455864612354 0.9834506861857579 -0.005653623144258657
59770.829091470485 4.7825 0.01949999999999985 0.9935925093085147 0.009692662032931017 0.9771422469210559 1.0064557876471223 0.9834504697682102 0.01014203954030457
59770.82910741391 4.7825 0.01949999999999985 0.9879021673353852 0.009647899016568838 0.9771421069665698 1.0064557106818202 0.9834502537041702 0.004451913631214999
59770.829123357325 4.7825 0.01949999999999985 0.9964752572718505 0.009736341269237125 0.977141967363584 1.0064556337165884 0.9834500379939899 0.0130252192778606
59770.82913930075 4.7825 0.01949999999999985 0.9819479361813819 0.009618007235331962 0.9771418281117988 1.0064555567512863 0.9834498226372301 -0.0015018864558482559
59770.829155244166 4.7825 0.01949999999999985 1.0068491289812551 0.009741500642991478 0.9771416892114261 1.0064554797860545 0.9834496076342416 0.023399521347013508
59770.82917118759 4.7825 0.01949999999999985 0.9611945238922776 0.010643067298598057 0.9771415506621756 1.0064554028207524 0.9834493929845946 -0.022254869092316998
59770.82918713101 4.7825 0.01949999999999985 0.9754325314705533 0.009632642985012376 0.9771414124642585 1.0064553258555207 0.983449178688639 -0.008016647218085704
59770.829203074434 4.7825 0.01949999999999985 0.9897109359545178 0.009584185630091096 0.9771412746173777 1.0064552488902185 0.9834489647459382 0.00626197120857952
59770.82921901785 4.7825 0.01949999999999985 0.9914384574935589 0.009696278007334958 0.9771411371217432 1.0064551719249868 0.9834487511568412 0.007989706336717695
59770.82923496126 4.7825 0.01949999999999985 0.9839804769192735 0.009640774293025902 0.9771409999771947 1.006455094959755 0.9834485379211175 0.0005319389981559564
59770.82925090469 4.7825 0.01949999999999985 0.98549062766546 0.009586600293797308 0.9771408631835568 1.006455017994453 0.9834483250385219 0.002042302626938164
59770.8292668481 4.7825 0.01949999999999985 0.9808660759858542 0.009590055565293914 0.9771407267410497 1.0064549410292212 0.9834481125094134 -0.0025820365235592613
59770.82928279153 4.7825 0.01949999999999985 0.9907921245594965 0.009640793970177367 0.9771405906493766 1.006454864063919 0.9834479003333559 0.007344224226140561
59770.82929873494 4.7825 0.01949999999999985 0.9842287465412799 0.009670138979439755 0.9771404549087447 1.0064547870986873 0.9834476885106951 0.0007810580305848136
59770.82931467837 4.7825 0.01949999999999985 0.9730297400570844 0.009618650867733522 0.9771403195188705 1.0064547101333854 0.9834474770410083 -0.010417736983923898
59770.82933062178 4.7825 0.01949999999999985 0.9860022523815174 0.009608093869528623 0.9771401844799602 1.0064546331681534 0.9834472659246402 0.0025549864568772396
59770.8293465652 4.7825 0.01949999999999985 0.9943541936811311 0.009654664859267257 0.9771400497917823 1.0064545562028866 0.9834470551612547 0.010907138519876347
59770.82936250862 4.7825 0.01949999999999985 0.9880043723879758 0.009656141551725473 0.9771399154543666 1.0064544792376195 0.9834468447509161 0.004557527637059633
59770.82937845204 4.7825 0.01949999999999985 0.9685257705254765 0.009577446714904344 0.9771397814676699 1.0064544022723527 0.9834466346935811 -0.014920864168104564
59770.82939439546 4.7825 0.01949999999999985 0.9878051913333823 0.009642567978219227 0.977139647831652 1.006454325307086 0.9834464249892088 0.004358766344173537
59770.829410338876 4.7825 0.01949999999999985 0.9883082509311221 0.009577032788147307 0.977139514546331 1.006454248341854 0.9834462156378516 0.00486203529327045
59770.829426282304 4.7825 0.01949999999999985 0.9741438103871364 0.009584673433434094 0.9771393816114902 1.006454171376552 0.9834460066391888 -0.00930219625205242
59770.82944222572 4.7825 0.01949999999999985 0.9898356434164362 0.00963997449940534 0.9771392490273285 1.00645409441132 0.9834457979935572 0.006389845422878904
59770.829458169144 4.7825 0.01949999999999985 0.9735787447267579 0.009614793252791397 0.9771391167935689 1.0064540174460181 0.9834455897005414 -0.00986684497378354
59770.82947411256 4.7825 0.01949999999999985 0.9935089766040688 0.009668852379432732 0.9771389849104128 1.0064539404807864 0.9834453817604807 0.010063594843588097
59770.829490055985 4.7825 0.01949999999999985 0.9792266277114355 0.009637141600749055 0.9771388533775772 1.0064538635154843 0.9834451741729529 -0.004218546461517314
59770.8295059994 4.7825 0.01949999999999985 0.9972946545489719 0.009694133241586333 0.9771387221952627 1.0064537865502525 0.9834449669382974 0.01384968761067451
59770.82952194281 4.7825 0.01949999999999985 0.9663705573642536 0.009639515339115874 0.9771385913633158 1.0064537095850206 0.9834447600562908 -0.017074202692037188
59770.82953788624 4.7825 0.01949999999999985 0.9788421592466588 0.009628826923175201 0.9771384608815735 1.0064536326197187 0.9834445535267006 -0.004602394280041722
59770.82955382965 4.7825 0.01949999999999985 0.9925760779548659 0.009669211694105605 0.9771383307502349 1.006453555654487 0.983444347349864 0.009131730605001942
59770.82956977308 4.7825 0.01949999999999985 0.9825672709575133 0.0096105961607967 0.977138200969028 1.0064534786891848 0.98344414152537 -0.0008768705678566802
59770.82958571649 4.7825 0.01949999999999985 0.9719811459455946 0.009589202644646662 0.9771380715381507 1.006453401723953 0.9834439360535552 -0.011462790107960585
59770.82960165992 4.7825 0.01949999999999985 0.9803334123583248 0.0096489270959214 0.9771379424573212 1.006453324758651 0.9834437309339983 -0.003110318575673454
59770.82961760333 4.7825 0.01949999999999985 0.9898429535471847 0.009663652803104158 0.977137813726748 1.0064532477934192 0.9834435261670466 0.006399427380138101
59770.82963354676 4.7825 0.01949999999999985 0.9862962684762951 0.009631511695474713 0.9771376853461505 1.006453170828117 0.9834433217522801 0.0028529467240150375
59770.82964949017 4.7825 0.01949999999999985 0.9833633917851207 0.009619096792127121 0.9771375573157248 1.0064530938628853 0.9834431176900337 -7.972590491300835e-05
59770.82966543359 4.7825 0.01949999999999985 0.9997529048618147 0.0096650749048957 0.9771374296352625 1.0064530168976185 0.9834429139799943 0.01630999088182039
59770.829681377014 4.7825 0.01949999999999985 0.9663174753397358 0.009617576691858311 0.977137302304781 1.0064529399323514 0.9834427106222137 -0.01712523528247789
59770.82969732043 4.7825 0.01949999999999985 0.9881486365703461 0.009650723181651024 0.9771371753242981 1.0064528629671197 0.9834425076167442 0.004706128953601896
59770.829713263855 4.7825 0.01949999999999985 0.993534397757326 0.009634668963535728 0.9771370486936071 1.0064527860018175 0.9834423049632744 0.010092092794051544
59770.82972920727 4.7825 0.01949999999999985 0.9946239041832184 0.009664228626577271 0.9771369224129014 1.0064527090365858 0.9834421026621367 0.011181801521081725
59770.829745150695 4.7825 0.01949999999999985 0.9981569125702141 0.009676475914524666 0.9771367964819098 1.0064526320712837 0.9834419007129203 0.014715011857293847
59770.82976109411 4.7825 0.01949999999999985 0.9870518275799722 0.009636490406345372 0.9771366709008245 1.006452555106052 0.9834416991159561 0.0036101284640160936
59770.829777037536 4.7825 0.01949999999999985 0.9779818306243202 0.009619281407265869 0.9771365456693832 1.00645247814075 0.9834414978708429 -0.0054596672465226925
59770.82979298095 4.7825 0.01949999999999985 0.9883339309703797 0.009686777748857227 0.9771364207877733 1.006452401175518 0.9834412969779058 0.0048926339924738604
59770.82980892436 4.7825 0.01949999999999985 0.9765069026814053 0.010760299092168657 0.9771362962558491 1.0064523242102863 0.9834410964369302 -0.006934193755524953
59770.82982486779 4.7825 0.01949999999999985 0.972996213997667 0.009612863543366663 0.9771361720734553 1.0064522472449842 0.9834408962476906 -0.010444682250023596
59770.82984081121 4.7825 0.01949999999999985 0.9854163335485094 0.009646899766869233 0.977136048240728 1.0064521702797173 0.9834406964104272 0.0019756371380822424
59770.82985675463 4.7825 0.01949999999999985 0.9797135454674186 0.009646020015624042 0.9771359247575692 1.0064520933144505 0.9834404969250069 -0.003726951457588279
59770.82987269804 4.7825 0.01949999999999985 0.9792867375935408 0.009606313898888016 0.9771358016240064 1.0064520163492185 0.9834402977914912 -0.004153560197950434
59770.82988864147 4.7825 0.01949999999999985 0.9924590648846885 0.009661982884512798 0.9771356788398292 1.0064519393839166 0.9834400990095661 0.009018965875122409
59770.82990458488 4.7825 0.01949999999999985 0.9734184319517057 0.010681536326496722 0.9771355564052249 1.0064518624186847 0.9834399005795563 -0.010021468627850583
59770.82992052831 4.7825 0.01949999999999985 0.975179895642977 0.009628788033881234 0.9771354343199377 1.0064517854533828 0.9834397025010678 -0.008259806858090801
59770.829936471724 4.7825 0.01949999999999985 0.9860223239534242 0.009640832399853002 0.9771353125841541 1.006451708488151 0.9834395047744254 0.0025828191789987187
59770.829952415144 4.7825 0.01949999999999985 0.9796746613874806 0.009568417201259071 0.9771351911976652 1.006451631522884 0.9834393073993154 -0.0037646460118347935
59770.829968358565 4.7825 0.01949999999999985 0.9668070361571005 0.009598856021580776 0.9771350701604989 1.0064515545576171 0.9834391103758005 -0.016632074218699944
59770.82998430198 4.7825 0.01949999999999985 0.9766138583703072 0.009628120312236234 0.9771349494726679 1.0064514775923854 0.9834389137039274 -0.006825055333620211
59770.830000245405 4.7825 0.01949999999999985 1.001030047079665 0.009702972120562347 0.9771348291339763 1.0064514006270833 0.9834387173833962 0.017591329696268754
59770.83001618882 4.7825 0.01949999999999985 0.9695523415513699 0.009583597271553036 0.977134709144608 1.0064513236618515 0.983438521414529 -0.013886179863159098
59770.830032132246 4.7825 0.01949999999999985 0.983807375419341 0.009599426123705268 0.9771345895043052 1.0064512466965494 0.983438325796929 0.000369049622412021
59770.83004807566 4.7825 0.01949999999999985 0.9694345128746386 0.00959223320397907 0.9771344702132508 1.0064511697313177 0.9834381305309177 -0.01400361765627911
59770.83006401909 4.7825 0.01949999999999985 0.9819592671842657 0.009606291264053563 0.9771343512711956 1.0064510927660155 0.9834379356161065 -0.0014786684318407461
59770.8300799625 4.7825 0.01949999999999985 0.9711388981977908 0.00960761211054485 0.9771342326783212 1.0064510158007838 0.9834377410528158 -0.012298842855025027
59770.83009590591 4.7825 0.01949999999999985 0.9895564295165816 0.009666996594242621 0.9771341144344791 1.006450938835552 0.9834375468408272 0.0061188826757544446
59770.83011184934 4.7825 0.01949999999999985 0.9858001725427376 0.00962950344444051 0.9771339965395321 1.00645086187025 0.983437352979934 0.0023628195628035975
59770.83012779276 4.7825 0.01949999999999985 0.971346565143299 0.009582145000505698 0.977133878993606 1.006450784904983 0.9834371594703656 -0.012090594327066606
59770.83014373618 4.7825 0.01949999999999985 0.9880292801460385 0.01077197944088487 0.9771337617966083 1.006450707939716 0.9834369663119943 0.004592313834044237
59770.83015967959 4.7825 0.01949999999999985 0.9803020529044486 0.009653195922307244 0.9771336449485648 1.0064506309744843 0.9834367735048808 -0.0031347206004321837
59770.83017562302 4.7825 0.01949999999999985 0.9882154134326598 0.009587615805126817 0.977133528449276 1.0064505540091822 0.9834365810487208 0.004778832383939058
59770.830191566434 4.7825 0.01949999999999985 1.0017543104479918 0.009665221374398061 0.9771334122989198 1.0064504770439504 0.9834363889438309 0.018317921504160894
