eureka_custom_plots/data/stage5_lcfit_results/S5_wasp39b_ap4_bg8_Table_Save_ch21.txt
# %ECSV 1.0
# ---
# datatype:
# - {name: time, datatype: float64}
# - {name: wavelength, datatype: float64}
# - {name: bin_width, datatype: float64}
# - {name: lcdata, datatype: float64}
# - {name: lcerr, datatype: float64}
# - {name: transit, datatype: float64}
# - {name: polynom, datatype: float64}
# - {name: model, datatype: float64}
# - {name: residuals, datatype: float64}
# schema: astropy-2.0
time wavelength bin_width lcdata lcerr transit polynom model residuals
[from data line 5294]
59770.728424717134 3.824 0.018999999999999906 1.0080943853161157 0.006073724401315133 1.0 1.0065956104731215 1.0065956104731215 0.0014987748429942105
59770.72844066055 3.824 0.018999999999999906 1.005866206020787 0.006074021013670198 1.0 1.0065955517982252 1.0065955517982252 -0.0007293457774382173
59770.728456603974 3.824 0.018999999999999906 1.0075175837514982 0.006084093251153894 1.0 1.0065954931232755 1.0065954931232755 0.0009220906282227936
59770.728472547395 3.824 0.018999999999999906 0.9995700017402684 0.006054292558713277 1.0 1.0065954344483525 1.0065954344483525 -0.0070254327080840895
59770.728488490815 3.824 0.018999999999999906 0.9995429225748078 0.006058344177970946 1.0 1.0065953757734296 1.0065953757734296 -0.0070524531986218
59770.72850443423 3.824 0.018999999999999906 1.0085932007573306 0.006076296905988221 1.0 1.0065953170985333 1.0065953170985333 0.0019978836587972726
59770.728520377656 3.824 0.018999999999999906 0.9999679567179801 0.006057495848664921 1.0 1.0065952584235835 1.0065952584235835 -0.006627301705603439
59770.72853632107 3.824 0.018999999999999906 1.0171132492311852 0.006100994110966259 1.0 1.0065951997486875 1.0065951997486875 0.010518049482497682
59770.728552264496 3.824 0.018999999999999906 1.0044546652417654 0.006071229026919508 1.0 1.0065951410737377 1.0065951410737377 -0.0021404758319722994
59770.72856820792 3.824 0.018999999999999906 1.003685459713963 0.006057332164544584 1.0 1.0065950823988146 1.0065950823988146 -0.0029096226848515094
59770.72858415134 3.824 0.018999999999999906 1.0068478033039274 0.006079394804668911 1.0 1.0065950237238916 1.0065950237238916 0.00025277958003577794
59770.72860009476 3.824 0.018999999999999906 0.9979336202531396 0.0060533719978991 1.0 1.0065949650489687 1.0065949650489687 -0.00866134479582914
59770.72861603817 3.824 0.018999999999999906 1.0140022121833545 0.006091843626451267 1.0 1.0065949063740725 1.0065949063740725 0.007407305809282061
59770.7286319816 3.824 0.018999999999999906 1.0039321501394123 0.006062351579581103 1.0 1.0065948476991229 1.0065948476991229 -0.002662697559710603
59770.72864792501 3.824 0.018999999999999906 1.0109544413266405 0.006082017239862411 1.0 1.0065947890242266 1.0065947890242266 0.004359652302413863
59770.72866386844 3.824 0.018999999999999906 1.0153356658501196 0.006094679974810653 1.0 1.0065947303492768 1.0065947303492768 0.008740935500842761
59770.72867981185 3.824 0.018999999999999906 1.0030946292100342 0.006054750711333685 1.0 1.0065946716743805 1.0065946716743805 -0.00350004246434632
59770.72869575528 3.824 0.018999999999999906 1.008730209968134 0.00606831834136741 1.0 1.006594612999431 1.006594612999431 0.002135596968702913
59770.7287116987 3.824 0.018999999999999906 1.0033316426759058 0.006065722958523144 1.0 1.0065945543245078 1.0065945543245078 -0.0032629116486020404
59770.72872764211 3.824 0.018999999999999906 1.0004098400953279 0.0060569185470571415 1.0 1.0065944956496118 1.0065944956496118 -0.006184655554283935
59770.72874358554 3.824 0.018999999999999906 1.0001330640827113 0.006060219818196004 1.0 1.006594436974662 1.006594436974662 -0.006461372891950701
59770.72875952896 3.824 0.018999999999999906 1.0075587592011008 0.0060659022821702956 1.0 1.006594378299739 1.006594378299739 0.0009643809013617499
59770.72877547238 3.824 0.018999999999999906 1.0086612799068346 0.00606805998429933 1.0 1.006594319624816 1.006594319624816 0.0020669602820186928
59770.72879141579 3.824 0.018999999999999906 1.003888515951245 0.006066796037365755 1.0 1.0065942609499199 1.0065942609499199 -0.0027057449986749305
59770.72880735922 3.824 0.018999999999999906 1.0061328715895816 0.006071517614809589 1.0 1.00659420227497 1.00659420227497 -0.00046133068538845023
59770.728823302634 3.824 0.018999999999999906 1.009201889947474 0.00607589630850868 1.0 1.0065941436000738 1.0065941436000738 0.0026077463474001306
59770.72883924606 3.824 0.018999999999999906 1.0029609118187057 0.006053608866140935 1.0 1.006594084925124 1.006594084925124 -0.003633173106418308
59770.72885518948 3.824 0.018999999999999906 1.0072801745105884 0.006076251457469828 1.0 1.0065940262502011 1.0065940262502011 0.0006861482603872648
59770.7288711329 3.824 0.018999999999999906 1.0071820165716803 0.006078126323780725 1.0 1.0065939675752782 1.0065939675752782 0.0005880489964020796
59770.72888707632 3.824 0.018999999999999906 1.00183641850734 0.006063698787669387 1.0 1.0065939089003553 1.0065939089003553 -0.004757490393015207
59770.728903019735 3.824 0.018999999999999906 1.000545809239822 0.00605726038194974 1.0 1.006593850225459 1.006593850225459 -0.006048040985636938
59770.72891896316 3.824 0.018999999999999906 1.0070574000356398 0.006065070952945562 1.0 1.0065937915505092 1.0065937915505092 0.0004636084851306066
59770.72893490658 3.824 0.018999999999999906 0.9995017291246603 0.006062441854342102 1.0 1.0065937328755863 1.0065937328755863 -0.0070920037509260014
59770.72895085 3.824 0.018999999999999906 1.007041284264087 0.006074889460681545 1.0 1.0065936742006634 1.0065936742006634 0.0004476100634236424
59770.72896679342 3.824 0.018999999999999906 1.0141822155812865 0.00608650769386567 1.0 1.006593615525767 1.006593615525767 0.007588600055519423
59770.728982736844 3.824 0.018999999999999906 1.0070616840829063 0.0060839881883431686 1.0 1.0065935568508173 1.0065935568508173 0.00046812723208899953
59770.728998680264 3.824 0.018999999999999906 1.0211654037848146 0.006104732722336854 1.0 1.0065934981758944 1.0065934981758944 0.014571905608920188
59770.729014623685 3.824 0.018999999999999906 1.0031356016629267 0.006062446058591475 1.0 1.0065934395009715 1.0065934395009715 -0.003457837838044764
59770.729030567105 3.824 0.018999999999999906 1.0123605013629364 0.006092572343305153 1.0 1.0065933808260485 1.0065933808260485 0.005767120536887882
59770.729046510525 3.824 0.018999999999999906 1.0029581446398328 0.0060623315035846 1.0 1.0065933221511254 1.0065933221511254 -0.003635177511292609
59770.729062453946 3.824 0.018999999999999906 1.0147739572412935 0.006084367363736598 1.0 1.0065932634762025 1.0065932634762025 0.008180693765091007
59770.72907839736 3.824 0.018999999999999906 1.0041287228888478 0.006063195492582906 1.0 1.0065932048013062 1.0065932048013062 -0.002464481912458405
59770.729094340786 3.824 0.018999999999999906 1.007696967059969 0.006070806224291581 1.0 1.0065931461263566 1.0065931461263566 0.0011038209336122762
59770.7291102842 3.824 0.018999999999999906 0.9980170964774435 0.0060586607195352435 1.0 1.0065930874514604 1.0065930874514604 -0.008575990974016845
59770.72912622763 3.824 0.018999999999999906 1.0068422069557021 0.006072755319813842 1.0 1.0065930287765106 1.0065930287765106 0.00024917817919156704
59770.72914217105 3.824 0.018999999999999906 0.9984178172425617 0.0060575453074184745 1.0 1.0065929701015877 1.0065929701015877 -0.008175152859025925
59770.72915811447 3.824 0.018999999999999906 0.9942882669996551 0.006043581519951479 1.0 1.0065929114266647 1.0065929114266647 -0.012304644427009626
59770.72917405789 3.824 0.018999999999999906 0.9976959783078275 0.00605227029177875 1.0 1.0065928527517416 1.0065928527517416 -0.008896874443914071
59770.7291900013 3.824 0.018999999999999906 1.0053419797552718 0.006081602816161904 1.0 1.0065927940768455 1.0065927940768455 -0.001250814321573701
59770.72920594473 3.824 0.018999999999999906 1.010251724562413 0.006085652416418271 1.0 1.0065927354018958 1.0065927354018958 0.003658989160517212
59770.72922188815 3.824 0.018999999999999906 1.0059278682136545 0.006074775769760523 1.0 1.0065926767269728 1.0065926767269728 -0.0006648085133182935
59770.72923783157 3.824 0.018999999999999906 1.0121060469733547 0.006077899696559336 1.0 1.00659261805205 1.00659261805205 0.005513428921304797
59770.72925377498 3.824 0.018999999999999906 1.003248435191036 0.0060668357647069016 1.0 1.0065925593771536 1.0065925593771536 -0.003344124186117625
59770.72926971841 3.824 0.018999999999999906 1.007843438642572 0.006078640301216695 1.0 1.0065925007022039 1.0065925007022039 0.0012509379403682352
59770.72928566183 3.824 0.018999999999999906 1.0104800394496356 0.006079820756007131 1.0 1.006592442027281 1.006592442027281 0.0038875974223546717
59770.72930160525 3.824 0.018999999999999906 1.0088427434883835 0.006082868175801641 1.0 1.006592383352358 1.006592383352358 0.002250360136025531
59770.72931754867 3.824 0.018999999999999906 0.9955749624191422 0.00605275662046763 1.0 1.0065923246774349 1.0065923246774349 -0.01101736225829264
59770.72933349209 3.824 0.018999999999999906 1.0081035188895207 0.006074703189821751 1.0 1.006592266002512 1.006592266002512 0.0015112528870087072
59770.72934943551 3.824 0.018999999999999906 1.002407173097176 0.006063167179055689 1.0 1.006592207327589 1.006592207327589 -0.004185034230413054
59770.729365378924 3.824 0.018999999999999906 0.9991243141876607 0.006053787134104778 1.0 1.0065921486526928 1.0065921486526928 -0.007467834465032075
59770.72938132235 3.824 0.018999999999999906 1.0107841941798732 0.006078419589889069 1.0 1.006592089977743 1.006592089977743 0.004192104202130231
59770.729397265764 3.824 0.018999999999999906 1.0035385059388358 0.0060585966398303305 1.0 1.006592031302847 1.006592031302847 -0.003053525364011156
59770.72941320919 3.824 0.018999999999999906 0.9959002604209325 0.006051999420979961 1.0 1.0065919726278971 1.0065919726278971 -0.010691712206964632
59770.72942915261 3.824 0.018999999999999906 1.019410620976247 0.006095429399013825 1.0 1.0065919139529742 1.0065919139529742 0.012818707023272813
59770.72944509603 3.824 0.018999999999999906 1.017378310531363 0.006097380472003773 1.0 1.006591855278051 1.006591855278051 0.0107864552533119
59770.72946103945 3.824 0.018999999999999906 1.016735662525366 0.0060946801272656545 1.0 1.0065917966031281 1.0065917966031281 0.010143865922237927
59770.72947698287 3.824 0.018999999999999906 1.0055670089790019 0.006071495056991018 1.0 1.0065917379282052 1.0065917379282052 -0.0010247289492033573
59770.72949292629 3.824 0.018999999999999906 1.0053547635409594 0.006075995986454764 1.0 1.0065916792532823 1.0065916792532823 -0.0012369157123228725
59770.729508869714 3.824 0.018999999999999906 1.0138015166094976 0.006101496788320229 1.0 1.0065916205783592 1.0065916205783592 0.007209896031138419
59770.729524813134 3.824 0.018999999999999906 1.0124030305407374 0.006092976349937018 1.0 1.0065915619034362 1.0065915619034362 0.005811468637301198
59770.72954075655 3.824 0.018999999999999906 1.0161642941725841 0.0060961916976225525 1.0 1.0065915032285402 1.0065915032285402 0.009572790944043952
59770.729556699975 3.824 0.018999999999999906 1.011674938356639 0.006078085712512723 1.0 1.0065914445535904 1.0065914445535904 0.005083493803048622
59770.729572643395 3.824 0.018999999999999906 1.0182878147581067 0.006094123489219355 1.0 1.0065913858786675 1.0065913858786675 0.011696428879439225
59770.729588586815 3.824 0.018999999999999906 1.016796005707688 0.006085213312069419 1.0 1.0065913272037443 1.0065913272037443 0.010204678503943576
59770.729604530236 3.824 0.018999999999999906 1.010755764592278 0.006091206839345131 1.0 1.0065912685288214 1.0065912685288214 0.004164496063456591
59770.729620473656 3.824 0.018999999999999906 1.0044034468129979 0.006072799380219042 1.0 1.0065912098538985 1.0065912098538985 -0.0021877630409006255
59770.729636417076 3.824 0.018999999999999906 1.006248357316557 0.006071095972835685 1.0 1.0065911511789756 1.0065911511789756 -0.0003427938624185334
59770.72965236049 3.824 0.018999999999999906 0.9999310127284059 0.006059675580107816 1.0 1.0065910925040793 1.0065910925040793 -0.0066600797756734
59770.72966830392 3.824 0.018999999999999906 1.0138932848116484 0.006079299932182665 1.0 1.0065910338291295 1.0065910338291295 0.00730225098251891
59770.72968424734 3.824 0.018999999999999906 1.005557594034603 0.0060651378025530405 1.0 1.0065909751542066 1.0065909751542066 -0.0010333811196034937
59770.72970019076 3.824 0.018999999999999906 1.0148607634365803 0.007062886637502614 1.0 1.0065909164792837 1.0065909164792837 0.0082698469572966
59770.72971613418 3.824 0.018999999999999906 1.0167447241061882 0.006099971168069817 1.0 1.0065908578043605 1.0065908578043605 0.010153866301827685
59770.7297320776 3.824 0.018999999999999906 1.0111158402660547 0.006102195678875183 1.0 1.0065907991294376 1.0065907991294376 0.004525041136617114
59770.72974802102 3.824 0.018999999999999906 1.0018797930731267 0.006062758836079491 1.0 1.0065907404545147 1.0065907404545147 -0.004710947381387998
59770.72976396444 3.824 0.018999999999999906 1.0173727990877792 0.006087446993529702 1.0 1.0065906817795918 1.0065906817795918 0.010782117308187456
59770.72977990786 3.824 0.018999999999999906 1.0076250691974924 0.006084591362554647 1.0 1.0065906231046686 1.0065906231046686 0.0010344460928237709
59770.72979585128 3.824 0.018999999999999906 1.00559830406304 0.006069736505216157 1.0 1.0065905644297457 1.0065905644297457 -0.0009922603667056329
59770.7298117947 3.824 0.018999999999999906 1.006985535648527 0.006079988384469051 1.0 1.0065905057548228 1.0065905057548228 0.00039502989370432395
59770.72982773811 3.824 0.018999999999999906 1.0133592302336147 0.006088760396591482 1.0 1.0065904470799265 1.0065904470799265 0.006768783153688229
59770.72984368154 3.824 0.018999999999999906 1.010212478732151 0.006078366503293921 1.0 1.0065903884049767 1.0065903884049767 0.003622090327174199
59770.72985962496 3.824 0.018999999999999906 0.992437937795527 0.006032040302393574 1.0 1.0065903297300538 1.0065903297300538 -0.014152391934526776
59770.72987556838 3.824 0.018999999999999906 1.0221424047123875 0.006097294006535049 1.0 1.0065902710551309 1.0065902710551309 0.015552133657256606
59770.7298915118 3.824 0.018999999999999906 1.0112458994033275 0.006084395390557421 1.0 1.006590212380208 1.006590212380208 0.004655687023119581
59770.72990745522 3.824 0.018999999999999906 1.0088772340791843 0.006091661799052792 1.0 1.006590153705285 1.006590153705285 0.002287080373899242
59770.72992339864 3.824 0.018999999999999906 1.0099668021675738 0.006077749472216287 1.0 1.006590095030362 1.006590095030362 0.003376707137211943
59770.729939342054 3.824 0.018999999999999906 1.002452626207332 0.006059311182725761 1.0 1.0065900363554658 1.0065900363554658 -0.0041374101481337355
59770.72995528548 3.824 0.018999999999999906 1.017696211719773 0.006090334468141133 1.0 1.006589977680516 1.006589977680516 0.011106234039256924
59770.7299712289 3.824 0.018999999999999906 1.0021258142566833 0.006069092619728508 1.0 1.0065899190055931 1.0065899190055931 -0.004464104748909792
59770.72998717232 3.824 0.018999999999999906 1.007947449381509 0.006071508153073231 1.0 1.00658986033067 1.00658986033067 0.0013575890508390476
59770.73000311574 3.824 0.018999999999999906 1.0029124452502491 0.006058101009686415 1.0 1.006589801655747 1.006589801655747 -0.0036773564054979335
59770.73001905916 3.824 0.018999999999999906 1.0019370927516267 0.006059607901836795 1.0 1.0065897429808242 1.0065897429808242 -0.004652650229197475
59770.73003500258 3.824 0.018999999999999906 0.9946344653031557 0.006045212411415817 1.0 1.0065896843059012 1.0065896843059012 -0.011955219002745543
59770.730050946004 3.824 0.018999999999999906 0.9970210249078352 0.00605903060646821 1.0 1.006589625630978 1.006589625630978 -0.009568600723142917
59770.730066889424 3.824 0.018999999999999906 1.0035011452984621 0.006061151273056096 1.0 1.0065895669560552 1.0065895669560552 -0.0030884216575930434
59770.730082832844 3.824 0.018999999999999906 0.9926679055139566 0.006977009583763133 1.0 1.0065895082811323 1.0065895082811323 -0.01392160276717569
59770.730098776265 3.824 0.018999999999999906 1.0097216294066242 0.006087661608350246 1.0 1.0065894496062093 1.0065894496062093 0.0031321798004149137
59770.73011471968 3.824 0.018999999999999906 1.0190838617087992 0.006102600148357021 1.0 1.006589390931313 1.006589390931313 0.01249447077748611
