eureka_custom_plots/data/stage5_lcfit_results/S5_wasp39b_ap4_bg8_Table_Save_ch49.txt
# %ECSV 1.0
# ---
# datatype:
# - {name: time, datatype: float64}
# - {name: wavelength, datatype: float64}
# - {name: bin_width, datatype: float64}
# - {name: lcdata, datatype: float64}
# - {name: lcerr, datatype: float64}
# - {name: transit, datatype: float64}
# - {name: polynom, datatype: float64}
# - {name: model, datatype: float64}
# - {name: residuals, datatype: float64}
# schema: astropy-2.0
time wavelength bin_width lcdata lcerr transit polynom model residuals
[from data line 20996]
59770.978768287336 4.8975 0.01949999999999985 1.0172410715092812 0.010046992687318944 1.0 1.0057307621652043 1.0057307621652043 0.01151030934407693
59770.97878423075 4.8975 0.01949999999999985 1.0017352293241348 0.010042940725357807 1.0 1.0057307015789556 1.0057307015789556 -0.0039954722548207755
59770.97880017417 4.8975 0.01949999999999985 0.9967584463371484 0.009979982793803308 1.0 1.0057306409926794 1.0057306409926794 -0.008972194655531007
59770.97881611759 4.8975 0.01949999999999985 1.0010328059560745 0.010035191510093846 1.0 1.0057305804064032 1.0057305804064032 -0.004697774450328707
59770.97883206101 4.8975 0.01949999999999985 0.9963932297827153 0.010026014594131289 1.0 1.005730519820127 1.005730519820127 -0.009337290037411683
59770.97884800442 4.8975 0.01949999999999985 1.004465081958974 0.010006614018781442 1.0 1.0057304592338783 1.0057304592338783 -0.001265377274904278
59770.978863947836 4.8975 0.01949999999999985 1.0145709708751076 0.010064565401422 1.0 1.0057303986476296 1.0057303986476296 0.008840572227478027
59770.97887989126 4.8975 0.01949999999999985 0.9930694584477578 0.009984318017391592 1.0 1.0057303380613258 1.0057303380613258 -0.012660879613567988
59770.978895834676 4.8975 0.01949999999999985 1.0009048614786078 0.010007658592061618 1.0 1.0057302774750772 1.0057302774750772 -0.004825415996469351
59770.9789117781 4.8975 0.01949999999999985 1.0167147529553817 0.010056552881047847 1.0 1.005730216888801 1.005730216888801 0.010984536066580786
59770.97892772152 4.8975 0.01949999999999985 1.008110876175273 0.010017230498694291 1.0 1.0057301563025247 1.0057301563025247 0.002380719872748349
59770.97894366494 4.8975 0.01949999999999985 1.0056366551337539 0.010042641224859056 1.0 1.0057300957162485 1.0057300957162485 -9.344058249460829e-05
59770.97895960835 4.8975 0.01949999999999985 0.9958065349938554 0.009999591806903407 1.0 1.0057300351299998 1.0057300351299998 -0.009923500136144403
59770.97897555176 4.8975 0.01949999999999985 0.9977326739501222 0.01001422674500068 1.0 1.0057299745437511 1.0057299745437511 -0.007997300593628909
59770.97899149519 4.8975 0.01949999999999985 1.0006760376642692 0.010036626487554478 1.0 1.0057299139574474 1.0057299139574474 -0.005053876293178217
59770.97900743861 4.8975 0.01949999999999985 1.0101079554259313 0.010062590552759086 1.0 1.005729853371171 1.005729853371171 0.004378102054760413
59770.979023382024 4.8975 0.01949999999999985 0.9947415081112391 0.009977216460022219 1.0 1.0057297927849225 1.0057297927849225 -0.010988284673683402
59770.979039325444 4.8975 0.01949999999999985 1.0035594418541471 0.010013172499053086 1.0 1.0057297321986463 1.0057297321986463 -0.002170290344499115
59770.979055268865 4.8975 0.01949999999999985 1.005680474547155 0.010078848928623155 1.0 1.0057296716123698 1.0057296716123698 -4.9197065214778846e-05
59770.97907121228 4.8975 0.01949999999999985 1.0095430108893926 0.010038671688971715 1.0 1.0057296110261214 1.0057296110261214 0.0038133998632712274
59770.9790871557 4.8975 0.01949999999999985 1.0187899383229484 0.010057403756591993 1.0 1.0057295504398451 1.0057295504398451 0.013060387883103264
59770.97910309912 4.8975 0.01949999999999985 1.0061114389811336 0.010007660839677468 1.0 1.005729489853569 1.005729489853569 0.0003819491275647291
59770.97911904254 4.8975 0.01949999999999985 1.0142857903279079 0.010075161519011253 1.0 1.0057294292672925 1.0057294292672925 0.008556361060615414
59770.97913498595 4.8975 0.01949999999999985 0.9985560838852711 0.010014607212509354 1.0 1.005729368681044 1.005729368681044 -0.0071732847957729495
59770.97915092937 4.8975 0.01949999999999985 0.9988035752341853 0.010005974545140729 1.0 1.0057293080947678 1.0057293080947678 -0.006925732860582512
59770.97916687279 4.8975 0.01949999999999985 1.0221740068324432 0.010028553802712756 1.0 1.0057292475084914 1.0057292475084914 0.01644475932395184
59770.979182816205 4.8975 0.01949999999999985 0.997737716918143 0.009998469103396508 1.0 1.005729186922243 1.005729186922243 -0.007991470004099943
59770.979198759625 4.8975 0.01949999999999985 1.0006610041293036 0.010012812201527213 1.0 1.0057291263359667 1.0057291263359667 -0.005068122206663084
59770.979214703046 4.8975 0.01949999999999985 1.0213198283767122 0.01006751157231867 1.0 1.0057290657496902 1.0057290657496902 0.01559076262702197
59770.979230646466 4.8975 0.01949999999999985 1.0103623661580572 0.010046242827127442 1.0 1.005729005163414 1.005729005163414 0.004633360994643176
59770.97924658988 4.8975 0.01949999999999985 1.008838475762358 0.010057190344745061 1.0 1.0057289445771656 1.0057289445771656 0.0031095311851925267
59770.9792625333 4.8975 0.01949999999999985 1.006568286285344 0.010006916501505808 1.0 1.005728883990889 1.005728883990889 0.000839402294454894
59770.97927847672 4.8975 0.01949999999999985 1.012234716333242 0.01003854817019049 1.0 1.005728823404613 1.005728823404613 0.00650589292862902
59770.97929442014 4.8975 0.01949999999999985 1.0010948813969056 0.010012115368866047 1.0 1.0057287628183367 1.0057287628183367 -0.004633881421431063
59770.97931036355 4.8975 0.01949999999999985 0.9857963678502346 0.00996019342229541 1.0 1.005728702232088 1.005728702232088 -0.019932334381853378
59770.97932630697 4.8975 0.01949999999999985 1.0249510923332692 0.010058936458849145 1.0 1.0057286416458118 1.0057286416458118 0.019222450687457426
59770.97934225039 4.8975 0.01949999999999985 1.0026008563361624 0.0100187217866568 1.0 1.0057285810595356 1.0057285810595356 -0.003127724723373193
59770.97935819381 4.8975 0.01949999999999985 1.015078879422219 0.010055556065314086 1.0 1.0057285204732869 1.0057285204732869 0.009350358948932103
59770.979374137234 4.8975 0.01949999999999985 1.005349012396152 0.010028720550250636 1.0 1.0057284598869831 1.0057284598869831 -0.00037944749083118623
59770.97939008065 4.8975 0.01949999999999985 1.011591615374444 0.010047404908610629 1.0 1.0057283993007344 1.0057283993007344 0.005863216073709543
59770.97940602407 4.8975 0.01949999999999985 1.0238354063452855 0.010069046007203196 1.0 1.0057283387144582 1.0057283387144582 0.018107067630827256
59770.97942196748 4.8975 0.01949999999999985 1.0104446931599496 0.010047769920030453 1.0 1.0057282781282095 1.0057282781282095 0.004716415031740029
59770.9794379109 4.8975 0.01949999999999985 0.9915551558464754 0.010015668697398434 1.0 1.0057282175419333 1.0057282175419333 -0.014173061695457956
59770.97945385432 4.8975 0.01949999999999985 0.9889354822466752 0.009948240401141558 1.0 1.005728156955657 1.005728156955657 -0.016792674708981936
59770.97946979774 4.8975 0.01949999999999985 1.0129721419587405 0.010026271583846226 1.0 1.0057280963693809 1.0057280963693809 0.007244045589359649
59770.979485741154 4.8975 0.01949999999999985 1.003809567581804 0.010038661755817885 1.0 1.0057280357831322 1.0057280357831322 -0.0019184682013282384
59770.979501684575 4.8975 0.01949999999999985 1.0025133571016933 0.009977306755822495 1.0 1.005727975196856 1.005727975196856 -0.003214618095162658
59770.979517627995 4.8975 0.01949999999999985 0.9954780930334808 0.010007397885436323 1.0 1.0057279146105798 1.0057279146105798 -0.010249821577098972
59770.97953357141 4.8975 0.01949999999999985 0.9883999081494304 0.00997710776231126 1.0 1.005727854024331 1.005727854024331 -0.01732794587490072
59770.979549514836 4.8975 0.01949999999999985 1.0184943058243965 0.010082817181413245 1.0 1.0057277934380273 1.0057277934380273 0.012766512386369167
59770.97956545825 4.8975 0.01949999999999985 1.0002059124778317 0.010027107416640672 1.0 1.0057277328517786 1.0057277328517786 -0.005521820373946884
59770.97958140167 4.8975 0.01949999999999985 0.9982378190351593 0.010011233423874976 1.0 1.0057276722655024 1.0057276722655024 -0.007489853230343124
59770.97959734508 4.8975 0.01949999999999985 0.9980401037652503 0.010002275313635099 1.0 1.0057276116792537 1.0057276116792537 -0.007687507914003411
59770.9796132885 4.8975 0.01949999999999985 1.0050338865504271 0.010065785958842529 1.0 1.0057275510929775 1.0057275510929775 -0.0006936645425503762
59770.97962923192 4.8975 0.01949999999999985 1.0086123760543853 0.010037929385292467 1.0 1.0057274905067013 1.0057274905067013 0.0028848855476839574
59770.979645175335 4.8975 0.01949999999999985 1.016606306192081 0.010067246101590103 1.0 1.0057274299204526 1.0057274299204526 0.010878876271628313
59770.97966111876 4.8975 0.01949999999999985 1.008592671150771 0.010060312438475511 1.0 1.0057273693341486 1.0057273693341486 0.0028653018166222566
59770.979677062176 4.8975 0.01949999999999985 0.9939079003499003 0.010006502680700472 1.0 1.0057273087479002 1.0057273087479002 -0.011819408397999887
59770.979693005596 4.8975 0.01949999999999985 0.9846580174991257 0.009938737394502252 1.0 1.005727248161624 1.005727248161624 -0.021069230662498217
59770.97970894901 4.8975 0.01949999999999985 1.0040247746429691 0.010030934148434418 1.0 1.0057271875753753 1.0057271875753753 -0.0017024129324061388
59770.97972489243 4.8975 0.01949999999999985 0.9990425951827591 0.010007527948371647 1.0 1.005727126989099 1.005727126989099 -0.006684531806339988
59770.97974083585 4.8975 0.01949999999999985 1.0183475545003025 0.010065714809653434 1.0 1.0057270664028228 1.0057270664028228 0.01262048809747962
59770.97975677927 4.8975 0.01949999999999985 0.995537341753363 0.010009061873052566 1.0 1.0057270058165466 1.0057270058165466 -0.010189664063183668
59770.97977272269 4.8975 0.01949999999999985 1.0100513357656378 0.010048342033786349 1.0 1.0057269452302702 1.0057269452302702 0.004324390535367595
59770.9797886661 4.8975 0.01949999999999985 0.9925899226203742 0.010000770183627482 1.0 1.0057268846440217 1.0057268846440217 -0.013136962023647558
59770.979804609524 4.8975 0.01949999999999985 1.0159383314374586 0.010059192327481824 1.0 1.0057268240577455 1.0057268240577455 0.010211507379713103
59770.97982055294 4.8975 0.01949999999999985 0.9955835361783314 0.0099918797565252 1.0 1.0057267634714968 1.0057267634714968 -0.010143227293165413
59770.979836496364 4.8975 0.01949999999999985 1.013665934178562 0.010071171466739883 1.0 1.0057267028851928 1.0057267028851928 0.007939231293369264
59770.97985243978 4.8975 0.01949999999999985 1.0161133630134542 0.011263412924025565 1.0 1.0057266422989444 1.0057266422989444 0.010386720714509856
59770.9798683832 4.8975 0.01949999999999985 1.0139733092747782 0.010073623643564133 1.0 1.005726581712668 1.005726581712668 0.008246727562110312
59770.97988432662 4.8975 0.01949999999999985 0.9985683426284819 0.010000173449115093 1.0 1.0057265211263917 1.0057265211263917 -0.007158178497909784
59770.97990027003 4.8975 0.01949999999999985 1.0068024643569724 0.01001450391644753 1.0 1.0057264605401433 1.0057264605401433 0.001076003816829152
59770.97991621345 4.8975 0.01949999999999985 0.979915759858465 0.009988206866273873 1.0 1.0057263999538668 1.0057263999538668 -0.025810640095401793
59770.979932156864 4.8975 0.01949999999999985 1.0184503541282695 0.01004745665162979 1.0 1.0057263393676183 1.0057263393676183 0.012724014760651103
59770.97994810029 4.8975 0.01949999999999985 1.01317457533396 0.010061381413327882 1.0 1.0057262787813144 1.0057262787813144 0.007448296552645672
59770.979964043705 4.8975 0.01949999999999985 1.0228151532872436 0.010079226858512065 1.0 1.0057262181950657 1.0057262181950657 0.017088935092177904
59770.979979987125 4.8975 0.01949999999999985 1.0224652179262876 0.01009049609202538 1.0 1.0057261576087895 1.0057261576087895 0.016739060317498167
59770.97999593054 4.8975 0.01949999999999985 1.0046839227593116 0.01003744063197067 1.0 1.005726097022541 1.005726097022541 -0.0010421742632293896
59770.980011873966 4.8975 0.01949999999999985 1.0074999546108119 0.010033261657505198 1.0 1.005726036436237 1.005726036436237 0.00177391817457484
59770.98002781738 4.8975 0.01949999999999985 1.0130530153479438 0.010035511480325481 1.0 1.0057259758499884 1.0057259758499884 0.007327039497955434
59770.9800437608 4.8975 0.01949999999999985 1.0112564466523086 0.010047254075252714 1.0 1.0057259152637121 1.0057259152637121 0.0055305313885964935
59770.98005970422 4.8975 0.01949999999999985 1.0116120175117262 0.010032018777102202 1.0 1.005725854677436 1.005725854677436 0.005886162834290332
59770.98007564763 4.8975 0.01949999999999985 1.009566791184071 0.01006392210073394 1.0 1.0057257940911872 1.0057257940911872 0.00384099709288388
59770.98009159105 4.8975 0.01949999999999985 0.9889892355207105 0.009974201554328866 1.0 1.005725733504911 1.005725733504911 -0.016736497984200516
59770.980107534466 4.8975 0.01949999999999985 0.9985910606148963 0.01003171296083643 1.0 1.0057256729186625 1.0057256729186625 -0.007134612303766219
59770.98012347789 4.8975 0.01949999999999985 1.0032611409753538 0.010026931438929885 1.0 1.0057256123323586 1.0057256123323586 -0.0024644713570047827
59770.98013942131 4.8975 0.01949999999999985 1.0311861743824704 0.010068041296746159 1.0 1.00572555174611 1.00572555174611 0.025460622636360508
59770.98015536473 4.8975 0.01949999999999985 0.989098120164093 0.009991492504106558 1.0 1.0057254911598337 1.0057254911598337 -0.01662737099574063
59770.98017130815 4.8975 0.01949999999999985 0.9941860327067058 0.009984028261762846 1.0 1.0057254305735575 1.0057254305735575 -0.011539397866851653
59770.98018725156 4.8975 0.01949999999999985 0.9954112506974064 0.010001851756936889 1.0 1.0057253699873088 1.0057253699873088 -0.010314119289902335
59770.98020319498 4.8975 0.01949999999999985 1.0139900632312193 0.010044290648236818 1.0 1.0057253094010326 1.0057253094010326 0.008264753830186766
59770.9802191384 4.8975 0.01949999999999985 0.9976057969044396 0.009976303470265275 1.0 1.0057252488147563 1.0057252488147563 -0.00811945191031671
59770.98023508182 4.8975 0.01949999999999985 1.0028764154378338 0.010015927832735718 1.0 1.0057251882284801 1.0057251882284801 -0.0028487727906463256
59770.980251025234 4.8975 0.01949999999999985 0.998919041964311 0.010010853501815133 1.0 1.0057251276422314 1.0057251276422314 -0.006806085677920404
59770.980266968654 4.8975 0.01949999999999985 1.0091988162555325 0.010033439789805068 1.0 1.0057250670559552 1.0057250670559552 0.003473749199577325
59770.980282912074 4.8975 0.01949999999999985 1.0052857063460838 0.010011709263384029 1.0 1.005725006469679 1.005725006469679 -0.00043930012359516546
59770.980298855495 4.8975 0.01949999999999985 0.9950594527579405 0.00998409422784515 1.0 1.0057249458834028 1.0057249458834028 -0.010665493125462278
59770.98031479891 4.8975 0.01949999999999985 0.9888889582721446 0.00997281191124518 1.0 1.005724885297154 1.005724885297154 -0.016835927025009467
59770.98033074233 4.8975 0.01949999999999985 0.9985268527613066 0.010002522080047711 1.0 1.0057248247108779 1.0057248247108779 -0.00719797194957128
59770.98034668575 4.8975 0.01949999999999985 1.0181769204632187 0.010069143441079804 1.0 1.0057247641246017 1.0057247641246017 0.01245215633861707
59770.98036262916 4.8975 0.01949999999999985 0.9965877470146635 0.009997284357935931 1.0 1.005724703538353 1.005724703538353 -0.00913695652368951
59770.98037857258 4.8975 0.01949999999999985 1.012799342694089 0.01006610768555902 1.0 1.0057246429520768 1.0057246429520768 0.007074699742012358
59770.980394515995 4.8975 0.01949999999999985 1.0093002412088616 0.010029102621417431 1.0 1.005724582365828 1.005724582365828 0.003575658843033569
59770.98041045942 4.8975 0.01949999999999985 1.0101868373884122 0.010064176000421598 1.0 1.0057245217795243 1.0057245217795243 0.004462315608887879
59770.980426402835 4.8975 0.01949999999999985 0.9932778551154163 0.009968195998555408 1.0 1.0057244611932756 1.0057244611932756 -0.012446606077859301
59770.980442346256 4.8975 0.01949999999999985 0.996615938151038 0.010006421456030482 1.0 1.0057244006069994 1.0057244006069994 -0.009108462455961419
59770.980458289676 4.8975 0.01949999999999985 1.0040578314947874 0.010033472730484636 1.0 1.0057243400207232 1.0057243400207232 -0.0016665085259357504
