eureka_custom_plots/data/stage5_lcfit_results/S5_wasp39b_ap4_bg8_Table_Save_ch28.txt
# %ECSV 1.0
# ---
# datatype:
# - {name: time, datatype: float64}
# - {name: wavelength, datatype: float64}
# - {name: bin_width, datatype: float64}
# - {name: lcdata, datatype: float64}
# - {name: lcerr, datatype: float64}
# - {name: transit, datatype: float64}
# - {name: polynom, datatype: float64}
# - {name: model, datatype: float64}
# - {name: residuals, datatype: float64}
# schema: astropy-2.0
time wavelength bin_width lcdata lcerr transit polynom model residuals
[from data line 758]
59770.65610536125 4.0925 0.01949999999999985 1.0011632573722986 0.006756864928900984 1.0 1.0068136336861726 1.0068136336861726 -0.005650376313873995
59770.656121304666 4.0925 0.01949999999999985 1.0074363944718339 0.006772384591807579 1.0 1.0068135824534898 1.0068135824534898 0.0006228120183440211
59770.656137248094 4.0925 0.01949999999999985 1.0002148443278485 0.0067420493009182235 1.0 1.0068135312207602 1.0068135312207602 -0.006598686892911765
59770.656153191514 4.0925 0.01949999999999985 1.0063267158724456 0.0067577523054449876 1.0 1.006813479988054 1.006813479988054 -0.0004867641156083291
59770.65616913493 4.0925 0.01949999999999985 1.0010569147606372 0.00675739329772419 1.0 1.0068134287553712 1.0068134287553712 -0.0057565139947339805
59770.656185078355 4.0925 0.01949999999999985 1.0084219822672487 0.0067774182973411624 1.0 1.0068133775226416 1.0068133775226416 0.0016086047446071117
59770.656201021775 4.0925 0.01949999999999985 0.9970641337763083 0.00672414116684602 1.0 1.0068133262899353 1.0068133262899353 -0.009749192513626936
59770.656216965195 4.0925 0.01949999999999985 1.0132775939082637 0.006775139470530131 1.0 1.0068132750572292 1.0068132750572292 0.0064643188510344896
59770.656232908615 4.0925 0.01949999999999985 1.0183404635572584 0.006781326699778128 1.0 1.0068132238245229 1.0068132238245229 0.011527239732735506
59770.656248852036 4.0925 0.01949999999999985 1.0132716102165948 0.006779812248137495 1.0 1.0068131725918168 1.0068131725918168 0.006458437624778046
59770.656264795456 4.0925 0.01949999999999985 0.9966916343600069 0.006739621030957734 1.0 1.0068131213591105 1.0068131213591105 -0.010121486999103646
59770.65628073888 4.0925 0.01949999999999985 1.0130584908848728 0.006792604432575042 1.0 1.0068130701264044 1.0068130701264044 0.006245420758468345
59770.6562966823 4.0925 0.01949999999999985 1.006818546512182 0.006764658587220135 1.0 1.0068130188936981 1.0068130188936981 5.527618483824881e-06
59770.656312625724 4.0925 0.01949999999999985 1.0102128362556235 0.00675956212026982 1.0 1.0068129676609685 1.0068129676609685 0.00339986859465502
59770.656328569145 4.0925 0.01949999999999985 1.0028896509393226 0.006766270875576043 1.0 1.0068129164282624 1.0068129164282624 -0.003923265488939842
59770.65634451256 4.0925 0.01949999999999985 1.0203279142578896 0.006778996748509488 1.0 1.0068128651955794 1.0068128651955794 0.013515049062310158
59770.656360455985 4.0925 0.01949999999999985 1.0147819040977917 0.006759715154849836 1.0 1.00681281396285 1.00681281396285 0.007969090134941625
59770.656376399405 4.0925 0.01949999999999985 1.0132671393663295 0.006764925839960562 1.0 1.0068127627301438 1.0068127627301438 0.006454376636185755
59770.656392342826 4.0925 0.01949999999999985 0.9992049235096335 0.006748506661428104 1.0 1.0068127114974375 1.0068127114974375 -0.007607787987803927
59770.656408286246 4.0925 0.01949999999999985 1.0057413338289511 0.006759196781999961 1.0 1.0068126602647314 1.0068126602647314 -0.0010713264357802288
59770.656424229666 4.0925 0.01949999999999985 1.0020688826176833 0.006740473046875301 1.0 1.006812609032025 1.006812609032025 -0.004743726414341731
59770.65644017309 4.0925 0.01949999999999985 0.9955434985815234 0.006733324749862147 1.0 1.006812557799319 1.006812557799319 -0.01126905921779564
59770.65645611651 4.0925 0.01949999999999985 1.0062415597410768 0.006772667892633034 1.0 1.0068125065666127 1.0068125065666127 -0.000570946825535934
59770.65647205993 4.0925 0.01949999999999985 1.001802390792596 0.006736918720972101 1.0 1.0068124553339066 1.0068124553339066 -0.005010064541310699
59770.65648800335 4.0925 0.01949999999999985 1.0012026513381926 0.006746501709468093 1.0 1.0068124041012003 1.0068124041012003 -0.0056097527630076804
59770.656503946775 4.0925 0.01949999999999985 1.0085239882759212 0.006757420286336007 1.0 1.0068123528684707 1.0068123528684707 0.0017116354074504514
59770.65651989019 4.0925 0.01949999999999985 1.013114279141498 0.006762180175000872 1.0 1.006812301635788 1.006812301635788 0.0063019775057100436
59770.656535833616 4.0925 0.01949999999999985 0.993979321561718 0.0067300339663281614 1.0 1.0068122504030583 1.0068122504030583 -0.012832928841340352
59770.656551777036 4.0925 0.01949999999999985 1.0063302846148299 0.006761647135120193 1.0 1.0068121991703523 1.0068121991703523 -0.00048191455552237805
59770.656567720456 4.0925 0.01949999999999985 1.015099218477403 0.0067701650117031826 1.0 1.006812147937646 1.006812147937646 0.00828707053975708
59770.65658366388 4.0925 0.01949999999999985 1.0034661112352963 0.0067548352976140634 1.0 1.0068120967049397 1.0068120967049397 -0.0033459854696433755
59770.6565996073 4.0925 0.01949999999999985 1.004657430979985 0.0067655740401989265 1.0 1.0068120454722336 1.0068120454722336 -0.00215461449224863
59770.65661555072 4.0925 0.01949999999999985 1.015723004170222 0.0067954166387799615 1.0 1.0068119942395273 1.0068119942395273 0.008911009930694824
59770.65663149414 4.0925 0.01949999999999985 1.0085298877100055 0.006765071335536856 1.0 1.0068119430068212 1.0068119430068212 0.0017179447031843154
59770.65664743756 4.0925 0.01949999999999985 1.0064409578263669 0.0067586196706408705 1.0 1.006811891774115 1.006811891774115 -0.0003709339477480089
59770.65666338098 4.0925 0.01949999999999985 1.0149581017976632 0.006766577453279285 1.0 1.0068118405414088 1.0068118405414088 0.008146261256254395
59770.656679324406 4.0925 0.01949999999999985 1.0051050704853142 0.006752609660202938 1.0 1.0068117893086792 1.0068117893086792 -0.0017067188233650388
59770.65669526782 4.0925 0.01949999999999985 1.014551604650492 0.0067695550053979816 1.0 1.0068117380759964 1.0068117380759964 0.007739866574495657
59770.656711211246 4.0925 0.01949999999999985 1.001627566769091 0.00675177969933701 1.0 1.0068116868432668 1.0068116868432668 -0.005184120074175791
59770.65672715467 4.0925 0.01949999999999985 1.0058737349974682 0.006731316591406466 1.0 1.0068116356105605 1.0068116356105605 -0.0009379006130922907
59770.65674309808 4.0925 0.01949999999999985 1.0012582804635686 0.006748165309493197 1.0 1.0068115843778778 1.0068115843778778 -0.005553303914309193
59770.65675904151 4.0925 0.01949999999999985 1.0016462160094992 0.006750365807841387 1.0 1.0068115331451482 1.0068115331451482 -0.005165317135648939
59770.65677498493 4.0925 0.01949999999999985 1.0084411761590555 0.006744329557946961 1.0 1.0068114819124419 1.0068114819124419 0.0016296942466136333
59770.65679092835 4.0925 0.01949999999999985 1.0102975114839565 0.006764120356149605 1.0 1.0068114306797358 1.0068114306797358 0.003486080804220748
59770.65680687177 4.0925 0.01949999999999985 1.0077839284135648 0.006760419770676979 1.0 1.0068113794470295 1.0068113794470295 0.0009725489665353138
59770.65682281519 4.0925 0.01949999999999985 0.9911021484490572 0.006722957879112058 1.0 1.0068113282143234 1.0068113282143234 -0.0157091797652662
59770.65683875861 4.0925 0.01949999999999985 1.008727491338234 0.0067615036351434754 1.0 1.006811276981617 1.006811276981617 0.0019162143566169298
59770.656854702036 4.0925 0.01949999999999985 1.0026879852578303 0.006736373459954647 1.0 1.0068112257488875 1.0068112257488875 -0.004123240491057167
59770.65687064545 4.0925 0.01949999999999985 1.009003269285518 0.006760873049820578 1.0 1.0068111745162047 1.0068111745162047 0.0021920947693132575
59770.65688658888 4.0925 0.01949999999999985 1.0211309029260562 0.006781660439410163 1.0 1.006811123283475 1.006811123283475 0.014319779642581132
59770.6569025323 4.0925 0.01949999999999985 0.9990766092204466 0.006736760539883727 1.0 1.006811072050769 1.006811072050769 -0.0077344628303224194
59770.65691847571 4.0925 0.01949999999999985 1.0002824973374265 0.006730218933038065 1.0 1.006811020818086 1.006811020818086 -0.006528523480659576
59770.65693441914 4.0925 0.01949999999999985 1.0014686182183676 0.006748527626055456 1.0 1.0068109695853567 1.0068109695853567 -0.005342351366989018
59770.65695036255 4.0925 0.01949999999999985 1.0169883259457841 0.006780999889198646 1.0 1.0068109183526737 1.0068109183526737 0.010177407593110477
59770.65696630598 4.0925 0.01949999999999985 1.0015025387018173 0.006748029888369508 1.0 1.006810867119944 1.006810867119944 -0.005308328418126784
59770.6569822494 4.0925 0.01949999999999985 1.003903574379742 0.006742552117549806 1.0 1.006810815887238 1.006810815887238 -0.0029072415074959945
59770.65699819282 4.0925 0.01949999999999985 1.0074832070558604 0.006749000598375597 1.0 1.0068107646545317 1.0068107646545317 0.0006724424013286878
59770.65701413624 4.0925 0.01949999999999985 1.0235267479892995 0.0067875203241298445 1.0 1.0068107134218256 1.0068107134218256 0.016716034567473947
59770.65703007966 4.0925 0.01949999999999985 0.9953749786443369 0.006732791134628437 1.0 1.0068106621891193 1.0068106621891193 -0.011435683544782416
59770.65704602308 4.0925 0.01949999999999985 0.9976879674138607 0.006720465203906327 1.0 1.0068106109564132 1.0068106109564132 -0.009122643542552544
59770.65706196651 4.0925 0.01949999999999985 1.0110615869347461 0.006762465212061299 1.0 1.0068105597236836 1.0068105597236836 0.004251027211062519
59770.65707790993 4.0925 0.01949999999999985 1.0208684298589372 0.006780289149122032 1.0 1.0068105084909773 1.0068105084909773 0.014057921367959914
59770.65709385334 4.0925 0.01949999999999985 1.0152459813867416 0.006771507274356894 1.0 1.0068104572582945 1.0068104572582945 0.008435524128447058
59770.65710979677 4.0925 0.01949999999999985 1.0110996980867424 0.006761760546227987 1.0 1.006810406025565 1.006810406025565 0.004289292061177452
59770.65712574018 4.0925 0.01949999999999985 0.9956216690158733 0.00672979615544912 1.0 1.0068103547928822 1.0068103547928822 -0.011188685777008822
59770.65714168361 4.0925 0.01949999999999985 1.0024855622330444 0.006747779157435937 1.0 1.0068103035601526 1.0068103035601526 -0.004324741327108139
59770.65715762703 4.0925 0.01949999999999985 1.0083226493367514 0.006761028320389821 1.0 1.0068102523274463 1.0068102523274463 0.0015123970093051664
59770.65717357045 4.0925 0.01949999999999985 0.9932894480213504 0.006730281312733457 1.0 1.0068102010947402 1.0068102010947402 -0.013520753073389735
59770.65718951387 4.0925 0.01949999999999985 1.0083417545037672 0.0067536655129258735 1.0 1.0068101498620339 1.0068101498620339 0.0015316046417332974
59770.65720545729 4.0925 0.01949999999999985 1.0115799478706216 0.006774037580785222 1.0 1.0068100986293278 1.0068100986293278 0.004769849241293755
59770.65722140071 4.0925 0.01949999999999985 1.010483832443293 0.0067688792300119845 1.0 1.0068100473966215 1.0068100473966215 0.003673785046671485
59770.65723734414 4.0925 0.01949999999999985 1.00645499031304 0.0067566328738358165 1.0 1.0068099961638919 1.0068099961638919 -0.0003550058508519083
59770.65725328755 4.0925 0.01949999999999985 1.0144953325515875 0.006794747686442685 1.0 1.0068099449312091 1.0068099449312091 0.007685387620378403
59770.65726923097 4.0925 0.01949999999999985 1.0202284894514786 0.0068007538889741795 1.0 1.006809893698503 1.006809893698503 0.013418595752975548
59770.6572851744 4.0925 0.01949999999999985 1.0091012804969388 0.006758989304090562 1.0 1.0068098424657734 1.0068098424657734 0.0022914380311653826
59770.65730111781 4.0925 0.01949999999999985 1.006054647871458 0.006769545017371016 1.0 1.0068097912330904 1.0068097912330904 -0.0007551433616324044
59770.65731706124 4.0925 0.01949999999999985 0.9949061664086151 0.006734925587890873 1.0 1.006809740000361 1.006809740000361 -0.011903573591745986
59770.65733300466 4.0925 0.01949999999999985 1.0164114084147842 0.006770379335494824 1.0 1.0068096887676548 1.0068096887676548 0.009601719647129414
59770.65734894808 4.0925 0.01949999999999985 1.003906327154091 0.006745490283060601 1.0 1.0068096375349487 1.0068096375349487 -0.002903310380857782
59770.6573648915 4.0925 0.01949999999999985 1.0188679609435576 0.006779092980431047 1.0 1.0068095863022424 1.0068095863022424 0.012058374641315206
59770.65738083492 4.0925 0.01949999999999985 1.0102604321408424 0.006747020212203625 1.0 1.006809535069536 1.006809535069536 0.0034508970713063025
59770.65739677834 4.0925 0.01949999999999985 1.0063735553915465 0.00675863531997723 1.0 1.00680948383683 1.00680948383683 -0.0004359284452835066
59770.65741272176 4.0925 0.01949999999999985 1.011765033365511 0.006758970416682109 1.0 1.0068094326041237 1.0068094326041237 0.0049556007613873465
59770.65742866518 4.0925 0.01949999999999985 1.0009962210329741 0.006752659479121603 1.0 1.0068093813714176 1.0068093813714176 -0.005813160338443479
59770.6574446086 4.0925 0.01949999999999985 1.009756599910601 0.006751659523247344 1.0 1.0068093301387113 1.0068093301387113 0.002947269771889749
59770.65746055203 4.0925 0.01949999999999985 1.0164105554817084 0.006778540143475376 1.0 1.0068092789059817 1.0068092789059817 0.009601276575726736
59770.65747649544 4.0925 0.01949999999999985 1.0134748237525948 0.006777732867839834 1.0 1.006809227673299 1.006809227673299 0.0066655960792958435
59770.65749243886 4.0925 0.01949999999999985 1.0052105093186603 0.0067586522376282855 1.0 1.0068091764405926 1.0068091764405926 -0.0015986671219323512
59770.65750838229 4.0925 0.01949999999999985 1.005974656315449 0.006750918670612649 1.0 1.0068091252078633 1.0068091252078633 -0.0008344688924142307
59770.65752432571 4.0925 0.01949999999999985 1.010878203979753 0.006767573002616139 1.0 1.006809073975157 1.006809073975157 0.004069130004596078
59770.65754026913 4.0925 0.01949999999999985 1.0118006148910346 0.006764880922239442 1.0 1.0068090227424509 1.0068090227424509 0.00499159214858369
59770.65755621255 4.0925 0.01949999999999985 1.017585334248291 0.006791085616218063 1.0 1.0068089715097446 1.0068089715097446 0.01077636273854643
59770.65757215597 4.0925 0.01949999999999985 1.0044372857620008 0.006754341725238417 1.0 1.0068089202770383 1.0068089202770383 -0.002371634515037524
59770.65758809939 4.0925 0.01949999999999985 1.0049966153960697 0.006758207407823568 1.0 1.0068088690443322 1.0068088690443322 -0.0018122536482625407
59770.65760404281 4.0925 0.01949999999999985 0.9994025590116643 0.006748083072475274 1.0 1.006808817811626 1.006808817811626 -0.007406258799961596
59770.65761998623 4.0925 0.01949999999999985 0.9914577491144551 0.006720855795530776 1.0 1.0068087665789198 1.0068087665789198 -0.015351017464464767
59770.65763592966 4.0925 0.01949999999999985 0.9955032045947952 0.006725779680598007 1.0 1.0068087153461902 1.0068087153461902 -0.011305510751394965
59770.65765187307 4.0925 0.01949999999999985 1.0024946830718993 0.006749588614285162 1.0 1.0068086641135074 1.0068086641135074 -0.004313981041608184
59770.65766781649 4.0925 0.01949999999999985 1.0169309361141823 0.006789855329824519 1.0 1.0068086128808011 1.0068086128808011 0.010122323233381136
59770.65768375992 4.0925 0.01949999999999985 1.007990026221052 0.006759113662597307 1.0 1.0068085616480715 1.0068085616480715 0.0011814645729804063
59770.65769970334 4.0925 0.01949999999999985 1.0086068276199467 0.006747555613950069 1.0 1.0068085104153655 1.0068085104153655 0.0017983172045812346
59770.65771564676 4.0925 0.01949999999999985 0.9998570938800287 0.0067378352475091306 1.0 1.0068084591826592 1.0068084591826592 -0.006951365302630408
59770.65773159018 4.0925 0.01949999999999985 0.9984370760147323 0.00673976911867404 1.0 1.006808407949953 1.006808407949953 -0.008371331935220772
59770.6577475336 4.0925 0.01949999999999985 1.0067077203791197 0.006754099368303045 1.0 1.0068083567172468 1.0068083567172468 -0.00010063633812706918
59770.65776347702 4.0925 0.01949999999999985 1.0023527075774459 0.006741852483088801 1.0 1.0068083054845405 1.0068083054845405 -0.0044555979070945995
59770.65777942044 4.0925 0.01949999999999985 1.000406885371632 0.006729921274984767 1.0 1.0068082542518344 1.0068082542518344 -0.006401368880202485
59770.65779536386 4.0925 0.01949999999999985 0.9915927715984679 0.006732481819431399 1.0 1.006808203019128 1.006808203019128 -0.015215431420660175
