eureka_custom_plots/data/stage5_lcfit_results/S5_wasp39b_ap4_bg8_Table_Save_ch56.txt
# %ECSV 1.0
# ---
# datatype:
# - {name: time, datatype: float64}
# - {name: wavelength, datatype: float64}
# - {name: bin_width, datatype: float64}
# - {name: lcdata, datatype: float64}
# - {name: lcerr, datatype: float64}
# - {name: transit, datatype: float64}
# - {name: polynom, datatype: float64}
# - {name: model, datatype: float64}
# - {name: residuals, datatype: float64}
# schema: astropy-2.0
time wavelength bin_width lcdata lcerr transit polynom model residuals
[from data line 7803]
59770.76842675831 5.166 0.018999999999999684 1.0237351953983111 0.013468937025231711 1.0 1.00642085119775 1.00642085119775 0.017314344200561216
59770.76844270174 5.166 0.018999999999999684 1.00727593765162 0.013524961659013762 1.0 1.0064208205744112 1.0064208205744112 0.0008551170772088668
59770.76845864515 5.166 0.018999999999999684 1.0049079137829648 0.013467386702069196 1.0 1.0064207899511002 1.0064207899511002 -0.0015128761681353353
59770.76847458858 5.166 0.018999999999999684 1.0337481694645614 0.01353739667157492 1.0 1.0064207593277614 1.0064207593277614 0.027327410136799957
59770.76849053199 5.166 0.018999999999999684 1.0215790928422128 0.013529274738366863 1.0 1.0064207287044507 1.0064207287044507 0.01515836413776217
59770.76850647541 5.166 0.018999999999999684 1.0089984975538593 0.01348083969679128 1.0 1.0064206980811257 1.0064206980811257 0.0025777994727336218
59770.76852241883 5.166 0.018999999999999684 1.003185021013281 0.013515976896432517 1.0 1.006420667457801 1.006420667457801 -0.0032356464445197908
59770.76853836225 5.166 0.018999999999999684 1.0044496983172477 0.013458680733758735 1.0 1.0064206368344761 1.0064206368344761 -0.0019709385172284044
59770.76855430567 5.166 0.018999999999999684 1.017762085751805 0.013456531603703572 1.0 1.0064206062111511 1.0064206062111511 0.011341479540653898
59770.76857024909 5.166 0.018999999999999684 0.9984162901929241 0.013467631654531123 1.0 1.0064205755878264 1.0064205755878264 -0.008004285394902277
59770.76858619251 5.166 0.018999999999999684 0.9865213173074785 0.01341841852339619 1.0 1.0064205449645016 1.0064205449645016 -0.019899227657023122
59770.76860213593 5.166 0.018999999999999684 1.018990871713109 0.013475902985448518 1.0 1.0064205143411766 1.0064205143411766 0.012570357371932461
59770.768618079346 5.166 0.018999999999999684 1.027452076764915 0.01350652102129684 1.0 1.0064204837178659 1.0064204837178659 0.021031593047049046
59770.768634022774 5.166 0.018999999999999684 1.0216738187851346 0.015131814193464968 1.0 1.006420453094527 1.006420453094527 0.015253365690607534
59770.768649966194 5.166 0.018999999999999684 1.0123077388252064 0.013518450970553209 1.0 1.0064204224712021 1.0064204224712021 0.005887316354004302
59770.768665909614 5.166 0.018999999999999684 1.0127113138580675 0.013499073640928056 1.0 1.0064203918478773 1.0064203918478773 0.006290922010190103
59770.76868185303 5.166 0.018999999999999684 0.9895382111597496 0.013446348856148455 1.0 1.0064203612245666 1.0064203612245666 -0.01688215006481697
59770.768697796455 5.166 0.018999999999999684 0.9722592757260533 0.013357263815189728 1.0 1.0064203306012276 1.0064203306012276 -0.03416105487517429
59770.76871373987 5.166 0.018999999999999684 0.9714241430740109 0.013351151078179808 1.0 1.0064202999779168 1.0064202999779168 -0.034996156903905895
59770.768729683296 5.166 0.018999999999999684 1.0068634323690373 0.013416163797835817 1.0 1.006420269354578 1.006420269354578 0.0004431630144592358
59770.76874562671 5.166 0.018999999999999684 0.9889152458834929 0.013435637537541604 1.0 1.006420238731267 1.006420238731267 -0.01750499284777418
59770.768761570136 5.166 0.018999999999999684 1.0156314954641794 0.013551004338431979 1.0 1.0064202081079283 1.0064202081079283 0.009211287356251097
59770.76877751355 5.166 0.018999999999999684 1.0085967203539434 0.013499716655457092 1.0 1.0064201774846175 1.0064201774846175 0.0021765428693258926
59770.76879345697 5.166 0.018999999999999684 1.0031907359427752 0.013446711390303285 1.0 1.0064201468612926 1.0064201468612926 -0.0032294109185173614
59770.76880940039 5.166 0.018999999999999684 1.0023422446677996 0.01341298917126244 1.0 1.0064201162379678 1.0064201162379678 -0.004077871570168146
59770.76882534381 5.166 0.018999999999999684 0.9990631868545863 0.013456326552773148 1.0 1.006420085614643 1.006420085614643 -0.00735689876005674
59770.76884128723 5.166 0.018999999999999684 0.9961067920906619 0.01338086713712716 1.0 1.006420054991318 1.006420054991318 -0.01031326290065615
59770.76885723065 5.166 0.018999999999999684 1.0097414349469935 0.01344389391351402 1.0 1.0064200243679933 1.0064200243679933 0.0033214105790002613
59770.76887317407 5.166 0.018999999999999684 1.0229422472453478 0.013468961900266347 1.0 1.0064199937446685 1.0064199937446685 0.016522253500679263
59770.76888911749 5.166 0.018999999999999684 1.0179239486398375 0.013444940370198962 1.0 1.0064199631213435 1.0064199631213435 0.011503985518493964
59770.768905060904 5.166 0.018999999999999684 1.0153873731604974 0.013466558568788627 1.0 1.0064199324980327 1.0064199324980327 0.008967440662464687
59770.76892100433 5.166 0.018999999999999684 0.9961783362723019 0.013404947446035194 1.0 1.006419901874694 1.006419901874694 -0.010241565602392089
59770.76893694775 5.166 0.018999999999999684 0.9870578608423837 0.013373076898755776 1.0 1.006419871251369 1.006419871251369 -0.01936201040898533
59770.76895289117 5.166 0.018999999999999684 1.0285900663195406 0.01351361053595933 1.0 1.0064198406280442 1.0064198406280442 0.022170225691496404
59770.768968834585 5.166 0.018999999999999684 1.0135882628570858 0.013469049585588814 1.0 1.0064198100047332 1.0064198100047332 0.007168452852352569
59770.76898477801 5.166 0.018999999999999684 1.0099627942693195 0.013544345061326813 1.0 1.0064197793813945 1.0064197793813945 0.0035430148879249668
59770.769000721426 5.166 0.018999999999999684 1.0054234501797648 0.013511923741551328 1.0 1.0064197487580837 1.0064197487580837 -0.0009962985783189549
59770.76901666485 5.166 0.018999999999999684 1.0045172875821518 0.01345130718530321 1.0 1.0064197181347447 1.0064197181347447 -0.0019024305525929819
59770.769032608274 5.166 0.018999999999999684 0.9994630543875608 0.013482399838565074 1.0 1.00641968751142 1.00641968751142 -0.0069566331238591905
59770.769048551694 5.166 0.018999999999999684 0.9988640815145151 0.013430912815671114 1.0 1.0064196568880952 1.0064196568880952 -0.007555575373580092
59770.769064495114 5.166 0.018999999999999684 1.0172623383665245 0.013497798655095573 1.0 1.0064196262647702 1.0064196262647702 0.010842712101754248
59770.76908043853 5.166 0.018999999999999684 1.0101167990748035 0.01349631768839343 1.0 1.0064195956414594 1.0064195956414594 0.0036972034333440096
59770.769096381955 5.166 0.018999999999999684 1.0078060371168598 0.013508377531650826 1.0 1.0064195650181207 1.0064195650181207 0.0013864720987391
59770.769112325375 5.166 0.018999999999999684 1.0266157800490103 0.01352345460905149 1.0 1.0064195343947957 1.0064195343947957 0.02019624565421463
59770.769128268796 5.166 0.018999999999999684 0.9981243538714571 0.013443093938962664 1.0 1.006419503771471 1.006419503771471 -0.008295149900013787
59770.76914421221 5.166 0.018999999999999684 0.9953547306059229 0.013433262358903398 1.0 1.0064194731481602 1.0064194731481602 -0.011064742542237216
59770.769160155636 5.166 0.018999999999999684 1.0202587054384302 0.013470012506615232 1.0 1.0064194425248212 1.0064194425248212 0.01383926291360904
59770.76917609905 5.166 0.018999999999999684 1.0259625466944406 0.013497411945745804 1.0 1.0064194119015104 1.0064194119015104 0.01954313479293024
59770.76919204248 5.166 0.018999999999999684 1.013833725595274 0.013439567942076567 1.0 1.0064193812781717 1.0064193812781717 0.007414344317102417
59770.76920798589 5.166 0.018999999999999684 1.0203056374510389 0.013485508398758403 1.0 1.0064193506548607 1.0064193506548607 0.013886286796178204
59770.76922392932 5.166 0.018999999999999684 0.9881444824258527 0.013482405564326618 1.0 1.006419320031522 1.006419320031522 -0.01827483760566917
59770.76923987273 5.166 0.018999999999999684 1.0299344331445224 0.015046550351459001 1.0 1.0064192894082111 1.0064192894082111 0.02351514373631125
59770.76925581615 5.166 0.018999999999999684 0.9902249792854331 0.013430658789928747 1.0 1.0064192587848861 1.0064192587848861 -0.016194279499453068
59770.76927175957 5.166 0.018999999999999684 0.9814690949520433 0.01336768453954413 1.0 1.0064192281615614 1.0064192281615614 -0.02495013320951811
59770.76928770299 5.166 0.018999999999999684 1.0080853388163222 0.01347799510152989 1.0 1.0064191975382366 1.0064191975382366 0.00166614127808562
59770.76930364641 5.166 0.018999999999999684 1.0274533053668065 0.013581566529916295 1.0 1.0064191669149116 1.0064191669149116 0.021034138451894835
59770.76931958983 5.166 0.018999999999999684 0.9991724307640701 0.013434720927743312 1.0 1.0064191362915869 1.0064191362915869 -0.007246705527516717
59770.76933553325 5.166 0.018999999999999684 1.0199939469131383 0.013465253534441767 1.0 1.006419105668262 1.006419105668262 0.013574841244876179
59770.76935147667 5.166 0.018999999999999684 1.0036952093669442 0.01341739521984163 1.0 1.006419075044937 1.006419075044937 -0.002723865677992876
59770.769367420085 5.166 0.018999999999999684 1.0088422740419591 0.013427609761209658 1.0 1.0064190444216263 1.0064190444216263 0.002423229620332812
59770.76938336351 5.166 0.018999999999999684 1.021925494687773 0.013571308952587062 1.0 1.0064190137982876 1.0064190137982876 0.015506480889485363
59770.76939930693 5.166 0.018999999999999684 0.9984607613812371 0.0134236045365745 1.0 1.0064189831749626 1.0064189831749626 -0.007958221793725517
59770.76941525035 5.166 0.018999999999999684 1.0112737281717803 0.013480810581470182 1.0 1.0064189525516378 1.0064189525516378 0.004854775620142471
59770.76943119377 5.166 0.018999999999999684 1.023075044401631 0.013515142815333066 1.0 1.006418921928327 1.006418921928327 0.016656122473303947
59770.769447137194 5.166 0.018999999999999684 0.9866696172813058 0.013432204256482476 1.0 1.006418891304988 1.006418891304988 -0.019749274023682317
59770.76946308061 5.166 0.018999999999999684 1.0076126288331486 0.013397859496675994 1.0 1.0064188606816773 1.0064188606816773 0.0011937681514713194
59770.769479024035 5.166 0.018999999999999684 0.9836110688020768 0.013385147779039909 1.0 1.0064188300583385 1.0064188300583385 -0.022807761256261716
59770.76949496745 5.166 0.018999999999999684 1.0103973472504737 0.013461695242705223 1.0 1.0064187994350275 1.0064187994350275 0.003978547815446154
59770.769510910875 5.166 0.018999999999999684 1.0143749575959167 0.013470115786094358 1.0 1.0064187688116888 1.0064187688116888 0.00795618878422788
59770.76952685429 5.166 0.018999999999999684 0.993725516644432 0.013359341212191926 1.0 1.006418738188378 1.006418738188378 -0.012693221543946032
59770.76954279771 5.166 0.018999999999999684 1.0259002687187628 0.013577394159527452 1.0 1.006418707565053 1.006418707565053 0.019481561153709803
59770.76955874113 5.166 0.018999999999999684 0.9887466180610551 0.013429448782028092 1.0 1.0064186769417283 1.0064186769417283 -0.017672058880673136
59770.76957468456 5.166 0.018999999999999684 0.9960712785928174 0.013446635130134924 1.0 1.0064186463183895 1.0064186463183895 -0.010347367725572099
59770.76959062797 5.166 0.018999999999999684 1.0269406297942536 0.013499472480063158 1.0 1.0064186156950785 1.0064186156950785 0.02052201409917509
59770.76960657139 5.166 0.018999999999999684 1.0172677001864439 0.013529385604703723 1.0 1.0064185850717537 1.0064185850717537 0.010849115114690111
59770.76962251481 5.166 0.018999999999999684 1.0276513677293058 0.013545909635188291 1.0 1.006418554448429 1.006418554448429 0.021232813280876783
59770.76963845823 5.166 0.018999999999999684 1.0326843643452293 0.01357391005765364 1.0 1.006418523825104 1.006418523825104 0.02626584052012526
59770.76965440165 5.166 0.018999999999999684 0.9964324629391187 0.013464675512655424 1.0 1.0064184932017792 1.0064184932017792 -0.009986030262660539
59770.76967034507 5.166 0.018999999999999684 1.0224332877186064 0.013513831525885586 1.0 1.0064184625784545 1.0064184625784545 0.016014825140151956
59770.76968628849 5.166 0.018999999999999684 1.0431930356695314 0.013549355984201959 1.0 1.0064184319551295 1.0064184319551295 0.03677460371440189
59770.76970223191 5.166 0.018999999999999684 1.0011440696677631 0.013422805605336699 1.0 1.0064184013318047 1.0064184013318047 -0.005274331664041565
59770.769718175325 5.166 0.018999999999999684 0.9805314495283116 0.013354563486125081 1.0 1.006418370708494 1.006418370708494 -0.02588692118018232
59770.76973411875 5.166 0.018999999999999684 1.0046221019183708 0.013483750218002936 1.0 1.006418340085155 1.006418340085155 -0.0017962381667842031
59770.769750062165 5.166 0.018999999999999684 1.001293344881481 0.01345758236766777 1.0 1.0064183094618442 1.0064183094618442 -0.005124964580363267
59770.76976600559 5.166 0.018999999999999684 1.012100599110772 0.013495020120119893 1.0 1.0064182788385054 1.0064182788385054 0.005682320272266672
59770.76978194901 5.166 0.018999999999999684 0.9750244754387175 0.013389058728996091 1.0 1.0064182482151804 1.0064182482151804 -0.031393772776462936
59770.76979789243 5.166 0.018999999999999684 0.9888951991805092 0.013420782662110704 1.0 1.0064182175918557 1.0064182175918557 -0.017523018411346514
59770.769813835854 5.166 0.018999999999999684 1.0239510065605224 0.013480197355175296 1.0 1.006418186968531 1.006418186968531 0.01753281959199149
59770.76982977927 5.166 0.018999999999999684 1.0139516072693504 0.013439406246986085 1.0 1.00641815634522 1.00641815634522 0.0075334509241304914
59770.769845722694 5.166 0.018999999999999684 1.0017341796933705 0.013502114967470297 1.0 1.0064181257218812 1.0064181257218812 -0.004683946028510633
59770.769861666115 5.166 0.018999999999999684 1.0212638844644397 0.013481848436321867 1.0 1.0064180950985564 1.0064180950985564 0.014845789365883322
59770.769877609535 5.166 0.018999999999999684 1.0144567520835208 0.013478576147385781 1.0 1.0064180644752314 1.0064180644752314 0.008038687608289408
59770.76989355295 5.166 0.018999999999999684 1.0378168829250052 0.013566248560152655 1.0 1.0064180338519206 1.0064180338519206 0.031398849073084545
59770.769909496375 5.166 0.018999999999999684 0.9882665493632847 0.015051054781025587 1.0 1.0064180032285819 1.0064180032285819 -0.01815145386529715
59770.76992543979 5.166 0.018999999999999684 1.02274105417035 0.01354994580689612 1.0 1.0064179726052709 1.0064179726052709 0.016323081565079223
59770.769941383216 5.166 0.018999999999999684 1.0283468147153398 0.013542407185100405 1.0 1.0064179419819321 1.0064179419819321 0.02192887273340771
59770.76995732663 5.166 0.018999999999999684 1.0154013027151227 0.013472531843566416 1.0 1.0064179113586211 1.0064179113586211 0.008983391356501613
59770.76997327006 5.166 0.018999999999999684 1.0060336736906532 0.013408557883955619 1.0 1.0064178807352824 1.0064178807352824 -0.000384207044629159
59770.76998921347 5.166 0.018999999999999684 1.0169923040217763 0.013507757459083457 1.0 1.0064178501119716 1.0064178501119716 0.010574453909804715
59770.77000515689 5.166 0.018999999999999684 1.0141231374911663 0.013493044162122374 1.0 1.0064178194886466 1.0064178194886466 0.007705318002519723
59770.77002110031 5.166 0.018999999999999684 1.0216974922694708 0.013506753861549427 1.0 1.0064177888653218 1.0064177888653218 0.01527970340414897
59770.77003704373 5.166 0.018999999999999684 0.9921204526918102 0.013446989698486646 1.0 1.006417758241997 1.006417758241997 -0.014297305550186934
59770.77005298715 5.166 0.018999999999999684 0.9964924917163724 0.013471500698982791 1.0 1.006417727618672 1.006417727618672 -0.009925235902299656
59770.77006893057 5.166 0.018999999999999684 1.0027518965836353 0.013441474576857359 1.0 1.0064176969953473 1.0064176969953473 -0.00366580041171205
59770.77008487399 5.166 0.018999999999999684 0.9864926249886535 0.013408143659438349 1.0 1.0064176663720226 1.0064176663720226 -0.019925041383369035
59770.77010081741 5.166 0.018999999999999684 1.0044762658395905 0.013463240760414833 1.0 1.0064176357486976 1.0064176357486976 -0.0019413699091070935
59770.77011676083 5.166 0.018999999999999684 1.0134036782638447 0.01346185709573953 1.0 1.0064176051253728 1.0064176051253728 0.006986073138471882
