eureka_custom_plots/data/stage5_lcfit_results/S5_wasp39b_ap4_bg8_Table_Save_ch06.txt
# %ECSV 1.0
# ---
# datatype:
# - {name: time, datatype: float64}
# - {name: wavelength, datatype: float64}
# - {name: bin_width, datatype: float64}
# - {name: lcdata, datatype: float64}
# - {name: lcerr, datatype: float64}
# - {name: transit, datatype: float64}
# - {name: polynom, datatype: float64}
# - {name: model, datatype: float64}
# - {name: residuals, datatype: float64}
# schema: astropy-2.0
time wavelength bin_width lcdata lcerr transit polynom model residuals
[from data line 16756]
59770.911168192484 3.2489999999999997 0.018999999999999906 0.9997730869390982 0.0043211917282065665 1.0 1.0055402761434382 1.0055402761434382 -0.005767189204340051
59770.9111841359 3.2489999999999997 0.018999999999999906 1.0113382296457716 0.004339367454998559 1.0 1.0055401352471731 1.0055401352471731 0.005798094398598463
59770.911200079325 3.2489999999999997 0.018999999999999906 1.0123373775406892 0.005038713145533105 1.0 1.0055399943507792 1.0055399943507792 0.006797383189909967
59770.91121602274 3.2489999999999997 0.018999999999999906 1.0033431047592836 0.004332727547832985 1.0 1.005539853454514 1.005539853454514 -0.002196748695230344
59770.91123196616 3.2489999999999997 0.018999999999999906 0.9987021723860671 0.004317851348319701 1.0 1.0055397125581844 1.0055397125581844 -0.006837540172117351
59770.91124790958 3.2489999999999997 0.018999999999999906 0.9993854228455814 0.004321957285355373 1.0 1.005539571661855 1.005539571661855 -0.006154148816273519
59770.91126385299 3.2489999999999997 0.018999999999999906 1.0053383492359618 0.004334511514617284 1.0 1.0055394307655898 1.0055394307655898 -0.00020108152962805548
59770.91127979641 3.2489999999999997 0.018999999999999906 1.0039430383737238 0.00432589917945191 1.0 1.0055392898692603 1.0055392898692603 -0.0015962514955365492
59770.91129573983 3.2489999999999997 0.018999999999999906 1.0101916567017788 0.004336722311378584 1.0 1.0055391489729306 1.0055391489729306 0.004652507728848176
59770.91131168325 3.2489999999999997 0.018999999999999906 1.00616157276764 0.004328031720026714 1.0 1.0055390080766011 1.0055390080766011 0.0006225646910389404
59770.911327626665 3.2489999999999997 0.018999999999999906 1.0032194049250884 0.004328479396522975 1.0 1.005538867180336 1.005538867180336 -0.002319462255247595
59770.91134357009 3.2489999999999997 0.018999999999999906 1.0011294939924418 0.004324681321460673 1.0 1.0055387262839421 1.0055387262839421 -0.0044092322915003646
59770.911359513506 3.2489999999999997 0.018999999999999906 1.005892314476752 0.004340447654348501 1.0 1.0055385853876768 1.0055385853876768 0.000353729089075161
59770.91137545692 3.2489999999999997 0.018999999999999906 1.0037326315729793 0.004319901894018197 1.0 1.0055384444914117 1.0055384444914117 -0.0018058129184324034
59770.91139140035 3.2489999999999997 0.018999999999999906 0.9976971963632499 0.004998548976059376 1.0 1.0055383035950178 1.0055383035950178 -0.007841107231767896
59770.91140734377 3.2489999999999997 0.018999999999999906 1.0072456502017657 0.004331532609455772 1.0 1.0055381626986883 1.0055381626986883 0.001707487503077365
59770.91142328719 3.2489999999999997 0.018999999999999906 1.001230166773909 0.004321034391579206 1.0 1.0055380218023589 1.0055380218023589 -0.004307855028449881
59770.9114392306 3.2489999999999997 0.018999999999999906 1.0092695406533727 0.004339462363142763 1.0 1.0055378809060935 1.0055378809060935 0.0037316597472791813
59770.91145517402 3.2489999999999997 0.018999999999999906 1.0093504564257472 0.005016223180351914 1.0 1.005537740009764 1.005537740009764 0.0038127164159831306
59770.91147111744 3.2489999999999997 0.018999999999999906 1.007168881704283 0.004331370754133697 1.0 1.0055375991134345 1.0055375991134345 0.0016312825908484374
59770.91148706086 3.2489999999999997 0.018999999999999906 1.0075293215574732 0.004334470982064734 1.0 1.005537458217105 1.005537458217105 0.0019918633403681607
59770.911503004274 3.2489999999999997 0.018999999999999906 1.005814504572167 0.004330947403832204 1.0 1.0055373173208397 1.0055373173208397 0.00027718725132719335
59770.9115189477 3.2489999999999997 0.018999999999999906 1.0076081139303081 0.0043358456517167765 1.0 1.005537176424446 1.005537176424446 0.0020709375058620694
59770.911534891115 3.2489999999999997 0.018999999999999906 1.0022279293004235 0.004324477375183919 1.0 1.0055370355281807 1.0055370355281807 -0.0033091062277572636
59770.91155083453 3.2489999999999997 0.018999999999999906 1.013576602537798 0.0043487224882144205 1.0 1.0055368946319156 1.0055368946319156 0.008039707905882265
59770.911566777955 3.2489999999999997 0.018999999999999906 1.0122189182386985 0.004343030303825027 1.0 1.0055367537355218 1.0055367537355218 0.006682164503176713
59770.911582721375 3.2489999999999997 0.018999999999999906 1.0062312928457573 0.004325498566630068 1.0 1.0055366128391923 1.0055366128391923 0.0006946800065650294
59770.91159866479 3.2489999999999997 0.018999999999999906 0.9977574761022049 0.004318169137153832 1.0 1.005536471942927 1.005536471942927 -0.007778995840722058
59770.91161460821 3.2489999999999997 0.018999999999999906 1.0043212986015557 0.0043297267764545785 1.0 1.0055363310465975 1.0055363310465975 -0.0012150324450417305
59770.91163055163 3.2489999999999997 0.018999999999999906 1.004046319263436 0.004327017136595297 1.0 1.005536190150268 1.005536190150268 -0.0014898708868320565
59770.91164649505 3.2489999999999997 0.018999999999999906 1.0014740295091467 0.004323407680742772 1.0 1.0055360492539385 1.0055360492539385 -0.004062019744791812
59770.91166243847 3.2489999999999997 0.018999999999999906 1.0065097717339633 0.004333615183852137 1.0 1.005535908357609 1.005535908357609 0.0009738633763543003
59770.91167838188 3.2489999999999997 0.018999999999999906 1.0092577538244882 0.004338343113852985 1.0 1.0055357674613437 1.0055357674613437 0.0037219863631445804
59770.91169432531 3.2489999999999997 0.018999999999999906 1.0026843574928468 0.00431992159385257 1.0 1.0055356265649498 1.0055356265649498 -0.00285126907210298
59770.91171026872 3.2489999999999997 0.018999999999999906 1.005211508999212 0.004328583533897113 1.0 1.0055354856686847 1.0055354856686847 -0.0003239766694727031
59770.911726212136 3.2489999999999997 0.018999999999999906 1.005546919229216 0.004330295695652638 1.0 1.0055353447724193 1.0055353447724193 1.1574456796559218e-05
59770.911742155564 3.2489999999999997 0.018999999999999906 1.004353895288774 0.004336106776496962 1.0 1.0055352038760257 1.0055352038760257 -0.0011813085872516282
59770.91175809898 3.2489999999999997 0.018999999999999906 1.015230164306602 0.004346182313778564 1.0 1.0055350629797604 1.0055350629797604 0.009695101326841593
59770.9117740424 3.2489999999999997 0.018999999999999906 1.0065197540143576 0.004326428166223356 1.0 1.0055349220834309 1.0055349220834309 0.0009848319309266884
59770.91178998582 3.2489999999999997 0.018999999999999906 1.0044876910470337 0.004328249846743971 1.0 1.0055347811871014 1.0055347811871014 -0.0010470901400676524
59770.91180592924 3.2489999999999997 0.018999999999999906 1.0100434576647475 0.004341428214034463 1.0 1.0055346402907719 1.0055346402907719 0.004508817373975571
59770.91182187265 3.2489999999999997 0.018999999999999906 0.9975096851754014 0.004312231174305244 1.0 1.0055344993945066 1.0055344993945066 -0.00802481421910517
59770.91183781607 3.2489999999999997 0.018999999999999906 "" "" 1.0 1.005534358498177 1.005534358498177 ""
59770.91185375949 3.2489999999999997 0.018999999999999906 0.9964802299897563 0.004987714250720808 1.0 1.0055342176018476 1.0055342176018476 -0.009053987612091308
59770.91186970291 3.2489999999999997 0.018999999999999906 1.0058032171555318 0.004328784079961966 1.0 1.005534076705518 1.005534076705518 0.000269140450013694
59770.91188564633 3.2489999999999997 0.018999999999999906 1.0091793301903107 0.004338572100817203 1.0 1.0055339358091886 1.0055339358091886 0.0036453943811221023
59770.911901589745 3.2489999999999997 0.018999999999999906 1.0004361118262213 0.004321788934461946 1.0 1.0055337949129233 1.0055337949129233 -0.0050976830867019984
59770.91191753317 3.2489999999999997 0.018999999999999906 1.0052587768076067 0.004327482996671065 1.0 1.0055336540165294 1.0055336540165294 -0.00027487720892271916
59770.911933476586 3.2489999999999997 0.018999999999999906 1.0074363619802509 0.004328261232731543 1.0 1.0055335131202643 1.0055335131202643 0.0019028488599865945
59770.911949420006 3.2489999999999997 0.018999999999999906 1.006651134436041 0.004330250352018078 1.0 1.0055333722239348 1.0055333722239348 0.0011177622121061326
59770.911965363426 3.2489999999999997 0.018999999999999906 1.0030640010828218 0.004331611171936312 1.0 1.005533231327605 1.005533231327605 -0.0024692302447832937
59770.91198130685 3.2489999999999997 0.018999999999999906 1.0061468880993543 0.004328404807777444 1.0 1.0055330904312756 1.0055330904312756 0.000613797668078675
59770.91199725026 3.2489999999999997 0.018999999999999906 1.010094666533464 0.0043385069856442145 1.0 1.0055329495350105 1.0055329495350105 0.0045617169984535355
59770.91201319368 3.2489999999999997 0.018999999999999906 1.0120079033950915 0.004342663133993584 1.0 1.005532808638681 1.005532808638681 0.006475094756410504
59770.9120291371 3.2489999999999997 0.018999999999999906 1.007925778869057 0.004335414271631059 1.0 1.0055326677423513 1.0055326677423513 0.002393111126705705
59770.91204508051 3.2489999999999997 0.018999999999999906 1.0002492032864745 0.004324481831794739 1.0 1.0055325268460862 1.0055325268460862 -0.005283323559611697
59770.91206102394 3.2489999999999997 0.018999999999999906 1.0085430229120627 0.004342498274591716 1.0 1.0055323859496923 1.0055323859496923 0.003010636962370361
59770.912076967354 3.2489999999999997 0.018999999999999906 1.0040608392825123 0.004333865122684373 1.0 1.0055322450534272 1.0055322450534272 -0.0014714057709148687
59770.912092910774 3.2489999999999997 0.018999999999999906 1.005021218737801 0.004332844973044098 1.0 1.0055321041570977 1.0055321041570977 -0.0005108854192967804
59770.912108854194 3.2489999999999997 0.018999999999999906 1.014495124173785 0.0043469832538172715 1.0 1.005531963260768 1.005531963260768 0.008963160913016965
59770.912124797615 3.2489999999999997 0.018999999999999906 1.009882772003378 0.004336836731132457 1.0 1.0055318223644385 1.0055318223644385 0.004350949638939561
59770.912140741035 3.2489999999999997 0.018999999999999906 1.0008020984464132 0.004319571917734154 1.0 1.005531681468109 1.005531681468109 -0.0047295830216957935
59770.912156684455 3.2489999999999997 0.018999999999999906 1.0095372880227949 0.0043389340864238525 1.0 1.0055315405717795 1.0055315405717795 0.00400574745101534
59770.91217262787 3.2489999999999997 0.018999999999999906 1.0030299504906937 0.004327485504132089 1.0 1.0055313996755142 1.0055313996755142 -0.0025014491848205367
59770.91218857129 3.2489999999999997 0.018999999999999906 1.00255741427924 0.00432579772350402 1.0 1.0055312587791847 1.0055312587791847 -0.0029738444999447555
59770.91220451471 3.2489999999999997 0.018999999999999906 1.0075116505233945 0.004325498747215257 1.0 1.0055311178828552 1.0055311178828552 0.001980532640539323
59770.91222045812 3.2489999999999997 0.018999999999999906 0.9966103392891418 0.0043206528614208786 1.0 1.00553097698659 1.00553097698659 -0.00892063769744833
59770.91223640155 3.2489999999999997 0.018999999999999906 0.9994541242433227 0.0043210050411817726 1.0 1.0055308360901962 1.0055308360901962 -0.006076711846873528
59770.91225234496 3.2489999999999997 0.018999999999999906 1.010721397716742 0.004345839457854368 1.0 1.005530695193931 1.005530695193931 0.005190702522811064
59770.91226828838 3.2489999999999997 0.018999999999999906 1.0044054265245694 0.0043296875860214966 1.0 1.0055305542976014 1.0055305542976014 -0.0011251277730319753
59770.9122842318 3.2489999999999997 0.018999999999999906 1.0109897329831719 0.004340073798210907 1.0 1.005530413401272 1.005530413401272 0.005459319581899935
59770.912300175216 3.2489999999999997 0.018999999999999906 1.0029868972784532 0.004328654044170644 1.0 1.0055302725050068 1.0055302725050068 -0.002543375226553568
59770.912316118636 3.2489999999999997 0.018999999999999906 "" "" 1.0 1.005530131608677 1.005530131608677 ""
59770.912332062064 3.2489999999999997 0.018999999999999906 1.000734082752893 0.004322374422287777 1.0 1.0055299907122834 1.0055299907122834 -0.004795907959390444
59770.91234800548 3.2489999999999997 0.018999999999999906 1.00283166106476 0.004332607338440513 1.0 1.0055298498160181 1.0055298498160181 -0.002698188751258046
59770.91236394889 3.2489999999999997 0.018999999999999906 0.9983990658937582 0.004319065846581701 1.0 1.005529708919753 1.005529708919753 -0.007130643025994865
59770.91237989232 3.2489999999999997 0.018999999999999906 1.0022316519445416 0.00432537868819052 1.0 1.0055295680233591 1.0055295680233591 -0.0032979160788175754
59770.91239583573 3.2489999999999997 0.018999999999999906 0.9968906398812097 0.004314495785003052 1.0 1.0055294271270938 1.0055294271270938 -0.008638787245884072
59770.91241177916 3.2489999999999997 0.018999999999999906 1.0098757172395894 0.0043425415674400855 1.0 1.0055292862307001 1.0055292862307001 0.004346431008889207
59770.91242772257 3.2489999999999997 0.018999999999999906 1.0034339132592536 0.00432906322789271 1.0 1.0055291453344348 1.0055291453344348 -0.0020952320751812525
59770.91244366599 3.2489999999999997 0.018999999999999906 1.0074263674964135 0.004332786582262404 1.0 1.0055290044381053 1.0055290044381053 0.0018973630583081214
59770.91245960941 3.2489999999999997 0.018999999999999906 1.0042507162563927 0.004333992012530385 1.0 1.0055288635417758 1.0055288635417758 -0.0012781472853831133
59770.912475552825 3.2489999999999997 0.018999999999999906 1.010101085257884 0.0043370491144535854 1.0 1.0055287226455105 1.0055287226455105 0.004572362612373482
59770.912491496245 3.2489999999999997 0.018999999999999906 1.003634075622916 0.004328760384040738 1.0 1.005528581749181 1.005528581749181 -0.001894506126264961
59770.912507439665 3.2489999999999997 0.018999999999999906 1.003588174618835 0.004329772708631084 1.0 1.0055284408528515 1.0055284408528515 -0.0019402662340164412
59770.912523383085 3.2489999999999997 0.018999999999999906 1.0022974017742143 0.004323752686374988 1.0 1.005528299956522 1.005528299956522 -0.0032308981823077065
59770.9125393265 3.2489999999999997 0.018999999999999906 1.001077338843 0.00432411088788972 1.0 1.0055281590602567 1.0055281590602567 -0.004450820217256624
59770.912555269926 3.2489999999999997 0.018999999999999906 1.0084458718449225 0.004330932939221148 1.0 1.005528018163863 1.005528018163863 0.002917853681059457
59770.91257121334 3.2489999999999997 0.018999999999999906 0.999739446695677 0.004320787893478511 1.0 1.0055278772675977 1.0055278772675977 -0.0057884305719206885
59770.91258715676 3.2489999999999997 0.018999999999999906 1.001728326362635 0.004327283644925009 1.0 1.0055277363712682 1.0055277363712682 -0.003799410008633153
59770.91260310018 3.2489999999999997 0.018999999999999906 1.0007577195502901 0.0043232875763919475 1.0 1.0055275954749388 1.0055275954749388 -0.004769875924648614
59770.9126190436 3.2489999999999997 0.018999999999999906 1.0027392060349798 0.004321660854612273 1.0 1.0055274545786093 1.0055274545786093 -0.002788248543629468
59770.91263498702 3.2489999999999997 0.018999999999999906 0.9950618787181201 0.00431222721886907 1.0 1.0055273136822795 1.0055273136822795 -0.010465434964159415
59770.91265093043 3.2489999999999997 0.018999999999999906 0.9967293058890349 0.004312823620553725 1.0 1.0055271727860144 1.0055271727860144 -0.00879786689697959
59770.91266687385 3.2489999999999997 0.018999999999999906 1.0100790405665212 0.004341991270300708 1.0 1.005527031889685 1.005527031889685 0.00455200867683625
59770.912682817274 3.2489999999999997 0.018999999999999906 1.00824812068961 0.0043412511107783925 1.0 1.0055268909933555 1.0055268909933555 0.0027212296962544347
59770.912698760694 3.2489999999999997 0.018999999999999906 1.001214540269382 0.0043242116404417445 1.0 1.005526750097026 1.005526750097026 -0.00431220982764402
59770.91271470411 3.2489999999999997 0.018999999999999906 1.0033203097234218 0.004328661788815014 1.0 1.0055266092007606 1.0055266092007606 -0.002206299477338858
59770.912730647535 3.2489999999999997 0.018999999999999906 1.0011536161618837 0.0043191619319783246 1.0 1.0055264683043668 1.0055264683043668 -0.0043728521424830635
