eureka_custom_plots/data/stage5_lcfit_results/S5_wasp39b_ap4_bg8_Table_Save_ch20.txt
# %ECSV 1.0
# ---
# datatype:
# - {name: time, datatype: float64}
# - {name: wavelength, datatype: float64}
# - {name: bin_width, datatype: float64}
# - {name: lcdata, datatype: float64}
# - {name: lcerr, datatype: float64}
# - {name: transit, datatype: float64}
# - {name: polynom, datatype: float64}
# - {name: model, datatype: float64}
# - {name: residuals, datatype: float64}
# schema: astropy-2.0
time wavelength bin_width lcdata lcerr transit polynom model residuals
[from data line 14594]
59770.8766985206 3.786 0.019000000000000128 0.9773618076418775 0.006056277683748406 0.9798936521679062 1.0060164214829428 0.9857891053878085 -0.008427297745930984
59770.87671446402 3.786 0.019000000000000128 0.9817268586149632 0.0060689581974643966 0.9798968116809871 1.0060163524887178 0.9857922163026306 -0.004065357687667359
59770.87673040744 3.786 0.019000000000000128 0.9757961710686934 0.006054936915959991 0.9798999808213436 1.006016283494493 0.985795336902213 -0.009999165833519563
59770.876746350856 3.786 0.019000000000000128 0.9819402722224222 0.006068305396492631 0.9799031597298193 1.0060162145002995 0.9857984673282753 -0.0038581951058530572
59770.876762294276 3.786 0.019000000000000128 0.9849028265990445 0.006085661705391264 0.9799063485588158 1.0060161455060748 0.985801607734072 -0.0008987811350275043
59770.876778237696 3.786 0.019000000000000128 0.9931160093489938 0.006111295016533071 0.9799095474644071 1.00601607651185 0.9858047582766453 0.007311251072348535
59770.87679418112 3.786 0.019000000000000128 0.9855204928563948 0.006080871961025385 0.9799127566127287 1.006016007517625 0.9858079191231275 -0.00028742626673272653
59770.87681012454 3.786 0.019000000000000128 0.9894863065331388 0.0060824960984079855 0.9799159761801012 1.0060159385234002 0.9858110904508983 0.003675216082240529
59770.87682606796 3.786 0.019000000000000128 0.9922716859323145 0.006106976108593221 0.9799192063538881 1.0060158695291752 0.985814272448446 0.006457413483868524
59770.87684201137 3.786 0.019000000000000128 0.9803044483345149 0.006072992237794517 0.9799224473325647 1.006015800534982 0.9858174653154688 -0.005513016980953855
59770.87685795479 3.786 0.019000000000000128 0.9895900459895335 0.006094509569631349 0.9799256993336106 1.006015731540757 0.9858206692706901 0.0037693767188433647
59770.87687389821 3.786 0.019000000000000128 0.9912543834288403 0.006093944464415199 0.9799289625863452 1.0060156625465322 0.985823884544838 0.005430498884002266
59770.87688984163 3.786 0.019000000000000128 0.9982507494300028 0.006104105533616036 0.9799322373412533 1.0060155935523074 0.9858271113899015 0.01242363804010127
59770.87690578505 3.786 0.019000000000000128 0.983506299231965 0.006074079697871268 0.9799355238716406 1.0060155245580824 0.9858303500808279 -0.002324050848862891
59770.876921728464 3.786 0.019000000000000128 0.9788829692649099 0.006068958456269227 0.9799388224768861 1.0060154555638892 0.9858336009188257 -0.00695063165391574
59770.87693767189 3.786 0.019000000000000128 0.9797660241781067 0.006066355681078931 0.9799421334957608 1.0060153865696329 0.9858368642446085 -0.006070840066501826
59770.876953615305 3.786 0.019000000000000128 0.9928782082161537 0.006105521160249045 0.979945457299121 1.0060153175754394 0.9858401404313843 0.007038067784769342
59770.87696955873 3.786 0.019000000000000128 0.9826238423360774 0.006074265809429366 0.9799487943237413 1.006015248581183 0.9858434299184292 -0.003219587582351857
59770.876985502146 3.786 0.019000000000000128 0.984154022942592 0.0060736787527332185 0.9799521450671379 1.0060151795869896 0.9858467332063724 -0.0016927102637803726
59770.877001445566 3.786 0.019000000000000128 0.9891744459583635 0.00608644710730496 0.9799555101399005 1.0060151105927648 0.9858500509093813 0.003324395048982187
59770.877017388986 3.786 0.019000000000000128 0.9960049317647349 0.0061104032992077015 0.979958890301498 1.0060150415985398 0.9858533837915204 0.010151547973214492
59770.8770333324 3.786 0.019000000000000128 0.984963699429459 0.006069514992785538 0.9799622865736722 1.0060149726043466 0.9858567328807057 -0.0008930334512466942
59770.87704927582 3.786 0.019000000000000128 0.9810639450657077 0.006071995705000323 0.979965700528509 1.0060149036101216 0.9858600997584132 -0.0047961546927054455
59770.87706521924 3.786 0.019000000000000128 0.9814768922810128 0.0060763828483473585 0.9799691357720847 1.0060148346158968 0.9858634880524371 -0.0043865957714243065
59770.87708116266 3.786 0.019000000000000128 0.9859778781104339 0.00606696695085147 0.9799731818076242 1.006014765621672 0.9858674908117212 0.0001103872987127108
59770.87709710608 3.786 0.019000000000000128 0.9942930022037554 0.006097303025359622 0.9799778595002101 1.006014696627447 0.9858721290267187 0.008420873177036658
59770.8771130495 3.786 0.019000000000000128 0.9807905654392491 0.006078757208003754 0.9799829283960378 1.0060146276332222 0.9858771607972547 -0.005086595358005597
59770.877128992914 3.786 0.019000000000000128 0.9869923482483371 0.0060769429138076815 0.979988312355432 1.0060145586390288 0.9858825095256566 0.0011098387226805562
59770.877144936334 3.786 0.019000000000000128 0.9830877492319327 0.006068549891781329 0.9799939681020183 1.006014489644804 0.9858881316751383 -0.0028003824432056845
59770.877160879754 3.786 0.019000000000000128 0.9857475573516319 0.00608319766418457 0.9799998666081432 1.006014420650579 0.9858939980434359 -0.0001464406918040284
59770.87717682318 3.786 0.019000000000000128 0.9829590039311457 0.006076653815330711 0.9800059866176933 1.0060143516563227 0.9859000872465136 -0.0029410833153679095
59770.877192766595 3.786 0.019000000000000128 0.9892132207790701 0.00608297974746346 0.9800123116604991 1.0060142826621294 0.9859063827151922 0.0033068380638779926
59770.87720871001 3.786 0.019000000000000128 0.9848597159042541 0.006081987080347235 0.9800188284911265 1.006014213667936 0.9859128711242725 -0.0010531552200183647
59770.877224653435 3.786 0.019000000000000128 0.9817629408489686 0.00606360272732799 0.9800255261428459 1.0060141446736797 0.9859195414409679 -0.004156600591999293
59770.87724059685 3.786 0.019000000000000128 0.9794411968697617 0.006064302043565475 0.9800323953153414 1.0060140756794862 0.9859263843091159 -0.006485187439354223
59770.877256540276 3.786 0.019000000000000128 0.9864284769884519 0.0060900577700437 0.980039428021673 1.00601400668523 0.9859333916935842 0.0004950852948677475
59770.87727248369 3.786 0.019000000000000128 0.9880351035313956 0.006084933021124017 0.9800466172620919 1.0060139376910364 0.9859405565526171 0.002094546978778422
59770.87728842711 3.786 0.019000000000000128 0.9848324072980743 0.006072146886102557 0.9800539568720729 1.0060138686968116 0.9859478726844922 -0.0011154653864179354
59770.87730437053 3.786 0.019000000000000128 0.9802226873368072 0.006070518140785272 0.9800614413380305 1.0060137997025869 0.985955334542466 -0.005732647205658803
59770.87732031394 3.786 0.019000000000000128 0.9771690976135 0.006054771429514403 0.9800690656975056 1.0060137307083934 0.9859629371342371 -0.00879383952073709
59770.87733625737 3.786 0.019000000000000128 0.985894407018468 0.006074227777237715 0.9800768254651265 1.006013661714137 0.9859706759473392 -7.626892887124814e-05
59770.87735220078 3.786 0.019000000000000128 0.9837762563044592 0.006072420704679641 0.9800847165254094 1.0060135927199436 0.9859785468416347 -0.0022022905371754664
59770.8773681442 3.786 0.019000000000000128 0.9857032462034656 0.006079239265930744 0.9800927351266255 1.0060135237257188 0.9859865460427142 -0.00028329983924857416
59770.877384087624 3.786 0.019000000000000128 0.9942659094099386 0.006091634530246938 0.9801008777961867 1.0060134547314938 0.9859946700571115 0.008271239352827142
59770.877400031044 3.786 0.019000000000000128 0.9903577938465752 0.006091749753447801 0.9801091413219027 1.006013385737269 0.9860029156532949 0.004354878193280287
59770.877415974464 3.786 0.019000000000000128 0.9875058672134106 0.0060824751486325546 0.980117522716571 1.0060133167430443 0.9860112798260737 0.0014945873873368765
59770.87743191788 3.786 0.019000000000000128 0.9947620090682244 0.006086916374392206 0.9801260191895965 1.0060132477488508 0.9860197597680784 0.008742249300145999
59770.8774478613 3.786 0.019000000000000128 0.9755475507257058 0.006043219280514445 0.9801346281399491 1.006013178754626 0.9860283528625535 -0.010480802136847767
59770.877463804725 3.786 0.019000000000000128 0.9918940703429008 0.006085810846421099 0.9801433471182242 1.0060131097603697 0.9860370566453422 0.005857013697558533
59770.87747974814 3.786 0.019000000000000128 0.9743427434333519 0.006039914730811536 0.9801521738062648 1.0060130407661763 0.9860458687844182 -0.011703125351066324
59770.87749569155 3.786 0.019000000000000128 0.9852037317364765 0.006082496023667239 0.9801611060348345 1.0060129717719828 0.9860547870974175 -0.0008510553609409888
59770.87751163498 3.786 0.019000000000000128 0.9822486475390719 0.006071684805046164 0.9801701417533181 1.0060129027777265 0.9860638095213111 -0.0038151619822391902
59770.87752757839 3.786 0.019000000000000128 0.9804166319735889 0.00607760715736969 0.9801792789926729 1.0060128337835332 0.9860729340753193 -0.005656302101730404
59770.87754352182 3.786 0.019000000000000128 0.9819425078215281 0.006068929149249127 0.9801885159152102 1.0060127647892767 0.9860821589105585 -0.004139651089030361
59770.87755946523 3.786 0.019000000000000128 0.9807546186175705 0.006071577954438698 0.9801978507390833 1.0060126957950835 0.986091482234572 -0.005336863617001475
59770.87757540865 3.786 0.019000000000000128 0.9904091187740331 0.006089286093781109 0.9802072817939776 1.0060126268008585 0.9861009023668887 0.004308216407144405
59770.87759135207 3.786 0.019000000000000128 0.9754235915570157 0.006050819591278568 0.9802168074691242 1.0060125578066337 0.9861104176870662 -0.010686826130050453
59770.877607295486 3.786 0.019000000000000128 0.9800499044956004 0.006065567626352176 0.9802264262234961 1.0060124888124402 0.9861200266448231 -0.006070122149222756
59770.877623238914 3.786 0.019000000000000128 0.9760537215211431 0.006060910065296653 0.9802361365989868 1.006012419818184 0.9861297277731745 -0.010076006252031422
59770.877639182334 3.786 0.019000000000000128 0.9842436526927466 0.006073332409426743 0.9802459371710639 1.0060123508239591 0.986139519639097 -0.0018958669463503552
59770.87765512575 3.786 0.019000000000000128 0.9880425337014537 0.006081610379297697 0.9802558265849913 1.0060122818297657 0.9861494008796902 0.0018931328217635102
59770.87767106917 3.786 0.019000000000000128 0.9860590284361102 0.006077324210032494 0.980265803546893 1.0060122128355409 0.9861593701932194 -0.00010034175710926796
59770.87768701259 3.786 0.019000000000000128 0.9796989741067559 0.006069424379015017 0.9802758667990442 1.0060121438413159 0.9861694263144106 -0.006470452207654742
59770.87770295601 3.786 0.019000000000000128 0.9843086443092475 0.0060792227804241095 0.9802860151338707 1.006012074847091 0.9861795680284122 -0.001870923719164752
59770.87771889943 3.786 0.019000000000000128 0.9793443715355669 0.006075495624190141 0.9802962473871185 1.0060120058528663 0.9861897941639528 -0.006845422628385944
59770.87773484284 3.786 0.019000000000000128 0.9914755787600538 0.006081758103970979 0.9803065624292779 1.0060119368586729 0.9862001035847454 0.005275475175308353
59770.87775078627 3.786 0.019000000000000128 0.9767834781302136 0.006053176617499277 0.9803169591889161 1.0060118678644165 0.9862104952128066 -0.00942701708259297
59770.87776672968 3.786 0.019000000000000128 0.9918771451350235 0.00608764375779061 0.9803274365965244 1.006011798870223 0.9862209679723041 0.005656177162719378
59770.8777826731 3.786 0.019000000000000128 0.980423186166227 0.006056588475937231 0.980337993650136 1.0060117298759983 0.9862315208551388 -0.0058083346889117315
59770.87779861652 3.786 0.019000000000000128 0.9877989898672594 0.006081744185317229 0.9803486293607233 1.0060116608817733 0.9862421528663512 0.001556837000908251
59770.877814559935 3.786 0.019000000000000128 0.9899825129525771 0.006091494633700168 0.9803593427684139 1.00601159188758 0.9862528630403138 0.003729649912263322
59770.87783050336 3.786 0.019000000000000128 0.986135438382911 0.006075267412939807 0.9803701329627917 1.0060115228933237 0.9862636504610284 -0.00012821207811741786
59770.877846446776 3.786 0.019000000000000128 0.9884854680478288 0.0060886188716095324 0.9803809990253918 1.0060114538991303 0.9862745142046162 0.002210953843212571
59770.8778623902 3.786 0.019000000000000128 0.9918812655660257 0.006095700723326617 0.980391940103611 1.006011384904874 0.98628545341321 0.005595812152815793
59770.87787833362 3.786 0.019000000000000128 0.9927871223869699 0.007454114035831792 0.9804029553293143 1.0060113159106805 0.9862964672135636 0.006490655173406301
59770.87789427703 3.786 0.019000000000000128 0.9882547228900942 0.00608331221841144 0.980414043887063 1.0060112469164872 0.9863075547852599 0.001947168104834307
59770.87791022046 3.786 0.019000000000000128 0.9998508594324788 0.0061089437383434805 0.9804252049848543 1.006011177922231 0.986318715331458 0.013532144101020771
59770.87792616388 3.786 0.019000000000000128 0.9806105059215245 0.006066365335263223 0.9804364378257321 1.006011108928006 0.9863299480504887 -0.005719442128964136
59770.87794210729 3.786 0.019000000000000128 0.9861344894061899 0.006067308570670475 0.9804477416486133 1.0060110399338127 0.9863412521766796 -0.00020676277048969904
59770.87795805071 3.786 0.019000000000000128 0.9749208422874684 0.006054580627288664 0.9804591157212864 1.0060109709395877 0.9863526269733409 -0.01143178468587247
59770.87797399413 3.786 0.019000000000000128 0.9906047625576251 0.0061064338874994035 0.9804705593152874 1.006010901945363 0.9863640717076467 0.004240690849978357
59770.87798993755 3.786 0.019000000000000128 0.9784423951550294 0.006073674504422741 0.9804820717246856 1.006010832951138 0.9863755856694083 -0.007933190514378907
59770.87800588097 3.786 0.019000000000000128 0.9864765457692072 0.006077485608240958 0.9804936522604394 1.0060107639569131 0.9863871681654286 8.937760377858428e-05
59770.878021824385 3.786 0.019000000000000128 0.9907337683108492 0.006085770622102456 0.9805053002446282 1.0060106949627197 0.9863988185137286 0.00433494979712068
59770.87803776781 3.786 0.019000000000000128 0.9870970068443691 0.006077958408108228 0.9805170150354584 1.0060106259684634 0.9864105360685507 0.0006864707758184041
59770.878053711225 3.786 0.019000000000000128 0.9884833845999443 0.00607552385426937 0.980528795969144 1.00601055697427 0.986422320162229 0.0020610644377153653
59770.878069654646 3.786 0.019000000000000128 0.9861969896169736 0.006079184470477842 0.9805406424338478 1.006010487980045 0.9864341701791421 -0.00023718056216859296
59770.878085598066 3.786 0.019000000000000128 0.9824538649639594 0.0060739775517145095 0.9805525538097339 1.0060104189858203 0.9864460854957465 -0.003992220531787161
59770.878101541486 3.786 0.019000000000000128 0.9781626506424089 0.006056721882298856 0.9805645294959581 1.0060103499915953 0.9864580655075728 -0.00829541486516383
59770.87811748491 3.786 0.019000000000000128 0.9980427971887484 0.006100608335145468 0.9805765689033474 1.0060102809973706 0.9864701096218941 0.011572687566854367
59770.87813342832 3.786 0.019000000000000128 0.9872666036020973 0.006089078952198688 0.980588671450388 1.006010212003177 0.9864822172537185 0.0007843863483787405
59770.87814937175 3.786 0.019000000000000128 0.9878369085399257 0.00608340804134788 0.9806008365894628 1.0060101430089208 0.9864943878520329 0.0013425206878927565
59770.87816531516 3.786 0.019000000000000128 0.980215036549871 0.0060537275253754 0.9806130637449593 1.0060100740147275 0.9865066208378752 -0.006291584288004248
59770.87818125858 3.786 0.019000000000000128 0.9894600336642634 0.006090681701757424 0.9806253523920164 1.0060100050205025 0.9865189156831246 0.00294111798113883
59770.878197202 3.786 0.019000000000000128 0.988200149418138 0.006089127338251713 0.9806377019927036 1.0060099360262778 0.9865312718466358 0.0016688775715022475
59770.87821314542 3.786 0.019000000000000128 0.9762338477333948 0.006051347543398006 0.9806501120260008 1.0060098670320528 0.9865436888042447 -0.010309841070849868
