eureka_custom_plots/data/stage5_lcfit_results/S5_wasp39b_ap4_bg8_Table_Save_ch18.txt
# %ECSV 1.0
# ---
# datatype:
# - {name: time, datatype: float64}
# - {name: wavelength, datatype: float64}
# - {name: bin_width, datatype: float64}
# - {name: lcdata, datatype: float64}
# - {name: lcerr, datatype: float64}
# - {name: transit, datatype: float64}
# - {name: polynom, datatype: float64}
# - {name: model, datatype: float64}
# - {name: residuals, datatype: float64}
# schema: astropy-2.0
time wavelength bin_width lcdata lcerr transit polynom model residuals
[from data line 3026]
59770.69226503952 3.709 0.019000000000000128 1.005590485549252 0.005198470303083983 1.0 1.006810253765507 1.006810253765507 -0.0012197682162551349
59770.692280982934 3.709 0.019000000000000128 1.010954702518033 0.005183147565590577 1.0 1.0068101885843497 1.0068101885843497 0.004144513933683314
59770.69229692636 3.709 0.019000000000000128 1.0088190458892223 0.005198591929817446 1.0 1.0068101234031326 1.0068101234031326 0.002008922486089748
59770.69231286978 3.709 0.019000000000000128 1.0130795130897798 0.005182971435745933 1.0 1.0068100582219455 1.0068100582219455 0.0062694548678343676
59770.6923288132 3.709 0.019000000000000128 1.006024824271395 0.005179027227724649 1.0 1.0068099930407581 1.0068099930407581 -0.000785168769363187
59770.69234475662 3.709 0.019000000000000128 1.0104092052951779 0.005205294619591447 1.0 1.006809927859571 1.006809927859571 0.00359927743560684
59770.692360700035 3.709 0.019000000000000128 1.0116779238314453 0.005203274921691588 1.0 1.0068098626784134 1.0068098626784134 0.004868061153031844
59770.69237664346 3.709 0.019000000000000128 1.0065402935029186 0.005201307524100315 1.0 1.0068097974971966 1.0068097974971966 -0.00026950399427794203
59770.69239258689 3.709 0.019000000000000128 1.0037719911404956 0.005186806408611835 1.0 1.0068097323159795 1.0068097323159795 -0.0030377411754838324
59770.6924085303 3.709 0.019000000000000128 0.9971315856705734 0.0051795135609185835 1.0 1.0068096671348221 1.0068096671348221 -0.009678081464248756
59770.692424473724 3.709 0.019000000000000128 0.9991838449056271 0.005180105555039865 1.0 1.006809601953635 1.006809601953635 -0.007625757048007942
59770.692440417144 3.709 0.019000000000000128 1.0135496004024471 0.005200022136915798 1.0 1.0068095367724477 1.0068095367724477 0.00674006362999946
59770.692456360564 3.709 0.019000000000000128 1.012259534827291 0.005181750164513985 1.0 1.0068094715912606 1.0068094715912606 0.005450063236030367
59770.69247230399 3.709 0.019000000000000128 1.014031728601113 0.0051991234420079345 1.0 1.0068094064100435 1.0068094064100435 0.007222322191069441
59770.692488247405 3.709 0.019000000000000128 0.9976261912736311 0.00517590022630412 1.0 1.006809341228886 1.006809341228886 -0.009183149955255043
59770.69250419083 3.709 0.019000000000000128 1.002971428530712 0.005169685841114744 1.0 1.006809276047669 1.006809276047669 -0.003837847516956927
59770.692520134246 3.709 0.019000000000000128 1.0054821965052605 0.005196194510727943 1.0 1.0068092108665117 1.0068092108665117 -0.0013270143612511553
59770.692536077666 3.709 0.019000000000000128 1.0042629061114097 0.005166821956777352 1.0 1.0068091456853243 1.0068091456853243 -0.0025462395739146437
59770.69255202109 3.709 0.019000000000000128 1.005644894634993 0.005173671301739099 1.0 1.0068090805041074 1.0068090805041074 -0.0011641858691144868
59770.69256796451 3.709 0.019000000000000128 1.0111620023181398 0.005188641232248496 1.0 1.0068090153229499 1.0068090153229499 0.004352986995189934
59770.692583907934 3.709 0.019000000000000128 1.0062874284000463 0.005195130242804131 1.0 1.006808950141733 1.006808950141733 -0.0005215217416867368
59770.69259985135 3.709 0.019000000000000128 1.009037946178087 0.005195481569546933 1.0 1.0068088849605754 1.0068088849605754 0.002229061217511541
59770.692615794775 3.709 0.019000000000000128 1.0050785682668222 0.005177197977872697 1.0 1.0068088197793585 1.0068088197793585 -0.0017302515125363627
59770.692631738195 3.709 0.019000000000000128 1.0105646841076077 0.0051827484344856255 1.0 1.0068087545981714 1.0068087545981714 0.003755929509436262
59770.69264768161 3.709 0.019000000000000128 1.0046345096919091 0.005171561943301074 1.0 1.0068086894170138 1.0068086894170138 -0.002174179725104697
59770.692663625035 3.709 0.019000000000000128 1.0155135899910595 0.005196936355589516 1.0 1.006808624235797 1.006808624235797 0.008704965755262473
59770.692679568456 3.709 0.019000000000000128 1.0023175764627197 0.005189059648454402 1.0 1.0068085590546096 1.0068085590546096 -0.004490982591889958
59770.692695511876 3.709 0.019000000000000128 0.9988658677351822 0.005173887612880049 1.0 1.0068084938734225 1.0068084938734225 -0.007942626138240372
59770.6927114553 3.709 0.019000000000000128 1.0089545076392168 0.005185792233737712 1.0 1.0068084286922352 1.0068084286922352 0.0021460789469816
59770.69272739872 3.709 0.019000000000000128 1.0080522456475167 0.005177741148317184 1.0 1.006808363511048 1.006808363511048 0.0012438821364686437
59770.69274334214 3.709 0.019000000000000128 1.0114537865749558 0.005201963272558989 1.0 1.0068082983298607 1.0068082983298607 0.004645488245095031
59770.69275928556 3.709 0.019000000000000128 1.012554508686899 0.005209557730998078 1.0 1.0068082331486736 1.0068082331486736 0.005746275538225376
59770.69277522898 3.709 0.019000000000000128 1.0007365137989366 0.005177244422092876 1.0 1.0068081679674865 1.0068081679674865 -0.006071654168549934
59770.6927911724 3.709 0.019000000000000128 1.0153683108035445 0.005190598611242913 1.0 1.0068081027862992 1.0068081027862992 0.00856020801724533
59770.69280711582 3.709 0.019000000000000128 1.0088046644756608 0.005191246552334809 1.0 1.006808037605112 1.006808037605112 0.00199662687054869
59770.69282305924 3.709 0.019000000000000128 1.0100841201225927 0.00517654233095163 1.0 1.0068079724239247 1.0068079724239247 0.0032761476986680194
59770.69283900266 3.709 0.019000000000000128 0.9986936721212569 0.00516416788573972 1.0 1.0068079072427376 1.0068079072427376 -0.008114235121480684
59770.692854946086 3.709 0.019000000000000128 1.0053671701157207 0.005189630073977874 1.0 1.0068078420615205 1.0068078420615205 -0.0014406719457997763
59770.6928708895 3.709 0.019000000000000128 1.0074909381326844 0.0051912579539413325 1.0 1.0068077768803632 1.0068077768803632 0.0006831612523212627
59770.69288683292 3.709 0.019000000000000128 1.0043953584699108 0.005196350649048636 1.0 1.0068077116991758 1.0068077116991758 -0.0024123532292650296
59770.69290277635 3.709 0.019000000000000128 1.006361862756656 0.005189447960666714 1.0 1.006807646517959 1.006807646517959 -0.000445783761302998
59770.69291871976 3.709 0.019000000000000128 1.0109530801685256 0.005178148822852801 1.0 1.0068075813368014 1.0068075813368014 0.004145498831724215
59770.69293466319 3.709 0.019000000000000128 1.0060056775713333 0.005195977386191427 1.0 1.0068075161555845 1.0068075161555845 -0.0008018385842512021
59770.6929506066 3.709 0.019000000000000128 0.9981666686761519 0.005175744678491341 1.0 1.006807450974427 1.006807450974427 -0.00864078229827503
59770.69296655003 3.709 0.019000000000000128 1.000146556543824 0.005168416051092409 1.0 1.00680738579321 1.00680738579321 -0.006660829249386158
59770.69298249345 3.709 0.019000000000000128 1.0154341865924175 0.005196041009788315 1.0 1.006807320612023 1.006807320612023 0.008626865980394527
59770.69299843686 3.709 0.019000000000000128 1.0070344918877632 0.005196598130328725 1.0 1.0068072554308654 1.0068072554308654 0.0002272364568978169
59770.69301438029 3.709 0.019000000000000128 1.0115769093223719 0.005200207532613372 1.0 1.0068071902496485 1.0068071902496485 0.0047697190727233885
59770.6930303237 3.709 0.019000000000000128 1.0149110968062485 0.005182549178078351 1.0 1.006807125068491 1.006807125068491 0.008103971737757565
59770.69304626713 3.709 0.019000000000000128 1.0029584259593896 0.005177523456090344 1.0 1.006807059887274 1.006807059887274 -0.0038486339278844817
59770.69306221055 3.709 0.019000000000000128 1.0019008853869968 0.005189444917709056 1.0 1.0068069947060867 1.0068069947060867 -0.0049061093190898575
59770.69307815397 3.709 0.019000000000000128 1.0014014166659253 0.005178952673181822 1.0 1.0068069295248996 1.0068069295248996 -0.005405512858974282
59770.69309409739 3.709 0.019000000000000128 1.00788956951501 0.005179255259386828 1.0 1.0068068643437122 1.0068068643437122 0.0010827051712978264
59770.693110040804 3.709 0.019000000000000128 1.0093069078492867 0.005191951765226431 1.0 1.0068067991625549 1.0068067991625549 0.0025001086867317834
59770.69312598423 3.709 0.019000000000000128 1.0005995893457529 0.005166508831053958 1.0 1.006806733981338 1.006806733981338 -0.006207144635585138
59770.69314192766 3.709 0.019000000000000128 1.007555002359943 0.0051971294019886064 1.0 1.006806668800121 1.006806668800121 0.0007483335598221785
59770.69315787107 3.709 0.019000000000000128 1.0083304704325973 0.005180459387830616 1.0 1.0068066036189636 1.0068066036189636 0.0015238668136337008
59770.69317381449 3.709 0.019000000000000128 1.0031256115917002 0.005189739581438226 1.0 1.0068065384377762 1.0068065384377762 -0.003680926846076016
59770.69318975791 3.709 0.019000000000000128 1.017900048195743 0.005198650549388372 1.0 1.0068064732565891 1.0068064732565891 0.01109357493915386
59770.69320570133 3.709 0.019000000000000128 1.0038089980621314 0.005178319081515747 1.0 1.0068064080754018 1.0068064080754018 -0.002997410013270363
59770.69322164476 3.709 0.019000000000000128 1.0107360326879467 0.005199523061193244 1.0 1.006806342894185 1.006806342894185 0.003929689793761737
59770.69323758817 3.709 0.019000000000000128 1.0017501239482818 0.00519282289156592 1.0 1.0068062777130273 1.0068062777130273 -0.005056153764745552
59770.6932535316 3.709 0.019000000000000128 1.0184885292001002 0.005213796496200595 1.0 1.0068062125318105 1.0068062125318105 0.011682316668289783
59770.693269475014 3.709 0.019000000000000128 1.0030494209796708 0.00516308469515436 1.0 1.0068061473506529 1.0068061473506529 -0.003756726370982122
59770.693285418434 3.709 0.019000000000000128 0.9988068838414622 0.005166734017784404 1.0 1.0068060821694658 1.0068060821694658 -0.007999198328003554
59770.69330136186 3.709 0.019000000000000128 1.0026555937469968 0.005188890132592349 1.0 1.006806016988249 1.006806016988249 -0.004150423241252144
59770.69331730528 3.709 0.019000000000000128 1.0062975674624828 0.005185317632586636 1.0 1.0068059518070616 1.0068059518070616 -0.0005083843445787828
59770.6933332487 3.709 0.019000000000000128 1.0126817743443755 0.005188073464931389 1.0 1.0068058866258744 1.0068058866258744 0.005875887718501005
59770.693349192115 3.709 0.019000000000000128 1.0085930173920095 0.0051934851156308325 1.0 1.0068058214447169 1.0068058214447169 0.001787195947292597
59770.69336513554 3.709 0.019000000000000128 1.0094909293326713 0.005200681962543112 1.0 1.0068057562635 1.0068057562635 0.002685173069171265
59770.693381078956 3.709 0.019000000000000128 1.0034816842263168 0.005184075510811033 1.0 1.0068056910823424 1.0068056910823424 -0.0033240068560256297
59770.69339702238 3.709 0.019000000000000128 1.0004764498315886 0.005157691924556963 1.0 1.0068056259011255 1.0068056259011255 -0.006329176069536979
59770.693412965804 3.709 0.019000000000000128 1.0103120126648661 0.005176557065177765 1.0 1.0068055607199382 1.0068055607199382 0.003506451944927935
59770.693428909224 3.709 0.019000000000000128 1.0065453151892383 0.005178545889469702 1.0 1.006805495538751 1.006805495538751 -0.00026018034951280633
59770.693444852644 3.709 0.019000000000000128 1.004185489140388 0.0051746771047395616 1.0 1.0068054303575638 1.0068054303575638 -0.002619941217175681
59770.69346079606 3.709 0.019000000000000128 1.0037927200009027 0.005183712044273973 1.0 1.0068053651764064 1.0068053651764064 -0.003012645175503703
59770.693476739485 3.709 0.019000000000000128 1.007892972110151 0.00519472775978526 1.0 1.0068052999951895 1.0068052999951895 0.0010876721149615243
59770.693492682905 3.709 0.019000000000000128 1.0132093379928682 0.005178598950483739 1.0 1.0068052348140022 1.0068052348140022 0.006404103178865972
59770.693508626326 3.709 0.019000000000000128 1.0103748771361731 0.005175408447316153 1.0 1.006805169632815 1.006805169632815 0.003569707503358055
59770.693524569746 3.709 0.019000000000000128 1.0006176908539333 0.005168447968620316 1.0 1.0068051044516277 1.0068051044516277 -0.00618741359769448
59770.693540513166 3.709 0.019000000000000128 1.0102062461182835 0.005186005505072942 1.0 1.0068050392704406 1.0068050392704406 0.0034012068478428414
59770.69355645659 3.709 0.019000000000000128 1.0141797020457395 0.005203463352666522 1.0 1.0068049740892533 1.0068049740892533 0.007374727956486193
59770.69357240001 3.709 0.019000000000000128 1.0085975105943799 0.005182603594406428 1.0 1.0068049089080662 1.0068049089080662 0.0017926016863136773
59770.69358834343 3.709 0.019000000000000128 1.0078304426346933 0.005173104801487999 1.0 1.0068048437268788 1.0068048437268788 0.0010255989078145067
59770.693604286855 3.709 0.019000000000000128 1.0108209368472616 0.005190377006967718 1.0 1.006804778545662 1.006804778545662 0.004016158301599626
59770.69362023027 3.709 0.019000000000000128 1.00305526384402 0.005177132419531952 1.0 1.0068047133645044 1.0068047133645044 -0.0037494495204843936
59770.69363617369 3.709 0.019000000000000128 1.0046919241899228 0.0051780866185638505 1.0 1.0068046481833173 1.0068046481833173 -0.002112723993394461
59770.693652117116 3.709 0.019000000000000128 1.004385410502472 0.005197543908723094 1.0 1.0068045830021004 1.0068045830021004 -0.002419172499628308
59770.69366806053 3.709 0.019000000000000128 1.009085156210306 0.005182737334876465 1.0 1.0068045178209428 1.0068045178209428 0.00228063838936321
59770.693684003956 3.709 0.019000000000000128 1.0123603190946036 0.005204483035315246 1.0 1.006804452639726 1.006804452639726 0.0055558664548776004
59770.69369994737 3.709 0.019000000000000128 1.009534843058254 0.005191988578052786 1.0 1.0068043874585684 1.0068043874585684 0.002730455599685655
59770.6937158908 3.709 0.019000000000000128 0.9988492668400215 0.00517191133488446 1.0 1.0068043222773515 1.0068043222773515 -0.007955055437329994
59770.69373183422 3.709 0.019000000000000128 1.0065036682995616 0.005200642628525831 1.0 1.0068042570961642 1.0068042570961642 -0.0003005887966025522
59770.69374777763 3.709 0.019000000000000128 1.0010365363391427 0.005173822543035501 1.0 1.0068041919150068 1.0068041919150068 -0.005767655575864117
59770.69376372106 3.709 0.019000000000000128 1.0005396009801775 0.005163465380283628 1.0 1.0068041267337897 1.0068041267337897 -0.006264525753612249
59770.69377966447 3.709 0.019000000000000128 1.0041055969255928 0.005186088312871558 1.0 1.0068040615526324 1.0068040615526324 -0.0026984646270395984
59770.6937956079 3.709 0.019000000000000128 1.010803614463755 0.005191312709413386 1.0 1.0068039963714153 1.0068039963714153 0.0039996180923398406
59770.69381155132 3.709 0.019000000000000128 1.0113950119598858 0.005176604348596691 1.0 1.0068039311902282 1.0068039311902282 0.0045910807696576406
59770.69382749474 3.709 0.019000000000000128 1.0044618681938984 0.005179489262586951 1.0 1.006803866009041 1.006803866009041 -0.00234199781514266
59770.69384343816 3.709 0.019000000000000128 1.0052573826597673 0.0051858032161774155 1.0 1.0068038008278537 1.0068038008278537 -0.0015464181680864275
59770.69385938158 3.709 0.019000000000000128 0.9969798758270049 0.0051757103586351555 1.0 1.0068037356466666 1.0068037356466666 -0.009823859819661718
59770.693875325 3.709 0.019000000000000128 1.0088094298646706 0.005198559504075974 1.0 1.0068036704654793 1.0068036704654793 0.0020057593991913425
59770.69389126843 3.709 0.019000000000000128 1.0065762964064884 0.005193153680550233 1.0 1.0068036052842624 1.0068036052842624 -0.00022730887777400177
59770.69390721184 3.709 0.019000000000000128 1.0088163482070527 0.00517890023226612 1.0 1.0068035401031048 1.0068035401031048 0.002012808103947883
59770.69392315526 3.709 0.019000000000000128 1.0158589360103671 0.005204973937515038 1.0 1.0068034749219177 1.0068034749219177 0.009055461088449457
59770.69393909868 3.709 0.019000000000000128 1.0077305876541036 0.005185585555366927 1.0 1.0068034097407303 1.0068034097407303 0.0009271779133732672
59770.6939550421 3.709 0.019000000000000128 1.0049332433729683 0.005171556244935276 1.0 1.0068033445595432 1.0068033445595432 -0.001870101186574935
