eureka_custom_plots/data/stage5_lcfit_results/S5_wasp39b_ap4_bg8_Table_Save_ch13.txt
# %ECSV 1.0
# ---
# datatype:
# - {name: time, datatype: float64}
# - {name: wavelength, datatype: float64}
# - {name: bin_width, datatype: float64}
# - {name: lcdata, datatype: float64}
# - {name: lcerr, datatype: float64}
# - {name: transit, datatype: float64}
# - {name: polynom, datatype: float64}
# - {name: model, datatype: float64}
# - {name: residuals, datatype: float64}
# schema: astropy-2.0
time wavelength bin_width lcdata lcerr transit polynom model residuals
[from data line 6801]
59770.75245145141 3.5175 0.01949999999999985 1.005261642897017 0.004405802677084508 1.0 1.0066642447409084 1.0066642447409084 -0.0014026018438915155
59770.75246739483 3.5175 0.01949999999999985 1.001160395373723 0.004396041740320597 1.0 1.00666416892907 1.00666416892907 -0.005503773555347147
59770.75248333825 3.5175 0.01949999999999985 1.0054047645520279 0.004406510155986486 1.0 1.006664093117232 1.006664093117232 -0.0012593285652040542
59770.75249928167 3.5175 0.01949999999999985 1.0095652758114866 0.004410923253410628 1.0 1.0066640173053936 1.0066640173053936 0.0029012585060930185
59770.75251522508 3.5175 0.01949999999999985 1.0084534275174597 0.0044096522488783355 1.0 1.00666394149359 1.00666394149359 0.0017894860238696353
59770.75253116851 3.5175 0.01949999999999985 1.013571141669525 0.004421630458933654 1.0 1.006663865681717 1.006663865681717 0.006907275987807937
59770.75254711193 3.5175 0.01949999999999985 1.0134638530145408 0.004419257245244622 1.0 1.006663789869879 1.006663789869879 0.006800063144661861
59770.75256305535 3.5175 0.01949999999999985 1.007065737603114 0.0044084787110703575 1.0 1.0066637140580408 1.0066637140580408 0.0004020235450732379
59770.75257899877 3.5175 0.01949999999999985 1.006409896911191 0.0044063498143774365 1.0 1.0066636382462024 1.0066636382462024 -0.00025374133501143703
59770.75259494219 3.5175 0.01949999999999985 1.0028257729706191 0.004399626193268416 1.0 1.0066635624343643 1.0066635624343643 -0.0038377894637451337
59770.75261088561 3.5175 0.01949999999999985 1.0099891194751802 0.004413526681975572 1.0 1.006663486622526 1.006663486622526 0.0033256328526543033
59770.752626829024 3.5175 0.01949999999999985 1.0104975456000627 0.004403010597230261 1.0 1.0066634108107222 1.0066634108107222 0.003834134789340471
59770.75264277245 3.5175 0.01949999999999985 1.0069082293495866 0.004408549647131042 1.0 1.0066633349988494 1.0066633349988494 0.00024489435073715704
59770.75265871587 3.5175 0.01949999999999985 1.0016301654070054 0.004397714274187587 1.0 1.0066632591870113 1.0066632591870113 -0.005033093780005826
59770.75267465929 3.5175 0.01949999999999985 1.007639549478824 0.00440497640721494 1.0 1.006663183375173 1.006663183375173 0.0009763661036510385
59770.752690602705 3.5175 0.01949999999999985 1.00889009782224 0.0044115040314544164 1.0 1.0066631075633692 1.0066631075633692 0.0022269902588707424
59770.75270654613 3.5175 0.01949999999999985 1.0035942513385947 0.004395729985142793 1.0 1.0066630317514964 1.0066630317514964 -0.003068780412901706
59770.752722489546 3.5175 0.01949999999999985 1.0011740224071592 0.004398868275345993 1.0 1.006662955939693 1.006662955939693 -0.0054889335325336575
59770.75273843297 3.5175 0.01949999999999985 1.0029626057993222 0.004399745389263453 1.0 1.00666288012782 1.00666288012782 -0.0037002743284977324
59770.752754376386 3.5175 0.01949999999999985 1.0107065997653966 0.004409729251357467 1.0 1.0066628043160164 1.0066628043160164 0.004043795449380161
59770.752770319814 3.5175 0.01949999999999985 1.0064865936214544 0.0044031624530357725 1.0 1.0066627285041434 1.0066627285041434 -0.00017613488268897193
59770.75278626323 3.5175 0.01949999999999985 1.0023764410134972 0.004398488037202761 1.0 1.00666265269234 1.00666265269234 -0.0042862116788426885
59770.75280220665 3.5175 0.01949999999999985 1.0072178231421802 0.00440645758149878 1.0 1.0066625768805015 1.0066625768805015 0.000555246261678688
59770.752818150075 3.5175 0.01949999999999985 1.013090997263766 0.004419840455230875 1.0 1.0066625010686288 1.0066625010686288 0.006428496195137301
59770.75283409349 3.5175 0.01949999999999985 1.0053034837659 0.004402323641218464 1.0 1.006662425256825 1.006662425256825 -0.0013589414909249697
59770.752850036915 3.5175 0.01949999999999985 1.0008672545080783 0.00439408797739843 1.0 1.0066623494449523 1.0066623494449523 -0.005795094936873912
59770.75286598033 3.5175 0.01949999999999985 1.0110165808800358 0.004409376945969024 1.0 1.0066622736331485 1.0066622736331485 0.004354307246887235
59770.752881923756 3.5175 0.01949999999999985 1.011971164888289 0.004417869099787095 1.0 1.0066621978212758 1.0066621978212758 0.005308967067013226
59770.75289786717 3.5175 0.01949999999999985 1.0115841704724402 0.004418430545732119 1.0 1.006662122009472 1.006662122009472 0.004922048462968176
59770.7529138106 3.5175 0.01949999999999985 1.011491506438283 0.004410962244824761 1.0 1.0066620461975992 1.0066620461975992 0.004829460240683758
59770.75292975401 3.5175 0.01949999999999985 1.0076790988060835 0.004405903066002654 1.0 1.0066619703857955 1.0066619703857955 0.0010171284202880049
59770.75294569744 3.5175 0.01949999999999985 1.0049338152718565 0.004405052444364625 1.0 1.0066618945739227 1.0066618945739227 -0.0017280793020661989
59770.75296164085 3.5175 0.01949999999999985 1.0040616270722573 0.004406050958852588 1.0 1.006661818762119 1.006661818762119 -0.0026001916898616972
59770.75297758427 3.5175 0.01949999999999985 1.0086857280627406 0.004405903346617322 1.0 1.0066617429502809 1.0066617429502809 0.002023985112459714
59770.75299352769 3.5175 0.01949999999999985 1.0091819458720066 0.00440676651737726 1.0 1.0066616671384425 1.0066616671384425 0.0025202787335640853
59770.75300947111 3.5175 0.01949999999999985 1.0129107045310977 0.004419682411097628 1.0 1.0066615913266044 1.0066615913266044 0.006249113204493284
59770.75302541453 3.5175 0.01949999999999985 1.0071444923114818 0.004405057717533999 1.0 1.006661515514766 1.006661515514766 0.00048297679671582827
59770.75304135795 3.5175 0.01949999999999985 1.0114161277393645 0.004413923120633186 1.0 1.0066614397029279 1.0066614397029279 0.004754688036436638
59770.75305730137 3.5175 0.01949999999999985 1.0054655576461393 0.004402730415398954 1.0 1.0066613638910895 1.0066613638910895 -0.0011958062449501927
59770.75307324479 3.5175 0.01949999999999985 1.013017323499296 0.00441549463874653 1.0 1.0066612880792514 1.0066612880792514 0.006356035420044703
59770.75308918821 3.5175 0.01949999999999985 1.0090130721812616 0.004412083814099839 1.0 1.0066612122674132 1.0066612122674132 0.002351859913848342
59770.75310513163 3.5175 0.01949999999999985 0.9975845884524065 0.004393433317790129 1.0 1.0066611364555749 1.0066611364555749 -0.009076548003168372
59770.75312107506 3.5175 0.01949999999999985 1.0078065707656614 0.004405143906496707 1.0 1.006661060643702 1.006661060643702 0.0011455101219592922
59770.75313701847 3.5175 0.01949999999999985 1.0127372114116335 0.0044181880714984365 1.0 1.0066609848318984 1.0066609848318984 0.006076226579735167
59770.753152961894 3.5175 0.01949999999999985 1.0046177196309998 0.004406347582539792 1.0 1.0066609090200602 1.0066609090200602 -0.0020431893890604513
59770.753168905314 3.5175 0.01949999999999985 1.006794508470196 0.004403215321612004 1.0 1.0066608332082219 1.0066608332082219 0.00013367526197405333
59770.753184848734 3.5175 0.01949999999999985 1.0146738199851577 0.004418302368150246 1.0 1.0066607573963837 1.0066607573963837 0.00801306258877399
59770.753200792155 3.5175 0.01949999999999985 1.0082288912837607 0.0044073629612109665 1.0 1.0066606815845454 1.0066606815845454 0.0015682096992153394
59770.753216735575 3.5175 0.01949999999999985 1.0061745005073526 0.0044016078840948426 1.0 1.0066606057727072 1.0066606057727072 -0.0004861052653546416
59770.753232678995 3.5175 0.01949999999999985 1.0017256165025197 0.004401845978788899 1.0 1.0066605299608689 1.0066605299608689 -0.004934913458349177
59770.753248622415 3.5175 0.01949999999999985 1.0111310211543705 0.00440817850644749 1.0 1.0066604541490307 1.0066604541490307 0.004470567005339765
59770.75326456583 3.5175 0.01949999999999985 1.0117132675998084 0.004414544308038726 1.0 1.006660378337227 1.006660378337227 0.005052889262581406
59770.753280509256 3.5175 0.01949999999999985 1.0044645607464435 0.00439653060167484 1.0 1.0066603025253542 1.0066603025253542 -0.002195741778910687
59770.75329645267 3.5175 0.01949999999999985 1.0106209969894924 0.004411964864819355 1.0 1.0066602267135505 1.0066602267135505 0.003960770275941883
59770.7533123961 3.5175 0.01949999999999985 1.0051293951749434 0.0044017566265422674 1.0 1.0066601509016777 1.0066601509016777 -0.0015307557267343341
59770.75332833951 3.5175 0.01949999999999985 1.015360626301743 0.004420838646451804 1.0 1.006660075089874 1.006660075089874 0.008700551211868968
59770.75334428294 3.5175 0.01949999999999985 1.010707279120765 0.004412977787044512 1.0 1.0066599992780012 1.0066599992780012 0.004047279842763762
59770.75336022635 3.5175 0.01949999999999985 1.0041671470104205 0.004401139180634966 1.0 1.0066599234661975 1.0066599234661975 -0.002492776455776946
59770.75337616978 3.5175 0.01949999999999985 1.0000849790977795 0.004396627567824385 1.0 1.0066598476543247 1.0066598476543247 -0.00657486855654521
59770.7533921132 3.5175 0.01949999999999985 1.015163451185057 0.004424323298679348 1.0 1.0066597718424863 1.0066597718424863 0.00850367934257057
59770.75340805662 3.5175 0.01949999999999985 1.0048469113337597 0.004401620677712939 1.0 1.0066596960306482 1.0066596960306482 -0.001812784696888503
59770.75342400004 3.5175 0.01949999999999985 1.0074247853779281 0.004409951383003868 1.0 1.0066596202188098 1.0066596202188098 0.0007651651591182862
59770.75343994345 3.5175 0.01949999999999985 1.0015454737889375 0.004393344333139635 1.0 1.0066595444070063 1.0066595444070063 -0.005114070618068789
59770.75345588688 3.5175 0.01949999999999985 1.0021966690332549 0.0044003630053404885 1.0 1.0066594685951336 1.0066594685951336 -0.004462799561878672
59770.75347183029 3.5175 0.01949999999999985 1.0057318187778197 0.004405889602828477 1.0 1.0066593927833298 1.0066593927833298 -0.0009275740055101345
59770.75348777372 3.5175 0.01949999999999985 1.0001784521707102 0.0043919618886158985 1.0 1.006659316971457 1.006659316971457 -0.006480864800746833
59770.75350371713 3.5175 0.01949999999999985 1.003328426622483 0.004398010177165045 1.0 1.0066592411596533 1.0066592411596533 -0.0033308145371704345
59770.75351966056 3.5175 0.01949999999999985 1.0060707970478837 0.004406601088884088 1.0 1.0066591653477805 1.0066591653477805 -0.0005883682998968354
59770.75353560397 3.5175 0.01949999999999985 1.0122057528637511 0.0044150538608268486 1.0 1.0066590895359768 1.0066590895359768 0.005546663327774315
59770.753551547394 3.5175 0.01949999999999985 1.0011633926783843 0.004400557846039304 1.0 1.0066590137241385 1.0066590137241385 -0.005495621045754184
59770.753567490814 3.5175 0.01949999999999985 1.0163194759077634 0.004421424870027166 1.0 1.0066589379123003 1.0066589379123003 0.00966053799546307
59770.75358343424 3.5175 0.01949999999999985 1.0049435453352307 0.004400628585166268 1.0 1.0066588621004275 1.0066588621004275 -0.0017153167651968726
59770.753599377655 3.5175 0.01949999999999985 1.0059434700850423 0.004403846690239099 1.0 1.0066587862886238 1.0066587862886238 -0.0007153162035815619
59770.753615321075 3.5175 0.01949999999999985 1.0039229197559132 0.004399522947739409 1.0 1.0066587104767857 1.0066587104767857 -0.0027357907208724885
59770.753631264495 3.5175 0.01949999999999985 1.0099005981035178 0.004415222448087079 1.0 1.0066586346649473 1.0066586346649473 0.0032419634385705276
59770.753647207915 3.5175 0.01949999999999985 1.0073132769121642 0.004407076528462895 1.0 1.0066585588531092 1.0066585588531092 0.0006547180590550372
59770.75366315134 3.5175 0.01949999999999985 1.0084344929152134 0.004411559165913473 1.0 1.0066584830412362 1.0066584830412362 0.0017760098739771912
59770.753679094756 3.5175 0.01949999999999985 0.9985260256402481 0.0043906800186851915 1.0 1.0066584072294327 1.0066584072294327 -0.008132381589184612
59770.753695038184 3.5175 0.01949999999999985 1.0021115748080873 0.004403766486469599 1.0 1.0066583314175597 1.0066583314175597 -0.004546756609472347
59770.7537109816 3.5175 0.01949999999999985 1.008754301792118 0.004403761673308242 1.0 1.0066582556057562 1.0066582556057562 0.002096046186361722
59770.75372692502 3.5175 0.01949999999999985 1.0016229799509484 0.00439651757854699 1.0 1.0066581797939178 1.0066581797939178 -0.005035199842969407
59770.75374286844 3.5175 0.01949999999999985 1.0127351573335457 0.00441655552553448 1.0 1.0066581039820797 1.0066581039820797 0.006077053351466022
59770.75375881186 3.5175 0.01949999999999985 1.00897200859608 0.004409847136367153 1.0 1.0066580281702413 1.0066580281702413 0.0023139804258387464
59770.75377475528 3.5175 0.01949999999999985 1.0141923879980401 0.004421392395212313 1.0 1.0066579523584032 1.0066579523584032 0.0075344356396369605
59770.7537906987 3.5175 0.01949999999999985 1.0051455641965483 0.004407736696497666 1.0 1.0066578765465648 1.0066578765465648 -0.001512312350016476
59770.75380664212 3.5175 0.01949999999999985 1.0124713225711957 0.004414772532313878 1.0 1.0066578007347267 1.0066578007347267 0.005813521836468993
59770.75382258554 3.5175 0.01949999999999985 1.007933863673429 0.004408317354570233 1.0 1.0066577249228883 1.0066577249228883 0.0012761387505406674
59770.75383852895 3.5175 0.01949999999999985 1.0045559158638457 0.0043992377550654445 1.0 1.0066576491110848 1.0066576491110848 -0.002101733247239057
59770.75385447238 3.5175 0.01949999999999985 1.006576492217929 0.004406851124945499 1.0 1.0066575732992118 1.0066575732992118 -8.108108128279667e-05
59770.7538704158 3.5175 0.01949999999999985 1.002253768538507 0.004398194693146665 1.0 1.0066574974873737 1.0066574974873737 -0.004403728948866759
59770.75388635922 3.5175 0.01949999999999985 1.0060901528478943 0.004408407294864218 1.0 1.0066574216755353 1.0066574216755353 -0.0005672688276410209
59770.75390230263 3.5175 0.01949999999999985 1.0035745572146755 0.004401071687351337 1.0 1.0066573458637318 1.0066573458637318 -0.0030827886490563117
59770.75391824606 3.5175 0.01949999999999985 1.0058499835226051 0.00440504168965916 1.0 1.0066572700518588 1.0066572700518588 -0.0008072865292536591
59770.75393418948 3.5175 0.01949999999999985 1.0084720430771645 0.0044143495558024584 1.0 1.0066571942400206 1.0066571942400206 0.0018148488371438898
59770.7539501329 3.5175 0.01949999999999985 1.0121482847806156 0.0044133726022119605 1.0 1.0066571184281823 1.0066571184281823 0.0054911663524332965
59770.75396607632 3.5175 0.01949999999999985 0.9980639633157093 0.004384513770685093 1.0 1.0066570426163441 1.0066570426163441 -0.008593079300634798
59770.75398201974 3.5175 0.01949999999999985 1.0063811239910323 0.004407367818447232 1.0 1.006656966804506 1.006656966804506 -0.00027584281347370343
59770.75399796316 3.5175 0.01949999999999985 1.0010045372992753 0.004391631097003558 1.0 1.0066568909926676 1.0066568909926676 -0.005652353693392342
59770.754013906575 3.5175 0.01949999999999985 1.0115203349987583 0.0044179320532085785 1.0 1.006656815180864 1.006656815180864 0.004863519817894346
59770.75402985 3.5175 0.01949999999999985 1.002903623047983 0.004403796428670856 1.0 1.0066567393689911 1.0066567393689911 -0.0037531163210080543
59770.75404579342 3.5175 0.01949999999999985 1.0098730911172886 0.004409424090055773 1.0 1.006656663557153 1.006656663557153 0.0032164275601356263
59770.75406173684 3.5175 0.01949999999999985 1.010105362018115 0.004415207648758256 1.0 1.0066565877453146 1.0066565877453146 0.0034487742728004367
59770.754077680256 3.5175 0.01949999999999985 1.0076329635446826 0.004413067125761062 1.0 1.006656511933511 1.006656511933511 0.0009764516111716581
59770.754093623684 3.5175 0.01949999999999985 1.0054743752216124 0.004407323981163502 1.0 1.0066564361216381 1.0066564361216381 -0.0011820609000257054
59770.7541095671 3.5175 0.01949999999999985 1.0042293239148141 0.004405031262532617 1.0 1.0066563603098346 1.0066563603098346 -0.00242703639502051
59770.754125510524 3.5175 0.01949999999999985 1.008520488567007 0.004410241047704231 1.0 1.0066562844979616 1.0066562844979616 0.0018642040690453054
