eureka_custom_plots/data/stage5_lcfit_results/S5_wasp39b_ap4_bg8_Table_Save_ch44.txt
# %ECSV 1.0
# ---
# datatype:
# - {name: time, datatype: float64}
# - {name: wavelength, datatype: float64}
# - {name: bin_width, datatype: float64}
# - {name: lcdata, datatype: float64}
# - {name: lcerr, datatype: float64}
# - {name: transit, datatype: float64}
# - {name: polynom, datatype: float64}
# - {name: model, datatype: float64}
# - {name: residuals, datatype: float64}
# schema: astropy-2.0
time wavelength bin_width lcdata lcerr transit polynom model residuals
[from data line 14811]
59770.88015824255 4.7059999999999995 0.018999999999999684 0.9937920058875577 0.009964618436710808 0.9814845058956668 1.0061501898067315 0.9875208218992912 0.006271183988266427
59770.88017418597 4.7059999999999995 0.018999999999999684 0.9758625516395979 0.009914254778995516 0.9815016550749516 1.0061501341021146 0.98753802187511 -0.011675470235512075
59770.88019012939 4.7059999999999995 0.018999999999999684 0.974451172847473 0.00994838584468157 0.9815188409440206 1.006150078397498 0.9875552587644477 -0.013104085916974761
59770.880206072805 4.7059999999999995 0.018999999999999684 0.9987720906233213 0.01150800745822312 0.9815360632988539 1.0061500226929065 0.987572532362048 0.01119955826127328
59770.880222016225 4.7059999999999995 0.018999999999999684 0.9880854790894735 0.009961435278457153 0.981553321959285 1.0061499669882896 0.9875898424865807 0.0004956366028928683
59770.880237959645 4.7059999999999995 0.018999999999999684 0.9936489256868475 0.009944978966055725 0.9815706167241538 1.006149911283673 0.9876071889356675 0.006041736751180027
59770.880253903066 4.7059999999999995 0.018999999999999684 0.9961692581194366 0.010028826668686194 0.9815879474016562 1.006149855579056 0.9876245715163184 0.008544686603118135
59770.880269846486 4.7059999999999995 0.018999999999999684 1.0085267025171891 0.010012950361612668 0.9816053137998584 1.0061497998744393 0.9876419900354138 0.02088471248177537
59770.880285789906 4.7059999999999995 0.018999999999999684 0.9988170675723592 0.00998054957815431 0.9816227157296781 1.0061497441698224 0.9876594443027019 0.011157623269657302
59770.88030173332 4.7059999999999995 0.018999999999999684 0.9875819980112684 0.009940296495336188 0.9816401529952932 1.006149688465231 0.987676934121176 -9.493610990751744e-05
59770.88031767675 4.7059999999999995 0.018999999999999684 0.9691984884247018 0.009926574361983721 0.9816576254329867 1.0061496327605888 0.9876944593260312 -0.018495970901329373
59770.88033362016 4.7059999999999995 0.018999999999999684 0.9895515760663938 0.009922018816147642 0.9816751328252864 1.0061495770559974 0.9877120196985519 0.0018395563678418325
59770.88034956358 4.7059999999999995 0.018999999999999684 0.989676083630532 0.009966540848931086 0.9816926750126064 1.0061495213513805 0.9877296150780902 0.001946468552441849
59770.880365507 4.7059999999999995 0.018999999999999684 0.9935581074287203 0.010004806518915062 0.9817102518027334 1.0061494656467638 0.9877472452712701 0.005810862157450192
59770.88038145041 4.7059999999999995 0.018999999999999684 1.0063359148393305 0.009998181091269029 0.9817278630061488 1.0061494099421724 0.9877649100874264 0.018571004751904097
59770.88039739384 4.7059999999999995 0.018999999999999684 0.982088461597274 0.009965712820206746 0.9817455084671876 1.00614935423753 0.9877826093698563 -0.005694147772582259
59770.880413337254 4.7059999999999995 0.018999999999999684 0.990005364792597 0.009968441896046095 0.981763187972731 1.0061492985329386 0.9878003429042248 0.0022050218883722383
59770.880429280674 4.7059999999999995 0.018999999999999684 0.9955346995203969 0.009995271625284118 0.9817809013695598 1.0061492428283219 0.9878181105362899 0.007716588984106987
59770.880445224095 4.7059999999999995 0.018999999999999684 0.9934226761330893 0.009962065007393795 0.9817986484729355 1.006149187123705 0.9878359120801962 0.005586764052893156
59770.880461167515 4.7059999999999995 0.018999999999999684 0.9922407625347356 0.010010556278454274 0.981816429105912 1.0061491314190882 0.9878537473579042 0.004387015176831377
59770.880477110935 4.7059999999999995 0.018999999999999684 0.9985846565849498 0.010016689478808311 0.9818342430942286 1.0061490757144713 0.9878716161940757 0.010713040390874062
59770.88049305435 4.7059999999999995 0.018999999999999684 0.9802120014370435 0.009955550795372721 0.9818520902564806 1.00614902000988 0.9878895184062101 -0.007677516969166631
59770.88050899777 4.7059999999999995 0.018999999999999684 0.9882542514607274 0.009977851953971094 0.9818699704356119 1.0061489643052632 0.9879074538362304 0.00034679762449707496
59770.880524941196 4.7059999999999995 0.018999999999999684 0.9687660231350168 0.009904469195566928 0.9818878834607391 1.0061489086006208 0.9879254223121962 -0.019159399177179348
59770.88054088461 4.7059999999999995 0.018999999999999684 0.9856796459959496 0.00996953849688654 0.9819058291371339 1.0061488528960294 0.9879434236382518 -0.0022637776423022338
59770.88055682803 4.7059999999999995 0.018999999999999684 0.9922908910640756 0.00992359673184433 0.981923807319348 1.0061487971914127 0.9879614576679745 0.0043294333961011455
59770.88057277145 4.7059999999999995 0.018999999999999684 0.9676787925386668 0.009887275558307042 0.9819418178313627 1.0061487414867958 0.987979524224282 -0.020300731685615192
59770.88058871486 4.7059999999999995 0.018999999999999684 0.9795750887999262 0.009972590680189247 0.9819598604981434 1.0061486857822044 0.9879976231310837 -0.008422534331157583
59770.88060465829 4.7059999999999995 0.018999999999999684 0.9818612405528965 0.009943497341837011 0.9819779351775343 1.0061486300775622 0.9880157542452692 -0.006154513692372743
59770.8806206017 4.7059999999999995 0.018999999999999684 0.9713644600505956 0.009910808204793299 0.9819960416714457 1.0061485743729708 0.9880339173676255 -0.016669457317029845
59770.880636545124 4.7059999999999995 0.018999999999999684 0.9914302399882942 0.009990962443436913 0.9820141798413472 1.0061485186683539 0.98805211235869 0.0033781276296042106
59770.880652488544 4.7059999999999995 0.018999999999999684 0.9717407310135067 0.009921569420434097 0.9820323495146438 1.0061484629637372 0.9880703390448263 -0.016329608031319665
59770.88066843196 4.7059999999999995 0.018999999999999684 0.986960256503673 0.009967816939678516 0.9820505505217544 1.0061484072591458 0.9880885972554304 -0.001128340751757384
59770.880684375385 4.7059999999999995 0.018999999999999684 0.9875159524621876 0.009958146158389707 0.9820687827256743 1.0061483515545036 0.9881068868525751 -0.0005909343903874875
59770.8807003188 4.7059999999999995 0.018999999999999684 0.9998862326461131 0.009998328297134502 0.9820870459328955 1.0061482958499122 0.9881252076416572 0.01176102500445586
59770.88071626222 4.7059999999999995 0.018999999999999684 0.976489406432392 0.009902219574747032 0.982105340009395 1.0061482401452952 0.9881435594877496 -0.011654153055357552
59770.88073220564 4.7059999999999995 0.018999999999999684 0.9978061578457372 0.009987704629759904 0.9821236647888335 1.0061481844406786 0.9881619422235104 0.009644215622226837
59770.88074814906 4.7059999999999995 0.018999999999999684 1.0003737640108463 0.010035849160716712 0.9821420201126408 1.0061481287360616 0.988180355689389 0.012193408321457322
59770.88076409248 4.7059999999999995 0.018999999999999684 1.0048564263790096 0.010017948586982498 0.9821604058247411 1.0061480730314447 0.9881987997283449 0.016657626650664725
59770.88078003589 4.7059999999999995 0.018999999999999684 1.000041114069594 0.009992466127339793 0.9821788217614238 1.0061480173268533 0.9882172741756814 0.011823839893912558
59770.88079597931 4.7059999999999995 0.018999999999999684 0.9831708405259458 0.009946597544183651 0.982197267783831 1.0061479616222366 0.9882357788916316 -0.005064938365685778
59770.88081192274 4.7059999999999995 0.018999999999999684 0.977784481333011 0.009948091596127463 0.9822157437385751 1.0061479059175944 0.9882543137218599 -0.01046983238884891
59770.88082786615 4.7059999999999995 0.018999999999999684 0.9656273254460112 0.009906018712011867 0.9822342494474221 1.006147850213003 0.9882728784871063 -0.022645553041095168
59770.88084380957 4.7059999999999995 0.018999999999999684 1.0003758460567662 0.010024555377033308 0.9822527847827164 1.006147794508386 0.9882914730588506 0.012084372997915649
59770.88085975299 4.7059999999999995 0.018999999999999684 0.9907471885240202 0.009976500729810297 0.9822713495850227 1.0061477388037692 0.9883100972766973 0.0024370912473229422
59770.880875696406 4.7059999999999995 0.018999999999999684 0.9925408166357681 0.009997582493485513 0.9822899436956879 1.0061476830991778 0.9883287509810382 0.0042120656547298685
59770.880891639834 4.7059999999999995 0.018999999999999684 0.9891012143204708 0.00996204639730059 0.9823085669897008 1.0061476273945356 0.9883474340460137 0.0007537802744571609
59770.88090758325 4.7059999999999995 0.018999999999999684 0.9894575687740441 0.009953021641661942 0.9823272192847186 1.0061475716899442 0.9883661462882549 0.0010914224857891952
59770.880923526674 4.7059999999999995 0.018999999999999684 0.9857340919408987 0.00996062367820638 0.9823459004660285 1.006147515985302 0.9883848875922393 -0.0026507956513406317
59770.88093947009 4.7059999999999995 0.018999999999999684 0.9964503943466718 0.009995535366691408 0.9823646103522353 1.0061474602807106 0.9884036577755514 0.008046736571120428
59770.8809554135 4.7059999999999995 0.018999999999999684 0.9937445272903338 0.010006225233196293 0.9823833488145723 1.0061474045761192 0.9884224567085783 0.005322070581755489
59770.88097135693 4.7059999999999995 0.018999999999999684 0.9907202713676615 0.009963474922576852 0.9824021157235278 1.006147348871477 0.9884412842609573 0.0022789871067041556
59770.88098730035 4.7059999999999995 0.018999999999999684 0.9758850473445037 0.009886426978097503 0.9824209109085685 1.00614729316686 0.9884601402611771 -0.01257509291667347
59770.88100324376 4.7059999999999995 0.018999999999999684 0.9728609999071037 0.009916345990316256 0.9824397342259128 1.0061472374622686 0.9884790245645676 -0.01561802465746387
59770.88101918718 4.7059999999999995 0.018999999999999684 0.9944144289257381 0.009987799705292594 0.9824585855483434 1.006147181757652 0.9884979370430748 0.0059164918826632995
59770.8810351306 4.7059999999999995 0.018999999999999684 0.987913509006301 0.009953598966039187 0.9824774647248992 1.006147126053035 0.9885168775448294 -0.0006033685385283816
59770.88105107402 4.7059999999999995 0.018999999999999684 0.9797630045916149 0.009911018457944884 0.9824963716135011 1.0061470703484183 0.988535845926875 -0.008772841335260129
59770.88106701744 4.7059999999999995 0.018999999999999684 0.9790146590358723 0.011512843438836113 0.9825153060733444 1.0061470146438014 0.9885548420475362 -0.009540183011663927
59770.881082960856 4.7059999999999995 0.018999999999999684 0.9913161850367008 0.009965257594658442 0.9825342679539086 1.00614695893921 0.9885738657553881 0.002742319281312744
59770.88109890428 4.7059999999999995 0.018999999999999684 0.9924141703585846 0.009951798217890167 0.9825532571421447 1.0061469032345678 0.9885929169366069 0.0038212534219776995
59770.881114847696 4.7059999999999995 0.018999999999999684 0.9818248316517564 0.00998072364096956 0.9825722734642158 1.0061468475299764 0.9886119954163827 -0.006787163764626292
59770.88113079112 4.7059999999999995 0.018999999999999684 0.9788276424240213 0.009919851914734846 0.9825913168068514 1.0061467918253595 0.988631101080669 -0.009803458656647668
59770.88114673454 4.7059999999999995 0.018999999999999684 0.9724613331406802 0.009920165839439207 0.9826103870244859 1.0061467361207428 0.9886502337830263 -0.016188900642346127
59770.88116267795 4.7059999999999995 0.018999999999999684 1.0003847129949501 0.010019746315262045 0.9826294839699804 1.0061466804161514 0.9886693933754317 0.011715319619518438
59770.88117862138 4.7059999999999995 0.018999999999999684 0.9733638816718312 0.009871581112715322 0.9826486075338823 1.0061466247115092 0.9886885797476801 -0.015324698075848908
59770.88119456479 4.7059999999999995 0.018999999999999684 1.0007279550316237 0.010002156080434062 0.9826677575454832 1.0061465690069178 0.9887077927281097 0.012020162303513993
59770.88121050821 4.7059999999999995 0.018999999999999684 0.9859782784060199 0.009963638525168794 0.9826869338950182 1.0061465133023009 0.9887270322062012 -0.0027487538001812473
59770.88122645163 4.7059999999999995 0.018999999999999684 0.9767837405862582 0.0099323148755669 0.9827061364396166 1.006146457597684 0.9887462980382264 -0.011962557451968281
59770.881242395044 4.7059999999999995 0.018999999999999684 0.9999913255930772 0.010007283439848793 0.9827253650369946 1.0061464018930926 0.988765590081048 0.011225735512029211
59770.88125833847 4.7059999999999995 0.018999999999999684 0.9766734338723918 0.009921371853949432 0.9827446195794439 1.0061463461884503 0.9887849082262161 -0.012111474353824314
59770.88127428189 4.7059999999999995 0.018999999999999684 0.979158706246166 0.009940963926164698 0.9827638999081336 1.0061462904838336 0.9888042523139943 -0.009645546067828303
59770.881290225305 4.7059999999999995 0.018999999999999684 0.9793571827439506 0.009926030042245093 0.9827832058915243 1.0061462347792423 0.98882362221203 -0.009466439468079457
59770.881306168725 4.7059999999999995 0.018999999999999684 0.9904483367266124 0.009986605897709938 0.9828025374149129 1.0061461790746253 0.9888430178048611 0.0016053189217513086
59770.881322112145 4.7059999999999995 0.018999999999999684 0.9959399312939621 0.009983857840730052 0.9828218943390808 1.0061461233700084 0.9888624389524342 0.00707749234152788
59770.881338055566 4.7059999999999995 0.018999999999999684 0.9719557750972052 0.009944270972201167 0.9828412765343463 1.0061460676653917 0.9888818855242664 -0.01692611042706116
59770.881353998986 4.7059999999999995 0.018999999999999684 0.9962355290050855 0.00998742771140303 0.9828606838699278 1.0061460119607748 0.9889013573887676 0.007334171616317886
59770.8813699424 4.7059999999999995 0.018999999999999684 1.0016266608876734 0.009965978436324553 0.9828801162083198 1.0061459562561834 0.9889208544076087 0.012705806480064696
59770.88138588583 4.7059999999999995 0.018999999999999684 0.9759624237502271 0.009953963083525752 0.9828995734480197 1.0061459005515412 0.9889403764785835 -0.012977952728356335
59770.88140182924 4.7059999999999995 0.018999999999999684 0.9790962475621457 0.009953301284970892 0.9829190554256644 1.0061458448469498 0.988959923437421 -0.009863675875275257
59770.88141777266 4.7059999999999995 0.018999999999999684 0.9803768908470156 0.009956761906969584 0.982938562039801 1.006145789142333 0.9889794951819657 -0.008602604334950081
59770.88143371608 4.7059999999999995 0.018999999999999684 0.97687443889637 0.00997465624625029 0.9829580931557603 1.0061457334377162 0.9889990915767414 -0.012124652680371328
59770.8814496595 4.7059999999999995 0.018999999999999684 0.9839069916191773 0.009984624841797308 0.9829776486461813 1.0061456777330993 0.9890187124936004 -0.005111720874423131
59770.88146560292 4.7059999999999995 0.018999999999999684 0.9869538627413553 0.009968636614239799 0.9829972283859435 1.0061456220284826 0.9890383578066495 -0.0020844950652941785
59770.881481546334 4.7059999999999995 0.018999999999999684 0.9863050253197106 0.009939505464151531 0.9830168322414021 1.0061455663238912 0.9890580273814431 -0.002753002061732457
59770.881497489754 4.7059999999999995 0.018999999999999684 0.9925693774665088 0.009939322040409553 0.9830364601049638 1.0061455106192743 0.9890777211096726 0.003491656356836126
59770.881513433174 4.7059999999999995 0.018999999999999684 1.0007128824814484 0.00998809368740067 0.9830561118440648 1.0061454549146576 0.9890974388579811 0.011615443623467336
59770.881529376595 4.7059999999999995 0.018999999999999684 0.9935691926406301 0.009957749222517494 0.9830757873357349 1.0061453992100406 0.989117180502638 0.004452012137992178
59770.881545320015 4.7059999999999995 0.018999999999999684 0.9939263722209986 0.009972094014856771 0.983095486455825 1.0061453435054237 0.9891369459187277 0.0047894263022708605
59770.881561263435 4.7059999999999995 0.018999999999999684 0.9974065772275155 0.009990984403365696 0.9831152090824036 1.006145287800807 0.9891567349835655 0.008249842243949979
59770.88157720685 4.7059999999999995 0.018999999999999684 0.9972878943347194 0.00998545412886755 0.9831349550849173 1.0061452320962156 0.9891765475658167 0.008111346768902683
