eureka_custom_plots/data/stage5_lcfit_results/S5_wasp39b_ap4_bg8_Table_Save_ch55.txt
# %ECSV 1.0
# ---
# datatype:
# - {name: time, datatype: float64}
# - {name: wavelength, datatype: float64}
# - {name: bin_width, datatype: float64}
# - {name: lcdata, datatype: float64}
# - {name: lcerr, datatype: float64}
# - {name: transit, datatype: float64}
# - {name: polynom, datatype: float64}
# - {name: model, datatype: float64}
# - {name: residuals, datatype: float64}
# schema: astropy-2.0
time wavelength bin_width lcdata lcerr transit polynom model residuals
[from data line 2391]
59770.68214096741 5.1274999999999995 0.019500000000000295 1.01800091705903 0.01331932253368413 1.0 1.0067963873284318 1.0067963873284318 0.011204529730598267
59770.68215691083 5.1274999999999995 0.019500000000000295 1.004901045889479 0.013233304480330466 1.0 1.0067963286075856 1.0067963286075856 -0.0018952827181066834
59770.68217285425 5.1274999999999995 0.019500000000000295 1.0145590687603592 0.013275427735663387 1.0 1.0067962698867392 1.0067962698867392 0.007762798873619969
59770.68218879767 5.1274999999999995 0.019500000000000295 1.0069804205915636 0.013264583726897232 1.0 1.006796211165893 1.006796211165893 0.0001842094256705451
59770.68220474109 5.1274999999999995 0.019500000000000295 1.0033604396822857 0.013217990521825122 1.0 1.0067961524450466 1.0067961524450466 -0.0034357127627608897
59770.68222068451 5.1274999999999995 0.019500000000000295 1.00661382095903 0.013274292617602677 1.0 1.0067960937242004 1.0067960937242004 -0.00018227276517035484
59770.68223662793 5.1274999999999995 0.019500000000000295 0.9976069950438083 0.013219136642120408 1.0 1.006796035003354 1.006796035003354 -0.009189039959545675
59770.68225257135 5.1274999999999995 0.019500000000000295 0.9930712275412213 0.013157233204085772 1.0 1.0067959762825078 1.0067959762825078 -0.013724748741286485
59770.68226851477 5.1274999999999995 0.019500000000000295 1.0055257967222808 0.013266879459771307 1.0 1.0067959175616614 1.0067959175616614 -0.0012701208393806063
59770.6822844582 5.1274999999999995 0.019500000000000295 0.9922733280770546 0.013200153742469896 1.0 1.0067958588407884 1.0067958588407884 -0.014522530763733776
59770.68230040161 5.1274999999999995 0.019500000000000295 1.0177765391428175 0.013237542153311199 1.0 1.0067958001199688 1.0067958001199688 0.010980739022848685
59770.68231634503 5.1274999999999995 0.019500000000000295 1.0168083008350617 0.013270507412957142 1.0 1.0067957413991224 1.0067957413991224 0.010012559435939261
59770.68233228845 5.1274999999999995 0.019500000000000295 "" "" 1.0 1.0067956826782762 1.0067956826782762 ""
59770.68234823188 5.1274999999999995 0.019500000000000295 0.9824392111658556 0.013162663266383963 1.0 1.0067956239574032 1.0067956239574032 -0.024356412791547544
59770.6823641753 5.1274999999999995 0.019500000000000295 1.0135066562283397 0.013272627626298711 1.0 1.0067955652365568 1.0067955652365568 0.006711090991782909
59770.68238011871 5.1274999999999995 0.019500000000000295 0.9942635400072657 0.013224828921282909 1.0 1.0067955065157372 1.0067955065157372 -0.012531966508471548
59770.68239606214 5.1274999999999995 0.019500000000000295 0.9887460175275229 0.01317112433045495 1.0 1.0067954477948642 1.0067954477948642 -0.018049430267341293
59770.68241200555 5.1274999999999995 0.019500000000000295 0.9928182664299098 0.013199920706621734 1.0 1.0067953890740446 1.0067953890740446 -0.013977122644134865
59770.68242794898 5.1274999999999995 0.019500000000000295 0.9911939908263302 0.013202942701564429 1.0 1.0067953303531716 1.0067953303531716 -0.015601339526841396
59770.6824438924 5.1274999999999995 0.019500000000000295 0.9794152563454084 0.013133718879576302 1.0 1.0067952716323252 1.0067952716323252 -0.027380015286916803
59770.68245983582 5.1274999999999995 0.019500000000000295 1.0087474749638496 0.013214283607496824 1.0 1.006795212911479 1.006795212911479 0.0019522620523706458
59770.68247577924 5.1274999999999995 0.019500000000000295 1.0120228730858138 0.013262979510698361 1.0 1.0067951541906326 1.0067951541906326 0.005227718895181255
59770.682491722655 5.1274999999999995 0.019500000000000295 1.001288708908609 0.01324000690025052 1.0 1.006795095469813 1.006795095469813 -0.005506386561203946
59770.68250766608 5.1274999999999995 0.019500000000000295 0.9972727679456915 0.01314769760152375 1.0 1.00679503674894 1.00679503674894 -0.009522268803248468
59770.6825236095 5.1274999999999995 0.019500000000000295 1.0126023661469574 0.013228761340184785 1.0 1.0067949780280938 1.0067949780280938 0.00580738811886361
59770.68253955292 5.1274999999999995 0.019500000000000295 1.0085268727576453 0.013243064652994137 1.0 1.0067949193072474 1.0067949193072474 0.001731953450397894
59770.68255549634 5.1274999999999995 0.019500000000000295 0.9949312806270877 0.013208728845572887 1.0 1.0067948605864012 1.0067948605864012 -0.01186357995931353
59770.682571439764 5.1274999999999995 0.019500000000000295 0.9978881721444489 0.013274893519827833 1.0 1.0067948018655548 1.0067948018655548 -0.008906629721105896
59770.682587383184 5.1274999999999995 0.019500000000000295 0.9962476897843991 0.013180151687331984 1.0 1.0067947431447084 1.0067947431447084 -0.010547053360309255
59770.682603326604 5.1274999999999995 0.019500000000000295 1.0030421028252148 0.013200528641085696 1.0 1.0067946844238622 1.0067946844238622 -0.003752581598647442
59770.682619270025 5.1274999999999995 0.019500000000000295 1.0224160140776652 0.013245747260873804 1.0 1.0067946257030158 1.0067946257030158 0.015621388374649436
59770.68263521345 5.1274999999999995 0.019500000000000295 0.9985978298228939 0.013185725061207316 1.0 1.0067945669821428 1.0067945669821428 -0.008196737159248846
59770.682651156865 5.1274999999999995 0.019500000000000295 0.9998709814275425 0.0132123004903713 1.0 1.0067945082613232 1.0067945082613232 -0.006923526833780724
59770.682667100285 5.1274999999999995 0.019500000000000295 1.0274485321735976 0.013309252542294288 1.0 1.006794449540477 1.006794449540477 0.02065408263312052
59770.68268304371 5.1274999999999995 0.019500000000000295 1.008608314706627 0.013275196233795805 1.0 1.006794390819604 1.006794390819604 0.0018139238870229502
59770.682698987126 5.1274999999999995 0.019500000000000295 1.0184786794892364 0.01321199593585148 1.0 1.0067943320987844 1.0067943320987844 0.011684347390451988
59770.68271493055 5.1274999999999995 0.019500000000000295 1.0023754433707448 0.013169907118762175 1.0 1.0067942733779112 1.0067942733779112 -0.004418830007166363
59770.682730873974 5.1274999999999995 0.019500000000000295 1.031218032694855 0.013319509918716768 1.0 1.006794214657065 1.006794214657065 0.024423818037790035
59770.682746817394 5.1274999999999995 0.019500000000000295 0.992454531087245 0.013171004971028202 1.0 1.0067941559362186 1.0067941559362186 -0.014339624848973553
59770.682762760815 5.1274999999999995 0.019500000000000295 1.0073591258056531 0.013199708253939674 1.0 1.0067940972153724 1.0067940972153724 0.0005650285902807362
59770.68277870423 5.1274999999999995 0.019500000000000295 1.0071353433583032 0.013201545259445911 1.0 1.0067940384945528 1.0067940384945528 0.00034130486375039126
59770.682794647655 5.1274999999999995 0.019500000000000295 1.0109763412689101 0.013256865930480024 1.0 1.0067939797736798 1.0067939797736798 0.0041823614952303245
59770.68281059108 5.1274999999999995 0.019500000000000295 1.0151470780097156 0.013272732563739034 1.0 1.0067939210528067 1.0067939210528067 0.008353156956908858
59770.682826534496 5.1274999999999995 0.019500000000000295 1.0180588548333003 0.013296102141347478 1.0 1.0067938623319872 1.0067938623319872 0.011264992501313076
59770.682842477916 5.1274999999999995 0.019500000000000295 1.0064765575036039 0.013280501709366925 1.0 1.0067938036111408 1.0067938036111408 -0.00031724610753691707
59770.682858421336 5.1274999999999995 0.019500000000000295 1.0295426335664286 0.013270874662144347 1.0 1.0067937448902946 1.0067937448902946 0.022748888676134005
59770.68287436476 5.1274999999999995 0.019500000000000295 1.0146889834116772 0.013229784596776165 1.0 1.0067936861694482 1.0067936861694482 0.007895297242229038
59770.682890308184 5.1274999999999995 0.019500000000000295 1.028019648353837 0.01333816578672685 1.0 1.0067936274485751 1.0067936274485751 0.021226020905261933
59770.6829062516 5.1274999999999995 0.019500000000000295 1.0305854153636949 0.013358282129655135 1.0 1.0067935687277556 1.0067935687277556 0.02379184663593925
59770.682922195025 5.1274999999999995 0.019500000000000295 0.9997854495586159 0.013263511603501539 1.0 1.0067935100068826 1.0067935100068826 -0.007008060448266629
59770.68293813844 5.1274999999999995 0.019500000000000295 1.0182954327884288 0.01329682459112796 1.0 1.006793451286063 1.006793451286063 0.01150198150236581
59770.68295408186 5.1274999999999995 0.019500000000000295 1.0130608914585695 0.01326713851069928 1.0 1.0067933925652166 1.0067933925652166 0.006267498893352874
59770.682970025286 5.1274999999999995 0.019500000000000295 0.9973785396127348 0.013214800682012915 1.0 1.0067933338443436 1.0067933338443436 -0.009414794231608736
59770.6829859687 5.1274999999999995 0.019500000000000295 0.9943447016705653 0.013221653571723285 1.0 1.006793275123524 1.006793275123524 -0.012448573452958689
59770.683001912126 5.1274999999999995 0.019500000000000295 1.0145228500319947 0.01323847762355067 1.0 1.006793216402651 1.006793216402651 0.007729633629343757
59770.68301785554 5.1274999999999995 0.019500000000000295 0.9864452712345935 0.013188759418936715 1.0 1.0067931576818314 1.0067931576818314 -0.02034788644723795
59770.68303379897 5.1274999999999995 0.019500000000000295 0.9963942750435998 0.013231184399525215 1.0 1.0067930989609584 1.0067930989609584 -0.01039882391735858
59770.68304974239 5.1274999999999995 0.019500000000000295 1.001210863357168 0.013230146806271577 1.0 1.006793040240112 1.006793040240112 -0.0055821768829440455
59770.6830656858 5.1274999999999995 0.019500000000000295 0.9920696748600331 0.013181945674080903 1.0 1.0067929815192926 1.0067929815192926 -0.014723306659259583
59770.68308162923 5.1274999999999995 0.019500000000000295 1.0018516737370913 0.013224430925906238 1.0 1.0067929227984194 1.0067929227984194 -0.00494124906132809
59770.68309757265 5.1274999999999995 0.019500000000000295 1.0018832373746736 0.013240573686630518 1.0 1.0067928640775732 1.0067928640775732 -0.004909626702899628
59770.68311351607 5.1274999999999995 0.019500000000000295 0.9955239029088849 0.013189618088492163 1.0 1.0067928053567268 1.0067928053567268 -0.011268902447841844
59770.68312945949 5.1274999999999995 0.019500000000000295 0.9988559865729886 0.013178162866581591 1.0 1.0067927466358806 1.0067927466358806 -0.007936760062892012
59770.68314540291 5.1274999999999995 0.019500000000000295 1.0022515083306385 0.013225720295510626 1.0 1.0067926879150342 1.0067926879150342 -0.004541179584395705
59770.68316134633 5.1274999999999995 0.019500000000000295 1.0112590199972058 0.013292652850723487 1.0 1.006792629194188 1.006792629194188 0.004466390803017806
59770.68317728975 5.1274999999999995 0.019500000000000295 1.0332833076992167 0.013349605869135996 1.0 1.0067925704733416 1.0067925704733416 0.02649073722587514
59770.68319323317 5.1274999999999995 0.019500000000000295 1.0155030163741865 0.01328954287129951 1.0 1.0067925117524952 1.0067925117524952 0.008710504621691317
59770.6832091766 5.1274999999999995 0.019500000000000295 1.0000945608105074 0.013210331472789813 1.0 1.0067924530316221 1.0067924530316221 -0.006697892221114721
59770.68322512001 5.1274999999999995 0.019500000000000295 1.0015818406822374 0.013264633196962883 1.0 1.0067923943108026 1.0067923943108026 -0.005210553628565151
59770.68324106343 5.1274999999999995 0.019500000000000295 1.0097344989535135 0.013244543662040196 1.0 1.0067923355899564 1.0067923355899564 0.0029421633635571265
59770.68325700686 5.1274999999999995 0.019500000000000295 1.015793501467348 0.01323990277693614 1.0 1.0067922768690833 1.0067922768690833 0.00900122459826469
59770.68327295027 5.1274999999999995 0.019500000000000295 1.0002733007139908 0.013175783378804868 1.0 1.0067922181482638 1.0067922181482638 -0.006518917434273019
59770.6832888937 5.1274999999999995 0.019500000000000295 1.0079198406305216 0.013259011223733784 1.0 1.0067921594273908 1.0067921594273908 0.0011276812031308925
59770.68330483711 5.1274999999999995 0.019500000000000295 1.0201921067414204 0.013319469490825405 1.0 1.0067921007065712 1.0067921007065712 0.013400006034849143
59770.68332078054 5.1274999999999995 0.019500000000000295 1.0029461761153007 0.013249772026162312 1.0 1.006792041985698 1.006792041985698 -0.003845865870397258
59770.68333672396 5.1274999999999995 0.019500000000000295 1.0170169645270608 0.013269040509945656 1.0 1.0067919832648518 1.0067919832648518 0.010224981262209054
59770.68335266738 5.1274999999999995 0.019500000000000295 0.9972818094835384 0.01319839629361562 1.0 1.0067919245440053 1.0067919245440053 -0.00951011506046695
59770.6833686108 5.1274999999999995 0.019500000000000295 0.9967074056456158 0.01320454296933504 1.0 1.0067918658231592 1.0067918658231592 -0.010084460177543386
59770.68338455422 5.1274999999999995 0.019500000000000295 0.994866756200117 0.013214620987186313 1.0 1.0067918071023128 1.0067918071023128 -0.011925050902195755
59770.68340049764 5.1274999999999995 0.019500000000000295 0.9973078560353892 0.013215418276886898 1.0 1.0067917483814666 1.0067917483814666 -0.009483892346077383
59770.68341644106 5.1274999999999995 0.019500000000000295 0.9926944174746719 0.013233440596852821 1.0 1.0067916896606202 1.0067916896606202 -0.01409727218594825
59770.68343238448 5.1274999999999995 0.019500000000000295 1.0168518239189317 0.01325476514583625 1.0 1.006791630939774 1.006791630939774 0.010060192979157723
59770.6834483279 5.1274999999999995 0.019500000000000295 1.00919719314599 0.013242761021042491 1.0 1.0067915722189276 1.0067915722189276 0.002405620927062424
59770.68346427132 5.1274999999999995 0.019500000000000295 1.012507099740144 0.01324048007976436 1.0 1.0067915134980814 1.0067915134980814 0.005715586242062587
59770.68348021474 5.1274999999999995 0.019500000000000295 1.0335728016841919 0.013335328147825131 1.0 1.006791454777235 1.006791454777235 0.026781346906956882
59770.68349615817 5.1274999999999995 0.019500000000000295 1.0235292534248237 0.013294582498765181 1.0 1.006791396056362 1.006791396056362 0.016737857368461784
59770.68351210158 5.1274999999999995 0.019500000000000295 1.0075184423731993 0.013223886857668992 1.0 1.0067913373355424 1.0067913373355424 0.0007271050376569388
59770.683528045 5.1274999999999995 0.019500000000000295 1.017030285942531 0.013293923505541903 1.0 1.006791278614696 1.006791278614696 0.010239007327835115
59770.68354398842 5.1274999999999995 0.019500000000000295 0.9964626593587685 0.013216794574622366 1.0 1.0067912198938498 1.0067912198938498 -0.010328560535081244
59770.68355993185 5.1274999999999995 0.019500000000000295 0.9956198092512605 0.013219297067132787 1.0 1.0067911611729767 1.0067911611729767 -0.011171351921716255
59770.68357587527 5.1274999999999995 0.019500000000000295 1.0158956708435123 0.013251671049458492 1.0 1.0067911024521303 1.0067911024521303 0.009104568391381962
59770.683591818684 5.1274999999999995 0.019500000000000295 0.9936928812558455 0.013227464610626564 1.0 1.0067910437313108 1.0067910437313108 -0.013098162475465247
59770.68360776211 5.1274999999999995 0.019500000000000295 1.0197360632168206 0.013287975924326437 1.0 1.0067909850104377 1.0067909850104377 0.01294507820638291
59770.683623705525 5.1274999999999995 0.019500000000000295 1.0199136106720992 0.013257599264245296 1.0 1.0067909262896182 1.0067909262896182 0.013122684382480987
59770.68363964895 5.1274999999999995 0.019500000000000295 0.986865093243864 0.013153164235408988 1.0 1.0067908675687451 1.0067908675687451 -0.019925774324881185
59770.68365559237 5.1274999999999995 0.019500000000000295 1.0070889411410593 0.013194625839837168 1.0 1.0067908088478987 1.0067908088478987 0.0002981322931605579
59770.68367153579 5.1274999999999995 0.019500000000000295 1.0084873335206854 0.013302792613097254 1.0 1.0067907501270525 1.0067907501270525 0.0016965833936328778
59770.68368747921 5.1274999999999995 0.019500000000000295 1.0147277978610758 0.013235592219276872 1.0 1.0067906914062061 1.0067906914062061 0.007937106454869669
59770.68370342263 5.1274999999999995 0.019500000000000295 0.9945537165797473 0.013188437559583037 1.0 1.0067906326853866 1.0067906326853866 -0.012236916105639262
