eureka_custom_plots/data/stage5_lcfit_results/S5_wasp39b_ap4_bg8_Table_Save_ch54.txt
# %ECSV 1.0
# ---
# datatype:
# - {name: time, datatype: float64}
# - {name: wavelength, datatype: float64}
# - {name: bin_width, datatype: float64}
# - {name: lcdata, datatype: float64}
# - {name: lcerr, datatype: float64}
# - {name: transit, datatype: float64}
# - {name: polynom, datatype: float64}
# - {name: model, datatype: float64}
# - {name: residuals, datatype: float64}
# schema: astropy-2.0
time wavelength bin_width lcdata lcerr transit polynom model residuals
[from data line 1301]
59770.66476263878 5.089 0.018999999999999684 1.0098973951609387 0.012832804490034341 1.0 1.0068917967621853 1.0068917967621853 0.003005598398753362
59770.6647785822 5.089 0.018999999999999684 1.0210066678120893 0.012897400287015009 1.0 1.0068917340124395 1.0068917340124395 0.014114933799649787
59770.664794525626 5.089 0.018999999999999684 1.0129110992897297 0.012910662385653443 1.0 1.0068916712626652 1.0068916712626652 0.006019428027064455
59770.66481046904 5.089 0.018999999999999684 1.01950546738201 0.012859151064614976 1.0 1.0068916085129482 1.0068916085129482 0.012613858869061856
59770.66482641246 5.089 0.018999999999999684 1.004829779961991 0.012806772162465056 1.0 1.0068915457632024 1.0068915457632024 -0.0020617658012114237
59770.66484235588 5.089 0.018999999999999684 1.041009106457819 0.012920308310074343 1.0 1.0068914830134568 1.0068914830134568 0.03411762344436231
59770.6648582993 5.089 0.018999999999999684 1.0036535087644949 0.012829305735949993 1.0 1.0068914202637111 1.0068914202637111 -0.0032379114992162616
59770.66487424273 5.089 0.018999999999999684 1.0016807188019412 0.012893273729929199 1.0 1.0068913575139367 1.0068913575139367 -0.005210638711995452
59770.66489018614 5.089 0.018999999999999684 1.0060092831100595 0.012842998653430082 1.0 1.0068912947642197 1.0068912947642197 -0.0008820116541601308
59770.66490612957 5.089 0.018999999999999684 1.0217185012176777 0.012911601367263593 1.0 1.0068912320144454 1.0068912320144454 0.014827269203232296
59770.66492207299 5.089 0.018999999999999684 1.0147809816040088 0.012934480429980815 1.0 1.0068911692646998 1.0068911692646998 0.007889812339308966
59770.66493801641 5.089 0.018999999999999684 1.0068718190406833 0.012819157097751761 1.0 1.006891106514954 1.006891106514954 -1.9287474270601734e-05
59770.66495395983 5.089 0.018999999999999684 0.9910517718978764 0.012789377604019754 1.0 1.0068910437652083 1.0068910437652083 -0.015839271867331917
59770.66496990325 5.089 0.018999999999999684 1.0245892602943552 0.012887899801923756 1.0 1.0068909810154627 1.0068909810154627 0.017698279278892448
59770.66498584667 5.089 0.018999999999999684 1.0123660915929211 0.012884965706284616 1.0 1.0068909182657169 1.0068909182657169 0.0054751733272042635
59770.66500179009 5.089 0.018999999999999684 1.0121415274697023 0.012895000793445643 1.0 1.0068908555159712 1.0068908555159712 0.005250671953731079
59770.66501773351 5.089 0.018999999999999684 0.9825333756607878 0.01272170203019817 1.0 1.0068907927662256 1.0068907927662256 -0.024357417105437817
59770.66503367693 5.089 0.018999999999999684 1.0302616933527269 0.012950379642800505 1.0 1.00689073001648 1.00689073001648 0.023370963336246886
59770.66504962036 5.089 0.018999999999999684 0.9956545413515345 0.012784778813599578 1.0 1.0068906672667055 1.0068906672667055 -0.01123612591517098
59770.66506556377 5.089 0.018999999999999684 1.0142139506486265 0.012870032215742868 1.0 1.0068906045169885 1.0068906045169885 0.007323346131637987
59770.6650815072 5.089 0.018999999999999684 1.009391560079649 0.012842722975895426 1.0 1.0068905417672143 1.0068905417672143 0.0025010183124347662
59770.66509745061 5.089 0.018999999999999684 1.006258182519228 0.012859407985240587 1.0 1.006890479017497 1.006890479017497 -0.0006322964982690138
59770.66511339403 5.089 0.018999999999999684 1.019746896347605 0.012878305426381794 1.0 1.0068904162677514 1.0068904162677514 0.012856480079853627
59770.66512933746 5.089 0.018999999999999684 0.9945608984970187 0.012859764184315768 1.0 1.0068903535179772 1.0068903535179772 -0.012329455020958502
59770.66514528088 5.089 0.018999999999999684 1.0073238167856085 0.012894339823452852 1.0 1.0068902907682316 1.0068902907682316 0.0004335260173768951
59770.6651612243 5.089 0.018999999999999684 1.0053858777328073 0.012817181446949578 1.0 1.0068902280184857 1.0068902280184857 -0.001504350285678413
59770.66517716772 5.089 0.018999999999999684 1.0055548116665483 0.012833611370782223 1.0 1.00689016526874 1.00689016526874 -0.0013353536021918355
59770.66519311114 5.089 0.018999999999999684 0.9731017124456066 0.012793338229106681 1.0 1.0068901025189945 1.0068901025189945 -0.03378839007338785
59770.66520905456 5.089 0.018999999999999684 0.9962754273713825 0.012809114923978774 1.0 1.0068900397692486 1.0068900397692486 -0.010614612397866097
59770.66522499798 5.089 0.018999999999999684 1.0273899859912374 0.01293747230122087 1.0 1.006889977019503 1.006889977019503 0.02050000897173443
59770.6652409414 5.089 0.018999999999999684 1.0161730228054222 0.01287740910069788 1.0 1.0068899142697574 1.0068899142697574 0.00928310853566483
59770.66525688483 5.089 0.018999999999999684 1.038182676736679 0.014555585978600353 1.0 1.0068898515199831 1.0068898515199831 0.03129282521669596
59770.66527282824 5.089 0.018999999999999684 1.0076903587680757 0.01285011008822587 1.0 1.006889788770266 1.006889788770266 0.0008005699978097525
59770.66528877166 5.089 0.018999999999999684 1.0127671046935325 0.012878380199941083 1.0 1.0068897260205203 1.0068897260205203 0.00587737867301219
59770.66530471509 5.089 0.018999999999999684 1.0246842420879891 0.012918096347880515 1.0 1.006889663270746 1.006889663270746 0.017794578817243112
59770.6653206585 5.089 0.018999999999999684 1.000884475601683 0.012801891977806013 1.0 1.0068896005210288 1.0068896005210288 -0.0060051249193457945
59770.66533660193 5.089 0.018999999999999684 1.029361681800542 0.012907257279395254 1.0 1.0068895377712546 1.0068895377712546 0.022472144029287433
59770.665352545344 5.089 0.018999999999999684 1.005160349626349 0.012823130091736546 1.0 1.0068894750215376 1.0068894750215376 -0.0017291253951885466
59770.66536848877 5.089 0.018999999999999684 0.9927453983402523 0.01281331179073365 1.0 1.006889412271763 1.006889412271763 -0.014144013931510768
59770.66538443219 5.089 0.018999999999999684 1.0054549133005244 0.01284987493519907 1.0 1.0068893495220175 1.0068893495220175 -0.001434436221493085
59770.66540037561 5.089 0.018999999999999684 1.0175820350965628 0.012849229870849776 1.0 1.0068892867722719 1.0068892867722719 0.010692748324290902
59770.66541631903 5.089 0.018999999999999684 1.0003218501885027 0.01286677052734708 1.0 1.0068892240225262 1.0068892240225262 -0.006567373834023504
59770.66543226246 5.089 0.018999999999999684 1.007124444985471 0.01281386867175834 1.0 1.0068891612727517 1.0068891612727517 0.00023528371271930304
59770.66544820587 5.089 0.018999999999999684 0.9997629045511441 0.012864125120841383 1.0 1.0068890985230348 1.0068890985230348 -0.007126193971890626
59770.66546414929 5.089 0.018999999999999684 1.0184623533616732 0.012923529249833525 1.0 1.0068890357732891 1.0068890357732891 0.011573317588384091
59770.66548009271 5.089 0.018999999999999684 0.9853398002344941 0.012783444573385296 1.0 1.0068889730235433 1.0068889730235433 -0.02154917278904922
59770.665496036134 5.089 0.018999999999999684 0.9848142713842757 0.012779853757515685 1.0 1.0068889102737977 1.0068889102737977 -0.02207463888952199
59770.66551197956 5.089 0.018999999999999684 1.010783086030707 0.012840458032638275 1.0 1.0068888475240234 1.0068888475240234 0.0038942385066835783
59770.665527922974 5.089 0.018999999999999684 1.0047668334763624 0.012771137613815438 1.0 1.0068887847743064 1.0068887847743064 -0.0021219512979440136
59770.6655438664 5.089 0.018999999999999684 1.0168190836812423 0.012886143417142708 1.0 1.006888722024532 1.006888722024532 0.009930361656710351
59770.66555980982 5.089 0.018999999999999684 1.0380114699106548 0.014463552282567002 1.0 1.0068886592747863 1.0068886592747863 0.031122810635868525
59770.665575753235 5.089 0.018999999999999684 1.0143316385587393 0.012876768483136602 1.0 1.0068885965250693 1.0068885965250693 0.0074430420336699665
59770.66559169666 5.089 0.018999999999999684 1.0238898735634625 0.012765148743809697 1.0 1.0068885337752949 1.0068885337752949 0.017001339788167646
59770.66560764008 5.089 0.018999999999999684 1.0086539553617266 0.012895981508040838 1.0 1.0068884710255492 1.0068884710255492 0.001765484336177403
59770.6656235835 5.089 0.018999999999999684 1.0143382078102565 0.012840113263309312 1.0 1.0068884082758036 1.0068884082758036 0.0074497995344529055
59770.665639526924 5.089 0.018999999999999684 1.0021981413592893 0.012837433258318862 1.0 1.006888345526058 1.006888345526058 -0.004690204166768686
59770.665655470344 5.089 0.018999999999999684 1.0013401412788518 0.012805455398441985 1.0 1.0068882827763121 1.0068882827763121 -0.005548141497460302
59770.665671413764 5.089 0.018999999999999684 1.0143673168619103 0.012889434668784895 1.0 1.0068882200265665 1.0068882200265665 0.007479096835343757
59770.66568735719 5.089 0.018999999999999684 1.0068307268559327 0.012841297302740036 1.0 1.0068881572767923 1.0068881572767923 -5.743042085959438e-05
59770.665703300605 5.089 0.018999999999999684 1.0068412020516637 0.012840305499168538 1.0 1.006888094527075 1.006888094527075 -4.6892475411342005e-05
59770.66571924403 5.089 0.018999999999999684 1.0047138991701023 0.012842973683090935 1.0 1.0068880317773008 1.0068880317773008 -0.0021741326071984535
59770.665735187446 5.089 0.018999999999999684 1.0020872206784928 0.012801375324523015 1.0 1.0068879690275838 1.0068879690275838 -0.004800748349091055
59770.665751130866 5.089 0.018999999999999684 1.0109822247410143 0.012872006096558024 1.0 1.006887906277838 1.006887906277838 0.004094318463176316
59770.66576707429 5.089 0.018999999999999684 0.9785846577577074 0.01273951245147808 1.0 1.0068878435280637 1.0068878435280637 -0.028303185770356287
59770.66578301771 5.089 0.018999999999999684 1.0098474602797685 0.012846216390500815 1.0 1.0068877807783467 1.0068877807783467 0.0029596795014217303
59770.665798961134 5.089 0.018999999999999684 1.0178749223614445 0.012874859810513816 1.0 1.0068877180285725 1.0068877180285725 0.010987204332872036
59770.665814904554 5.089 0.018999999999999684 1.0108127186790172 0.01286118320445013 1.0 1.0068876552788266 1.0068876552788266 0.003925063400190609
59770.665830847975 5.089 0.018999999999999684 1.0070951942812556 0.012834933321259826 1.0 1.006887592529081 1.006887592529081 0.00020760175217460208
59770.665846791395 5.089 0.018999999999999684 0.9887196211776477 0.012795365846151546 1.0 1.0068875297793354 1.0068875297793354 -0.01816790860168771
59770.66586273481 5.089 0.018999999999999684 1.0040866342895645 0.012910392779794073 1.0 1.0068874670296182 1.0068874670296182 -0.002800832740053716
59770.665878678235 5.089 0.018999999999999684 0.9975528479322189 0.012788699208357153 1.0 1.006887404279844 1.006887404279844 -0.009334556347625034
59770.66589462166 5.089 0.018999999999999684 1.0189634898769744 0.01289590668838494 1.0 1.0068873415300696 1.0068873415300696 0.012076148346904736
59770.665910565076 5.089 0.018999999999999684 1.0083456655764158 0.01286549846615157 1.0 1.0068872787803527 1.0068872787803527 0.001458386796063138
59770.665926508496 5.089 0.018999999999999684 0.9774272629541266 0.012746811578029192 1.0 1.0068872160306068 1.0068872160306068 -0.029459953076480194
59770.665942451924 5.089 0.018999999999999684 1.0001449871713801 0.012887945098788307 1.0 1.0068871532808326 1.0068871532808326 -0.006742166109452441
59770.66595839534 5.089 0.018999999999999684 1.003647980366451 0.012799326979774837 1.0 1.0068870905311156 1.0068870905311156 -0.0032391101646644938
59770.665974338764 5.089 0.018999999999999684 0.9988363592920048 0.01290865024674411 1.0 1.006887027781341 1.006887027781341 -0.008050668489336332
59770.66599028218 5.089 0.018999999999999684 1.031705766046824 0.012938465781822202 1.0 1.0068869650316241 1.0068869650316241 0.024818801015199954
59770.666006225605 5.089 0.018999999999999684 1.020342734601879 0.012850157124056228 1.0 1.0068869022818498 1.0068869022818498 0.013455832320029115
59770.666022169025 5.089 0.018999999999999684 0.9990851103204273 0.012819396354868031 1.0 1.0068868395321042 1.0068868395321042 -0.007801729211676878
59770.66603811244 5.089 0.018999999999999684 1.006077801216647 0.012876094434037982 1.0 1.006886776782387 1.006886776782387 -0.000808975565740111
59770.666054055866 5.089 0.018999999999999684 0.9800649595925766 0.012784575744418322 1.0 1.0068867140326128 1.0068867140326128 -0.026821754440036205
59770.66606999929 5.089 0.018999999999999684 1.007562306662549 0.012845480894347812 1.0 1.0068866512828385 1.0068866512828385 0.0006756553797104825
59770.66608594271 5.089 0.018999999999999684 1.0406516252948765 0.012918804411000961 1.0 1.0068865885331213 1.0068865885331213 0.03376503676175524
59770.66610188613 5.089 0.018999999999999684 0.9720670316633633 0.012757775029500425 1.0 1.0068865257833757 1.0068865257833757 -0.034819494120012395
59770.66611782955 5.089 0.018999999999999684 1.0050589098246352 0.012831347835620543 1.0 1.00688646303363 1.00688646303363 -0.0018275532089948587
59770.66613377297 5.089 0.018999999999999684 0.9994194559734613 0.012790162796144885 1.0 1.0068864002838844 1.0068864002838844 -0.0074669443104231625
59770.666149716395 5.089 0.018999999999999684 1.0068063945561172 0.012846200098322215 1.0 1.00688633753411 1.00688633753411 -7.994297799274186e-05
59770.66616565981 5.089 0.018999999999999684 1.0066417189040102 0.012811948371316193 1.0 1.006886274784393 1.006886274784393 -0.00024455588038274634
59770.666181603236 5.089 0.018999999999999684 1.0138645090160474 0.012839185699346809 1.0 1.0068862120346187 1.0068862120346187 0.006978296981428711
59770.666197546656 5.089 0.018999999999999684 0.9964348773969328 0.012846096757731103 1.0 1.0068861492848729 1.0068861492848729 -0.010451271887940039
59770.66621349007 5.089 0.018999999999999684 1.0248589896336746 0.012879688922363169 1.0 1.0068860865351559 1.0068860865351559 0.017972903098518733
59770.6662294335 5.089 0.018999999999999684 1.0139476861688526 0.012809553558939722 1.0 1.0068860237853816 1.0068860237853816 0.007061662383470946
59770.66624537691 5.089 0.018999999999999684 0.9999316775432204 0.012849671290386187 1.0 1.0068859610356644 1.0068859610356644 -0.00695428349244398
59770.66626132034 5.089 0.018999999999999684 1.0045321373827345 0.012839753146899493 1.0 1.0068858982858901 1.0068858982858901 -0.002353760903155644
59770.66627726376 5.089 0.018999999999999684 1.0056774720577555 0.01434314743557384 1.0 1.0068858355361445 1.0068858355361445 -0.0012083634783890407
59770.66629320718 5.089 0.018999999999999684 1.0091506271879083 0.012860675867465837 1.0 1.006885772786399 1.006885772786399 0.002264854401509364
59770.6663091506 5.089 0.018999999999999684 1.016267008215527 0.012854906750933244 1.0 1.006885710036653 1.006885710036653 0.009381298178873898
59770.66632509402 5.089 0.018999999999999684 1.0437530541874593 0.012924624203319237 1.0 1.0068856472869074 1.0068856472869074 0.0368674069005519
59770.66634103744 5.089 0.018999999999999684 1.0172282746019787 0.01285616517390547 1.0 1.0068855845371618 1.0068855845371618 0.010342690064816917
59770.666356980866 5.089 0.018999999999999684 0.9979966015699706 0.01281854487163959 1.0 1.0068855217873873 1.0068855217873873 -0.008888920217416718
59770.66637292428 5.089 0.018999999999999684 0.988564980352242 0.012760263230880217 1.0 1.0068854590376703 1.0068854590376703 -0.0183204786854283
59770.6663888677 5.089 0.018999999999999684 1.0211208495093715 0.01289391906164649 1.0 1.0068853962879247 1.0068853962879247 0.014235453221446814
59770.66640481113 5.089 0.018999999999999684 1.0011036265982982 0.012829143693875089 1.0 1.0068853335381505 1.0068853335381505 -0.005781706939852249
59770.66642075454 5.089 0.018999999999999684 1.0264199658117494 0.012910749560875234 1.0 1.0068852707884333 1.0068852707884333 0.019534695023316173
59770.66643669797 5.089 0.018999999999999684 0.9941248881120907 0.01279002625172097 1.0 1.006885208038659 1.006885208038659 -0.012760319926568342
59770.66645264139 5.089 0.018999999999999684 0.9734297923148197 0.012746142904587887 1.0 1.0068851452889134 1.0068851452889134 -0.03345535297409363
