eureka_custom_plots/data/stage5_lcfit_results/S5_wasp39b_ap4_bg8_Table_Save_ch52.txt
# %ECSV 1.0
# ---
# datatype:
# - {name: time, datatype: float64}
# - {name: wavelength, datatype: float64}
# - {name: bin_width, datatype: float64}
# - {name: lcdata, datatype: float64}
# - {name: lcerr, datatype: float64}
# - {name: transit, datatype: float64}
# - {name: polynom, datatype: float64}
# - {name: model, datatype: float64}
# - {name: residuals, datatype: float64}
# schema: astropy-2.0
time wavelength bin_width lcdata lcerr transit polynom model residuals
[from data line 13354]
59770.856928680776 5.0125 0.01949999999999985 1.0031097026212068 0.01107806692186776 0.9782193954135571 1.0061778878406553 0.9842627251219757 0.018846977499231143
59770.85694462419 5.0125 0.01949999999999985 0.9759283680991654 0.011001140332608942 0.978219581832964 1.0061778307032514 0.9842628568001334 -0.008334488700967979
59770.85696056761 5.0125 0.01949999999999985 0.9826566871087405 0.011068456775526685 0.9782197684572117 1.0061777735658215 0.9842629886843507 -0.0016063015756101473
59770.85697651103 5.0125 0.01949999999999985 0.9816880027402052 0.011041072806825643 0.9782199552864053 1.0061777164283918 0.9842631207747587 -0.0025751180345535696
59770.85699245445 5.0125 0.01949999999999985 0.9850876337183385 0.011060899841425458 0.9782201423207142 1.006177659290962 0.9842632530715278 0.000824380646810674
59770.85700839787 5.0125 0.01949999999999985 0.9791563629612852 0.011046980523539642 0.9782203295603304 1.006177602153532 0.9842633855748512 -0.005107022613565992
59770.85702434129 5.0125 0.01949999999999985 0.9917325636601262 0.011053935448644421 0.9782205170054297 1.0061775450161021 0.9842635182849054 0.007469045375220751
59770.8570402847 5.0125 0.01949999999999985 0.9996202686127064 0.011063463774552754 0.978220704656101 1.0061774878786984 0.9842636512018059 0.015356617410900442
59770.857056228124 5.0125 0.01949999999999985 0.9796422027480904 0.011036350893903995 0.9782208925127108 1.0061774307412685 0.98426378432587 -0.004621581577779588
59770.857072171544 5.0125 0.01949999999999985 1.0086037096149394 0.011091816577833943 0.9782210805753436 1.0061773736038389 0.9842639176572084 0.02433979195773095
59770.85708811497 5.0125 0.01949999999999985 1.0021093492510833 0.011041142706177419 0.9782212688442796 1.0061773164663828 0.9842640511960772 0.01784529805500612
59770.857104058385 5.0125 0.01949999999999985 0.9972979654802538 0.011061190888750056 0.9782214573194293 1.006177259328979 0.9842641849424633 0.013033780537790585
59770.857120001805 5.0125 0.01949999999999985 0.9733220992294339 0.011023892814611507 0.9782216460012481 1.0061772021915492 0.9842643188967478 -0.010942219667313902
59770.857135945225 5.0125 0.01949999999999985 0.9903936574624301 0.01106332027661566 0.9782218348898266 1.0061771450541195 0.984264453059048 0.00612920440338216
59770.85715188864 5.0125 0.01949999999999985 0.9780236532499716 0.011039746116560514 0.9782220239852555 1.0061770879167156 0.9842645874294799 -0.006240934179508217
59770.857167832066 5.0125 0.01949999999999985 0.9892054189346721 0.01106362435579255 0.9782222132879923 1.0061770307792597 0.9842647220084277 0.004940696926244326
59770.85718377548 5.0125 0.01949999999999985 0.9745077560236578 0.0109934443247863 0.9782224027978598 1.006176973641856 0.9842648567958152 -0.009757100772157412
59770.85719971891 5.0125 0.01949999999999985 0.9967562175763832 0.011068657196575092 0.9782225925154043 1.0061769165044 0.9842649917920898 0.012491225784293403
59770.85721566232 5.0125 0.01949999999999985 1.0059100606554663 0.011087851292546603 0.9782227824404486 1.0061768593669962 0.9842651269971749 0.021644933658291343
59770.85723160573 5.0125 0.01949999999999985 0.9954070948609909 0.011077833262654027 0.9782229725733643 1.0061768022295925 0.9842652624113941 0.011141832449596767
59770.85724754916 5.0125 0.01949999999999985 0.9801943190264641 0.011016324323287164 0.9782231629145022 1.0061767450921366 0.9842653980350486 -0.0040710790085844994
59770.85726349257 5.0125 0.01949999999999985 0.9835540616914403 0.011035325243484315 0.9782233534637067 1.0061766879547327 0.9842655338680842 -0.0007114721766439125
59770.857279436 5.0125 0.01949999999999985 1.0064921453411129 0.01109153239759555 0.978223544221511 1.0061766308172768 0.9842656699109353 0.022226475430177528
59770.857295379414 5.0125 0.01949999999999985 0.9867889960480147 0.011046201895586248 0.9782237351877432 1.0061765736798731 0.984265806163531 0.0025231898844837453
59770.85731132284 5.0125 0.01949999999999985 0.9722776811425258 0.012314288675040403 0.9782239263629542 1.0061765165424172 0.9842659426263233 -0.011988261483797502
59770.857327266254 5.0125 0.01949999999999985 0.976821776114327 0.011016717289301014 0.9782241177469664 1.0061764594050133 0.9842660792992355 -0.007444303184908518
59770.85734320967 5.0125 0.01949999999999985 0.9669842236217643 0.01098200121293639 0.9782243093401548 1.0061764022676096 0.9842662161825942 -0.017281992560829962
59770.857359153095 5.0125 0.01949999999999985 0.9858982233884868 0.011028311547950271 0.9782245011428738 1.0061763451301537 0.9842663532767048 0.0016318701117820078
59770.857375096515 5.0125 0.01949999999999985 0.9644465288131072 0.01096767217948083 0.9782246931550563 1.0061762879927239 0.9842664905815759 -0.019819961768468675
59770.857391039935 5.0125 0.01949999999999985 0.9852304689800363 0.011017676200504594 0.9782248853769738 1.006176230855294 0.9842666280974555 0.0009638408825808353
59770.85740698335 5.0125 0.01949999999999985 0.9698601178122374 0.011033148088064644 0.9782250778087203 1.0061761737178903 0.9842667658244636 -0.014406648012226242
59770.85742292677 5.0125 0.01949999999999985 0.9906511587800926 0.012335361655138521 0.9782252704506738 1.0061761165804604 0.9842669037629295 0.00638425501716311
59770.85743887019 5.0125 0.01949999999999985 0.9937167391881214 0.011067382224237829 0.9782254633029234 1.0061760594430305 0.9842670419129682 0.009449697275153213
59770.85745481361 5.0125 0.01949999999999985 1.0054176379863478 0.011068086787214708 0.9782256563656699 1.0061760023056008 0.9842671802747821 0.02115045771156565
59770.85747075703 5.0125 0.01949999999999985 0.9914902163527943 0.011056818746509274 0.9782258496390921 1.0061759451681709 0.9842673188485505 0.007222897504243875
59770.85748670045 5.0125 0.01949999999999985 0.9910902297026186 0.011059952336258913 0.9782260431233915 1.006175888030741 0.9842674576344763 0.006822772068142302
59770.85750264387 5.0125 0.01949999999999985 0.9828607650964178 0.011006696767014488 0.978226236818747 1.006175830893311 0.9842675966327397 -0.0014068315363218176
59770.85751858728 5.0125 0.01949999999999985 0.9989800138883097 0.011063698225424868 0.9782264307252714 1.0061757737559074 0.9842677358434795 0.014712278044830218
59770.8575345307 5.0125 0.01949999999999985 0.9876297740995342 0.01104039717451408 0.9782266248433295 1.0061757166184775 0.9842678752670115 0.0033618988325226917
59770.85755047413 5.0125 0.01949999999999985 0.9843360261259199 0.011051955294075752 0.9782268191731074 1.0061756594810216 0.9842680149035234 6.801122239641355e-05
59770.857566417544 5.0125 0.01949999999999985 0.98205052451182 0.011044284913899893 0.9782270137145384 1.006175602343618 0.9842681547530242 -0.0022176302412042492
59770.857582360964 5.0125 0.01949999999999985 0.9749728402873447 0.011007564352502634 0.9782272084680732 1.006175545206188 0.984268294815891 -0.009295454528546299
59770.857598304385 5.0125 0.01949999999999985 0.988697127683525 0.011046221232186447 0.9782274034338256 1.0061754880687581 0.9842684350922635 0.004428692591261552
59770.8576142478 5.0125 0.01949999999999985 0.9871111361472572 0.011037717995684426 0.9782275986118925 1.0061754309313544 0.9842685755822649 0.0028425605649923247
59770.857630191225 5.0125 0.01949999999999985 0.9897212649234094 0.01107220667207788 0.9782277940027324 1.0061753737938985 0.9842687162862801 0.005452548637129295
59770.85764613464 5.0125 0.01949999999999985 1.0102179720439257 0.011097750931927976 0.9782279896061884 1.0061753166564946 0.9842688572042527 0.025949114839672993
59770.857662078066 5.0125 0.01949999999999985 0.9862960701448343 0.011037830909849848 0.978228185422805 1.0061752595190387 0.9842689983366292 0.002027071808205161
59770.85767802148 5.0125 0.01949999999999985 0.9766713379524947 0.011035935073700692 0.9782283814524252 1.006175202381635 0.9842691396833532 -0.0075978017308584445
59770.85769396489 5.0125 0.01949999999999985 1.0006619809477686 0.011055289210441225 0.9782285776954189 1.0061751452442314 0.984269281244746 0.016392699703022595
59770.85770990832 5.0125 0.01949999999999985 0.997701076203805 0.0111096611961813 0.9782287741521573 1.0061750881067753 0.9842694230211295 0.013431653182675474
59770.85772585173 5.0125 0.01949999999999985 0.9729297111565224 0.011008310145390323 0.978228970822483 1.0061750309693716 0.9842695650124482 -0.011339853855925841
59770.85774179516 5.0125 0.01949999999999985 0.9766925195376249 0.01103424850220421 0.9782291677069439 1.0061749738319157 0.984269707219151 -0.007577187681526043
59770.85775773857 5.0125 0.01949999999999985 0.9797821693174446 0.011012943845979286 0.9782293648053833 1.006174916694512 0.9842698496411818 -0.004487680323737253
59770.857773682 5.0125 0.01949999999999985 0.9821021905043699 0.011022582481588244 0.9782295621183501 1.0061748595570559 0.9842699922789911 -0.0021678017746212808
59770.857789625414 5.0125 0.01949999999999985 0.996010679803617 0.011065223207833099 0.9782297596456874 1.0061748024196522 0.9842701351325234 0.011740544671093645
59770.85780556883 5.0125 0.01949999999999985 0.9667957682698667 0.011015822391379354 0.9782299573877627 1.0061747452822485 0.984270278202097 -0.01747450993223032
59770.857821512254 5.0125 0.01949999999999985 0.9887734612078857 0.011055586700086396 0.9782301553449682 1.0061746881447924 0.9842704214880551 0.0045030397198305705
59770.857837455675 5.0125 0.01949999999999985 0.9781827642867638 0.01103345963883688 0.978230353517215 1.0061746310073627 0.9842705649903858 -0.006087800703622026
59770.857853399095 5.0125 0.01949999999999985 0.9926113592964031 0.011042090616423833 0.9782305519048038 1.0061745738699328 0.9842707087093652 0.008340650587037923
59770.85786934251 5.0125 0.01949999999999985 0.9881558346594643 0.011035770649341449 0.9782307505078353 1.0061745167325291 0.9842708526451204 0.0038849820143439517
59770.85788528593 5.0125 0.01949999999999985 0.9811390491563777 0.01103686895570379 0.9782309493266856 1.0061744595950992 0.9842709967979788 -0.003131947641601074
59770.85790122935 5.0125 0.01949999999999985 0.9800075898507079 0.011022415549433763 0.9782311483614735 1.0061744024576693 0.9842711411680852 -0.004263551317377323
59770.85791717277 5.0125 0.01949999999999985 0.9878626406909987 0.011028756395238008 0.9782313476123865 1.0061743453202394 0.9842712857556285 0.0035913549353702168
59770.85793311619 5.0125 0.01949999999999985 0.9892098263451046 0.01106007453998217 0.9782315470796354 1.0061742881828097 0.9842714305608209 0.004938395784283678
59770.85794905961 5.0125 0.01949999999999985 0.9786179856913614 0.011022129982987733 0.9782317467634088 1.0061742310453798 0.9842715755838516 -0.005653589892490207
59770.85796500303 5.0125 0.01949999999999985 0.9636959286103699 0.01096417085329361 0.9782319466639182 1.00617417390795 0.9842717208249336 -0.020575792214563737
59770.85798094644 5.0125 0.01949999999999985 1.0020749730503153 0.011084457101405857 0.9782321467812656 1.0061741167705462 0.9842718662841953 0.01780310676612007
59770.85799688986 5.0125 0.01949999999999985 0.9703099182817614 0.011019537685445844 0.9782323471158314 1.0061740596331163 0.9842720119619679 -0.013962093680206511
59770.85801283328 5.0125 0.01949999999999985 0.9828320368855012 0.011059562522911558 0.9782325476677356 1.0061740024956864 0.984272157858398 -0.0014401209728966968
59770.8580287767 5.0125 0.01949999999999985 0.9729070520218401 0.01103179161672561 0.9782327484371682 1.0061739453582565 0.9842723039736765 -0.011365251951836353
59770.858044720124 5.0125 0.01949999999999985 0.9851405932403023 0.011018705709912752 0.9782329494243427 1.0061738882208269 0.9842724503080184 0.0008681429322839884
59770.858060663544 5.0125 0.01949999999999985 0.9681663991708511 0.010971791381789877 0.9782331506294497 1.006173831083397 0.9842725968616152 -0.016106197690764046
59770.85807660696 5.0125 0.01949999999999985 0.9808257156572647 0.01102918661266952 0.9782333520526101 1.0061737739459933 0.9842727436346141 -0.003447027977349415
59770.858092550385 5.0125 0.01949999999999985 0.9876558586858765 0.011041459588899205 0.9782335536942949 1.0061737168085372 0.9842728906274124 0.003382968058464053
59770.8581084938 5.0125 0.01949999999999985 0.983398458634884 0.01104289993939468 0.9782337555543458 1.0061736596711335 0.9842730378399531 -0.0008745792050691703
59770.858124437225 5.0125 0.01949999999999985 0.9846023469083658 0.01103827106340379 0.9782339576333282 1.0061736025336776 0.9842731852727028 0.00032916163566298895
59770.85814038064 5.0125 0.01949999999999985 0.9863226637702649 0.011040135661008817 0.978234159931084 1.006173545396274 0.9842733329256044 0.002049330844660524
59770.85815632405 5.0125 0.01949999999999985 0.9953397375258216 0.011078966669060683 0.9782343624479982 1.00617348825887 0.9842734807989941 0.011066256726827484
59770.85817226748 5.0125 0.01949999999999985 0.9953028673143147 0.01106358611856577 0.9782345651844576 1.006173431121414 0.9842736288932104 0.01102923842110437
59770.85818821089 5.0125 0.01949999999999985 0.9787298049719442 0.010999544588527822 0.9782347681403035 1.0061733739840104 0.9842737772081953 -0.005543972236251138
59770.85820415432 5.0125 0.01949999999999985 0.9812283629564337 0.011039145238304411 0.9782349713161052 1.0061733168465545 0.9842739257444196 -0.003045562787985956
59770.85822009773 5.0125 0.01949999999999985 0.9871425466510996 0.011040077338178265 0.9782351747117042 1.0061732597091506 0.9842740745018258 0.002868472149273771
59770.85823604116 5.0125 0.01949999999999985 0.9936065101941833 0.011034298872114656 0.9782353783276709 1.0061732025716947 0.9842742234808861 0.009332286713297222
59770.85825198457 5.0125 0.01949999999999985 0.9888146266340451 0.011048635785574227 0.978235582163847 1.006173145434291 0.9842743726815427 0.004540253952502349
59770.858267927986 5.0125 0.01949999999999985 0.9661151615940696 0.011021358409063195 0.9782357862206215 1.0061730882968871 0.9842745221041361 -0.018159360510066502
59770.858283871414 5.0125 0.01949999999999985 0.9959758417899326 0.011076518073707124 0.9782359904983848 1.0061730311594312 0.9842746717490084 0.011701170040924191
59770.858299814834 5.0125 0.01949999999999985 0.9988937330847649 0.01104976104369088 0.9782361949970727 1.0061729740220013 0.9842748216161711 0.014618911468593843
59770.858315758254 5.0125 0.01949999999999985 1.0047643254323162 0.011084998427129934 0.9782363997169758 1.0061729168845717 0.9842749717058914 0.020489353726424797
59770.85833170167 5.0125 0.01949999999999985 0.9835678515004532 0.011038503026893173 0.9782366046582192 1.0061728597471677 0.9842751220183199 -0.000707270517866676
59770.85834764509 5.0125 0.01949999999999985 0.9705603193743059 0.011034206064872123 0.9782368098211951 1.006172802609738 0.9842752725538012 -0.013714953179495337
59770.85836358851 5.0125 0.01949999999999985 0.9842982067974825 0.011031734655374709 0.9782370152060116 1.0061727454723082 0.9842754233124688 2.278348501372207e-05
59770.85837953193 5.0125 0.01949999999999985 0.9727627585492256 0.011008105866972935 0.9782372208128901 1.0061726883348783 0.9842755742945456 -0.011512815745320037
59770.85839547535 5.0125 0.01949999999999985 0.9990156713638294 0.011097053394941344 0.9782374266420282 1.0061726311974484 0.9842757255002303 0.014739945863599058
59770.85841141877 5.0125 0.01949999999999985 0.9764720963780182 0.011026784576028006 0.9782376326936477 1.0061725740600187 0.9842758769297466 -0.007803780551728368
59770.85842736219 5.0125 0.01949999999999985 0.9869252576955039 0.011078361403299812 0.9782378389679472 1.0061725169225888 0.9842760285832935 0.0026492291122103273
59770.8584433056 5.0125 0.01949999999999985 0.9712263579050302 0.011039317801415167 0.9782380454650537 1.0061724597851849 0.9842761804610246 -0.013049822555994406
59770.85845924902 5.0125 0.01949999999999985 0.9840304141933798 0.011056661933067162 0.9782382521853632 1.0061724026477552 0.9842763325632875 -0.0002459183699077272
