eureka_custom_plots/data/stage5_lcfit_results/S5_wasp39b_ap4_bg8_Table_Save_ch33.txt
# %ECSV 1.0
# ---
# datatype:
# - {name: time, datatype: float64}
# - {name: wavelength, datatype: float64}
# - {name: bin_width, datatype: float64}
# - {name: lcdata, datatype: float64}
# - {name: lcerr, datatype: float64}
# - {name: transit, datatype: float64}
# - {name: polynom, datatype: float64}
# - {name: model, datatype: float64}
# - {name: residuals, datatype: float64}
# schema: astropy-2.0
time wavelength bin_width lcdata lcerr transit polynom model residuals
[from data line 7568]
59770.764680054606 4.284 0.019000000000000128 0.9905833816548095 0.00719338658383437 1.0 1.0069241306173846 1.0069241306173846 -0.01634074896257509
59770.76469599803 4.284 0.019000000000000128 1.0108738680854015 0.007230614297535957 1.0 1.0069240687470191 1.0069240687470191 0.003949799338382354
59770.76471194145 4.284 0.019000000000000128 1.0069793746580138 0.007235643778452451 1.0 1.0069240068766536 1.0069240068766536 5.536778136017162e-05
59770.76472788487 4.284 0.019000000000000128 1.0087983835862 0.007232309024883184 1.0 1.0069239450062881 1.0069239450062881 0.0018744385799118746
59770.76474382829 4.284 0.019000000000000128 1.0021233934328038 0.007206025757411486 1.0 1.0069238831359226 1.0069238831359226 -0.00480048970311886
59770.76475977171 4.284 0.019000000000000128 1.0191205895828057 0.0072559173625082836 1.0 1.0069238212655574 1.0069238212655574 0.012196768317248363
59770.76477571513 4.284 0.019000000000000128 1.0138435459072113 0.007241622350173126 1.0 1.0069237593951919 1.0069237593951919 0.00691978651201941
59770.76479165855 4.284 0.019000000000000128 1.0110500915397884 0.007229393293980185 1.0 1.0069236975248264 1.0069236975248264 0.004126394014962065
59770.76480760196 4.284 0.019000000000000128 0.9967289556069715 0.007212310766852164 1.0 1.006923635654489 1.006923635654489 -0.010194680047517557
59770.76482354539 4.284 0.019000000000000128 1.0008907674071585 0.007220617809494482 1.0 1.0069235737840954 1.0069235737840954 -0.006032806376936817
59770.76483948881 4.284 0.019000000000000128 1.0049882834205528 0.007223020704877344 1.0 1.0069235119137299 1.0069235119137299 -0.0019352284931770658
59770.76485543223 4.284 0.019000000000000128 1.016218805462994 0.007239090977936922 1.0 1.0069234500433644 1.0069234500433644 0.009295355419629558
59770.76487137564 4.284 0.019000000000000128 1.0076517056278345 0.007240173595708902 1.0 1.0069233881730273 1.0069233881730273 0.0007283174548071703
59770.76488731907 4.284 0.019000000000000128 1.0047556742010448 0.0072195275104161615 1.0 1.0069233263026336 1.0069233263026336 -0.0021676521015887573
59770.76490326249 4.284 0.019000000000000128 0.9923302338368286 0.007184607662585379 1.0 1.006923264432268 1.006923264432268 -0.014593030595439482
59770.76491920591 4.284 0.019000000000000128 1.001127179464663 0.0072254151338979455 1.0 1.0069232025619026 1.0069232025619026 -0.005796023097239589
59770.76493514933 4.284 0.019000000000000128 0.9894020592046769 0.008311643116921476 1.0 1.006923140691537 1.006923140691537 -0.017521081486860157
59770.76495109275 4.284 0.019000000000000128 1.0054575265673669 0.007236653489387006 1.0 1.0069230788211716 1.0069230788211716 -0.001465552253804736
59770.76496703617 4.284 0.019000000000000128 1.004560436244559 0.0072162216814160626 1.0 1.006923016950806 1.006923016950806 -0.002362580706247064
59770.764982979585 4.284 0.019000000000000128 1.0115940261761167 0.007227336269053342 1.0 1.0069229550804688 1.0069229550804688 0.004671071095647905
59770.76499892301 4.284 0.019000000000000128 1.0083620374556974 0.007242590494211395 1.0 1.006922893210075 1.006922893210075 0.0014391442456223036
59770.765014866425 4.284 0.019000000000000128 1.0178492991364887 0.007250235579277417 1.0 1.006922831339738 1.006922831339738 0.01092646779675066
59770.76503080985 4.284 0.019000000000000128 0.9884520466031533 0.0071856354631321395 1.0 1.0069227694693443 1.0069227694693443 -0.018470722866191003
59770.765046753266 4.284 0.019000000000000128 1.0086695540240485 0.007235077414265388 1.0 1.006922707599007 1.006922707599007 0.001746846425041415
59770.76506269669 4.284 0.019000000000000128 1.0099809531906763 0.007240199009242646 1.0 1.0069226457286133 1.0069226457286133 0.003058307462062926
59770.76507864011 4.284 0.019000000000000128 1.0069406156912513 0.007224961730179603 1.0 1.006922583858276 1.006922583858276 1.8031832975218265e-05
59770.765094583534 4.284 0.019000000000000128 1.0030801971590988 0.007221447176616077 1.0 1.0069225219878823 1.0069225219878823 -0.00384232482878355
59770.76511052695 4.284 0.019000000000000128 1.0058046143858221 0.007211557952562848 1.0 1.006922460117545 1.006922460117545 -0.0011178457317229107
59770.765126470375 4.284 0.019000000000000128 0.9983790414258292 0.007189208637779897 1.0 1.0069223982471514 1.0069223982471514 -0.008543356821322123
59770.76514241379 4.284 0.019000000000000128 1.0061444292471904 0.007215267762254491 1.0 1.0069223363768143 1.0069223363768143 -0.0007779071296238893
59770.76515835721 4.284 0.019000000000000128 1.0072108513296736 0.007232692651756336 1.0 1.0069222745064488 1.0069222745064488 0.0002885768232248065
59770.76517430063 4.284 0.019000000000000128 1.007158487898669 0.007228912422977045 1.0 1.0069222126360833 1.0069222126360833 0.00023627526258573894
59770.76519024405 4.284 0.019000000000000128 1.0123900143261813 0.0072472261216434 1.0 1.0069221507657178 1.0069221507657178 0.005467863560463471
59770.76520618747 4.284 0.019000000000000128 0.9998677102831315 0.007210481440119798 1.0 1.0069220888953523 1.0069220888953523 -0.007054378612220802
59770.76522213089 4.284 0.019000000000000128 0.9925322588933175 0.0071928947753910535 1.0 1.0069220270249868 1.0069220270249868 -0.014389768131669256
59770.76523807431 4.284 0.019000000000000128 1.0013162284342019 0.0072228225332513435 1.0 1.0069219651546213 1.0069219651546213 -0.005605736720419419
59770.76525401773 4.284 0.019000000000000128 1.018774358912901 0.007231253250550674 1.0 1.006921903284256 1.006921903284256 0.011852455628645009
59770.76526996114 4.284 0.019000000000000128 1.0015171609174263 0.007213160168051686 1.0 1.0069218414139187 1.0069218414139187 -0.005404680496492453
59770.76528590457 4.284 0.019000000000000128 1.019377352063027 0.007252248480233492 1.0 1.006921779543525 1.006921779543525 0.012455572519501912
59770.76530184799 4.284 0.019000000000000128 1.0149970612019434 0.007243038454298073 1.0 1.0069217176731595 1.0069217176731595 0.008075343528783918
59770.76531779141 4.284 0.019000000000000128 1.0107137473272176 0.007237919564952811 1.0 1.006921655802794 1.006921655802794 0.003792091524423613
59770.765333734824 4.284 0.019000000000000128 1.0074543209667246 0.007227377322699746 1.0 1.0069215939324567 1.0069215939324567 0.0005327270342678769
59770.76534967825 4.284 0.019000000000000128 1.008152096769196 0.007225358480707522 1.0 1.006921532062063 1.006921532062063 0.0012305647071328973
59770.765365621664 4.284 0.019000000000000128 1.0079586811074652 0.007238805287886389 1.0 1.006921470191726 1.006921470191726 0.0010372109157392728
59770.76538156509 4.284 0.019000000000000128 1.019984684414404 0.0072642141507149255 1.0 1.0069214083213323 1.0069214083213323 0.013063276093071785
59770.765397508505 4.284 0.019000000000000128 0.9965350878606511 0.007201003179832995 1.0 1.006921346450995 1.006921346450995 -0.010386258590343811
59770.76541345193 4.284 0.019000000000000128 0.9964225633160101 0.0072003704913112376 1.0 1.0069212845806013 1.0069212845806013 -0.010498721264591171
59770.76542939535 4.284 0.019000000000000128 1.0104209333247958 0.007225935474873511 1.0 1.0069212227102358 1.0069212227102358 0.003499710614560003
59770.765445338766 4.284 0.019000000000000128 1.0074079256517647 0.0072429190619994486 1.0 1.0069211608398985 1.0069211608398985 0.0004867648118662693
59770.76546128219 4.284 0.019000000000000128 0.9999499670315506 0.007192489108478886 1.0 1.0069210989695048 1.0069210989695048 -0.006971131937954178
59770.76547722561 4.284 0.019000000000000128 1.00444601456091 0.007215741542670445 1.0 1.0069210370991675 1.0069210370991675 -0.0024750225382574875
59770.765493169034 4.284 0.019000000000000128 1.0007308054146977 0.008311750612704435 1.0 1.0069209752287738 1.0069209752287738 -0.006190169814076052
59770.76550911245 4.284 0.019000000000000128 1.0094826408585464 0.007236766572299932 1.0 1.0069209133584367 1.0069209133584367 0.002561727500109745
59770.765525055875 4.284 0.019000000000000128 1.0166178414072355 0.0072462943854235415 1.0 1.006920851488043 1.006920851488043 0.009696989919192545
59770.76554099929 4.284 0.019000000000000128 1.0057402549075716 0.007218162196864768 1.0 1.0069207896177057 1.0069207896177057 -0.001180534710134129
59770.76555694271 4.284 0.019000000000000128 1.0030167948256843 0.007217028677131576 1.0 1.0069207277473402 1.0069207277473402 -0.003903932921655917
59770.76557288613 4.284 0.019000000000000128 1.0062704941718326 0.0072262378978036 1.0 1.0069206658769747 1.0069206658769747 -0.0006501717051421441
59770.765588829556 4.284 0.019000000000000128 1.013597105285199 0.007238695808132574 1.0 1.006920604006581 1.006920604006581 0.006676501278618074
59770.76560477297 4.284 0.019000000000000128 1.019005047259843 0.007259373593208422 1.0 1.0069205421362437 1.0069205421362437 0.012084505123599376
59770.76562071639 4.284 0.019000000000000128 1.0090549332101622 0.007229300571722073 1.0 1.0069204802658784 1.0069204802658784 0.0021344529442837157
59770.76563665981 4.284 0.019000000000000128 1.0148575407852658 0.007247858317574233 1.0 1.006920418395513 1.006920418395513 0.00793712238975286
59770.76565260323 4.284 0.019000000000000128 1.000033912924013 0.007212273276863018 1.0 1.0069203565251474 1.0069203565251474 -0.00688644360113444
59770.76566854665 4.284 0.019000000000000128 1.01356221461744 0.007247005931065674 1.0 1.006920294654782 1.006920294654782 0.0066419199626579495
59770.76568449007 4.284 0.019000000000000128 1.0053904544853447 0.007204475657180632 1.0 1.0069202327844164 1.0069202327844164 -0.001529778299071749
59770.76570043349 4.284 0.019000000000000128 1.0074584085774123 0.007225212009433241 1.0 1.006920170914051 1.006920170914051 0.0005382376633613628
59770.76571637691 4.284 0.019000000000000128 1.0171542666602236 0.007260318018012252 1.0 1.0069201090436855 1.0069201090436855 0.01023415761653812
59770.765732320324 4.284 0.019000000000000128 1.0159376034629135 0.00725806190426702 1.0 1.0069200471733484 1.0069200471733484 0.009017556289565132
59770.76574826375 4.284 0.019000000000000128 1.0211771441216329 0.007275465076055951 1.0 1.0069199853029547 1.0069199853029547 0.014257158818678173
59770.76576420717 4.284 0.019000000000000128 1.0121087789889496 0.007233194243444403 1.0 1.0069199234325892 1.0069199234325892 0.005188855556360394
59770.76578015059 4.284 0.019000000000000128 1.0009568579153492 0.007212193636834907 1.0 1.0069198615622237 1.0069198615622237 -0.005963003646874521
59770.765796094005 4.284 0.019000000000000128 1.0095922890125184 0.007237660860460058 1.0 1.0069197996918864 1.0069197996918864 0.002672489320632021
59770.76581203743 4.284 0.019000000000000128 1.0128159573426883 0.007231444366274933 1.0 1.0069197378214927 1.0069197378214927 0.005896219521195567
59770.765827980846 4.284 0.019000000000000128 1.0021305368453184 0.007234957044968102 1.0 1.0069196759511554 1.0069196759511554 -0.004789139105837004
59770.76584392427 4.284 0.019000000000000128 1.015808764729151 0.007236388853935058 1.0 1.0069196140807617 1.0069196140807617 0.008889150648389244
59770.765859867686 4.284 0.019000000000000128 1.0150948583157409 0.007248894252716087 1.0 1.0069195522104246 1.0069195522104246 0.008175306105316249
59770.765875811114 4.284 0.019000000000000128 1.0031548435430806 0.007222822718154954 1.0 1.006919490340031 1.006919490340031 -0.0037646467969503217
59770.76589175453 4.284 0.019000000000000128 1.0129819586744901 0.007228180178604922 1.0 1.0069194284696936 1.0069194284696936 0.0060625302047965235
59770.76590769795 4.284 0.019000000000000128 1.012272953628906 0.007225102288000586 1.0 1.0069193665993281 1.0069193665993281 0.005353587029577778
59770.76592364137 4.284 0.019000000000000128 0.998506432644077 0.007194111636153693 1.0 1.0069193047289626 1.0069193047289626 -0.008412872084885614
59770.76593958479 4.284 0.019000000000000128 1.0033956190373732 0.007225909210512938 1.0 1.0069192428585971 1.0069192428585971 -0.0035236238212239535
59770.765955528215 4.284 0.019000000000000128 0.9999980556034724 0.007216370619837189 1.0 1.0069191809882034 1.0069191809882034 -0.006921125384730997
59770.76597147163 4.284 0.019000000000000128 1.00038457253975 0.007212879978449855 1.0 1.0069191191178661 1.0069191191178661 -0.0065345465781161405
59770.765987415056 4.284 0.019000000000000128 1.0121065836385603 0.00722230449624509 1.0 1.0069190572474724 1.0069190572474724 0.005187526391087882
59770.76600335847 4.284 0.019000000000000128 1.009670383482501 0.0072432546726842635 1.0 1.0069189953771354 1.0069189953771354 0.002751388105365571
59770.76601930189 4.284 0.019000000000000128 0.9966294575436181 0.007202419751939285 1.0 1.0069189335067699 1.0069189335067699 -0.010289475963151773
59770.76603524531 4.284 0.019000000000000128 1.0021274156081172 0.007208661265654076 1.0 1.0069188716364044 1.0069188716364044 -0.004791456028287122
59770.76605118874 4.284 0.019000000000000128 1.0064532065499208 0.007232031908674178 1.0 1.0069188097660107 1.0069188097660107 -0.00046560321608990485
59770.76606713215 4.284 0.019000000000000128 1.0034696091384352 0.007237028562339499 1.0 1.0069187478956734 1.0069187478956734 -0.0034491387572381793
59770.76608307557 4.284 0.019000000000000128 1.0060977716182953 0.007226495506298252 1.0 1.0069186860253079 1.0069186860253079 -0.0008209144070125962
59770.76609901899 4.284 0.019000000000000128 1.002146186447893 0.007236870356281073 1.0 1.0069186241549424 1.0069186241549424 -0.004772437707049271
59770.76611496241 4.284 0.019000000000000128 1.0029504290929128 0.007209993262624704 1.0 1.006918562284577 1.006918562284577 -0.003968133191664336
59770.76613090583 4.284 0.019000000000000128 1.0192480908827066 0.007262268325225938 1.0 1.0069185004142116 1.0069185004142116 0.012329590468495022
59770.76614684925 4.284 0.019000000000000128 1.0183815821433906 0.0072509558309445865 1.0 1.006918438543846 1.006918438543846 0.011463143599544479
59770.76616279267 4.284 0.019000000000000128 0.9959592710275821 0.007190493599597974 1.0 1.0069183766734806 1.0069183766734806 -0.010959105645898526
59770.76617873609 4.284 0.019000000000000128 1.004983742886046 0.007233542429459039 1.0 1.006918314803115 1.006918314803115 -0.0019345719170691389
59770.766194679505 4.284 0.019000000000000128 0.9900495093685279 0.007173358133147565 1.0 1.0069182529327778 1.0069182529327778 -0.016868743564249944
59770.76621062293 4.284 0.019000000000000128 1.0068821680219449 0.007224786497902127 1.0 1.0069181910623841 1.0069181910623841 -3.602304043925919e-05
59770.76622656635 4.284 0.019000000000000128 1.0101433742292363 0.007227004262765318 1.0 1.0069181291920186 1.0069181291920186 0.003225245037217661
59770.76624250977 4.284 0.019000000000000128 1.002844249020839 0.007223749007904109 1.0 1.0069180673216533 1.0069180673216533 -0.004073818300814436
59770.766258453186 4.284 0.019000000000000128 0.9939422330984935 0.007204207125210397 1.0 1.006918005451316 1.006918005451316 -0.012975772352822545
59770.766274396614 4.284 0.019000000000000128 1.0244778618943853 0.007271438239302374 1.0 1.0069179435809223 1.0069179435809223 0.01755991831346293
59770.76629034003 4.284 0.019000000000000128 1.0052297555769032 0.007222296684352243 1.0 1.006917881710585 1.006917881710585 -0.0016881261336818554
59770.766306283454 4.284 0.019000000000000128 0.9996765241400476 0.0071970302448927095 1.0 1.0069178198401914 1.0069178198401914 -0.007241295700143757
59770.76632222687 4.284 0.019000000000000128 1.0055118459625487 0.007235959613599127 1.0 1.006917757969854 1.006917757969854 -0.0014059120073053322
59770.766338170295 4.284 0.019000000000000128 1.014061330025367 0.007232576253490709 1.0 1.0069176960994604 1.0069176960994604 0.007143633925906556
59770.76635411371 4.284 0.019000000000000128 1.0008294778402302 0.007203339467041375 1.0 1.0069176342291233 1.0069176342291233 -0.00608815638889304
59770.76637005713 4.284 0.019000000000000128 1.0085858133232382 0.00724229872832846 1.0 1.0069175723587578 1.0069175723587578 0.001668240964480372
