eureka_custom_plots/data/stage5_lcfit_results/S5_wasp39b_ap4_bg8_Table_Save_ch05.txt
# %ECSV 1.0
# ---
# datatype:
# - {name: time, datatype: float64}
# - {name: wavelength, datatype: float64}
# - {name: bin_width, datatype: float64}
# - {name: lcdata, datatype: float64}
# - {name: lcerr, datatype: float64}
# - {name: transit, datatype: float64}
# - {name: polynom, datatype: float64}
# - {name: model, datatype: float64}
# - {name: residuals, datatype: float64}
# schema: astropy-2.0
time wavelength bin_width lcdata lcerr transit polynom model residuals
[from data line 7740]
59770.76742232285 3.2110000000000003 0.018999999999999906 1.0064231121477543 0.004198005605307503 1.0 1.0070032551928971 1.0070032551928971 -0.0005801430451428669
59770.76743826627 3.2110000000000003 0.018999999999999906 1.0083157655067922 0.004197970794472924 1.0 1.0070030733910806 1.0070030733910806 0.0013126921157116112
59770.767454209694 3.2110000000000003 0.018999999999999906 1.0077247439235677 0.004196269725489937 1.0 1.007002891589264 1.007002891589264 0.0007218523343037742
59770.76747015311 3.2110000000000003 0.018999999999999906 1.0038789478443693 0.004193327489245978 1.0 1.0070027097875305 1.0070027097875305 -0.0031237619431612185
59770.767486096534 3.2110000000000003 0.018999999999999906 1.0064348071848073 0.004191420939888486 1.0 1.007002527985631 1.007002527985631 -0.0005677208008236789
59770.76750203995 3.2110000000000003 0.018999999999999906 1.008425367607573 0.004204174919286564 1.0 1.0070023461838973 1.0070023461838973 0.0014230214236756744
59770.767517983375 3.2110000000000003 0.018999999999999906 1.0033782119030006 0.004189438432701586 1.0 1.0070021643819977 1.0070021643819977 -0.003623952478997161
59770.76753392679 3.2110000000000003 0.018999999999999906 1.00679012817763 0.004198608687269344 1.0 1.0070019825802643 1.0070019825802643 -0.0002118544026343816
59770.767549870216 3.2110000000000003 0.018999999999999906 1.009394055714374 0.004206946744926009 1.0 1.0070018007783648 1.0070018007783648 0.0023922549360091416
59770.76756581363 3.2110000000000003 0.018999999999999906 1.0101948568348282 0.004204650539773648 1.0 1.007001618976631 1.007001618976631 0.00319323785819714
59770.76758175705 3.2110000000000003 0.018999999999999906 1.011739392714134 0.0042017842767110005 1.0 1.0070014371748146 1.0070014371748146 0.004737955539319438
59770.76759770047 3.2110000000000003 0.018999999999999906 1.0153488518873415 0.004209625169273038 1.0 1.007001255372998 1.007001255372998 0.00834759651434358
59770.76761364389 3.2110000000000003 0.018999999999999906 1.0062259543857295 0.004202827767686991 1.0 1.0070010735711814 1.0070010735711814 -0.0007751191854519224
59770.76762958731 3.2110000000000003 0.018999999999999906 1.0094406180884152 0.004197417833119714 1.0 1.007000891769365 1.007000891769365 0.002439726319050317
59770.76764553073 3.2110000000000003 0.018999999999999906 1.0103588088821038 0.0042061613556681225 1.0 1.0070007099675484 1.0070007099675484 0.0033580989145554074
59770.76766147415 3.2110000000000003 0.018999999999999906 1.003279052952216 0.004190768629936886 1.0 1.0070005281657317 1.0070005281657317 -0.0037214752135157347
59770.76767741757 3.2110000000000003 0.018999999999999906 1.006154680672753 0.004197811233837559 1.0 1.0070003463639152 1.0070003463639152 -0.0008456656911621785
59770.767693360984 3.2110000000000003 0.018999999999999906 1.010642702067827 0.004198621902568445 1.0 1.0070001645621816 1.0070001645621816 0.003642537505645471
59770.76770930441 3.2110000000000003 0.018999999999999906 1.0012655562875707 0.004187886516118698 1.0 1.006999982760282 1.006999982760282 -0.005734426472711274
59770.76772524784 3.2110000000000003 0.018999999999999906 1.0104329954360434 0.004199709388851858 1.0 1.0069998009583825 1.0069998009583825 0.0034331944776608836
59770.76774119125 3.2110000000000003 0.018999999999999906 1.0071862338385422 0.004197936691148432 1.0 1.006999619156649 1.006999619156649 0.00018661468189318242
59770.76775713467 3.2110000000000003 0.018999999999999906 1.0037650354620862 0.0041951991251755 1.0 1.0069994373548323 1.0069994373548323 -0.0032344018927461526
59770.76777307809 3.2110000000000003 0.018999999999999906 "" "" 1.0 1.0069992555530158 1.0069992555530158 ""
59770.76778902151 3.2110000000000003 0.018999999999999906 1.0039801599211076 0.0041906256337840425 1.0 1.0069990737511993 1.0069990737511993 -0.003018913830091785
59770.76780496493 3.2110000000000003 0.018999999999999906 1.007924305793573 0.004197306609615314 1.0 1.0069988919493829 1.0069988919493829 0.0009254138441900928
59770.76782090835 3.2110000000000003 0.018999999999999906 1.0060141073523639 0.004195444156521701 1.0 1.0069987101475661 1.0069987101475661 -0.000984602795202294
59770.76783685177 3.2110000000000003 0.018999999999999906 1.0025592727845936 0.004195962641381498 1.0 1.0069985283457497 1.0069985283457497 -0.004439255561156097
59770.767852795194 3.2110000000000003 0.018999999999999906 0.9999614671496133 0.004183944902660192 1.0 1.0069983465439332 1.0069983465439332 -0.0070368793943198504
59770.76786873861 3.2110000000000003 0.018999999999999906 1.0034527315939308 0.004188037780895172 1.0 1.0069981647421995 1.0069981647421995 -0.0035454331482687174
59770.767884682034 3.2110000000000003 0.018999999999999906 1.0118707698300766 0.004200022217086267 1.0 1.0069979829403 1.0069979829403 0.004872786889776659
59770.767900625455 3.2110000000000003 0.018999999999999906 1.0042214229148763 0.004192954841557087 1.0 1.0069978011384835 1.0069978011384835 -0.002776378223607212
59770.767916568875 3.2110000000000003 0.018999999999999906 1.0143470384899398 0.005154789846627838 1.0 1.006997619336667 1.006997619336667 0.007349419153272807
59770.76793251229 3.2110000000000003 0.018999999999999906 1.0042767821268805 0.004190060201394119 1.0 1.0069974375349333 1.0069974375349333 -0.0027206554080527745
59770.767948455716 3.2110000000000003 0.018999999999999906 1.0073024327777618 0.004200994975288627 1.0 1.0069972557330338 1.0069972557330338 0.0003051770447279889
59770.76796439913 3.2110000000000003 0.018999999999999906 1.0067410517399802 0.004198107914802975 1.0 1.0069970739313001 1.0069970739313001 -0.00025602219131992676
59770.767980342556 3.2110000000000003 0.018999999999999906 1.011406510730205 0.0042065738057639026 1.0 1.0069968921294006 1.0069968921294006 0.004409618600804466
59770.76799628597 3.2110000000000003 0.018999999999999906 1.0055626358457301 0.00419654155980418 1.0 1.0069967103276671 1.0069967103276671 -0.0014340744819369977
59770.7680122294 3.2110000000000003 0.018999999999999906 1.0079469340846763 0.004199984582572977 1.0 1.0069965285257676 1.0069965285257676 0.0009504055589086846
59770.76802817281 3.2110000000000003 0.018999999999999906 1.0000772115185579 0.00418976966547952 1.0 1.006996346724034 1.006996346724034 -0.006919135205476046
59770.76804411623 3.2110000000000003 0.018999999999999906 1.0035427593804966 0.004186264791312578 1.0 1.0069961649222174 1.0069961649222174 -0.0034534055417208
59770.76806005965 3.2110000000000003 0.018999999999999906 1.0126427485657497 0.004203161060890909 1.0 1.006995983120401 1.006995983120401 0.0056467654453487
59770.76807600307 3.2110000000000003 0.018999999999999906 1.0098723662291083 0.0042007689749999685 1.0 1.0069958013185842 1.0069958013185842 0.0028765649105240154
59770.76809194649 3.2110000000000003 0.018999999999999906 1.005953613452957 0.004197460410225733 1.0 1.0069956195167677 1.0069956195167677 -0.0010420060638107742
59770.76810788991 3.2110000000000003 0.018999999999999906 1.0027437736372997 0.004191542599103033 1.0 1.0069954377149513 1.0069954377149513 -0.00425166407765154
59770.76812383333 3.2110000000000003 0.018999999999999906 1.0083623134997353 0.004202586686258464 1.0 1.0069952559131345 1.0069952559131345 0.0013670575866007173
59770.76813977675 3.2110000000000003 0.018999999999999906 1.0117530651373123 0.004204789093094824 1.0 1.006995074111318 1.006995074111318 0.004757991025994279
59770.768155720165 3.2110000000000003 0.018999999999999906 1.0004595835469021 0.004182857027387929 1.0 1.0069948923095846 1.0069948923095846 -0.00653530876268249
59770.76817166359 3.2110000000000003 0.018999999999999906 1.011140647026812 0.004203113416449172 1.0 1.006994710507685 1.006994710507685 0.00414593651912698
59770.76818760701 3.2110000000000003 0.018999999999999906 1.013978331383034 0.004209536811247494 1.0 1.0069945287058684 1.0069945287058684 0.006983802677165585
59770.76820355043 3.2110000000000003 0.018999999999999906 1.000179264305699 0.004181363777206721 1.0 1.0069943469040519 1.0069943469040519 -0.00681508259835284
59770.768219493846 3.2110000000000003 0.018999999999999906 1.0083104137537267 0.004198768718259045 1.0 1.0069941651023182 1.0069941651023182 0.001316248651408447
59770.768235437274 3.2110000000000003 0.018999999999999906 1.0078665359525028 0.004196419517438262 1.0 1.0069939833004187 1.0069939833004187 0.0008725526520840798
59770.76825138069 3.2110000000000003 0.018999999999999906 1.005377022549062 0.00419226706332354 1.0 1.0069938014986852 1.0069938014986852 -0.0016167789496233098
59770.768267324114 3.2110000000000003 0.018999999999999906 1.0084156432447506 0.004195067439810891 1.0 1.0069936196967857 1.0069936196967857 0.0014220235479649457
59770.76828326753 3.2110000000000003 0.018999999999999906 1.0040207943988075 0.004191638976505313 1.0 1.006993437895052 1.006993437895052 -0.002972643496244487
59770.768299210955 3.2110000000000003 0.018999999999999906 1.0063241433876102 0.004190220331853912 1.0 1.0069932560931525 1.0069932560931525 -0.000669112705542263
59770.76831515437 3.2110000000000003 0.018999999999999906 1.00532006441193 0.004194190398340599 1.0 1.006993074291419 1.006993074291419 -0.0016730098794890402
59770.76833109779 3.2110000000000003 0.018999999999999906 1.0118020375901817 0.004209726726490202 1.0 1.0069928924896023 1.0069928924896023 0.004809145100579393
59770.768347041216 3.2110000000000003 0.018999999999999906 1.0038207163526716 0.004190167248230846 1.0 1.0069927106877028 1.0069927106877028 -0.0031719943350312363
59770.76836298463 3.2110000000000003 0.018999999999999906 1.0016101264581483 0.004191005566809154 1.0 1.0069925288859694 1.0069925288859694 -0.005382402427821065
59770.768378928056 3.2110000000000003 0.018999999999999906 0.9986580250285408 0.00418667130628004 1.0 1.0069923470840698 1.0069923470840698 -0.008334322055528975
59770.76839487147 3.2110000000000003 0.018999999999999906 1.0018729452592814 0.004190830407733848 1.0 1.0069921652823361 1.0069921652823361 -0.00511922002305476
59770.7684108149 3.2110000000000003 0.018999999999999906 1.008602101475717 0.004203139273152972 1.0 1.0069919834804366 1.0069919834804366 0.0016101179952803246
59770.76842675831 3.2110000000000003 0.018999999999999906 1.0058362235337732 0.0041960861511776155 1.0 1.0069918016787032 1.0069918016787032 -0.0011555781449299474
59770.76844270174 3.2110000000000003 0.018999999999999906 1.0134606279505722 0.0042102872167317645 1.0 1.0069916198768036 1.0069916198768036 0.006469008073768601
59770.76845864515 3.2110000000000003 0.018999999999999906 1.013224448680366 0.004210375936093853 1.0 1.00699143807507 1.00699143807507 0.00623301060529613
59770.76847458858 3.2110000000000003 0.018999999999999906 1.002305297520073 0.004185652806235932 1.0 1.0069912562731704 1.0069912562731704 -0.004685958753097408
59770.76849053199 3.2110000000000003 0.018999999999999906 1.0007122388357703 0.004186314170134479 1.0 1.0069910744714368 1.0069910744714368 -0.0062788356356664465
59770.76850647541 3.2110000000000003 0.018999999999999906 1.00126777678528 0.00418715810602011 1.0 1.0069908926696203 1.0069908926696203 -0.0057231158843402685
59770.76852241883 3.2110000000000003 0.018999999999999906 1.0035668760812249 0.004196347356336523 1.0 1.0069907108678038 1.0069907108678038 -0.0034238347865789276
59770.76853836225 3.2110000000000003 0.018999999999999906 1.0119691094431496 0.004209481371057154 1.0 1.0069905290659873 1.0069905290659873 0.004978580377162256
59770.76855430567 3.2110000000000003 0.018999999999999906 1.0036411855779355 0.004192914210076567 1.0 1.0069903472641706 1.0069903472641706 -0.0033491616862351137
59770.76857024909 3.2110000000000003 0.018999999999999906 1.001396728033924 0.0041869071884172784 1.0 1.006990165462354 1.006990165462354 -0.005593437428430104
59770.76858619251 3.2110000000000003 0.018999999999999906 1.0101227738470997 0.00419854597518644 1.0 1.0069899836605376 1.0069899836605376 0.0031327901865620955
59770.76860213593 3.2110000000000003 0.018999999999999906 1.0001566908650756 0.00418442840536445 1.0 1.006989801858721 1.006989801858721 -0.006833110993645253
59770.768618079346 3.2110000000000003 0.018999999999999906 1.0070147127628646 0.004200015776213541 1.0 1.0069896200569874 1.0069896200569874 2.5092705877138854e-05
59770.768634022774 3.2110000000000003 0.018999999999999906 1.0016571666327805 0.004192298769543127 1.0 1.006989438255088 1.006989438255088 -0.005332271622307427
59770.768649966194 3.2110000000000003 0.018999999999999906 1.0045458844229518 0.004189166395977458 1.0 1.0069892564532714 1.0069892564532714 -0.002443372030319635
59770.768665909614 3.2110000000000003 0.018999999999999906 1.0043520132670747 0.004194337921117671 1.0 1.0069890746514547 1.0069890746514547 -0.002637061384380024
59770.76868185303 3.2110000000000003 0.018999999999999906 1.0021671231230953 0.0041910849005524255 1.0 1.0069888928497213 1.0069888928497213 -0.004821769726625957
59770.768697796455 3.2110000000000003 0.018999999999999906 1.0027654190278472 0.004192204366885767 1.0 1.0069887110478217 1.0069887110478217 -0.004223292019974512
59770.76871373987 3.2110000000000003 0.018999999999999906 0.998137774271203 0.004181428923342126 1.0 1.006988529246088 1.006988529246088 -0.008850754974885078
59770.768729683296 3.2110000000000003 0.018999999999999906 1.0007212071412865 0.004191593308385507 1.0 1.0069883474441885 1.0069883474441885 -0.006267140302901986
59770.76874562671 3.2110000000000003 0.018999999999999906 1.0143798225489353 0.004209663289590775 1.0 1.0069881656424549 1.0069881656424549 0.0073916569064804705
59770.768761570136 3.2110000000000003 0.018999999999999906 1.004563849955926 0.0041904944939352064 1.0 1.0069879838405553 1.0069879838405553 -0.0024241338846293647
59770.76877751355 3.2110000000000003 0.018999999999999906 1.0083868594501817 0.004197359722203278 1.0 1.0069878020388219 1.0069878020388219 0.0013990574113598164
59770.76879345697 3.2110000000000003 0.018999999999999906 1.014486323006164 0.004206377997228819 1.0 1.0069876202370054 1.0069876202370054 0.007498702769158649
59770.76880940039 3.2110000000000003 0.018999999999999906 1.0042281307338086 0.004195304816479451 1.0 1.0069874384351887 1.0069874384351887 -0.0027593077013801093
59770.76882534381 3.2110000000000003 0.018999999999999906 1.0118730952951822 0.0042078862517344415 1.0 1.0069872566333722 1.0069872566333722 0.004885838661810027
59770.76884128723 3.2110000000000003 0.018999999999999906 1.0074376414750013 0.004195660450922654 1.0 1.0069870748315557 1.0069870748315557 0.0004505666434455602
59770.76885723065 3.2110000000000003 0.018999999999999906 0.996195132890423 0.0041794247556336955 1.0 1.006986893029739 1.006986893029739 -0.010791760139315931
59770.76887317407 3.2110000000000003 0.018999999999999906 1.0076755392916603 0.00419862720767482 1.0 1.0069867112279225 1.0069867112279225 0.000688828063737823
59770.76888911749 3.2110000000000003 0.018999999999999906 1.0035432660119963 0.004192690002683349 1.0 1.006986529426106 1.006986529426106 -0.0034432634141097207
59770.768905060904 3.2110000000000003 0.018999999999999906 1.010564004988047 0.004201178229011645 1.0 1.0069863476243723 1.0069863476243723 0.003577657363674769
59770.76892100433 3.2110000000000003 0.018999999999999906 1.0108900202454552 0.004204128820074848 1.0 1.0069861658224728 1.0069861658224728 0.0039038544229823557
59770.76893694775 3.2110000000000003 0.018999999999999906 1.0141989421283686 0.004205404639270596 1.0 1.0069859840206563 1.0069859840206563 0.007212958107712275
59770.76895289117 3.2110000000000003 0.018999999999999906 1.0083431572913426 0.004198642988380812 1.0 1.0069858022188398 1.0069858022188398 0.001357355072502786
59770.768968834585 3.2110000000000003 0.018999999999999906 1.0117606393984269 0.004207587662557266 1.0 1.0069856204171062 1.0069856204171062 0.004775018981320711
59770.76898477801 3.2110000000000003 0.018999999999999906 1.0073763399279454 0.004199549067403808 1.0 1.0069854386152066 1.0069854386152066 0.00039090131273877837
