eureka_custom_plots/data/stage5_lcfit_results/S5_wasp39b_ap4_bg8_Table_Save_ch24.txt
# %ECSV 1.0
# ---
# datatype:
# - {name: time, datatype: float64}
# - {name: wavelength, datatype: float64}
# - {name: bin_width, datatype: float64}
# - {name: lcdata, datatype: float64}
# - {name: lcerr, datatype: float64}
# - {name: transit, datatype: float64}
# - {name: polynom, datatype: float64}
# - {name: model, datatype: float64}
# - {name: residuals, datatype: float64}
# schema: astropy-2.0
time wavelength bin_width lcdata lcerr transit polynom model residuals
[from data line 15575]
59770.89233901471 3.939 0.019000000000000128 1.0092979166728335 0.006143418625325063 0.9982608576687315 1.005952845803999 1.0042033506266013 0.005094566046232263
59770.89235495814 3.939 0.019000000000000128 1.0033841386812534 0.006147068488271789 0.9982758049787749 1.0059527753133573 1.0042183165465743 -0.0008341778653209175
59770.89237090155 3.939 0.019000000000000128 1.0042614148709232 0.006128769599431353 0.9982907129539378 1.0059527048227799 1.004233242895475 2.8171975448243458e-05
59770.89238684497 3.939 0.019000000000000128 0.9987902559107902 0.007067645750909951 0.9983055814439331 1.0059526343321703 1.0042481295220336 -0.005457873611243391
59770.89240278839 3.939 0.019000000000000128 1.0001742863986678 0.006116518686412031 0.9983204102713645 1.005952563841561 1.0042629762478381 -0.004088689849170324
59770.892418731804 3.939 0.019000000000000128 0.9877628419041763 0.006094351736157075 0.9983351992572573 1.0059524933509836 1.004277782892889 -0.016514940988712756
59770.89243467523 3.939 0.019000000000000128 1.0004161155508433 0.00612578830197338 0.9983499482487279 1.0059524228603418 1.0042925493033048 -0.0038764337524614945
59770.892450618645 3.939 0.019000000000000128 1.0064073170574481 0.006126535000734459 0.9983646570438353 1.0059523523697647 1.0043072752760793 0.0021000417813688
59770.892466562065 3.939 0.019000000000000128 1.001677162464328 0.006132604806253462 0.9983793254870992 1.005952281879155 1.0043219606547191 -0.0026447981903912066
59770.892482505486 3.939 0.019000000000000128 1.0094713413550789 0.006152149582475311 0.9983939533944807 1.0059522113885455 1.0043366052541303 0.0051347361009486114
59770.892498448906 3.939 0.019000000000000128 1.008172203059168 0.006143301229715037 0.9984085405874396 1.005952140897936 1.0043512088947186 0.003820994164449365
59770.892514392326 3.939 0.019000000000000128 0.9936778570474756 0.006116308472625743 0.9984230868860916 1.0059520704073266 1.004365771395538 -0.010687914348062488
59770.89253033575 3.939 0.019000000000000128 1.0051598796762915 0.006138183729177616 0.9984375921091992 1.005951999916717 1.0043802925742804 0.0007795871020110923
59770.89254627916 3.939 0.019000000000000128 0.9924202669956561 0.006121921731906799 0.9984520560678721 1.0059519294261396 1.004394772240972 -0.011974505245315958
59770.89256222258 3.939 0.019000000000000128 1.007276282730998 0.006149136038189834 0.998466478590634 1.0059518589355303 1.004409210223061 0.002867072507936941
59770.892578166 3.939 0.019000000000000128 1.0015198185997998 0.006149430036325291 0.9984808594857512 1.0059517884449207 1.004423606327713 -0.0029037877279132207
59770.89259410941 3.939 0.019000000000000128 1.002570607643165 0.0061389252829902085 0.9984951985597037 1.0059517179543433 1.004437960360297 -0.0018673527171320092
59770.89261005284 3.939 0.019000000000000128 1.0027045015549392 0.006125496060380804 0.9985094956439955 1.0059516474637016 1.004452272151227 -0.0017477705962878343
59770.89262599625 3.939 0.019000000000000128 1.0021236030930347 0.006131008543834113 0.9985237505223049 1.0059515769731244 1.0044665414830314 -0.0023429383899966627
59770.89264193968 3.939 0.019000000000000128 1.0061417101378995 0.006153259839393563 0.9985379630296337 1.0059515064824827 1.0044807681896095 0.001660941948290029
59770.892657883094 3.939 0.019000000000000128 0.9994466315397209 0.006131237189844825 0.9985521329467564 1.0059514359919053 1.0044949520505695 -0.005048320510848581
59770.89267382651 3.939 0.019000000000000128 0.9889411811802288 0.006106722508727949 0.9985662600927593 1.005951365501328 1.0045090928838654 -0.015567911703636583
59770.892689769935 3.939 0.019000000000000128 1.0154663174136183 0.006168425056096654 0.9985803442833462 1.0059512950106864 1.004523190504049 0.010943126909569223
59770.892705713355 3.939 0.019000000000000128 1.0081084979004467 0.006136550203164477 0.9985943853028629 1.0059512245200768 1.0045372446942884 0.0035712532061582536
59770.89272165677 3.939 0.019000000000000128 1.0036110163486636 0.006146938337631875 0.9986083829507921 1.0059511540294994 1.0045512552528817 -0.000940238904218127
59770.89273760019 3.939 0.019000000000000128 1.0078390972402027 0.0061503490919873356 0.9986223370394683 1.00595108353889 1.004565221990992 0.003273875249210745
59770.89275354361 3.939 0.019000000000000128 1.0102583295680705 0.006158073582449243 0.9986362473596712 1.0059510130482805 1.0045791446981944 0.005679184869876064
59770.89276948703 3.939 0.019000000000000128 1.0044077051673326 0.006144104041834775 0.9986501137069353 1.005950942557671 1.004593023168817 -0.00018531800148435806
59770.89278543045 3.939 0.019000000000000128 1.004585350163873 0.0061218204189622755 0.9986639358750338 1.0059508720670616 1.0046068571954143 -2.150703154124578e-05
59770.89280137386 3.939 0.019000000000000128 1.0130487092352112 0.006147764045844238 0.9986777136495834 1.0059508015764842 1.0046206465623688 0.008428062672842351
59770.89281731729 3.939 0.019000000000000128 1.007315289389905 0.00614962525611958 0.9986914468398332 1.0059507310858424 1.004634391077708 0.0026808983121970886
59770.8928332607 3.939 0.019000000000000128 0.9978413430587972 0.00611583437147503 0.9987051352086679 1.005950660595265 1.004648090503043 -0.006806747444245809
59770.892849204116 3.939 0.019000000000000128 1.0076225013955498 0.006146278060466204 0.9987187785556243 1.005950590104688 1.0046617446366635 0.002960756758886296
59770.89286514754 3.939 0.019000000000000128 1.004439878860207 0.0061385266576233725 0.9987323766769638 1.0059505196140461 1.004675353273563 -0.0002354744133561404
59770.89288109096 3.939 0.019000000000000128 1.0114886020776919 0.006148784896800211 0.9987459293304523 1.0059504491234688 1.0046889161702046 0.006799685907487252
59770.892897034384 3.939 0.019000000000000128 1.0016356071301236 0.006129493662892311 0.9987594363217153 1.0059503786328272 1.0047024331309387 -0.0030668260008150927
59770.8929129778 3.939 0.019000000000000128 1.0076733231068402 0.006141106675722639 0.9987728974042714 1.0059503081422498 1.0047159039079545 0.0029574191988857024
59770.89292892122 3.939 0.019000000000000128 1.003142208402134 0.006132599444895008 0.9987863123732866 1.0059502376516403 1.004729328295113 -0.0015871198929791053
59770.89294486464 3.939 0.019000000000000128 0.9972285960459553 0.006117603401435938 0.9987996809968733 1.0059501671610307 1.004742706059189 -0.007514110013233655
59770.89296080805 3.939 0.019000000000000128 1.009180753352832 0.006151547409162819 0.9988130030410863 1.0059500966704533 1.0047560369648867 0.004424716387945393
59770.89297675147 3.939 0.019000000000000128 0.9972832070576043 0.006115354822029526 0.9988262782882786 1.005950026179844 1.00476932079321 -0.007486113735605704
59770.8929926949 3.939 0.019000000000000128 1.0016548573846022 0.006142995456998245 0.9988395065061905 1.0059499556892022 1.004782557310527 -0.003127699925924654
59770.89300863831 3.939 0.019000000000000128 1.007291174071095 0.006142922960745049 0.998852687442415 1.0059498851986248 1.0047957462630352 0.0024954278080597803
59770.89302458173 3.939 0.019000000000000128 1.0061152142901786 0.006136721932295087 0.9988658208777509 1.0059498147080155 1.0048088874301433 0.0013063268600352895
59770.89304052515 3.939 0.019000000000000128 1.0060113028714035 0.006129978083925562 0.9988789065673501 1.005949744217406 1.004821980565588 0.0011893223058154767
59770.893056468565 3.939 0.019000000000000128 1.0028281479390313 0.006139909087850489 0.9988919442636757 1.0059496737268285 1.004835025420402 -0.002006877481370628
59770.89307241199 3.939 0.019000000000000128 1.0058429181168769 0.0061333611262940155 0.9989049337408306 1.005949603236187 1.0048480217672582 0.0009948963496186902
59770.893088355406 3.939 0.019000000000000128 1.0158508706566707 0.006161569539887002 0.9989178747283225 1.0059495327456096 1.0048609693341934 0.010989901322477236
59770.893104298826 3.939 0.019000000000000128 1.009132375246704 0.006157706568036931 0.9989307669951527 1.005949462255 1.0048738678887486 0.004258507357955521
59770.89312024225 3.939 0.019000000000000128 1.0016413978110033 0.006132792758975646 0.9989436102837348 1.0059493917643905 1.0048867171718474 -0.0032453193608441566
59770.89313618566 3.939 0.019000000000000128 1.0108305452205233 0.006161797193085753 0.9989564043339276 1.0059493212738133 1.0048995169218435 0.0059310282986797525
59770.89315212909 3.939 0.019000000000000128 1.002019203767632 0.006131112604517004 0.9989691489065262 1.0059492507831715 1.0049122668980226 -0.0028930631303905052
59770.89316807251 3.939 0.019000000000000128 1.0119636717955673 0.006158912701637582 0.9989818437241224 1.005949180292562 1.004924966821433 0.00703870497413428
59770.89318401592 3.939 0.019000000000000128 1.0024422735067329 0.006135319883685352 0.998994488524653 1.0059491098019846 1.0049376164284636 -0.0024953429217307033
59770.89319995934 3.939 0.019000000000000128 0.9985976260582171 0.006127940897452623 0.9990070830537252 1.0059490393113752 1.0049502154631542 -0.0063525894049371034
59770.89321590276 3.939 0.019000000000000128 0.9993377656283666 0.006130084343457607 0.9990196270375483 1.0059489688207657 1.0049627636501277 -0.005624998021761085
59770.89323184618 3.939 0.019000000000000128 1.0003763634090719 0.006129406466179854 0.9990321202048376 1.005948898330156 1.0049752607164963 -0.0045988973074244655
59770.8932477896 3.939 0.019000000000000128 1.0070004402915003 0.006135911848203527 0.9990445622812508 1.0059488278395468 1.0049877063862973 0.002012733905202957
59770.893263733014 3.939 0.019000000000000128 0.9949321620163826 0.006114010517016006 0.9990569529836056 1.0059487573489694 1.0050001003747058 -0.010067938358323203
59770.89327967644 3.939 0.019000000000000128 1.000416223119815 0.006128930511051498 0.9990692920484142 1.0059486868583276 1.0050124424165814 -0.004596219296766346
59770.893295619855 3.939 0.019000000000000128 1.0014615209153237 0.006125725273347296 0.999081579168929 1.0059486163677502 1.005024732203491 -0.0035632112881673894
59770.89331156327 3.939 0.019000000000000128 1.0053711845115505 0.006148572656837753 0.9990938140697047 1.005948545877173 1.0050369694582981 0.00033421505325237355
59770.893327506696 3.939 0.019000000000000128 1.009192453633224 0.006135497066667679 0.9991059964702831 1.0059484753865313 1.0050491538988224 0.004143299734401529
59770.89334345011 3.939 0.019000000000000128 0.9949818319230297 0.006115935594258889 0.9991181260553983 1.005948404895954 1.0050612852080625 -0.010079453285032791
59770.893359393536 3.939 0.019000000000000128 1.0014923434027023 0.0061289479677691175 0.9991302025487536 1.0059483344053124 1.0050733631079611 -0.0035810197052588144
59770.89337533695 3.939 0.019000000000000128 0.9952084441078651 0.006110786541970383 0.9991422256270175 1.005948263914735 1.0050853872734027 -0.009876943165537555
59770.89339128037 3.939 0.019000000000000128 0.9988892180564148 0.006121443945953301 0.9991541950018537 1.0059481934241254 1.005097357414251 -0.006208139357836151
59770.89340722379 3.939 0.019000000000000128 1.0133540392798388 0.006166581760423975 0.9991661103588103 1.0059481229335159 1.0051092732142275 0.008244766065611309
59770.8934231672 3.939 0.019000000000000128 1.009293644518632 0.006146525339906777 0.999177971379633 1.0059480524429387 1.0051211343532283 0.004172510165403764
59770.89343911062 3.939 0.019000000000000128 1.0065768442675451 0.006135961844805239 0.9991897777585191 1.0059479819523292 1.0051329405235785 0.0014439037439666347
59770.89345505405 3.939 0.019000000000000128 1.0003390112052846 0.006125198861721118 0.9992015291745225 1.0059479114616874 1.0051446914024353 -0.0048056801971507745
59770.893470997464 3.939 0.019000000000000128 1.0150725907147788 0.006155634247324176 0.9992132252863037 1.0059478409711102 1.0051563866465367 0.009916204068242118
59770.893486940884 3.939 0.019000000000000128 0.9974778266356396 0.0061289041003614155 0.9992248657807768 1.0059477704805007 1.00516802594085 -0.007690199305210421
59770.893502884304 3.939 0.019000000000000128 0.9886124796851469 0.0061004278946057465 0.9992364503187539 1.005947699989891 1.0051796089442135 -0.01656712925906667
59770.89351882772 3.939 0.019000000000000128 0.9941090760417349 0.006111316738703223 0.9992479785569721 1.0059476294993137 1.0051911353113672 -0.011082059269632238
59770.893534771145 3.939 0.019000000000000128 1.0085642459225619 0.006140727482172383 0.9992594501678227 1.0059475590086722 1.0052026047126692 0.003361641209892685
59770.89355071456 3.939 0.019000000000000128 1.011567977463359 0.006148875493661639 0.9992708647827642 1.0059474885180948 1.0052140167775263 0.006353960685832716
59770.89356665798 3.939 0.019000000000000128 1.0005556705415193 0.006135263997775785 0.9992822220651663 1.0059474180274852 1.005225371167222 -0.004669700625702822
59770.8935826014 3.939 0.019000000000000128 1.0115450817481808 0.006150413825099367 0.9992935216522255 1.0059473475368759 1.0052366675168398 0.006308414231340986
59770.89359854481 3.939 0.019000000000000128 1.0040796098602347 0.006141481989084057 0.9993047631761214 1.0059472770462985 1.0052479054564154 -0.0011682955961807018
59770.89361448824 3.939 0.019000000000000128 1.0052321964939368 0.006139119750995916 0.9993159462845184 1.0059472065556567 1.005259084631434 -2.6888137497182996e-05
59770.89363043165 3.939 0.019000000000000128 0.9967154335265112 0.0061178508593346705 0.9993270705834213 1.0059471360650794 1.005270204645698 -0.0085547711191869
59770.89364637507 3.939 0.019000000000000128 0.9986332299884504 0.006129671545554638 0.9993381357094585 1.00594706557447 1.0052812651335912 -0.006648035145140785
59770.89366231849 3.939 0.019000000000000128 1.0111398330156163 0.006143176431448733 0.9993491412732323 1.0059469950838604 1.0052922657034442 0.005847567312172064
59770.89367826191 3.939 0.019000000000000128 1.0007547811692308 0.0061392653746778466 0.9993600868836873 1.0059469245932509 1.0053032059618892 -0.004548424792658379
59770.893694205326 3.939 0.019000000000000128 0.9964743172909059 0.006123715674914172 0.9993709721396723 1.0059468541026735 1.0053140855054339 -0.008839768214528032
59770.89371014875 3.939 0.019000000000000128 1.010857262792767 0.006166192683927677 0.99938179665361 1.005946783612032 1.0053249039441128 0.0055323588486542175
59770.89372609217 3.939 0.019000000000000128 0.998730122537141 0.0061383684214213145 0.999392559996439 1.0059467131214546 1.0053356608464539 -0.006605538309312875
59770.893742035594 3.939 0.019000000000000128 1.0051200240029803 0.006141217878798638 0.9994032617724931 1.0059466426308128 1.0053463558143227 -0.00022633181134246172
59770.89375797901 3.939 0.019000000000000128 1.0113793768514563 0.006144933924676406 0.9994139015396193 1.0059465721402356 1.005356988403079 0.006022388448377214
59770.89377392242 3.939 0.019000000000000128 1.0113647876745255 0.0061427547449239735 0.99942447887844 1.0059465016496583 1.0053675581907995 0.005997229483726052
59770.89378986585 3.939 0.019000000000000128 1.0076980480509867 0.00614856200308614 0.9994349933621799 1.0059464311590165 1.0053780647481203 0.002319983302866424
59770.89380580926 3.939 0.019000000000000128 1.0021561693911016 0.006129748101569941 0.9994454445275117 1.0059463606684391 1.0053885076091007 -0.0032323382179990645
59770.89382175268 3.939 0.019000000000000128 1.009448123660481 0.0061316290853599825 0.9994558319378029 1.0059462901778298 1.0053988863344292 0.004049237326051891
59770.8938376961 3.939 0.019000000000000128 1.0033152630440776 0.006146411140319025 0.9994661551282554 1.0059462196872202 1.0054092004565893 -0.002093937412511737
59770.89385363952 3.939 0.019000000000000128 1.0067554617569752 0.006137047083324412 0.999476413631722 1.0059461491966106 1.0054194495056696 0.0013360122513055295
59770.89386958294 3.939 0.019000000000000128 1.000893872771278 0.006126383547482838 0.9994866069723785 1.0059460787060013 1.0054296330030303 -0.004535760231752395
