eureka_custom_plots/data/stage5_lcfit_results/S5_wasp39b_ap4_bg8_Table_Save_ch42.txt
# %ECSV 1.0
# ---
# datatype:
# - {name: time, datatype: float64}
# - {name: wavelength, datatype: float64}
# - {name: bin_width, datatype: float64}
# - {name: lcdata, datatype: float64}
# - {name: lcerr, datatype: float64}
# - {name: transit, datatype: float64}
# - {name: polynom, datatype: float64}
# - {name: model, datatype: float64}
# - {name: residuals, datatype: float64}
# schema: astropy-2.0
time wavelength bin_width lcdata lcerr transit polynom model residuals
[from data line 9219]
59770.7910026409 4.629 0.018999999999999684 0.992203388382582 0.00944158189594341 0.9816431722252649 1.0064870975124245 0.9880111872058959 0.004192201176686172
59770.79101858432 4.629 0.018999999999999684 0.9733121365281368 0.009395931120142406 0.9816236710811339 1.0064870382243727 0.9879915013573862 -0.014679364829249475
59770.79103452774 4.629 0.018999999999999684 0.9874384541770815 0.009432609876290665 0.9816042034321879 1.0064869789363207 0.9879718492236563 -0.0005333950465747916
59770.79105047116 4.629 0.018999999999999684 1.000156618857093 0.009476790778766224 0.9815847694530717 1.0064869196482689 0.9879522309804784 0.012204387876614597
59770.79106641458 4.629 0.018999999999999684 0.9761174599254276 0.009428103880287045 0.9815653693194333 1.006486860360217 0.9879326468046333 -0.011815186879205686
59770.791082358 4.629 0.018999999999999684 0.976193363640292 0.009414595451128738 0.9815460032079438 1.0064868010721653 0.9879130968739327 -0.011719733233640728
59770.79109830142 4.629 0.018999999999999684 0.9890249562970542 0.009408138459422333 0.9815266712963104 1.0064867417841132 0.9878935813672298 0.0011313749298244025
59770.79111424484 4.629 0.018999999999999684 0.9937409100724379 0.009456019702478497 0.9815073737632796 1.0064866824960614 0.987874100464425 0.005866809608012891
59770.791130188256 4.629 0.018999999999999684 0.9798642373024082 0.009394910334377596 0.9814881107975689 1.0064866232080367 0.9878546543554806 -0.007990417053072352
59770.79114613168 4.629 0.018999999999999684 0.9943852489387424 0.009435487188148411 0.9814688825533525 1.0064865639199578 0.9878352431954844 0.006550005743257925
59770.791162075104 4.629 0.018999999999999684 1.005539318613397 0.009458751006869057 0.9814496892393132 1.0064865046319058 0.9878158671945465 0.017723451418850455
59770.791178018524 4.629 0.018999999999999684 0.9914818674487685 0.009446088749186959 0.9814305310290673 1.006486445343854 0.9877965265273769 0.003685340921391611
59770.79119396194 4.629 0.018999999999999684 0.9877959750523816 0.009396915585951914 0.9814114081167483 1.0064863860558293 0.9877772213893886 1.8753662992976317e-05
59770.791209905365 4.629 0.018999999999999684 0.996322000519186 0.0094478367056789 0.9813923206606071 1.0064863267677504 0.9877579519397727 0.008564048579413286
59770.79122584878 4.629 0.018999999999999684 0.9881085391494207 0.00947336664405614 0.9813732688824279 1.0064862674797255 0.9877387184018519 0.00036982074756874983
59770.791241792205 4.629 0.018999999999999684 0.9845272647147933 0.0094096453253834 0.9813542529345766 1.0064862081916466 0.9877195209288681 -0.003192256214074707
59770.79125773562 4.629 0.018999999999999684 0.9987562472089714 0.009422318702150585 0.9813352730410413 1.0064861489036219 0.9877003597463619 0.011055887462609437
59770.791273679046 4.629 0.018999999999999684 1.0007590308425887 0.009470490138238299 0.9813163293566866 1.006486089615543 0.9876812350100898 0.013077795832498906
59770.79128962246 4.629 0.018999999999999684 0.987858210394879 0.009395417096009542 0.9812974221077655 1.006486030327518 0.9876621469478717 0.00019606344700728862
59770.79130556588 4.629 0.018999999999999684 0.991606196905698 0.009456176666845569 0.9812785514604263 1.0064859710394662 0.987643095726848 0.003963101178849904
59770.7913215093 4.629 0.018999999999999684 0.9901265663741592 0.009430601144793466 0.9812597176165363 1.0064859117514144 0.987624081550215 0.0025024848239442177
59770.79133745273 4.629 0.018999999999999684 0.9835210075741831 0.00941695351468647 0.9812409207639529 1.0064858524633353 0.9876051046070151 -0.004084097032831968
59770.79135339614 4.629 0.018999999999999684 0.9876321961445106 0.009445212158998609 0.9812221611227504 1.0064857931753106 0.9875861651188239 4.603102568667694e-05
59770.79136933956 4.629 0.018999999999999684 0.9930859601203915 0.009422507969459776 0.9812034388659673 1.0064857338872588 0.9875672632597152 0.005518696860676298
59770.79138528298 4.629 0.018999999999999684 0.9899288169498368 0.00943466504703363 0.9811847542005322 1.006485674599207 0.9875483992379798 0.0023804177118570413
59770.7914012264 4.629 0.018999999999999684 0.9823936643969896 0.009393737134352174 0.9811661073265528 1.006485615311155 0.9875295732550163 -0.005135908858026728
59770.79141716982 4.629 0.018999999999999684 0.985100484077469 0.009415359833206714 0.9811474984454847 1.0064855560231032 0.9875107855135804 -0.0024103014361114283
59770.79143311324 4.629 0.018999999999999684 0.9850423081223991 0.009410331734895283 0.9811289277601414 1.0064854967350514 0.9874920362177942 -0.0024497280953951206
59770.79144905666 4.629 0.018999999999999684 0.9832548116736453 0.009396574531797422 0.9811103954747218 1.0064854374469996 0.9874733255731741 -0.004218513899528875
59770.79146500008 4.629 0.018999999999999684 0.9600783956891654 0.009378024729802972 0.9810919017948292 1.0064853781589476 0.9874546537866496 -0.02737625809748423
59770.791480943495 4.629 0.018999999999999684 0.9890857705982832 0.009444275459454284 0.9810734469354787 1.0064853188709229 0.9874360210746507 0.0016497495236325044
59770.791496886915 4.629 0.018999999999999684 1.003255430533409 0.009480413068986043 0.9810550310891266 1.006485259582871 0.9874174276308212 0.015838002902587744
59770.791512830336 4.629 0.018999999999999684 0.983432080849053 0.00939410952141726 0.9810366544737147 1.006485200294819 0.9873988736745359 -0.0039667928254829565
59770.791528773756 4.629 0.018999999999999684 0.9957904150146808 0.009470140048358514 0.9810183173006537 1.0064851410067672 0.9873803594185699 0.008410055596110855
59770.791544717176 4.629 0.018999999999999684 0.9938138540160385 0.00944904716622282 0.9810000197828591 1.0064850817187154 0.9873618850772125 0.006451968938826047
59770.7915606606 4.629 0.018999999999999684 0.9939329738836525 0.009449763673416375 0.9809817621347791 1.0064850224306636 0.987343450866295 0.00658952301735749
59770.79157660402 4.629 0.018999999999999684 0.9814313645515488 0.009418099540858474 0.9809635445724058 1.0064849631426116 0.9873250570032034 -0.0058936924516546085
59770.79159254743 4.629 0.018999999999999684 0.9916475361972865 0.00944081711318969 0.980945367321709 1.0064849038545869 0.9873067037153928 0.004340832481893764
59770.79160849086 4.629 0.018999999999999684 0.9964131458339914 0.009444722489874425 0.9809272305766515 1.006484844566508 0.9872883911979963 0.009124754635995158
59770.79162443428 4.629 0.018999999999999684 0.9749809113469301 0.00938330564613268 0.9809091345832178 1.0064847852784562 0.9872701196986663 -0.012289208351736192
59770.7916403777 4.629 0.018999999999999684 0.9823817664869728 0.009421126885114546 0.9808910795549195 1.0064847259904042 0.9872518894322649 -0.004870122945292099
59770.79165632111 4.629 0.018999999999999684 0.9904114873427853 0.009412211717214682 0.9808730657252198 1.0064846667023795 0.987233700633789 0.0031777867089962664
59770.79167226454 4.629 0.018999999999999684 0.9753530945651602 0.00936738889346205 0.9808550932944218 1.0064846074143006 0.9872155535047532 -0.011862458939593035
59770.79168820795 4.629 0.018999999999999684 0.9948729853773384 0.009439400590105127 0.9808371625232966 1.0064845481262756 0.9871974483077185 0.0076755370696198755
59770.79170415138 4.629 0.018999999999999684 0.9939681677050217 0.00942518631452296 0.9808192736079294 1.0064844888381967 0.9871793852399283 0.0067887824650934014
59770.79172009479 4.629 0.018999999999999684 0.9796810928305961 0.009400043270260486 0.9808014268124622 1.006484429550172 0.9871613645673358 -0.007480271736739708
59770.79173603822 4.629 0.018999999999999684 0.9830591140111181 0.009417108348013955 0.9807836223367106 1.0064843702620931 0.9871433864909387 -0.004084272479820572
59770.79175198163 4.629 0.018999999999999684 0.9963896571525553 0.009461828960405469 0.9807658604482931 1.0064843109740682 0.9871254512801894 0.009264205872365983
59770.79176792505 4.629 0.018999999999999684 0.9993137598820663 0.00948905233105088 0.9807481413590613 1.0064842516860164 0.9871075591482262 0.012206200733840045
59770.79178386847 4.629 0.018999999999999684 0.9738172134279013 0.009365457846515235 0.9807304653151562 1.0064841923979646 0.987089710342805 -0.01327249691490373
59770.791799811894 4.629 0.018999999999999684 0.9897937856564435 0.0094066449796976 0.9807128325579428 1.0064841331099128 0.9870719051068482 0.0027218805495953236
59770.791815755314 4.629 0.018999999999999684 0.9748372863365963 0.009386703340088369 0.9806952433292009 1.0064840738218608 0.9870541436836952 -0.012216857347098875
59770.791831698734 4.629 0.018999999999999684 0.9705751037077445 0.009390315552366342 0.9806776978732072 1.006484014533809 0.9870364263191994 -0.016461322611454943
59770.791847642155 4.629 0.018999999999999684 1.0015983638902852 0.009469872243849736 0.9806601964362563 1.0064839552457572 0.9870187532612444 0.014579610629040785
59770.791863585575 4.629 0.018999999999999684 0.9757306231462147 0.00941654958436194 0.9806427392666845 1.0064838959577054 0.987001124759769 -0.011270501613554251
59770.791879528995 4.629 0.018999999999999684 0.9871402623117571 0.009440704572109975 0.980625326614918 1.0064838366696534 0.9869835410668145 0.00015672124494259254
59770.791895472415 4.629 0.018999999999999684 0.9826216798863697 0.009398077507290806 0.9806079587334943 1.0064837773816016 0.986966002436549 -0.004344322550179247
59770.791911415836 4.629 0.018999999999999684 0.9908264518670604 0.009423944866199407 0.9805906358771073 1.0064837180935498 0.9869485091253091 0.00387794274175135
59770.791927359256 4.629 0.018999999999999684 0.9867911264411539 0.009427068845678331 0.9805733583026383 1.0064836588054977 0.9869310613916337 -0.0001399349504798142
59770.79194330267 4.629 0.018999999999999684 0.9821898671863175 0.009415208758189688 0.980556126276659 1.006483599517473 0.9869136595038416 -0.004723792317524067
59770.7919592461 4.629 0.018999999999999684 0.9843752792165246 0.009404988236941726 0.980538940038151 1.0064835402293941 0.9868963037023758 -0.002521024485851231
59770.79197518951 4.629 0.018999999999999684 0.984531468467442 0.009408633743645244 0.980521799880608 1.0064834809413694 0.9868789942827311 -0.0023475258152890754
59770.79199113294 4.629 0.018999999999999684 0.9834377820429907 0.009389565416911086 0.9805047060398197 1.0064834216532903 0.9868617314821112 -0.0034239494391204994
59770.79200707635 4.629 0.018999999999999684 0.9701859278739134 0.009392387283830697 0.9804876588153304 1.0064833623652656 0.9868445156021011 -0.016658587728187624
59770.79202301978 4.629 0.018999999999999684 0.9669731473093858 0.01078168614717718 0.9804706584464247 1.0064833030771867 0.9868273468834217 -0.01985419957403589
59770.79203896319 4.629 0.018999999999999684 1.000206399509539 0.00945159116527188 0.9804537052378685 1.006483243789162 0.9868102256329128 0.013396173876626172
59770.79205490661 4.629 0.018999999999999684 0.9872213778866058 0.009383976675393792 0.9804367994419132 1.00648318450111 0.9867931521043729 0.00042822578223289387
59770.79207085003 4.629 0.018999999999999684 0.9806248946549168 0.00942210214595427 0.9804199413447954 1.0064831252130582 0.9867761265859128 -0.006151231930996093
59770.79208679345 4.629 0.018999999999999684 0.9917543462237977 0.009437272520046882 0.9804031312274961 1.0064830659250064 0.9867591493603266 0.004995196863471052
59770.79210273687 4.629 0.018999999999999684 0.9831648727963663 0.009396978445687643 0.9803863693731716 1.0064830066369543 0.9867422207125974 -0.0035773479162310995
59770.792118680285 4.629 0.018999999999999684 0.9873369180001326 0.009416249968710419 0.9803696560768532 1.0064829473489296 0.9867253409396877 0.0006115770604449011
59770.79213462371 4.629 0.018999999999999684 0.9978164816010403 0.009459586031865341 0.9803529916039874 1.0064828880608507 0.9867085103086761 0.011107971292364183
59770.792150567126 4.629 0.018999999999999684 0.9757361870472707 0.009388558675976285 0.9803363762773135 1.006482828772826 0.9866917291444921 -0.010955542097221382
59770.79216651055 4.629 0.018999999999999684 0.9800586508221976 0.009431145533124135 0.9803198103608437 1.006482769484747 0.9866749977127438 -0.006616346890546243
59770.792182453966 4.629 0.018999999999999684 0.9769793426238819 0.009405145896720831 0.980303294182901 1.0064827101967222 0.9866583163439808 -0.00967897372009896
59770.792198397394 4.629 0.018999999999999684 0.9713756986522748 0.00936855908806016 0.9802868280135628 1.0064826509086433 0.986641685309916 -0.015265986657641228
59770.79221434081 4.629 0.018999999999999684 0.9957900958060371 0.0094292326104894 0.9802704121869648 1.0064825916206186 0.9866251049469483 0.009164990859088729
59770.79223028423 4.629 0.018999999999999684 0.9653512733926854 0.00936081010786729 0.9802540469870344 1.0064825323325666 0.9866085755407571 -0.021257302148071644
59770.79224622765 4.629 0.018999999999999684 0.9738666226648786 0.009389935011501467 0.9802377327308034 1.0064824730445148 0.9865920974104471 -0.01272547474556851
59770.79226217107 4.629 0.018999999999999684 0.9740542529213128 0.009396828707917174 0.9802214697323129 1.006482413756463 0.9865756708720861 -0.012521417950773328
59770.79227811449 4.629 0.018999999999999684 0.992594427056761 0.00943284654024901 0.9802052583074674 1.006482354468411 0.9865592962436167 0.006035130813144329
59770.79229405791 4.629 0.018999999999999684 0.9958261412192506 0.009462164403259315 0.9801890987759743 1.0064822951803591 0.9865429738468103 0.009283167372440282
59770.79231000133 4.629 0.018999999999999684 0.9728625374857379 0.009361478826259255 0.9801729914609468 1.0064822358923073 0.9865267040068653 -0.013664166521127341
59770.79232594475 4.629 0.018999999999999684 0.9890393231642378 0.009428893879628914 0.9801569366889751 1.0064821766042555 0.9865104870524791 0.002528836111758692
59770.79234188817 4.629 0.018999999999999684 0.9961631375394174 0.009466239714248977 0.9801409347901973 1.0064821173162035 0.9864943233159207 0.009668814223496747
59770.79235783159 4.629 0.018999999999999684 0.980190189442002 0.009395931809156878 0.9801249860983651 1.0064820580281517 0.986478213133096 -0.006288023691094047
59770.79237377501 4.629 0.018999999999999684 0.9836637165843983 0.009426294431223585 0.9801090909509306 1.0064819987401 0.986462156843635 -0.002798440259236701
59770.79238971843 4.629 0.018999999999999684 0.9974713111690164 0.009456943666308844 0.9800932496891206 1.0064819394520481 0.9864461547909665 0.011025156378049905
59770.79240566184 4.629 0.018999999999999684 0.9790381268048844 0.009377733650175614 0.9800774626648505 1.0064818801640232 0.986430207329304 -0.007392080524419531
59770.79242160527 4.629 0.018999999999999684 0.9886802964781441 0.00942564024502602 0.980061730206634 1.0064818208759443 0.9864143147892015 0.002265981688942653
59770.792437548684 4.629 0.018999999999999684 0.9856535966257516 0.009430366836612934 0.9800460526948052 1.0064817615879196 0.9863984775535546 -0.0007448809278030044
59770.79245349211 4.629 0.018999999999999684 1.001583932525493 0.009465707904356656 0.9800304304588697 1.0064817022998407 0.9863826959538888 0.015201236571604104
59770.792469435524 4.629 0.018999999999999684 0.9836973750431545 0.009401653168015901 0.98001486388864 1.0064816430118158 0.9863669703826394 -0.0026695953394849647
59770.79248537895 4.629 0.018999999999999684 0.9904569570142855 0.009460757692994183 0.9799993533209636 1.0064815837237369 0.9863513011787214 0.004105655835564104
59770.792501322365 4.629 0.018999999999999684 0.9974080221905773 0.009437608775267853 0.9799838991545907 1.0064815244357121 0.9863356887435657 0.01107233344701164
59770.792517265785 4.629 0.018999999999999684 0.9935699136825747 0.009470142435607247 0.9799685017425719 1.0064814651476601 0.9863201334324211 0.007249780250153659
59770.792533209205 4.629 0.018999999999999684 0.9749460177907867 0.009389980899476881 0.9799531614712093 1.0064814058596083 0.9863046356341104 -0.011358617843323704
