eureka_custom_plots/data/stage5_lcfit_results/S5_wasp39b_ap4_bg8_Table_Save_ch15.txt
# %ECSV 1.0
# ---
# datatype:
# - {name: time, datatype: float64}
# - {name: wavelength, datatype: float64}
# - {name: bin_width, datatype: float64}
# - {name: lcdata, datatype: float64}
# - {name: lcerr, datatype: float64}
# - {name: transit, datatype: float64}
# - {name: polynom, datatype: float64}
# - {name: model, datatype: float64}
# - {name: residuals, datatype: float64}
# schema: astropy-2.0
time wavelength bin_width lcdata lcerr transit polynom model residuals
[from data line 11871]
59770.83328458982 3.5940000000000003 0.018999999999999906 0.9898655942533278 0.0053499633161306105 0.9776154756866793 1.0062904381397006 0.9837651053609003 0.006100488892427425
59770.83330053324 3.5940000000000003 0.018999999999999906 0.9803991516790463 0.005334879837839193 0.9776154431514356 1.0062903560762102 0.9837649923944601 -0.0033658407154137926
59770.83331647666 3.5940000000000003 0.018999999999999906 0.9850370358068106 0.005341396815310312 0.9776154108500723 1.0062902740127195 0.9837648796633767 0.0012721561434339002
59770.83333242007 3.5940000000000003 0.018999999999999906 0.9763129647415424 0.005333754503822799 0.9776153787825514 1.0062901919492666 0.9837647671676487 -0.007451802426106324
59770.8333483635 3.5940000000000003 0.018999999999999906 0.9810967474634619 0.005332724424312356 0.9776153469487786 1.0062901098857386 0.9837646549070709 -0.0026679074436090078
59770.83336430691 3.5940000000000003 0.018999999999999906 0.9836219236723169 0.0053558972881235034 0.9776153153487602 1.0062900278222857 0.9837645428817966 -0.00014261920947966633
59770.83338025034 3.5940000000000003 0.018999999999999906 0.9864806220596927 0.005349445815828761 0.977615283982388 1.0062899457587577 0.9837644310915697 0.0027161909681229224
59770.83339619375 3.5940000000000003 0.018999999999999906 0.9811252856453243 0.005338248072235288 0.9776152528496708 1.0062898636953046 0.983764319536546 -0.002639033891221665
59770.83341213717 3.5940000000000003 0.018999999999999906 0.9818968328392164 0.005337945758290486 0.9776152219505135 1.0062897816318142 0.9837642082165198 -0.0018673753773034152
59770.833428080594 3.5940000000000003 0.018999999999999906 0.987422099609146 0.005348094720660709 0.9776151912848823 1.0062896995683237 0.9837640971314935 0.0036580024776524667
59770.83344402401 3.5940000000000003 0.018999999999999906 0.9909213442125031 0.005367881501255019 0.9776151608527428 1.0062896175048706 0.9837639862814691 0.007157357931034003
59770.833459967434 3.5940000000000003 0.018999999999999906 0.9834502795959293 0.005344911064904754 0.9776151306540025 1.0062895354413426 0.9837638756662437 -0.000313596070314337
59770.833475910855 3.5940000000000003 0.018999999999999906 0.9809981638507581 0.0053344804196387196 0.9776151006886571 1.0062894533778521 0.9837637652859226 -0.0027656014351644664
59770.833491854275 3.5940000000000003 0.018999999999999906 0.9879405339221908 0.005345134925620081 0.9776150709566426 1.0062893713143617 0.983763655140405 0.004176878781785853
59770.83350779769 3.5940000000000003 0.018999999999999906 0.982200286277986 0.005338675333755411 0.9776150414579261 1.0062892892509085 0.983763545229694 -0.0015632589517080575
59770.833523741116 3.5940000000000003 0.018999999999999906 0.9827648051750797 0.005336590246941438 0.9776150121924205 1.0062892071873808 0.9837634355535925 -0.000998630378512777
59770.83353968453 3.5940000000000003 0.018999999999999906 0.9836010386871841 0.005338830522198183 0.9776149831601313 1.0062891251239277 0.9837633261122518 -0.00016228742506774196
59770.83355562795 3.5940000000000003 0.018999999999999906 0.9884563215897981 0.005354941979335144 0.9776149543609733 1.0062890430604372 0.9837632169054769 0.00469310468432127
59770.83357157137 3.5940000000000003 0.018999999999999906 0.9815325853575938 0.005336278921791271 0.9776149257949125 1.0062889609969468 0.9837631079332697 -0.0022305225756759084
59770.83358751479 3.5940000000000003 0.018999999999999906 0.9873605659937265 0.005351740984838852 0.9776148974619044 1.0062888789334563 0.9837629991955856 0.0035975667981408277
59770.83360345821 3.5940000000000003 0.018999999999999906 0.9845719240501869 0.005352232638923748 0.9776148693619023 1.0062887968699656 0.9837628906923773 0.0008090333578095743
59770.83361940162 3.5940000000000003 0.018999999999999906 0.9904299830081794 0.0053538650802575725 0.9776148414948749 1.0062887148065127 0.9837627824236502 0.006667200584529187
59770.83363534505 3.5940000000000003 0.018999999999999906 0.9787214378164059 0.005333355068724213 0.9776148138607399 1.0062886327429847 0.9837626743892115 -0.005041236572805641
59770.83365128847 3.5940000000000003 0.018999999999999906 0.9855378584956301 0.00534588849379285 0.9776147864594897 1.0062885506794943 0.9837625665891633 0.0017752919064668582
59770.83366723189 3.5940000000000003 0.018999999999999906 0.9838294086016249 0.005345291233390347 0.9776147592910699 1.0062884686160039 0.983762459023414 6.694957821096192e-05
59770.833683175304 3.5940000000000003 0.018999999999999906 0.9839879236853025 0.0053398477949454185 0.977614732355447 1.0062883865525507 0.9837623516919665 0.00022557199333606004
59770.833699118724 3.5940000000000003 0.018999999999999906 0.9825343564996751 0.005341167408458606 0.9776147056525545 1.0062883044890603 0.9837622445946808 -0.0012278880950056248
59770.833715062145 3.5940000000000003 0.018999999999999906 0.9783193863653932 0.005335708119948736 0.9776146791823627 1.0062882224255698 0.9837621377315634 -0.005442751366170229
59770.833731005565 3.5940000000000003 0.018999999999999906 0.9757225456325211 0.005324771411293586 0.9776146529448275 1.0062881403620791 0.9837620311025699 -0.008039485470048735
59770.833746948985 3.5940000000000003 0.018999999999999906 0.9813576285902014 0.00532562667074769 0.9776146269399087 1.0062880582985887 0.9837619247076599 -0.0024042961174585153
59770.833762892406 3.5940000000000003 0.018999999999999906 0.9820082904342855 0.00533946341658241 0.9776146011675632 1.0062879762350982 0.9837618185467898 -0.0017535281125042879
59770.833778835826 3.5940000000000003 0.018999999999999906 0.9841001468961913 0.0053358975943619685 0.9776145756277502 1.0062878941716078 0.9837617126199187 0.00033843427627255895
59770.83379477924 3.5940000000000003 0.018999999999999906 0.9806728025678321 0.005338561626099092 0.9776145503204415 1.0062878121081547 0.9837616069270546 -0.003088804359222541
59770.83381072266 3.5940000000000003 0.018999999999999906 0.977408306086671 0.0053197516377858104 0.977614525245572 1.0062877300446642 0.9837615014680587 -0.006353195381387788
59770.83382666608 3.5940000000000003 0.018999999999999906 0.9922182482796067 0.005373339860998435 0.9776145004031142 1.0062876479811738 0.98376139624294 0.008456852036666684
59770.8338426095 3.5940000000000003 0.018999999999999906 0.9796425822203145 0.005326251180221025 0.9776144757930272 1.0062875659176833 0.9837612912516572 -0.004118709031342704
59770.83385855292 3.5940000000000003 0.018999999999999906 0.9929450584254711 0.005357605542704954 0.9776144514152724 1.0062874838541929 0.9837611864941715 0.009183871931299548
59770.83387449634 3.5940000000000003 0.018999999999999906 0.9826330760947204 0.005343537684290909 0.9776144272698115 1.0062874017907022 0.983761081970444 -0.0011280058757235922
59770.83389043976 3.5940000000000003 0.018999999999999906 0.9896116113115957 0.005348493810145888 0.9776144033566043 1.0062873197272117 0.9837609776804347 0.005850633631161006
59770.83390638317 3.5940000000000003 0.018999999999999906 0.9879480296739832 0.005356155122189298 0.9776143796756243 1.0062872376637588 0.9837608736241531 0.00418715604983011
59770.8339223266 3.5940000000000003 0.018999999999999906 0.9894068455345252 0.005355897838455639 0.9776143562268015 1.0062871556002309 0.9837607698014189 0.0056460757331062705
59770.83393827002 3.5940000000000003 0.018999999999999906 0.9849111371588798 0.005351784586587725 0.9776143330101305 1.0062870735367404 0.9837606662123366 0.0011504709465431917
59770.833954213434 3.5940000000000003 0.018999999999999906 0.9860025773662023 0.005347954586513022 0.977614310025573 1.0062869914732873 0.9837605628568674 0.002242014509334922
59770.833970156855 3.5940000000000003 0.018999999999999906 0.9964944970778353 0.0053734832940307755 0.9776142872730719 1.0062869094097968 0.9837604597348808 0.01273403734295453
59770.833986100275 3.5940000000000003 0.018999999999999906 0.9826504611006607 0.0053404911054665246 0.9776142647526018 1.0062868273463064 0.9837603568463876 -0.001109895745726952
59770.834002043695 3.5940000000000003 0.018999999999999906 0.990286144322489 0.005361544714608221 0.9776142424641256 1.006286745282816 0.9837602541913506 0.006525890131138357
59770.834017987116 3.5940000000000003 0.018999999999999906 0.9876279771559638 0.005354710085616994 0.9776142204076081 1.0062866632193253 0.983760151769734 0.003867825386229873
59770.834033930536 3.5940000000000003 0.018999999999999906 0.9803154218455743 0.005338181575586358 0.977614198583015 1.0062865811558348 0.9837600495815035 -0.00344462773592924
59770.834049873956 3.5940000000000003 0.018999999999999906 0.9786398738302835 0.005337965434154389 0.9776141769903098 1.0062864990923444 0.9837599476266224 -0.005120073796338942
59770.83406581738 3.5940000000000003 0.018999999999999906 0.9855624460263784 0.005349670363381054 0.9776141556294593 1.006286417028854 0.9837598459050569 0.001802600121321496
59770.83408176079 3.5940000000000003 0.018999999999999906 0.9745701492383091 0.005319656148248723 0.9776141345004378 1.0062863349654008 0.9837597444168179 -0.009189595178508814
59770.83409770421 3.5940000000000003 0.018999999999999906 0.9733341217579867 0.005326772762067698 0.9776141136031925 1.0062862529019103 0.9837596431617791 -0.010425521403792382
59770.83411364763 3.5940000000000003 0.018999999999999906 0.9815157344188533 0.005340020334730196 0.9776140929377005 1.0062861708384199 0.9837595421399538 -0.0022438077211004437
59770.83412959105 3.5940000000000003 0.018999999999999906 0.9909322879614506 0.005360182049495613 0.9776140725039274 1.0062860887749294 0.9837594413513073 0.00717284661014328
59770.83414553447 3.5940000000000003 0.018999999999999906 0.9903361911096804 0.00534550322712909 0.9776140523018418 1.006286006711439 0.9837593407958083 0.006576850313872118
59770.83416147789 3.5940000000000003 0.018999999999999906 0.9870923912479473 0.005350987091557433 0.9776140323314104 1.0062859246479483 0.9837592404734226 0.0033331507745247846
59770.83417742131 3.5940000000000003 0.018999999999999906 0.9856525816344387 0.005345190294462812 0.9776140125926019 1.0062858425844579 0.9837591403841193 0.0018934412503194276
59770.83419336473 3.5940000000000003 0.018999999999999906 0.9716839519740793 0.005325322849987745 0.9776139930853841 1.0062857605209674 0.9837590405278656 -0.01207508855378625
59770.834209308145 3.5940000000000003 0.018999999999999906 0.9741401349422644 0.005328775438632551 0.977613973809735 1.0062856784575143 0.9837589409046757 -0.00961880596241138
59770.83422525157 3.5940000000000003 0.018999999999999906 0.9858264345100715 0.005346267288531348 0.9776139547655976 1.0062855963939865 0.9837588415143832 0.002067592995688261
59770.834241194985 3.5940000000000003 0.018999999999999906 0.9831731729637655 0.005341790508642569 0.9776139359529757 1.0062855143305334 0.9837587423571373 -0.0005855693933718431
59770.834257138406 3.5940000000000003 0.018999999999999906 0.9867988269883624 0.005344750747840996 0.9776139173718135 1.006285432267043 0.9837586434327725 0.0030401835555898815
59770.834273081826 3.5940000000000003 0.018999999999999906 0.9775228192119709 0.005328401569690634 0.9776138990220906 1.0062853502035525 0.9837585447413049 -0.006235725529333935
59770.834289025246 3.5940000000000003 0.018999999999999906 0.9892705905919785 0.00536389802634297 0.9776138809037764 1.006285268140062 0.9837584462827034 0.005512144309275158
59770.83430496867 3.5940000000000003 0.018999999999999906 0.9885055451998627 0.005359377051999208 0.9776138630168432 1.0062851860765714 0.9837583480569397 0.004747197142922932
59770.83432091209 3.5940000000000003 0.018999999999999906 0.9910173286805903 0.005362935507420616 0.9776138453612611 1.006285104013081 0.9837582500639845 0.007259078616605796
59770.83433685551 3.5940000000000003 0.018999999999999906 0.9748640694421203 0.005329627343768544 0.9776138279370029 1.0062850219495905 0.9837581523038101 -0.0088940828616898
59770.83435279892 3.5940000000000003 0.018999999999999906 0.9836590491966866 0.005338189446706661 0.9776138107440479 1.0062849398861373 0.9837580547764319 -9.900557974529267e-05
59770.83436874234 3.5940000000000003 0.018999999999999906 0.9791470907418309 0.005334857703136463 0.9776137937823527 1.0062848578226469 0.9837579574817332 -0.004610866739902297
59770.83438468576 3.5940000000000003 0.018999999999999906 0.985240571033905 0.005346277498177678 0.9776137770518991 1.0062847757591564 0.9837578604197322 0.001482710614172822
59770.83440062919 3.5940000000000003 0.018999999999999906 0.982329265152129 0.00534377555271679 0.9776137605526517 1.0062846936956285 0.9837577635903566 -0.0014284984382275656
59770.8344165726 3.5940000000000003 0.018999999999999906 0.988405484165588 0.005347594362079669 0.9776137442846077 1.0062846116321755 0.9837576669937134 0.00464781717187468
59770.83443251602 3.5940000000000003 0.018999999999999906 0.9818398176533367 0.006543112856338784 0.9776137282477173 1.0062845295686849 0.9837575706296423 -0.0019177529763055867
59770.83444845944 3.5940000000000003 0.018999999999999906 0.9873881440180877 0.005345591739358141 0.9776137124419632 1.0062844475051944 0.9837574744981629 0.003630669519924856
59770.83446440286 3.5940000000000003 0.018999999999999906 0.9839806573324072 0.005343893127230753 0.9776136968673201 1.006284365441704 0.9837573785992496 0.00022327873315763913
59770.83448034628 3.5940000000000003 0.018999999999999906 0.9844222461085239 0.005347128536894804 0.9776136815237626 1.0062842833782135 0.9837572829328765 0.0006649631756474594
59770.834496289695 3.5940000000000003 0.018999999999999906 0.9784332009372171 0.005336847571055456 0.9776136664112733 1.0062842013147604 0.9837571874990628 -0.005323986561845739
59770.83451223312 3.5940000000000003 0.018999999999999906 0.9759982238901708 0.006523342076687647 0.977613651529808 1.0062841192512326 0.9837570922976543 -0.007758868407483521
59770.834528176536 3.5940000000000003 0.018999999999999906 0.985019341784347 0.00533070510057946 0.9776136368793691 1.0062840371877795 0.9837569973287994 0.001262344455547626
59770.834544119956 3.5940000000000003 0.018999999999999906 0.9817239163485835 0.005344467960549349 0.9776136224599136 1.006283955124289 0.9837569025923453 -0.002032986243761803
59770.83456006338 3.5940000000000003 0.018999999999999906 0.9792456670058167 0.005343526432224351 0.9776136082714245 1.0062838730607986 0.9837568080883115 -0.0045111410824947296
59770.8345760068 3.5940000000000003 0.018999999999999906 0.9816453412927936 0.005337757671336419 0.9776135943138802 1.006283790997308 0.9837567138166756 -0.002111372523882049
59770.83459195022 3.5940000000000003 0.018999999999999906 0.9893422063614036 0.005355123883904729 0.9776135805872571 1.0062837089338175 0.9837566197774146 0.0055855865839889995
59770.83460789363 3.5940000000000003 0.018999999999999906 0.9760060361962419 0.005332839474372644 0.9776135670915401 1.0062836268703645 0.9837565259705494 -0.0077504897743074785
59770.83462383706 3.5940000000000003 0.018999999999999906 0.9804351246011798 0.0053401537947833895 0.9776135538266894 1.0062835448068366 0.9837564323959301 -0.003321307794750372
59770.83463978047 3.5940000000000003 0.018999999999999906 0.983680055038622 0.005341055277884535 0.9776135407927075 1.0062834627433834 0.9837563390537056 -7.628401508363858e-05
59770.8346557239 3.5940000000000003 0.018999999999999906 0.968856495363149 0.005317585063292529 0.9776135279895501 1.0062833806798555 0.983756245943685 -0.014899750580536053
59770.83467166731 3.5940000000000003 0.018999999999999906 0.9809645845935446 0.005344046662188866 0.9776135154172197 1.0062832986164025 0.9837561530660172 -0.0027915684724725276
59770.83468761074 3.5940000000000003 0.018999999999999906 0.9838114150756915 0.005340483657619658 0.977613503075674 1.0062832165528746 0.9837560604205127 5.5354655178807555e-05
59770.83470355415 3.5940000000000003 0.018999999999999906 0.9868350426017225 0.00535058285173115 0.9776134909649149 1.0062831344894216 0.9837559680073205 0.0030790745944020426
