eureka_custom_plots/data/stage5_lcfit_results/S5_wasp39b_ap4_bg8_Table_Save_ch35.txt
# %ECSV 1.0
# ---
# datatype:
# - {name: time, datatype: float64}
# - {name: wavelength, datatype: float64}
# - {name: bin_width, datatype: float64}
# - {name: lcdata, datatype: float64}
# - {name: lcerr, datatype: float64}
# - {name: transit, datatype: float64}
# - {name: polynom, datatype: float64}
# - {name: model, datatype: float64}
# - {name: residuals, datatype: float64}
# schema: astropy-2.0
time wavelength bin_width lcdata lcerr transit polynom model residuals
[from data line 8625]
59770.78153224951 4.361 0.019000000000000128 0.9979911306486766 0.008165743033829973 0.9940886258733919 1.0068797560035856 1.0009277130653405 -0.0029365824166638355
59770.78154819292 4.361 0.019000000000000128 0.9998551337491252 0.008161339308111111 0.9940668665318444 1.0068797008868269 1.0009057492350888 -0.0010506154859636352
59770.78156413635 4.361 0.019000000000000128 0.9976446485357388 0.008144277829272484 0.9940450891491935 1.0068796457700178 1.0008837672419657 -0.003239118706226951
59770.78158007977 4.361 0.019000000000000128 1.007995046409974 0.008191631114797801 0.9940232938349525 1.0068795906532337 1.000861767196316 0.007133279213658028
59770.78159602319 4.361 0.019000000000000128 0.9947452845321011 0.008117335281498592 0.99400148065822 1.00687953553645 1.0008397491676921 -0.006094464635591046
59770.7816119666 4.361 0.019000000000000128 1.0150154500686777 0.008196616455094438 0.9939796497075128 1.006879480419691 1.000817713245247 0.014197736823430729
59770.78162791003 4.361 0.019000000000000128 1.0038080252165833 0.008182387267810586 0.9939578010327019 1.0068794253028819 1.0007956594791232 0.00301236573746011
59770.78164385344 4.361 0.019000000000000128 1.005563446078984 0.008165455331754336 0.9939359347523882 1.0068793701861232 1.0007735879888402 0.0047898580901437615
59770.78165979687 4.361 0.019000000000000128 0.9848343492670663 0.008129758655417589 0.9939140509047801 1.006879315069314 1.0007514988127724 -0.01591714954570611
59770.78167574028 4.361 0.019000000000000128 1.0082261907790768 0.008165145081599469 0.9938921496089316 1.0068792599525553 1.0007293920708955 0.007496798708181318
59770.78169168371 4.361 0.019000000000000128 1.015227947835914 0.0082189309570364 0.9938702309027471 1.0068792048357462 1.0007072678012774 0.01452068003463669
59770.781707627124 4.361 0.019000000000000128 0.9973909476110503 0.008145094863289966 0.9938482949051064 1.0068791497189873 1.0006851261237188 -0.003294178512668555
59770.781723570544 4.361 0.019000000000000128 0.9944152165266141 0.008141254121845692 0.9938263416637717 1.0068790946022033 1.0006629670862384 -0.006247750559624232
59770.781739513965 4.361 0.019000000000000128 1.0031837094564062 0.008180882401371891 0.9938043712669716 1.0068790394854195 1.0006407907776995 0.002542918678706707
59770.781755457385 4.361 0.019000000000000128 0.9942474746173138 0.008165220842238766 0.9937823837926728 1.0068789843686354 1.000618597276608 -0.006371122659294182
59770.781771400805 4.361 0.019000000000000128 1.0031777451170036 0.008175407980446766 0.9937603793180907 1.0068789292518514 1.0005963866607128 0.0025813584562908165
59770.781787344225 4.361 0.019000000000000128 1.0004470465387758 0.008159274649151253 0.9937383579222382 1.0068788741350676 1.000574159009574 -0.00012711247079821852
59770.781803287646 4.361 0.019000000000000128 0.994500218195316 0.00814493825180478 0.9937163196821062 1.0068788190182836 1.0005519144007142 -0.006051696205398249
59770.781819231066 4.361 0.019000000000000128 0.9981931911735218 0.008174020223843559 0.9936942646752134 1.0068787639014996 1.0005296529121883 -0.0023364617386665287
59770.781835174486 4.361 0.019000000000000128 1.0124472391159824 0.008157765950877393 0.9936721929789617 1.0068787087847157 1.000507374621934 0.011939864494048491
59770.78185111791 4.361 0.019000000000000128 0.9858356655260557 0.008141459242366325 0.9936501046706516 1.0068786536679317 1.000485079607785 -0.014649414081729373
59770.78186706133 4.361 0.019000000000000128 0.9910735874818031 0.00814641009380511 0.9936279998274733 1.0068785985511477 1.0004627679474662 -0.009389180465663172
59770.78188300475 4.361 0.019000000000000128 1.0095060326250729 0.008189517929618334 0.9936058785265083 1.006878543434364 1.0004404397185922 0.00906559290648068
59770.78189894816 4.361 0.019000000000000128 1.0022661118280118 0.008161921987268781 0.993583740854981 1.006878488317605 1.0004180950090142 0.0018480168189975998
59770.78191489159 4.361 0.019000000000000128 0.9850006833672857 0.008123060436451302 0.9935615868590221 1.0068784332007958 1.0003957338651086 -0.01539505049782286
59770.781930835 4.361 0.019000000000000128 0.9997089367798817 0.00816901983271914 0.9935394166564028 1.0068783780840371 1.0003733564055592 -0.000664419625677537
59770.78194677843 4.361 0.019000000000000128 0.9917038718700046 0.00814258292872884 0.9935172302827583 1.006878322967228 1.0003509626661489 -0.00864709079614423
59770.78196272184 4.361 0.019000000000000128 1.0096714528431663 0.008187090532395469 0.9934950278550702 1.006878267850469 1.0003285527647665 0.009342900078399774
59770.78197866527 4.361 0.019000000000000128 1.0026791324416933 0.008176239168979969 0.9934728094099966 1.00687821273366 1.0003061267382254 0.0023730057034678786
59770.78199460868 4.361 0.019000000000000128 0.9988578673756332 0.00815509146852277 0.9934505750643744 1.0068781576169012 1.0002836847042684 -0.001425817328635226
59770.7820105521 4.361 0.019000000000000128 0.9975485772829971 0.008190709911232894 0.9934283248636231 1.0068781025001172 1.0002612267085549 -0.0027126494255578226
59770.78202649552 4.361 0.019000000000000128 0.9900423106823169 0.00813233419480212 0.9934060588941904 1.0068780473833334 1.000238752838155 -0.010196442155838259
59770.78204243895 4.361 0.019000000000000128 1.0113545880488062 0.008189982572124273 0.9933837772218347 1.0068779922665243 1.0002162631592573 0.011138324889548912
59770.78205838236 4.361 0.019000000000000128 0.9984673499998518 0.008153490745982577 0.9933614799534669 1.0068779371497654 1.0001937577795847 -0.0017264077797329858
59770.78207432578 4.361 0.019000000000000128 1.0131358826800998 0.008198074688218223 0.9933391671340293 1.0068778820329816 1.0001712367443172 0.012964645935782615
59770.782090269204 4.361 0.019000000000000128 1.0005777670010763 0.008175029660587746 0.993316838849619 1.0068778269161975 1.0001487001401712 0.0004290668609050474
59770.782106212624 4.361 0.019000000000000128 1.001989527089692 0.008144328126237981 0.9932944951759298 1.0068777717994135 1.0001261480433634 0.001863379046328495
59770.782122156044 4.361 0.019000000000000128 1.005472585193679 0.009454024189180076 0.9932721361885615 1.0068777166826297 1.0001035805300167 0.005369004663662302
59770.782138099465 4.361 0.019000000000000128 0.9968465006831545 0.008148297063682303 0.9932497619630201 1.0068776615658457 1.0000809976761584 -0.0032344969930039325
59770.782154042885 4.361 0.019000000000000128 1.0091433395172895 0.008183452871876485 0.9932273725740827 1.0068776064490617 1.0000583995570826 0.009084939960206873
59770.782169986305 4.361 0.019000000000000128 1.0055297994763217 0.00817192891365337 0.9932049680983692 1.0068775513322776 1.000035786249939 0.005494013226382766
59770.78218592972 4.361 0.019000000000000128 1.0059439163715627 0.008174370825444562 0.9931825486208502 1.006877496215519 1.0000131578403095 0.005930758531253133
59770.782201873146 4.361 0.019000000000000128 1.0027812011899795 0.00816570578628763 0.9931601141855523 1.0068774410987098 0.9999905143724513 0.002790686817528143
59770.78221781656 4.361 0.019000000000000128 1.0013781875340997 0.008173364083437808 0.9931376649090604 1.006877385981951 0.9999678559638536 0.0014103315702460595
59770.78223375999 4.361 0.019000000000000128 1.0023124499707605 0.008174545820337418 0.9931152008248112 1.006877330865142 0.9999451826480853 0.002367267322675226
59770.7822497034 4.361 0.019000000000000128 0.9916634330682286 0.008108319523551009 0.993092722049274 1.006877275748383 0.9999224945425191 -0.008259061474290563
59770.78226564683 4.361 0.019000000000000128 0.9905445138804253 0.008139869104887903 0.9930702286156605 1.006877220631574 0.9998997916804979 -0.009355277800072614
59770.78228159024 4.361 0.019000000000000128 0.9871047841776821 0.008124436393907381 0.9930477206403303 1.0068771655148152 0.9998770741792838 -0.012772290001601738
59770.78229753367 4.361 0.019000000000000128 0.9923586716716368 0.008135958575475836 0.9930251981562751 1.006877110398006 0.9998543420719976 -0.00749567040036081
59770.78231347708 4.361 0.019000000000000128 0.9979937994418274 0.008150762266398272 0.9930026612790928 1.0068770552812474 0.9998315954751349 -0.0018377960333074705
59770.78232942051 4.361 0.019000000000000128 1.0015021243965456 0.008160177034972745 0.992980110043515 1.0068770001644383 0.9998088344235683 0.001693289972977352
59770.78234536392 4.361 0.019000000000000128 1.0098334468622197 0.00817032190917006 0.9929575445630768 1.0068769450476793 0.9997860590317157 0.010047387830503962
59770.78236130734 4.361 0.019000000000000128 0.9972573549544549 0.008157130128812758 0.9929349648827518 1.0068768899308953 0.9997632693447879 -0.002505914390332986
59770.78237725076 4.361 0.019000000000000128 0.9946922474611022 0.00813398572030115 0.9929123710865743 1.0068768348141115 0.9997404654474245 -0.005048217986322268
59770.78239319418 4.361 0.019000000000000128 0.9989021607472661 0.00815974705936125 0.9928897632487199 1.0068767796973275 0.999717647414313 -0.0008154866670468941
59770.7824091376 4.361 0.019000000000000128 0.9877375813610737 0.008119834730824598 0.9928671414432845 1.0068767245805434 0.9996948153200614 -0.011957233958987734
59770.78242508102 4.361 0.019000000000000128 1.0047672164734809 0.008199394561682078 0.99284450574429 1.0068766694637596 0.9996719692392032 0.005095247234277678
59770.78244102444 4.361 0.019000000000000128 1.007349804333019 0.008184431696735472 0.9928218562256852 1.0068766143469756 0.9996491092461977 0.007700695086821252
59770.78245696786 4.361 0.019000000000000128 0.9902892693428098 0.008131314153729226 0.9927991929613447 1.0068765592301916 0.9996262354154297 -0.009336966072619912
59770.782472911276 4.361 0.019000000000000128 1.0010808827406292 0.008198292037704762 0.9927765160355649 1.0068765041134329 0.999603347831803 0.0014775349088261835
59770.782488854704 4.361 0.019000000000000128 1.0008778272681407 0.00814697251039119 0.9927538254905904 1.0068764489966238 0.9995804465377796 0.0012973807303611196
59770.782504798124 4.361 0.019000000000000128 1.0168396622841378 0.00819699266519088 0.9927311214315622 1.0068763938798397 0.9995575316393006 0.01728213064483719
59770.782520741544 4.361 0.019000000000000128 0.9999782952807881 0.008149303900021514 0.9927084039215788 1.006876338763056 0.9995346031998761 0.00044369208091199486
59770.78253668496 4.361 0.019000000000000128 0.9994501735922486 0.008143487695600214 0.9926856730440173 1.006876283646297 0.9995116613034832 -6.148771123459795e-05
59770.782552628385 4.361 0.019000000000000128 1.0132296904783755 0.00819864714236478 0.9926629288420846 1.0068762285294879 0.9994887059935536 0.013740984484821972
59770.7825685718 4.361 0.019000000000000128 0.997010429467585 0.008180929865785357 0.992640171430597 1.0068761734127292 0.999465737385795 -0.0024553079182100257
59770.782584515226 4.361 0.019000000000000128 0.9990013620904389 0.00816550026032104 0.9926174008407527 1.00687611829592 0.9994427555115224 -0.00044139342108351354
59770.78260045864 4.361 0.019000000000000128 1.001841869662416 0.008138074318371828 0.9925946171879438 1.0068760631791611 0.9994197604870234 0.0024221091753926505
59770.782616402066 4.361 0.019000000000000128 0.995180559466726 0.008159478423451565 0.9925718205031843 1.006876008062352 0.9993967523434276 -0.004216192876701608
59770.78263234548 4.361 0.019000000000000128 0.9922297878228042 0.008166291923868472 0.9925490109017878 1.0068759529455933 0.9993737311969437 -0.007143943374139483
59770.7826482889 4.361 0.019000000000000128 1.006549052473401 0.008163184246433601 0.9925261884251523 1.0068758978288093 0.9993506970891811 0.007198355384219979
59770.78266423232 4.361 0.019000000000000128 1.014993979860577 0.008181752145938071 0.9925033531568245 1.0068758427120255 0.9993276501042887 0.015666329756288233
59770.78268017574 4.361 0.019000000000000128 0.9964220263177532 0.00816782612848224 0.9924805051697324 1.0068757875952414 0.9993045903156974 -0.0028825639979441764
59770.78269611916 4.361 0.019000000000000128 0.9908815123205701 0.008139885805506973 0.9924576445360813 1.0068757324784574 0.9992815177961114 -0.008400005475541317
59770.78271206258 4.361 0.019000000000000128 0.9896560931643644 0.008150360869902383 0.9924347713300018 1.0068756773616736 0.9992584326201732 -0.009602339455808795
59770.782728006 4.361 0.019000000000000128 1.0021430790635204 0.008159467395665969 0.9924118856235772 1.0068756222448896 0.9992353348604635 0.00290774420305695
59770.78274394942 4.361 0.019000000000000128 1.0009622565084548 0.008166101770792715 0.9923889874894978 1.0068755671281056 0.9992122245901746 0.0017500319182802704
59770.782759892834 4.361 0.019000000000000128 0.9894150925146235 0.00812748181287216 0.9923660770109944 1.0068755120113468 0.9991891018931367 -0.009774009378513249
59770.78277583626 4.361 0.019000000000000128 1.009186357545867 0.008210805010521861 0.9923431542288299 1.0068754568945377 0.9991659668103198 0.01002039073554728
59770.78279177968 4.361 0.019000000000000128 0.9904006980673766 0.008131227561760141 0.9923202192473255 1.0068754017777537 0.9991428194468395 -0.008742121379462842
59770.7828077231 4.361 0.019000000000000128 1.011983476078465 0.008213716031093637 0.9922972721283372 1.0068753466609697 0.9991196598649541 0.012863816213510848
59770.782823666515 4.361 0.019000000000000128 1.006900519750636 0.008167375966813627 0.9922743129548925 1.006875291544211 0.9990964881482891 0.007804031602346884
59770.78283960994 4.361 0.019000000000000128 1.0070980384277577 0.008163206005335459 0.9922513417674631 1.0068752364274018 0.9990733043375212 0.008024734090236518
59770.782855553356 4.361 0.019000000000000128 0.9935730144009693 0.008155368068159703 0.9922283586801873 1.0068751813106431 0.9990501085476755 -0.005477094146706163
59770.78287149678 4.361 0.019000000000000128 1.0068084173609133 0.00817131943431165 0.9922053637247695 1.006875126193834 0.9990269008105763 0.0077815165503369865
59770.7828874402 4.361 0.019000000000000128 1.0251805532516458 0.008221006998723749 0.992182357013289 1.006875071077075 0.9990036812391753 0.026176872012470542
59770.782903383624 4.361 0.019000000000000128 1.018438717583363 0.008210834109663596 0.9921593385773001 1.006875015960266 0.998980449865146 0.019458267718216904
59770.78291932704 4.361 0.019000000000000128 1.0177765580899907 0.008181913099968597 0.9921363085308232 1.0068749608435072 0.9989572068033945 0.018819351286596175
59770.78293527046 4.361 0.019000000000000128 1.0050680715781275 0.00817573048095693 0.9921132669139312 1.0068749057267232 0.9989339520941959 0.0061341194839316104
59770.78295121388 4.361 0.019000000000000128 0.9977819312139097 0.008177030986997952 0.9920902138092622 1.0068748506099394 0.9989106858207838 -0.001128754606874116
59770.782967157305 4.361 0.019000000000000128 0.9853088203984204 0.008125792461738864 0.9920671492780745 1.0068747954931303 0.998887408044814 -0.013578587646393636
59770.78298310072 4.361 0.019000000000000128 0.9836376150055521 0.008133985506849267 0.9920440734242797 1.0068747403763714 0.9988641188709895 -0.015226503865437335
59770.78299904414 4.361 0.019000000000000128 0.9997380955671872 0.008158509548117388 0.9920209862876953 1.0068746852595873 0.9988408183393286 0.000897277227858595
59770.78301498756 4.361 0.019000000000000128 1.00158580018208 0.008158018631607589 0.9919978879507839 1.0068746301428035 0.9988175065328878 0.0027682936491922883
59770.78303093098 4.361 0.019000000000000128 0.99149874262455 0.008147274849775482 0.9919747784852905 1.0068745750260195 0.9987941835239067 -0.007295440899356742
59770.7830468744 4.361 0.019000000000000128 1.009233649204898 0.008182353399754306 0.9919516579629198 1.0068745199092355 0.998770849384585 0.010462799820313062
59770.78306281782 4.361 0.019000000000000128 0.9965058256881514 0.008162271196557158 0.9919285264553239 1.0068744647924517 0.9987475041870695 -0.0022416784989180982
