eureka_custom_plots/data/stage5_lcfit_results/S5_wasp39b_ap4_bg8_Table_Save_ch43.txt
# %ECSV 1.0
# ---
# datatype:
# - {name: time, datatype: float64}
# - {name: wavelength, datatype: float64}
# - {name: bin_width, datatype: float64}
# - {name: lcdata, datatype: float64}
# - {name: lcerr, datatype: float64}
# - {name: transit, datatype: float64}
# - {name: polynom, datatype: float64}
# - {name: model, datatype: float64}
# - {name: residuals, datatype: float64}
# schema: astropy-2.0
time wavelength bin_width lcdata lcerr transit polynom model residuals
[from data line 14723]
59770.87875522167 4.6675 0.019500000000000295 0.9893052860059874 0.008609013911634149 0.9798728288870034 1.0062251537326055 0.9859726878852281 0.003332598120759367
59770.87877116509 4.6675 0.019500000000000295 0.9866684200694942 0.00862414175835355 0.9798871695952954 1.0062250954874885 0.985987060792991 0.0006813592765031462
59770.87878710851 4.6675 0.019500000000000295 0.9837480041386452 0.008613255771300008 0.979901569046302 1.0062250372423713 0.9860014928074733 -0.0022534886688281297
59770.87880305193 4.6675 0.019500000000000295 0.9961271258332829 0.008669554648324678 0.979916026823592 1.0062249789972544 0.9860159835096418 0.010111142323641076
59770.87881899534 4.6675 0.019500000000000295 0.9624982474932421 0.00853878464383136 0.9799305425114258 1.0062249207521639 0.9860305324811843 -0.023532284987942242
59770.87883493876 4.6675 0.019500000000000295 0.9858890210579003 0.008619563526728439 0.9799451157181552 1.006224862507047 0.9860451393279529 -0.00015611827005257428
59770.87885088219 4.6675 0.019500000000000295 0.9854909256604892 0.008606828414208794 0.9799597460459283 1.006224804261903 0.9860598036496084 -0.0005688779891191986
59770.8788668256 4.6675 0.019500000000000295 0.9883922354669166 0.008609938127746217 0.9799744330801072 1.0062247460168128 0.986074525029001 0.002317710437915621
59770.87888276902 4.6675 0.019500000000000295 0.9907530557174284 0.008615426927502758 0.9799891764536413 1.0062246877716956 0.9860893030967063 0.004663752620722161
59770.87889871244 4.6675 0.019500000000000295 1.0001170435411117 0.008625074248923278 0.9800039757757226 1.0062246295265787 0.9861041374595007 0.014012906081611098
59770.878914655856 4.6675 0.019500000000000295 0.9794102579023084 0.008596854787123964 0.9800188306620999 1.0062245712814881 0.9861190277307568 -0.006708769828448369
59770.87893059928 4.6675 0.019500000000000295 0.9910033997611764 0.008651066822263374 0.9800337407591838 1.0062245130363445 0.9861339735545969 0.004869426206579486
59770.878946542696 4.6675 0.019500000000000295 0.9866694497538063 0.008611750635424855 0.9800487056711359 1.006224454791254 0.9861489745328129 0.0005204752209934105
59770.878962486124 4.6675 0.019500000000000295 0.9778490736268471 0.008585039841818605 0.9800637250620272 1.0062243965461104 0.9861640303272714 -0.008314956700424259
59770.87897842954 4.6675 0.019500000000000295 0.9811773557577045 0.00860322035026545 0.9800787985436357 1.0062243383010199 0.9861791405474284 -0.0050017847897239065
59770.87899437295 4.6675 0.019500000000000295 0.9692847415711381 0.008572355864930051 0.9800939257755469 1.0062242800559293 0.9861943048506892 -0.016909563279551065
59770.87901031638 4.6675 0.019500000000000295 0.9872461585493737 0.008603789891030002 0.980109106420098 1.0062242218107857 0.9862095228972276 0.0010366356521460673
59770.87902625979 4.6675 0.019500000000000295 0.9829832490096638 0.008633674382709271 0.9801243401034139 1.0062241635656952 0.9862247943109366 -0.0032415453012727413
59770.87904220321 4.6675 0.019500000000000295 1.0045997593168479 0.008650929423974425 0.9801396265031754 1.0062241053205783 0.9862401187674035 0.01835964054944439
59770.87905814663 4.6675 0.019500000000000295 0.9932699240826705 0.008626654118400719 0.9801549652746979 1.006224047075461 0.9862554959198145 0.007014428162855912
59770.87907409005 4.6675 0.019500000000000295 0.9902944678565289 0.00860904290255339 0.9801703560824969 1.0062239888303441 0.9862709254305888 0.004023542425940052
59770.87909003347 4.6675 0.019500000000000295 0.9945210423785621 0.008619668148802854 0.9801857985967085 1.006223930585227 0.9862864069677997 0.008234635410762414
59770.879105976885 4.6675 0.019500000000000295 0.9811925001772915 0.008600017289070165 0.9802012924822652 1.0062238723401367 0.9863019401943117 -0.005109440017020184
59770.879121920305 4.6675 0.019500000000000295 0.9924953209755756 0.008621172244069766 0.9802168374310922 1.0062238140950195 0.9863175248000713 0.006177796175504291
59770.87913786373 4.6675 0.019500000000000295 0.9813377332648046 0.008599246317037536 0.9802324331226556 1.006223755849876 0.9863331604625408 -0.0049954271977362685
59770.879153807145 4.6675 0.019500000000000295 0.9775970108073244 0.008610342481833322 0.9802480792195468 1.0062236976047854 0.986348846842281 -0.00875183603495655
59770.879169750566 4.6675 0.019500000000000295 0.9798637625117519 0.008591562715747486 0.9802637754311837 1.0062236393596684 0.9863645836468143 -0.006500821135062451
59770.879185693986 4.6675 0.019500000000000295 0.9821996964238952 0.008614054040029904 0.9802795214400937 1.0062235811145512 0.9863803705567096 -0.0041806741328144215
59770.8792016374 4.6675 0.019500000000000295 0.9857141624297538 0.009634550947319563 0.9802953169338517 1.0062235228694607 0.9863962072576148 -0.0006820448278609392
59770.87921758083 4.6675 0.019500000000000295 0.9735790281827171 0.008581628072365396 0.9803111616307284 1.006223464624317 0.9864120934659605 -0.01283306528324335
59770.87923352424 4.6675 0.019500000000000295 0.9936424200624814 0.008635135253985477 0.9803270552027318 1.0062234063792268 0.9864280288518091 0.007214391210672244
59770.87924946767 4.6675 0.019500000000000295 0.987236185771903 0.008631861056309392 0.9803429973818877 1.006223348134083 0.9864440131454055 0.0007921726264974449
59770.87926541108 4.6675 0.019500000000000295 0.9882025248032068 0.009636694385125521 0.9803589878462081 1.0062232898889927 0.9864600460228545 0.0017424787803522745
59770.87928135449 4.6675 0.019500000000000295 0.9819330671781171 0.009660338511472365 0.980375026319084 1.0062232316439021 0.9864761272057644 -0.004543060027647261
59770.87929729792 4.6675 0.019500000000000295 0.991528308708289 0.008601349058097648 0.980391112528416 1.0062231733987586 0.9864922564202822 0.005036052288006854
59770.87931324134 4.6675 0.019500000000000295 0.9846579562353689 0.008597965215652587 0.9804072461677888 1.0062231151536414 0.9865084333581554 -0.0018504771227865202
59770.87932918476 4.6675 0.019500000000000295 0.9852371502584003 0.008614809982536473 0.9804234269619434 1.0062230569085244 0.9865246577423781 -0.0012875074839777678
59770.879345128174 4.6675 0.019500000000000295 0.9899262530006387 0.008644185102944802 0.9804396546253132 1.006222998663434 0.9865409292856242 0.003385323715014543
59770.879361071595 4.6675 0.019500000000000295 0.981893595841367 0.008621664525899558 0.9804559288957144 1.0062229404183167 0.9865572477240179 -0.004663651882650832
59770.879377015015 4.6675 0.019500000000000295 0.9874736836080238 0.008615630319123884 0.9804722494929987 1.0062228821731998 0.9865736127756858 0.0009000708323380069
59770.879392958435 4.6675 0.019500000000000295 0.9849408907144425 0.008610042459520845 0.980488616145259 1.0062228239280826 0.9865900241670202 -0.0016491334525777779
59770.87940890185 4.6675 0.019500000000000295 0.9798150752106836 0.008591003183757209 0.9805050285774399 1.0062227656829923 0.986606481621273 -0.006791406410589396
59770.879424845276 4.6675 0.019500000000000295 0.9701255907412092 0.00856178280394237 0.9805214865455383 1.0062227074378485 0.9866229848928354 -0.01649739415162621
59770.87944078869 4.6675 0.019500000000000295 0.9754980860815845 0.00859314255601088 0.980537989756662 1.0062226491927582 0.98663953368709 -0.011141447605505506
59770.87945673211 4.6675 0.019500000000000295 0.9711574465892937 0.008585273897308995 0.9805545379717798 1.006222590947641 0.9866561277634314 -0.015498681174137663
59770.87947267553 4.6675 0.019500000000000295 0.9901520149726909 0.00863476775113454 0.9805711309256688 1.006222532702524 0.9866727668550048 0.0034792481176860734
59770.87948861894 4.6675 0.019500000000000295 0.9827982349854185 0.008550183909246872 0.9805877683534533 1.0062224744574335 0.9866894506953043 -0.0038912157098858202
59770.87950456237 4.6675 0.019500000000000295 0.9716425623756385 0.008583695763624225 0.9806044500248365 1.00622241621229 0.9867061790525147 -0.015063616676876168
59770.87952050578 4.6675 0.019500000000000295 0.9874856179976331 0.008602448196402839 0.9806211756578026 1.0062223579671994 0.9867229516429613 0.0007626663546718149
59770.87953644921 4.6675 0.019500000000000295 0.9961660100955481 0.008638237512845402 0.9806379450329368 1.0062222997220558 0.9867397682457526 0.009426241849795458
59770.879552392624 4.6675 0.019500000000000295 0.992267679892327 0.00863251336659809 0.9806547578729652 1.0062222414769653 0.9867566285819857 0.005511051310341353
59770.87956833604 4.6675 0.019500000000000295 0.9876334622527122 0.00860267638255335 0.9806716139478443 1.0062221832318747 0.9867735324201261 0.0008599298325860927
59770.879584279464 4.6675 0.019500000000000295 0.9785808289576625 0.008594173823395663 0.9806885130297998 1.0062221249867311 0.9867904795309227 -0.008209650573260174
59770.879600222885 4.6675 0.019500000000000295 0.9845787611316908 0.008596799276394293 0.9807054548550366 1.0062220667416142 0.9868074696490097 -0.0022287085173188226
59770.879616166305 4.6675 0.019500000000000295 0.9774179646977591 0.008595936420925272 0.980722439193042 1.006222008496497 0.9868245025424064 -0.00940653784464729
59770.87963210972 4.6675 0.019500000000000295 0.9974257610115358 0.009631181135583682 0.9807394657981431 1.0062219502514065 0.9868415779639301 0.010584183047605666
59770.87964805314 4.6675 0.019500000000000295 0.9771060091438305 0.008583761273742333 0.9807565344522575 1.0062218920062895 0.9868586956940822 -0.009752686550251743
59770.87966399656 4.6675 0.019500000000000295 0.992433379640211 0.008616810879525882 0.9807736449136558 1.0062218337611724 0.9868758554896476 0.005557524150563431
59770.87967993998 4.6675 0.019500000000000295 0.9872580401444361 0.008619465693262954 0.9807907969518678 1.0062217755160554 0.9868930571187153 0.00036498302572074426
59770.8796958834 4.6675 0.019500000000000295 0.9748190521485347 0.008572423976441793 0.9808079903383116 1.0062217172709382 0.9869103003512737 -0.012091248202738991
59770.87971182682 4.6675 0.019500000000000295 0.9866966298711888 0.008584738644800083 0.980825224844769 1.0062216590258213 0.9869275849576776 -0.00023095508648884877
59770.87972777023 4.6675 0.019500000000000295 0.9854427767944806 0.008616638201483638 0.9808425002388318 1.0062216007807308 0.9869449107040916 -0.0015021339096110697
59770.87974371365 4.6675 0.019500000000000295 0.9817233212877381 0.008607108881344624 0.9808598163118778 1.0062215425356138 0.9869622773805364 -0.005238956092798341
59770.87975965707 4.6675 0.019500000000000295 0.9808134801153354 0.008568531298780907 0.980877172835083 1.0062214842904966 0.9869796847567832 -0.006166204641447792
59770.87977560049 4.6675 0.019500000000000295 0.9806552808299482 0.008587177345291422 0.9808945695873406 1.0062214260453797 0.9869971326103427 -0.006341851780394481
59770.87979154391 4.6675 0.019500000000000295 0.972031715330003 0.008573402149861574 0.9809120063512642 1.0062213678002625 0.9870146207224688 -0.014982905392465828
59770.87980748733 4.6675 0.019500000000000295 0.9922479100721432 0.008642337242899928 0.9809294829010404 1.0062213095551722 0.9870321488659628 0.0052157612061803915
59770.879823430754 4.6675 0.019500000000000295 0.9853858142348703 0.008602070961730593 0.9809469990464115 1.0062212513100284 0.9870497168492973 -0.0016639026144270597
59770.87983937417 4.6675 0.019500000000000295 0.9893563293881817 0.008612490317286257 0.9809645545420523 1.006221193064938 0.9870673244257194 0.0022890049624623154
59770.87985531759 4.6675 0.019500000000000295 0.9911150905125052 0.008605385836230673 0.9809821491999892 1.006221134819821 0.9870849714059999 0.004030119106505303
59770.87987126101 4.6675 0.019500000000000295 0.9995463933233983 0.008647260186756146 0.9809997828013736 1.006221076574704 0.9871026575699489 0.01244373575344948
59770.87988720443 4.6675 0.019500000000000295 1.0012708277493665 0.008651233212128902 0.9810174551380515 1.0062210183295868 0.9871203827081099 0.01415044504125662
59770.87990314785 4.6675 0.019500000000000295 0.9876852566718916 0.008618416090752246 0.9810351660034096 1.0062209600844698 0.987138146612578 0.0005471100593135159
59770.87991909126 4.6675 0.019500000000000295 0.9928934862449343 0.008641865000770957 0.9810529151825915 1.0062209018393793 0.9871559490671793 0.005737537177755048
59770.87993503468 4.6675 0.019500000000000295 1.001357765414513 0.008638322028668384 0.9810707024889279 1.0062208435942621 0.9871737898840244 0.014183975530488557
59770.8799509781 4.6675 0.019500000000000295 0.9907128934027227 0.008611243671698136 0.9810885277105357 1.0062207853491452 0.9871916688499318 0.0035212245527909136
59770.87996692152 4.6675 0.019500000000000295 0.9954088526239492 0.008643154525960721 0.9811063906472431 1.006220727104028 0.9872095857634775 0.008199266860471677
59770.87998286494 4.6675 0.019500000000000295 0.9851456729008792 0.00862082418181642 0.9811242910982454 1.006220668858911 0.9872275404226014 -0.002081867521722236
59770.87999880836 4.6675 0.019500000000000295 0.9851649204514229 0.008606896740376508 0.9811422288662089 1.0062206106137939 0.9872455326287355 -0.0020806121773125907
59770.880014751776 4.6675 0.019500000000000295 0.9992010880941953 0.008639091729898693 0.9811602037447916 1.0062205523687036 0.9872635621742739 0.011937525919921366
59770.880030695196 4.6675 0.019500000000000295 0.9951183108467112 0.008636801762087216 0.9811782155560519 1.0062204941235864 0.9872816288801093 0.007836681966601922
59770.88004663862 4.6675 0.019500000000000295 0.9738380416623087 0.008580106815065519 0.9811962640963744 1.0062204358784694 0.9872997325413797 -0.013461690879071009
59770.88006258204 4.6675 0.019500000000000295 0.9979777626950669 0.008632308857258323 0.9812143491733398 1.0062203776333523 0.9873178729644619 0.010659889730604943
59770.88007852546 4.6675 0.019500000000000295 0.995024080144723 0.008605303258975001 0.9812324705958475 1.0062203193882353 0.9873360499570609 0.007688030187662065
59770.88009446887 4.6675 0.019500000000000295 0.9958109464593522 0.008646184057381842 0.9812506281646298 1.0062202611431448 0.9873542633186887 0.008456683140663501
59770.8801104123 4.6675 0.019500000000000295 0.9855501588853518 0.008608190828574436 0.9812688217153244 1.0062202028980012 0.9873725128838763 -0.001822353998524484
59770.88012635571 4.6675 0.019500000000000295 0.9996029748208752 0.008645243892110204 0.9812870510269815 1.0062201446529107 0.9873907984303975 0.01221217639047778
59770.88014229913 4.6675 0.019500000000000295 1.0039893447392942 0.00865752531830704 0.9813053159388401 1.0062200864077937 0.987409119796407 0.016580224942887245
59770.88015824255 4.6675 0.019500000000000295 0.9859649397865288 0.008610155694575477 0.981323616256072 1.0062200281626765 0.9874274767858844 -0.0014625369993556125
59770.88017418597 4.6675 0.019500000000000295 0.9935394615444089 0.008624755062152507 0.9813419517955995 1.0062199699175596 0.9874458692146073 0.006093592329801556
59770.88019012939 4.6675 0.019500000000000295 0.9804534413236068 0.008589905332447125 0.9813603223734085 1.0062199116724424 0.9874642968974108 -0.007010855573803987
59770.880206072805 4.6675 0.019500000000000295 0.9984505837035053 0.00865463456923857 0.9813787278002652 1.0062198534273519 0.987482759643904 0.010967824059601283
59770.880222016225 4.6675 0.019500000000000295 0.9925147133140741 0.008645225619962279 0.9813971679115157 1.006219795182235 0.9875012572883507 0.005013456025723451
59770.880237959645 4.6675 0.019500000000000295 0.9916238226587751 0.008627940417201654 0.98141564252024 1.0062197369371177 0.9875197896426884 0.00410403301608675
59770.880253903066 4.6675 0.019500000000000295 0.9897593031712437 0.008632439601846214 0.9814341514470242 1.0062196786920008 0.9875383565263811 0.002220946644862609
59770.880269846486 4.6675 0.019500000000000295 0.9858128588368685 0.008596999135096465 0.9814526945151638 1.0062196204468836 0.9875569577616193 -0.0017440989247508032
