eureka_custom_plots/data/stage5_lcfit_results/S5_wasp39b_ap4_bg8_Table_Save_ch51.txt
# %ECSV 1.0
# ---
# datatype:
# - {name: time, datatype: float64}
# - {name: wavelength, datatype: float64}
# - {name: bin_width, datatype: float64}
# - {name: lcdata, datatype: float64}
# - {name: lcerr, datatype: float64}
# - {name: transit, datatype: float64}
# - {name: polynom, datatype: float64}
# - {name: model, datatype: float64}
# - {name: residuals, datatype: float64}
# schema: astropy-2.0
time wavelength bin_width lcdata lcerr transit polynom model residuals
[from data line 17321]
59770.92017622412 4.974 0.019000000000000128 0.9888918188094602 0.011504391799272233 1.0 1.0062207008751742 1.0062207008751742 -0.017328882065714035
59770.920192167534 4.974 0.019000000000000128 1.0148048033457515 0.011596770372224475 1.0 1.0062206712609425 1.0062206712609425 0.008584132084809015
59770.920208110954 4.974 0.019000000000000128 1.005804834124397 0.01160568038133799 1.0 1.0062206416466974 1.0062206416466974 -0.0004158075223004154
59770.920224054375 4.974 0.019000000000000128 0.9994305264934197 0.011552173177621623 1.0 1.0062206120324522 1.0062206120324522 -0.006790085539032487
59770.9202399978 4.974 0.019000000000000128 0.9961072136509849 0.011514869960394858 1.0 1.0062205824181936 1.0062205824181936 -0.010113368767208697
59770.920255941215 4.974 0.019000000000000128 0.9955906684579071 0.011563855617148693 1.0 1.0062205528039618 1.0062205528039618 -0.010629884346054719
59770.92027188463 4.974 0.019000000000000128 0.9940710392091536 0.011545185072195669 1.0 1.0062205231897303 1.0062205231897303 -0.012149483980576692
59770.920287828056 4.974 0.019000000000000128 0.9957952746585907 0.01152533497701053 1.0 1.0062204935754715 1.0062204935754715 -0.010425218916880752
59770.92030377147 4.974 0.019000000000000128 1.008588257320825 0.011598143018638044 1.0 1.00622046396124 1.00622046396124 0.0023677933595849243
59770.92031971489 4.974 0.019000000000000128 1.0064195518276329 0.011566080361455322 1.0 1.0062204343469947 1.0062204343469947 0.0001991174806381668
59770.92033565831 4.974 0.019000000000000128 0.9888101868022074 0.011509952849169513 1.0 1.0062204047327497 1.0062204047327497 -0.017410217930542204
59770.92035160173 4.974 0.019000000000000128 1.0150296116866069 0.011587103324739119 1.0 1.0062203751185044 1.0062203751185044 0.008809236568102508
59770.92036754514 4.974 0.019000000000000128 1.0109239295496348 0.01158652921607804 1.0 1.0062203455042729 1.0062203455042729 0.004703584045361975
59770.92038348856 4.974 0.019000000000000128 1.000674082505459 0.011536020536770884 1.0 1.0062203158900276 1.0062203158900276 -0.005546233384568611
59770.92039943198 4.974 0.019000000000000128 1.0142496680296544 0.011596374342600328 1.0 1.0062202862757825 1.0062202862757825 0.008029381753871911
59770.9204153754 4.974 0.019000000000000128 1.0008595900739417 0.01156534383865541 1.0 1.0062202566615372 1.0062202566615372 -0.005360666587595597
59770.920431318824 4.974 0.019000000000000128 1.0073112097252332 0.011557538176625562 1.0 1.0062202270472922 1.0062202270472922 0.0010909826779410547
59770.92044726224 4.974 0.019000000000000128 1.0272741792693834 0.01161232557619188 1.0 1.0062201974330605 1.0062201974330605 0.0210539818363229
59770.92046320566 4.974 0.019000000000000128 1.0145632710712547 0.011608739012150471 1.0 1.0062201678188154 1.0062201678188154 0.008343103252439255
59770.92047914908 4.974 0.019000000000000128 0.9787469680560613 0.01150874713076748 1.0 1.0062201382045701 1.0062201382045701 -0.027473170148508808
59770.9204950925 4.974 0.019000000000000128 1.0145511558836593 0.01157853312119107 1.0 1.006220108590325 1.006220108590325 0.008331047293334226
59770.92051103591 4.974 0.019000000000000128 0.9880716861651158 0.011518552750235203 1.0 1.0062200789760933 1.0062200789760933 -0.018148392810977576
59770.92052697934 4.974 0.019000000000000128 0.9931310722820613 0.011506653450948867 1.0 1.0062200493618347 1.0062200493618347 -0.013088977079773412
59770.92054292275 4.974 0.019000000000000128 1.0073285190066825 0.011544340322337072 1.0 1.006220019747603 1.006220019747603 0.0011084992590795206
59770.920558866164 4.974 0.019000000000000128 1.0253901812650927 0.011593577057565738 1.0 1.0062199901333713 1.0062199901333713 0.01917019113172147
59770.92057480959 4.974 0.019000000000000128 1.010827459539392 0.011585613777450042 1.0 1.0062199605191127 1.0062199605191127 0.004607499020279349
59770.920590753005 4.974 0.019000000000000128 0.9963650735965041 0.011499820003388861 1.0 1.006219930904881 1.006219930904881 -0.009854857308376874
59770.920606696425 4.974 0.019000000000000128 0.9812492410490548 0.011462909510238387 1.0 1.0062199012906359 1.0062199012906359 -0.024970660241581122
59770.920622639846 4.974 0.019000000000000128 1.0004285426108446 0.01157023596663887 1.0 1.0062198716763906 1.0062198716763906 -0.005791329065546025
59770.920638583266 4.974 0.019000000000000128 1.0171263850522478 0.011559863072082606 1.0 1.0062198420621455 1.0062198420621455 0.010906542990102297
59770.920654526686 4.974 0.019000000000000128 0.9952651656893781 0.011563790292102073 1.0 1.0062198124479005 1.0062198124479005 -0.010954646758522424
59770.9206704701 4.974 0.019000000000000128 1.0053004921687423 0.011573354500036357 1.0 1.0062197828336688 1.0062197828336688 -0.0009192906649264643
59770.92068641352 4.974 0.019000000000000128 0.9893712706537223 0.011525315897986454 1.0 1.0062197532194235 1.0062197532194235 -0.01684848256570115
59770.92070235695 4.974 0.019000000000000128 0.9937042997349711 0.011527446508987705 1.0 1.0062197236051649 1.0062197236051649 -0.012515423870193776
59770.92071830036 4.974 0.019000000000000128 0.9939286599676438 0.01150443410247183 1.0 1.0062196939909331 1.0062196939909331 -0.012291034023289349
59770.92073424377 4.974 0.019000000000000128 0.9911534318403737 0.011531696587022262 1.0 1.0062196643767016 1.0062196643767016 -0.015066232536327884
59770.9207501872 4.974 0.019000000000000128 1.0046354576857721 0.011561970732717053 1.0 1.0062196347624428 1.0062196347624428 -0.0015841770766706897
59770.92076613061 4.974 0.019000000000000128 1.0045385985553317 0.011554094408018927 1.0 1.0062196051482113 1.0062196051482113 -0.0016810065928796192
59770.920782074034 4.974 0.019000000000000128 1.0121181869194176 0.01156492099935939 1.0 1.006219575533966 1.006219575533966 0.005898611385451558
59770.920798017454 4.974 0.019000000000000128 0.998488519740531 0.011529091104099842 1.0 1.006219545919721 1.006219545919721 -0.00773102617918997
59770.920813960875 4.974 0.019000000000000128 0.9927332508387842 0.011478796185623636 1.0 1.0062195163054757 1.0062195163054757 -0.013486265466691516
59770.92082990429 4.974 0.019000000000000128 0.9983262504267479 0.011536379594272748 1.0 1.0062194866912442 1.0062194866912442 -0.007893236264496228
59770.92084584771 4.974 0.019000000000000128 1.0227204612449392 0.011606150639258829 1.0 1.006219457076999 1.006219457076999 0.016501004167940314
59770.92086179113 4.974 0.019000000000000128 1.0177893602307664 0.011605516435504792 1.0 1.0062194274627538 1.0062194274627538 0.011569932768012547
59770.92087773454 4.974 0.019000000000000128 1.0083515773947167 0.011570221837204743 1.0 1.006219397848522 1.006219397848522 0.0021321795461946014
59770.92089367797 4.974 0.019000000000000128 0.9925778485475371 0.011504077100660566 1.0 1.0062193682342635 1.0062193682342635 -0.013641519686726444
59770.92090962138 4.974 0.019000000000000128 1.0227402015039955 0.011634799727147564 1.0 1.0062193386200318 1.0062193386200318 0.016520862883963705
59770.9209255648 4.974 0.019000000000000128 1.0134003576298936 0.0115717072806914 1.0 1.0062193090057867 1.0062193090057867 0.007181048624106845
59770.92094150822 4.974 0.019000000000000128 1.0042528309152001 0.011578163875886944 1.0 1.0062192793915414 1.0062192793915414 -0.0019664484763413093
59770.92095745164 4.974 0.019000000000000128 1.0091653660511186 0.011605616194876616 1.0 1.0062192497772964 1.0062192497772964 0.0029461162738222413
59770.920973395056 4.974 0.019000000000000128 1.00137343229781 0.011515709501955818 1.0 1.0062192201630646 1.0062192201630646 -0.0048457878652545805
59770.92098933848 4.974 0.019000000000000128 0.9897737483518528 0.011524890822112747 1.0 1.006219190548806 1.006219190548806 -0.01644544219695321
59770.921005281896 4.974 0.019000000000000128 0.9750950040038655 0.011448434829324951 1.0 1.0062191609345743 1.0062191609345743 -0.031124156930708802
59770.92102122531 4.974 0.019000000000000128 0.9905522832978747 0.011487526380485018 1.0 1.0062191313203426 1.0062191313203426 -0.015666848022467872
59770.92103716874 4.974 0.019000000000000128 1.014587727759654 0.011578939497291144 1.0 1.006219101706084 1.006219101706084 0.008368626053570027
59770.92105311215 4.974 0.019000000000000128 1.0027442691667308 0.011562296059279845 1.0 1.0062190720918522 1.0062190720918522 -0.0034748029251214785
59770.92106905557 4.974 0.019000000000000128 0.9998236031018991 0.011500257993599603 1.0 1.0062190424776072 1.0062190424776072 -0.0063954393757080785
59770.92108499899 4.974 0.019000000000000128 1.01320090733853 0.011584219109254118 1.0 1.006219012863362 1.006219012863362 0.00698189447516806
59770.92110094241 4.974 0.019000000000000128 0.9868415555271713 0.011513158696146329 1.0 1.0062189832491168 1.0062189832491168 -0.019377427721945506
59770.92111688583 4.974 0.019000000000000128 1.0019489303332727 0.011527721281553237 1.0 1.0062189536348718 1.0062189536348718 -0.004270023301599091
59770.921132829244 4.974 0.019000000000000128 1.0180547000635802 0.0115803171592481 1.0 1.00621892402064 1.00621892402064 0.011835776042940171
59770.921148772664 4.974 0.019000000000000128 0.9941157278041933 0.01155147740752397 1.0 1.0062188944063948 1.0062188944063948 -0.012103166602201454
59770.92116471609 4.974 0.019000000000000128 1.02302251499928 0.011590653846848709 1.0 1.0062188647921362 1.0062188647921362 0.016803650207143805
59770.921180659505 4.974 0.019000000000000128 1.0088467175687923 0.011591951408337726 1.0 1.0062188351779044 1.0062188351779044 0.002627882390887848
59770.92119660292 4.974 0.019000000000000128 1.0128253952751294 0.011597364164933687 1.0 1.006218805563673 1.006218805563673 0.006606589711456445
59770.921212546345 4.974 0.019000000000000128 0.9871961617603413 0.011511969766746406 1.0 1.0062187759494141 1.0062187759494141 -0.019022614189072806
59770.92122848976 4.974 0.019000000000000128 1.0037774666295338 0.011519596435049642 1.0 1.0062187463351826 1.0062187463351826 -0.00244127970564878
59770.92124443318 4.974 0.019000000000000128 1.020486292431642 0.011595601402704816 1.0 1.0062187167209373 1.0062187167209373 0.014267575710704694
59770.9212603766 4.974 0.019000000000000128 1.0195412316149621 0.011620870475282574 1.0 1.0062186871066923 1.0062186871066923 0.013322544508269862
59770.92127632002 4.974 0.019000000000000128 0.9996908181134634 0.01157012272728406 1.0 1.006218657492447 1.006218657492447 -0.006527839378983602
59770.92129226343 4.974 0.019000000000000128 1.0163170292699846 0.011579827447131772 1.0 1.0062186278782155 1.0062186278782155 0.010098401391769096
59770.92130820685 4.974 0.019000000000000128 0.9947379891361794 0.011541177807347935 1.0 1.0062185982639702 1.0062185982639702 -0.011480609127790808
59770.92132415027 4.974 0.019000000000000128 1.0103991075743213 0.011570337866551924 1.0 1.0062185686497251 1.0062185686497251 0.004180538924596133
59770.921340093686 4.974 0.019000000000000128 1.0229629220505103 0.011651300590008408 1.0 1.0062185390354934 1.0062185390354934 0.016744383015016906
59770.92135603711 4.974 0.019000000000000128 1.0172045156247322 0.011611402540511077 1.0 1.0062185094212348 1.0062185094212348 0.010986006203497434
59770.92137198053 4.974 0.019000000000000128 1.0318056938926958 0.01164086848283275 1.0 1.006218479807003 1.006218479807003 0.025587214085692755
59770.92138792395 4.974 0.019000000000000128 1.0101912885651323 0.011567840427349532 1.0 1.006218450192758 1.006218450192758 0.003972838372374277
59770.92140386737 4.974 0.019000000000000128 1.0013371129239608 0.011520283409033613 1.0 1.0062184205785127 1.0062184205785127 -0.00488130765455197
59770.92141981078 4.974 0.019000000000000128 1.0206485813685957 0.01163361328775586 1.0 1.0062183909642812 1.0062183909642812 0.01443019040431448
59770.9214357542 4.974 0.019000000000000128 0.9806288655752629 0.01148194155852084 1.0 1.006218361350036 1.006218361350036 -0.025589495774773097
59770.92145169763 4.974 0.019000000000000128 1.0209998184541678 0.011597481840715037 1.0 1.0062183317357773 1.0062183317357773 0.014781486718390413
59770.92146764104 4.974 0.019000000000000128 1.0169572531292914 0.011576958806640789 1.0 1.0062183021215456 1.0062183021215456 0.0107389510077458
59770.921483584454 4.974 0.019000000000000128 1.000745691338902 0.01152689190963827 1.0 1.0062182725073139 1.0062182725073139 -0.005472581168411983
59770.92149952788 4.974 0.019000000000000128 0.9912507805196553 0.011523492068164517 1.0 1.0062182428930553 1.0062182428930553 -0.014967462373399965
59770.921515471295 4.974 0.019000000000000128 1.0152754690739887 0.011544592602294384 1.0 1.0062182132788235 1.0062182132788235 0.009057255795165142
59770.921531414715 4.974 0.019000000000000128 1.0195690550788836 0.013439623292290096 1.0 1.0062181836645785 1.0062181836645785 0.013350871414305132
59770.921547358135 4.974 0.019000000000000128 1.0338830385707447 0.013476226530752552 1.0 1.0062181540503332 1.0062181540503332 0.027664884520411492
59770.921563301556 4.974 0.019000000000000128 1.0017474441942769 0.013376349512222848 1.0 1.0062181244360882 1.0062181244360882 -0.004470680241811298
59770.921579244976 4.974 0.019000000000000128 1.0037112619491826 0.011560302724851132 1.0 1.006218094821843 1.006218094821843 -0.002506832872660514
59770.92159518839 4.974 0.019000000000000128 1.0088915171489135 0.011579502060855099 1.0 1.0062180652076114 1.0062180652076114 0.002673451941302085
59770.92161113181 4.974 0.019000000000000128 1.008717838391774 0.011609930568901866 1.0 1.006218035593366 1.006218035593366 0.002499802798408002
59770.92162707524 4.974 0.019000000000000128 1.0052940279502773 0.01158251800427082 1.0 1.0062180059791075 1.0062180059791075 -0.0009239780288301525
59770.92164301865 4.974 0.019000000000000128 1.0321342859579714 0.011620517876091238 1.0 1.0062179763648758 1.0062179763648758 0.025916309593095654
59770.92165896206 4.974 0.019000000000000128 1.022872687865442 0.011600877437030527 1.0 1.0062179467506442 1.0062179467506442 0.0166547411147977
59770.92167490549 4.974 0.019000000000000128 "" "" 1.0 1.0062179171363854 1.0062179171363854 ""
59770.9216908489 4.974 0.019000000000000128 1.0119276863430184 0.011630332026790285 1.0 1.006217887522154 1.006217887522154 0.005709798820864531
59770.921706792324 4.974 0.019000000000000128 1.0128354198922338 0.013424949786799272 1.0 1.0062178579079086 1.0062178579079086 0.006617561984325171
59770.921722735744 4.974 0.019000000000000128 1.0091077964738742 0.011571538926250614 1.0 1.0062178282936636 1.0062178282936636 0.002889968180210589
59770.921738679164 4.974 0.019000000000000128 1.014799211697599 0.01158717350709909 1.0 1.0062177986794183 1.0062177986794183 0.008581413018180717
59770.92175462258 4.974 0.019000000000000128 1.0048810751889972 0.011580548636020977 1.0 1.0062177690651868 1.0062177690651868 -0.0013366938761896208
59770.921770566 4.974 0.019000000000000128 0.9987412554325479 0.011528336608526969 1.0 1.0062177394509415 1.0062177394509415 -0.007476484018393625
59770.92178650942 4.974 0.019000000000000128 0.9954346965621556 0.016309951948823752 1.0 1.0062177098366965 1.0062177098366965 -0.010783013274540898
59770.92180245283 4.974 0.019000000000000128 1.022389895735738 0.013428638939258164 1.0 1.0062176802224647 1.0062176802224647 0.016172215513273303
59770.92181839626 4.974 0.019000000000000128 1.0067927394153355 0.013328074466250605 1.0 1.0062176506082061 1.0062176506082061 0.0005750888071294202
59770.92183433967 4.974 0.019000000000000128 1.0028464642770305 0.011559997839508626 1.0 1.0062176209939744 1.0062176209939744 -0.0033711567169438794
59770.92185028309 4.974 0.019000000000000128 1.024255046735003 0.011585890795692458 1.0 1.0062175913797293 1.0062175913797293 0.01803745535527357
59770.92186622651 4.974 0.019000000000000128 0.9944546781780547 0.011522061409740757 1.0 1.006217561765484 1.006217561765484 -0.011762883587429385
