eureka_custom_plots/data/stage5_lcfit_results/S5_wasp39b_ap4_bg8_Table_Save_ch08.txt
# %ECSV 1.0
# ---
# datatype:
# - {name: time, datatype: float64}
# - {name: wavelength, datatype: float64}
# - {name: bin_width, datatype: float64}
# - {name: lcdata, datatype: float64}
# - {name: lcerr, datatype: float64}
# - {name: transit, datatype: float64}
# - {name: polynom, datatype: float64}
# - {name: model, datatype: float64}
# - {name: residuals, datatype: float64}
# schema: astropy-2.0
time wavelength bin_width lcdata lcerr transit polynom model residuals
[from data line 17922]
59770.929758218794 3.326 0.019000000000000128 1.0047395049705097 0.004543645559089873 1.0 1.0056268165880338 1.0056268165880338 -0.0008873116175240892
59770.92977416221 3.326 0.019000000000000128 1.013702631639015 0.00455501354765669 1.0 1.005626707092101 1.005626707092101 0.00807592454691397
59770.929790105634 3.326 0.019000000000000128 1.0036052707382854 0.004526580892955013 1.0 1.0056265975960683 1.0056265975960683 -0.0020213268577828902
59770.92980604905 3.326 0.019000000000000128 1.004703319552135 0.0045340997086707425 1.0 1.0056264881001356 1.0056264881001356 -0.0009231685480004526
59770.92982199247 3.326 0.019000000000000128 1.005197702723506 0.004540889296723489 1.0 1.0056263786041528 1.0056263786041528 -0.0004286758806468782
59770.92983793589 3.326 0.019000000000000128 1.004814902800104 0.004541775859623155 1.0 1.00562626910817 1.00562626910817 -0.0008113663080659972
59770.9298538793 3.326 0.019000000000000128 1.0011884638909136 0.00453153718995544 1.0 1.0056261596122373 1.0056261596122373 -0.004437695721323687
59770.92986982272 3.326 0.019000000000000128 1.0043251925611896 0.0045360176508544665 1.0 1.0056260501162546 1.0056260501162546 -0.001300857555065038
59770.92988576614 3.326 0.019000000000000128 1.0081931663517187 0.004539231756978456 1.0 1.0056259406202719 1.0056259406202719 0.002567225731446854
59770.92990170956 3.326 0.019000000000000128 0.9998291411642933 0.004528026213639896 1.0 1.0056258311242892 1.0056258311242892 -0.005796689959995827
59770.929917652975 3.326 0.019000000000000128 1.0133152747778937 0.0045518496195557446 1.0 1.0056257216283564 1.0056257216283564 0.007689553149537343
59770.9299335964 3.326 0.019000000000000128 1.0069252324153826 0.004533612937016965 1.0 1.0056256121323237 1.0056256121323237 0.0012996202830588555
59770.929949539815 3.326 0.019000000000000128 1.0042446829734248 0.004538245064604915 1.0 1.005625502636391 1.005625502636391 -0.001380819662966104
59770.92996548323 3.326 0.019000000000000128 1.0029876709521177 0.004528213219406469 1.0 1.0056253931404582 1.0056253931404582 -0.0026377221883404633
59770.929981426656 3.326 0.019000000000000128 1.0042808779538348 0.004532618490042063 1.0 1.0056252836444255 1.0056252836444255 -0.0013444056905906887
59770.929997370076 3.326 0.019000000000000128 1.0066320080372875 0.00454677337179725 1.0 1.0056251741484428 1.0056251741484428 0.0010068338888447048
59770.93001331349 3.326 0.019000000000000128 1.0011596401611522 0.0045365193309133784 1.0 1.00562506465251 1.00562506465251 -0.004465424491357783
59770.93002925691 3.326 0.019000000000000128 1.0077705019913528 0.0045384525440103326 1.0 1.0056249551565273 1.0056249551565273 0.0021455468348254847
59770.93004520033 3.326 0.019000000000000128 1.0046897416567842 0.004540471143948024 1.0 1.0056248456605446 1.0056248456605446 -0.0009351040037604008
59770.93006114374 3.326 0.019000000000000128 1.0044191793069916 0.004538195278735892 1.0 1.0056247361646118 1.0056247361646118 -0.001205556857620138
59770.93007708717 3.326 0.019000000000000128 1.0060454945993682 0.004533915360069295 1.0 1.0056246266685789 1.0056246266685789 0.00042086793078932594
59770.93009303058 3.326 0.019000000000000128 1.002964366489424 0.0045324627374488695 1.0 1.0056245171726461 1.0056245171726461 -0.0026601506832220068
59770.930108974004 3.326 0.019000000000000128 1.002976301044635 0.00453149306803696 1.0 1.0056244076766634 1.0056244076766634 -0.002648106632028302
59770.930124917424 3.326 0.019000000000000128 1.00801637109515 0.004543355759569224 1.0 1.0056242981806807 1.0056242981806807 0.002392072914469301
59770.93014086084 3.326 0.019000000000000128 1.002983997685046 0.004528962344995791 1.0 1.005624188684748 1.005624188684748 -0.002640190999701808
59770.93015680426 3.326 0.019000000000000128 1.0022490835732325 0.0045311857238501275 1.0 1.0056240791887652 1.0056240791887652 -0.003374995615532672
59770.93017274768 3.326 0.019000000000000128 1.0002377493772188 0.0045285079602999006 1.0 1.0056239696927824 1.0056239696927824 -0.005386220315563683
59770.9301886911 3.326 0.019000000000000128 1.005236686026764 0.004539099704175012 1.0 1.0056238601967997 1.0056238601967997 -0.00038717417003564236
59770.93020463451 3.326 0.019000000000000128 1.0088189558866858 0.004545286543509222 1.0 1.005623750700867 1.005623750700867 0.003195205185818839
59770.93022057794 3.326 0.019000000000000128 1.0109207841326482 0.004552336637491008 1.0 1.0056236412048343 1.0056236412048343 0.005297142927813914
59770.93023652135 3.326 0.019000000000000128 1.0028767577836089 0.004528762481944644 1.0 1.0056235317089015 1.0056235317089015 -0.002746773925292656
59770.930252464765 3.326 0.019000000000000128 1.0010636937653017 0.0045297830030589705 1.0 1.0056234222129687 1.0056234222129687 -0.004559728447667055
59770.93026840819 3.326 0.019000000000000128 0.9995041704668224 0.004522142061790051 1.0 1.005623312716936 1.005623312716936 -0.006119142250113674
59770.93028435161 3.326 0.019000000000000128 1.0091430622406357 0.004548168842697795 1.0 1.0056232032209533 1.0056232032209533 0.0035198590196823254
59770.930300295026 3.326 0.019000000000000128 1.0034457856153 0.004533642135007995 1.0 1.0056230937250206 1.0056230937250206 -0.0021773081097204994
59770.930316238446 3.326 0.019000000000000128 1.010074811405976 0.0045433090106386225 1.0 1.0056229842290378 1.0056229842290378 0.004451827176938261
59770.930332181866 3.326 0.019000000000000128 1.0108980325589785 0.004549642190951337 1.0 1.0056228747330551 1.0056228747330551 0.00527515782592336
59770.93034812528 3.326 0.019000000000000128 0.9996659460281925 0.004526294848072782 1.0 1.0056227652371224 1.0056227652371224 -0.0059568192089298755
59770.93036406871 3.326 0.019000000000000128 1.00540054801272 0.004543309534094379 1.0 1.0056226557410897 1.0056226557410897 -0.0002221077283697248
59770.93038001212 3.326 0.019000000000000128 1.0059297712464421 0.004537404830489725 1.0 1.005622546245157 1.005622546245157 0.00030722500128521624
59770.93039595554 3.326 0.019000000000000128 1.0023611470696467 0.0045299348035358795 1.0 1.005622436749174 1.005622436749174 -0.003261289679527213
59770.93041189896 3.326 0.019000000000000128 1.0037362804985182 0.004533133532978938 1.0 1.0056223272531912 1.0056223272531912 -0.0018860467546730764
59770.93042784237 3.326 0.019000000000000128 1.0068615189412078 0.004542263482245542 1.0 1.0056222177572585 1.0056222177572585 0.0012393011839493262
59770.93044378579 3.326 0.019000000000000128 1.003770716222113 0.004529616662497612 1.0 1.0056221082612757 1.0056221082612757 -0.0018513920391627359
59770.93045972922 3.326 0.019000000000000128 1.0045896421970395 0.004540557058286975 1.0 1.005621998765243 1.005621998765243 -0.0010323565682035518
59770.930475672634 3.326 0.019000000000000128 1.0055908330556755 0.0045312638098649145 1.0 1.0056218892693103 1.0056218892693103 -3.105621363475031e-05
59770.93049161605 3.326 0.019000000000000128 0.9974011677462884 0.004524302014332543 1.0 1.0056217797733775 1.0056217797733775 -0.008220612027089125
59770.930507559475 3.326 0.019000000000000128 1.0143046816397172 0.004548082455734446 1.0 1.0056216702773448 1.0056216702773448 0.008683011362372373
59770.93052350289 3.326 0.019000000000000128 1.003573298905401 0.00452939991033838 1.0 1.005621560781412 1.005621560781412 -0.002048261876011148
59770.93053944631 3.326 0.019000000000000128 1.007354217218966 0.004539715016637696 1.0 1.0056214512854293 1.0056214512854293 0.0017327659335366619
59770.93055538973 3.326 0.019000000000000128 1.017119673202284 0.004559863263163433 1.0 1.0056213417894466 1.0056213417894466 0.011498331412837404
59770.93057133315 3.326 0.019000000000000128 1.0055889206031141 0.004537552377331566 1.0 1.005621232293464 1.005621232293464 -3.231169034978443e-05
59770.93058727656 3.326 0.019000000000000128 1.014789423318579 0.00557947783840736 1.0 1.0056211227975311 1.0056211227975311 0.00916830052104789
59770.93060321998 3.326 0.019000000000000128 1.0052453990516308 0.004535867032400345 1.0 1.0056210133015484 1.0056210133015484 -0.0003756142499176107
59770.9306191634 3.326 0.019000000000000128 0.9998927554559406 0.004528328629261186 1.0 1.0056209038055657 1.0056209038055657 -0.005728148349625095
59770.930635106815 3.326 0.019000000000000128 1.0043143002625332 0.00453341421591849 1.0 1.005620794309633 1.005620794309633 -0.0013064940470997044
59770.93065105024 3.326 0.019000000000000128 1.0021567358829377 0.0045290413959362084 1.0 1.0056206848136002 1.0056206848136002 -0.003463948930662486
59770.930666993656 3.326 0.019000000000000128 0.9990512656228778 0.00452338819105835 1.0 1.0056205753176675 1.0056205753176675 -0.006569309694789638
59770.930682937076 3.326 0.019000000000000128 1.0000052254946918 0.004526118389523698 1.0 1.0056204658216847 1.0056204658216847 -0.0056152403269928985
59770.9306988805 3.326 0.019000000000000128 1.005844554284106 0.004538120727768024 1.0 1.005620356325702 1.005620356325702 0.00022419795840389334
59770.93071482391 3.326 0.019000000000000128 0.999618997210645 0.004522549265837036 1.0 1.0056202468297692 1.0056202468297692 -0.006001249619124294
59770.93073076733 3.326 0.019000000000000128 1.0090936645702677 0.004544393379220813 1.0 1.0056201373337863 1.0056201373337863 0.003473527236481422
59770.93074671076 3.326 0.019000000000000128 1.0080379677403224 0.004542115652033659 1.0 1.0056200278377536 1.0056200278377536 0.0024179399025687776
59770.93076265417 3.326 0.019000000000000128 1.0029066865709098 0.00453260840559242 1.0 1.0056199183418209 1.0056199183418209 -0.0027132317709110954
59770.93077859758 3.326 0.019000000000000128 1.000120405385146 0.004530165239743788 1.0 1.005619808845888 1.005619808845888 -0.005499403460742069
59770.93079454101 3.326 0.019000000000000128 1.00677141299064 0.004542401306112919 1.0 1.0056196993498554 1.0056196993498554 0.0011517136407845907
59770.930810484424 3.326 0.019000000000000128 1.0080347743599596 0.00454202070515291 1.0 1.0056195898539226 1.0056195898539226 0.0024151845060369492
59770.930826427844 3.326 0.019000000000000128 0.9985089983209612 0.004526755244537171 1.0 1.00561948035794 1.00561948035794 -0.007110482036978727
59770.930842371265 3.326 0.019000000000000128 1.007108229281519 0.00454564348112957 1.0 1.0056193708619572 1.0056193708619572 0.0014888584195618115
59770.930858314685 3.326 0.019000000000000128 1.0024611339652552 0.004530142680958583 1.0 1.0056192613659745 1.0056192613659745 -0.0031581274007193016
59770.9308742581 3.326 0.019000000000000128 1.0095818335645619 0.004545761289520925 1.0 1.0056191518700417 1.0056191518700417 0.003962681694520187
59770.93089020152 3.326 0.019000000000000128 1.0136018694506983 0.004550808752383077 1.0 1.005619042374059 1.005619042374059 0.007982827076639332
59770.93090614494 3.326 0.019000000000000128 1.0108714694053056 0.0045529739597969686 1.0 1.0056189328780762 1.0056189328780762 0.005252536527229346
59770.93092208835 3.326 0.019000000000000128 1.0054873448034725 0.004533115285318689 1.0 1.0056188233821435 1.0056188233821435 -0.0001314785786710182
59770.93093803178 3.326 0.019000000000000128 1.0068732297755616 0.004538401638338082 1.0 1.0056187138861108 1.0056187138861108 0.0012545158894508024
59770.93095397519 3.326 0.019000000000000128 0.9998426527064278 0.0045266220019933604 1.0 1.005618604390178 1.005618604390178 -0.0057759516837502245
59770.93096991861 3.326 0.019000000000000128 1.0046026045206682 0.004532213181625181 1.0 1.0056184948941953 1.0056184948941953 -0.0010158903735271174
59770.93098586203 3.326 0.019000000000000128 1.0017116858403572 0.004526644547905132 1.0 1.0056183853982126 1.0056183853982126 -0.0039066995578553865
59770.93100180545 3.326 0.019000000000000128 1.0083343700390948 0.004543525606360644 1.0 1.0056182759022299 1.0056182759022299 0.0027160941368649105
59770.931017748866 3.326 0.019000000000000128 1.0011105819388926 0.004533098351180508 1.0 1.005618166406297 1.005618166406297 -0.004507584467404513
59770.93103369229 3.326 0.019000000000000128 1.0039729652423333 0.004533523237085909 1.0 1.0056180569102642 1.0056180569102642 -0.0016450916679309202
59770.93104963571 3.326 0.019000000000000128 1.0033381957355256 0.004533911214521232 1.0 1.0056179474143314 1.0056179474143314 -0.002279751678805786
59770.93106557912 3.326 0.019000000000000128 1.0133985487420996 0.004549806390146605 1.0 1.0056178379183986 1.0056178379183986 0.007780710823700909
59770.93108152255 3.326 0.019000000000000128 0.9981025984931565 0.004526684087850748 1.0 1.005617728422366 1.005617728422366 -0.007515129929209441
59770.93109746596 3.326 0.019000000000000128 1.013050460279818 0.00455495833520891 1.0 1.0056176189264332 1.0056176189264332 0.007432841353384845
59770.93111340938 3.326 0.019000000000000128 1.000614888492881 0.0045284789638770345 1.0 1.0056175094304505 1.0056175094304505 -0.005002620937569535
59770.9311293528 3.326 0.019000000000000128 1.005616195062468 0.004537839136534076 1.0 1.0056173999344677 1.0056173999344677 -1.2048719997270751e-06
59770.93114529622 3.326 0.019000000000000128 1.0053551514459427 0.004537702144774204 1.0 1.005617290438485 1.005617290438485 -0.00026213899254234896
59770.931161239634 3.326 0.019000000000000128 1.0016688586248041 0.004530436462813221 1.0 1.0056171809425523 1.0056171809425523 -0.00394832231774811
59770.931177183054 3.326 0.019000000000000128 1.004952842093134 0.004540955566006369 1.0 1.0056170714465695 1.0056170714465695 -0.0006642293534355748
59770.931193126475 3.326 0.019000000000000128 0.9999861647571519 0.004533563305357613 1.0 1.0056169619505868 1.0056169619505868 -0.0056307971934349554
59770.931209069895 3.326 0.019000000000000128 1.0035588623750904 0.004537712544009527 1.0 1.005616852454604 1.005616852454604 -0.002057990079513683
59770.931225013315 3.326 0.019000000000000128 1.0116831245108941 0.00454338937434084 1.0 1.0056167429586214 1.0056167429586214 0.006066381552272793
59770.93124095673 3.326 0.019000000000000128 1.0068304618613804 0.004545057855430556 1.0 1.0056166334626886 1.0056166334626886 0.0012138283986917742
59770.93125690015 3.326 0.019000000000000128 1.0077756757008012 0.00453082053200654 1.0 1.0056165239667059 1.0056165239667059 0.0021591517340953104
59770.93127284357 3.326 0.019000000000000128 1.0020414559446715 0.004532964415858754 1.0 1.0056164144707231 1.0056164144707231 -0.003574958526051608
59770.93128878699 3.326 0.019000000000000128 1.0121103707764905 0.0045528261251272725 1.0 1.0056163049747404 1.0056163049747404 0.0064940658017500485
59770.9313047304 3.326 0.019000000000000128 1.0012699138645327 0.004526982212661493 1.0 1.0056161954788077 1.0056161954788077 -0.004346281614274972
59770.93132067383 3.326 0.019000000000000128 1.006875050846451 0.004544940337569926 1.0 1.005616085982775 1.005616085982775 0.0012589648636760487
59770.93133661724 3.326 0.019000000000000128 1.00244430866103 0.004528225872421698 1.0 1.0056159764868422 1.0056159764868422 -0.003171667825812241
59770.931352560656 3.326 0.019000000000000128 0.9990740548157279 0.004525613143522898 1.0 1.0056158669909094 1.0056158669909094 -0.006541812175181572
59770.93136850408 3.326 0.019000000000000128 1.0063168491885939 0.00453863675223416 1.0 1.0056157574948765 1.0056157574948765 0.0007010916937173484
59770.9313844475 3.326 0.019000000000000128 1.0042979372692515 0.00453159454724205 1.0 1.0056156479989438 1.0056156479989438 -0.001317710729692223
59770.93140039092 3.326 0.019000000000000128 1.0035986733031272 0.00453189719473235 1.0 1.005615538502961 1.005615538502961 -0.002016865199833795
59770.93141633434 3.326 0.019000000000000128 "" "" 1.0 1.0056154290069783 1.0056154290069783 ""
59770.93143227776 3.326 0.019000000000000128 1.001903903407784 0.004535968640935308 1.0 1.0056153195109956 1.0056153195109956 -0.0037114161032116844
59770.93144822117 3.326 0.019000000000000128 1.007067880779462 0.004537872254611045 1.0 1.0056152100150628 1.0056152100150628 0.0014526707643991443
