eureka_custom_plots/data/stage5_lcfit_results/S5_wasp39b_ap4_bg8_Table_Save_ch46.txt
# %ECSV 1.0
# ---
# datatype:
# - {name: time, datatype: float64}
# - {name: wavelength, datatype: float64}
# - {name: bin_width, datatype: float64}
# - {name: lcdata, datatype: float64}
# - {name: lcerr, datatype: float64}
# - {name: transit, datatype: float64}
# - {name: polynom, datatype: float64}
# - {name: model, datatype: float64}
# - {name: residuals, datatype: float64}
# schema: astropy-2.0
time wavelength bin_width lcdata lcerr transit polynom model residuals
[from data line 18411]
59770.93755455053 4.7825 0.01949999999999985 0.9940179974510415 0.009691801131543318 1.0 1.005932192975906 1.005932192975906 -0.011914195524864502
59770.937570493945 4.7825 0.01949999999999985 1.0071967718507764 0.009727778453352098 1.0 1.005932116010674 1.005932116010674 0.00126465584010238
59770.937586437365 4.7825 0.01949999999999985 0.9947454773531256 0.00967989947877023 1.0 1.0059320390454072 1.0059320390454072 -0.011186561692281605
59770.937602380785 4.7825 0.01949999999999985 0.9908897207962261 0.009686083531828118 1.0 1.0059319620801404 1.0059319620801404 -0.015042241283914293
59770.9376183242 4.7825 0.01949999999999985 1.0009869634651498 0.009724680869631228 1.0 1.0059318851149084 1.0059318851149084 -0.004944921649758571
59770.937634267626 4.7825 0.01949999999999985 1.009932184960231 0.009743649516899515 1.0 1.0059318081496065 1.0059318081496065 0.004000376810624484
59770.93765021104 4.7825 0.01949999999999985 0.9967652848553398 0.009684683783403127 1.0 1.0059317311843745 1.0059317311843745 -0.009166446329034739
59770.93766615446 4.7825 0.01949999999999985 0.9996354945135503 0.010801867500290462 1.0 1.0059316542191077 1.0059316542191077 -0.006296159705557414
59770.93768209788 4.7825 0.01949999999999985 1.0149940241326068 0.009727088253708487 1.0 1.0059315772538409 1.0059315772538409 0.009062446878765895
59770.9376980413 4.7825 0.01949999999999985 1.0106921841543965 0.009769467518430813 1.0 1.0059315002885738 1.0059315002885738 0.004760683865822735
59770.93771398471 4.7825 0.01949999999999985 1.0119104165446788 0.009752642613380484 1.0 1.005931423323342 1.005931423323342 0.00597899322133677
59770.93772992814 4.7825 0.01949999999999985 1.020508678798157 0.009757089063683522 1.0 1.00593134635804 1.00593134635804 0.014577332440117052
59770.93774587155 4.7825 0.01949999999999985 0.9848990401284096 0.009669210630747134 1.0 1.0059312693928082 1.0059312693928082 -0.021032229264398627
59770.93776181497 4.7825 0.01949999999999985 1.0095681475050666 0.009722068234054436 1.0 1.0059311924275764 1.0059311924275764 0.003636955077490178
59770.937777758394 4.7825 0.01949999999999985 1.0138432720088946 0.009756682123405287 1.0 1.0059311154622743 1.0059311154622743 0.007912156546620253
59770.93779370181 4.7825 0.01949999999999985 1.0034670025499177 0.00977423763449576 1.0 1.0059310384970426 1.0059310384970426 -0.002464035947124854
59770.93780964523 4.7825 0.01949999999999985 1.0201795262092952 0.009752171856527181 1.0 1.0059309615317755 1.0059309615317755 0.01424856467751967
59770.93782558865 4.7825 0.01949999999999985 0.9968996947897202 0.009730530183083678 1.0 1.0059308845665087 1.0059308845665087 -0.009031189776788517
59770.93784153207 4.7825 0.01949999999999985 0.9850674376449944 0.00964835277780818 1.0 1.0059308076012419 1.0059308076012419 -0.02086336995624749
59770.93785747548 4.7825 0.01949999999999985 1.0130477051432327 0.00975449092655263 1.0 1.00593073063601 1.00593073063601 0.0071169745072228174
59770.9378734189 4.7825 0.01949999999999985 1.0228812323249656 0.009799000153436809 1.0 1.005930653670743 1.005930653670743 0.01695057865422256
59770.93788936232 4.7825 0.01949999999999985 0.9994178556708605 0.009718082854772683 1.0 1.0059305767054763 1.0059305767054763 -0.006512721034615754
59770.93790530574 4.7825 0.01949999999999985 0.9890363887312511 0.009692990184599242 1.0 1.0059304997402092 1.0059304997402092 -0.0168941110089581
59770.93792124916 4.7825 0.01949999999999985 1.0138228742555686 0.00976055638034174 1.0 1.0059304227749424 1.0059304227749424 0.007892451480626228
59770.937937192575 4.7825 0.01949999999999985 1.0125415397876574 0.009737357323572839 1.0 1.0059303458097104 1.0059303458097104 0.006611193977946961
59770.937953135995 4.7825 0.01949999999999985 0.9869701804525084 0.009669140453081987 1.0 1.0059302688444436 1.0059302688444436 -0.018960088391935193
59770.937969079416 4.7825 0.01949999999999985 0.9932260268699293 0.009623755942327106 1.0 1.0059301918791768 1.0059301918791768 -0.012704165009247426
59770.937985022836 4.7825 0.01949999999999985 0.9985996171218422 0.009713519525281267 1.0 1.0059301149139097 1.0059301149139097 -0.007330497792067514
59770.93800096625 4.7825 0.01949999999999985 0.998390414408554 0.009712959928533726 1.0 1.005930037948678 1.005930037948678 -0.007539623540123941
59770.93801690968 4.7825 0.01949999999999985 1.0069200754957868 0.009752577847221701 1.0 1.0059299609833758 1.0059299609833758 0.0009901145124109334
59770.93803285309 4.7825 0.01949999999999985 1.015882117209649 0.009748045427888626 1.0 1.005929884018144 1.005929884018144 0.009952233191504956
59770.9380487965 4.7825 0.01949999999999985 1.0136670682592137 0.009726557153245182 1.0 1.0059298070529124 1.0059298070529124 0.00773726120630136
59770.93806473992 4.7825 0.01949999999999985 1.006513316461288 0.009743872204366481 1.0 1.0059297300876453 1.0059297300876453 0.0005835863736427527
59770.93808068334 4.7825 0.01949999999999985 1.0042545018512348 0.009738140030804384 1.0 1.0059296531223785 1.0059296531223785 -0.0016751512711437044
59770.93809662676 4.7825 0.01949999999999985 1.0087306919373462 0.009736475010085212 1.0 1.0059295761571114 1.0059295761571114 0.0028011157802347864
59770.93811257018 4.7825 0.01949999999999985 1.0164296566093238 0.00975166408850804 1.0 1.0059294991918797 1.0059294991918797 0.010500157417444145
59770.938128513604 4.7825 0.01949999999999985 1.0103270057252611 0.009749345443432129 1.0 1.0059294222265778 1.0059294222265778 0.004397583498683355
59770.93814445702 4.7825 0.01949999999999985 0.9909181029008274 0.009683141763639972 1.0 1.0059293452613458 1.0059293452613458 -0.015011242360518429
59770.93816040044 4.7825 0.01949999999999985 1.011846434836028 0.009737355998924717 1.0 1.005929268296079 1.005929268296079 0.005917166539949115
59770.93817634386 4.7825 0.01949999999999985 0.9959379648028207 0.009718275679011307 1.0 1.0059291913308122 1.0059291913308122 -0.009991226527991448
59770.93819228728 4.7825 0.01949999999999985 0.9942257025241433 0.00966436800674254 1.0 1.005929114365545 1.005929114365545 -0.011703411841401778
59770.93820823069 4.7825 0.01949999999999985 1.0110939102659047 0.00974068223314269 1.0 1.0059290374003134 1.0059290374003134 0.005164872865591308
59770.93822417411 4.7825 0.01949999999999985 1.0207072088679072 0.009779100163671367 1.0 1.0059289604350463 1.0059289604350463 0.014778248432860908
59770.93824011753 4.7825 0.01949999999999985 1.0082690640550287 0.009722303764803346 1.0 1.0059288834697795 1.0059288834697795 0.0023401805852492075
59770.938256060945 4.7825 0.01949999999999985 1.0149001193368838 0.009764712566070368 1.0 1.0059288065045477 1.0059288065045477 0.008971312832336098
59770.93827200437 4.7825 0.01949999999999985 1.0151729279200927 0.00977697732227669 1.0 1.0059287295392456 1.0059287295392456 0.009244198380847113
59770.938287947785 4.7825 0.01949999999999985 1.012657249712249 0.009795515956199735 1.0 1.0059286525740139 1.0059286525740139 0.006728597138235148
59770.938303891206 4.7825 0.01949999999999985 1.0165384229305485 0.009735745827319398 1.0 1.0059285756087468 1.0059285756087468 0.010609847321801702
59770.938319834626 4.7825 0.01949999999999985 1.0115190701764507 0.009726089843645806 1.0 1.00592849864348 1.00592849864348 0.005590571532970712
59770.93833577804 4.7825 0.01949999999999985 1.0115113985567121 0.009749364772998573 1.0 1.0059284216782483 1.0059284216782483 0.0055829768784638745
59770.93835172146 4.7825 0.01949999999999985 1.0009559371825059 0.009743037014395146 1.0 1.0059283447129812 1.0059283447129812 -0.004972407530475342
59770.93836766489 4.7825 0.01949999999999985 1.0149080669887796 0.009752064752050005 1.0 1.0059282677476793 1.0059282677476793 0.008979799241100261
59770.9383836083 4.7825 0.01949999999999985 0.9896986292342361 0.009679163800449773 1.0 1.0059281907824473 1.0059281907824473 -0.016229561548211202
59770.93839955171 4.7825 0.01949999999999985 0.9924268721393961 0.009696260277527232 1.0 1.0059281138172156 1.0059281138172156 -0.01350124167781952
59770.93841549514 4.7825 0.01949999999999985 1.0144572682208801 0.009754156718350036 1.0 1.0059280368519137 1.0059280368519137 0.008529231368966439
59770.93843143855 4.7825 0.01949999999999985 1.0034494651760921 0.009725531103241584 1.0 1.0059279598866817 1.0059279598866817 -0.002478494710589585
59770.938447381974 4.7825 0.01949999999999985 0.9930366378574706 0.009705475190550412 1.0 1.0059278829214149 1.0059278829214149 -0.012891245063944234
59770.938463325394 4.7825 0.01949999999999985 1.0050743325980904 0.009732246899941585 1.0 1.0059278059561478 1.0059278059561478 -0.0008534733580574105
59770.938479268814 4.7825 0.01949999999999985 0.9865515604661488 0.009683800645842691 1.0 1.005927728990881 1.005927728990881 -0.01937616852473223
59770.93849521223 4.7825 0.01949999999999985 0.9928371805490424 0.009664376041238902 1.0 1.0059276520256493 1.0059276520256493 -0.013090471476606913
59770.93851115565 4.7825 0.01949999999999985 1.011440857404378 0.009768691252840146 1.0 1.0059275750603822 1.0059275750603822 0.00551328234399584
59770.93852709907 4.7825 0.01949999999999985 1.0008969490953739 0.009680570579273916 1.0 1.0059274980951154 1.0059274980951154 -0.005030548999741535
59770.93854304248 4.7825 0.01949999999999985 1.0161062383382764 0.009734964642035578 1.0 1.0059274211298836 1.0059274211298836 0.010178817208392754
59770.93855898591 4.7825 0.01949999999999985 0.9951714028681836 0.009695583581130766 1.0 1.0059273441645815 1.0059273441645815 -0.010755941296397897
59770.93857492932 4.7825 0.01949999999999985 1.0220682544674995 0.009767932779004868 1.0 1.0059272671993498 1.0059272671993498 0.01614098726814972
59770.93859087274 4.7825 0.01949999999999985 1.0185940275202143 0.009741649330920785 1.0 1.0059271902340827 1.0059271902340827 0.012666837286131605
59770.93860681616 4.7825 0.01949999999999985 1.0000336246112553 0.009692573952481937 1.0 1.005927113268816 1.005927113268816 -0.005893488657560564
59770.938622759575 4.7825 0.01949999999999985 1.00323235949988 0.009740281661855156 1.0 1.0059270363035842 1.0059270363035842 -0.0026946768037041657
59770.938638702995 4.7825 0.01949999999999985 1.028934571680327 0.009786720037876298 1.0 1.005926959338317 1.005926959338317 0.023007612342009987
59770.93865464642 4.7825 0.01949999999999985 0.9923400621630396 0.009732111967694433 1.0 1.0059268823730152 1.0059268823730152 -0.013586820209975592
59770.938670589836 4.7825 0.01949999999999985 1.0069400153795438 0.009663070561761281 1.0 1.0059268054077832 1.0059268054077832 0.0010132099717605758
59770.93868653325 4.7825 0.01949999999999985 1.0017787246389882 0.009741754713233141 1.0 1.0059267284425515 1.0059267284425515 -0.004148003803563283
59770.93870247668 4.7825 0.01949999999999985 1.0136997142236468 0.009763614325077028 1.0 1.0059266514772496 1.0059266514772496 0.007773062746397219
59770.93871842009 4.7825 0.01949999999999985 1.000435287350502 0.009695795280841019 1.0 1.0059265745120176 1.0059265745120176 -0.00549128716151559
59770.93873436351 4.7825 0.01949999999999985 1.003883683871362 0.00971191663922946 1.0 1.0059264975467508 1.0059264975467508 -0.0020428136753887216
59770.93875030693 4.7825 0.01949999999999985 1.008475928140692 0.009735604088438519 1.0 1.0059264205814837 1.0059264205814837 0.0025495075592083527
59770.93876625035 4.7825 0.01949999999999985 0.9826785061828441 0.009671819852701102 1.0 1.005926343616217 1.005926343616217 -0.023247837433372776
59770.93878219376 4.7825 0.01949999999999985 0.9938997758909938 0.009703892338967969 1.0 1.0059262666509852 1.0059262666509852 -0.012026490759991404
59770.93879813718 4.7825 0.01949999999999985 1.0055197904767594 0.009747180813073249 1.0 1.0059261896857534 1.0059261896857534 -0.0004063992089939905
59770.938814080604 4.7825 0.01949999999999985 0.9999160189883345 0.009701400890604797 1.0 1.0059261127204513 1.0059261127204513 -0.006010093732116806
59770.938830024024 4.7825 0.01949999999999985 1.0040722502115982 0.009723545714550608 1.0 1.0059260357551842 1.0059260357551842 -0.0018537855435860617
59770.93884596744 4.7825 0.01949999999999985 1.0064516254991354 0.009709279338827146 1.0 1.0059259587899525 1.0059259587899525 0.0005256667091828593
59770.93886191086 4.7825 0.01949999999999985 0.9903592163134431 0.009608390231038927 1.0 1.0059258818246857 1.0059258818246857 -0.015566665511242528
59770.93887785428 4.7825 0.01949999999999985 1.0050334705655237 0.009714896556853191 1.0 1.0059258048594186 1.0059258048594186 -0.000892334293894903
59770.93889379769 4.7825 0.01949999999999985 0.9990696988808293 0.009744948982765966 1.0 1.0059257278941869 1.0059257278941869 -0.0068560290133575785
59770.93890974112 4.7825 0.01949999999999985 0.9983917834245833 0.009697293498895997 1.0 1.005925650928885 1.005925650928885 -0.007533867504301628
59770.93892568453 4.7825 0.01949999999999985 0.9925820644445111 0.009683240885003488 1.0 1.005925573963653 1.005925573963653 -0.013343509519141872
59770.93894162795 4.7825 0.01949999999999985 0.9992995363194667 0.009763020846543742 1.0 1.0059254969983862 1.0059254969983862 -0.006625960678919518
59770.93895757137 4.7825 0.01949999999999985 0.9906058761821824 0.009680342202060311 1.0 1.0059254200331191 1.0059254200331191 -0.015319543850936701
59770.938973514785 4.7825 0.01949999999999985 1.0126279738504227 0.009778722092680719 1.0 1.0059253430678874 1.0059253430678874 0.0067026307825353015
59770.938989458205 4.7825 0.01949999999999985 1.0145214584553184 0.009712806048225218 1.0 1.0059252661026206 1.0059252661026206 0.008596192352697818
59770.939005401626 4.7825 0.01949999999999985 1.0100130150192563 0.010908171357536795 1.0 1.0059251891373535 1.0059251891373535 0.004087825881902818
59770.939021345046 4.7825 0.01949999999999985 1.0028882034969897 0.009677454660685212 1.0 1.0059251121720867 1.0059251121720867 -0.003036908675096983
59770.93903728846 4.7825 0.01949999999999985 1.0207312032773048 0.009784884336483377 1.0 1.005925035206855 1.005925035206855 0.014806168070449877
59770.93905323189 4.7825 0.01949999999999985 1.0138497243723823 0.009820403088390875 1.0 1.0059249582415528 1.0059249582415528 0.007924766130829486
59770.9390691753 4.7825 0.01949999999999985 1.0093339120504468 0.00972011722976146 1.0 1.005924881276321 1.005924881276321 0.0034090307741256876
59770.93908511871 4.7825 0.01949999999999985 0.9859996876603171 0.009672820376639269 1.0 1.0059248043110893 1.0059248043110893 -0.019925116650772234
59770.93910106214 4.7825 0.01949999999999985 1.0265517506574577 0.009762690651957397 1.0 1.0059247273457872 1.0059247273457872 0.020627023311670545
59770.93911700556 4.7825 0.01949999999999985 0.9905738827520573 0.009673179025977365 1.0 1.0059246503805201 1.0059246503805201 -0.01535076762846288
59770.93913294897 4.7825 0.01949999999999985 1.0281620718846152 0.009754613018212782 1.0 1.0059245734152884 1.0059245734152884 0.022237498469326766
59770.939148892394 4.7825 0.01949999999999985 1.0155288672043448 0.009760538902350317 1.0 1.0059244964500216 1.0059244964500216 0.009604370754323188
59770.939164835814 4.7825 0.01949999999999985 0.9981297725157241 0.009690663081475237 1.0 1.0059244194847545 1.0059244194847545 -0.007794646969030428
59770.93918077923 4.7825 0.01949999999999985 0.993079888928746 0.009696747388586118 1.0 1.0059243425195228 1.0059243425195228 -0.012844453590776794
59770.939196722655 4.7825 0.01949999999999985 1.0112688043416338 0.009769676112047588 1.0 1.0059242655542209 1.0059242655542209 0.005344538787412922
59770.93921266607 4.7825 0.01949999999999985 1.019175740841661 0.009755614782525148 1.0 1.005924188588989 1.005924188588989 0.01325155225267216
59770.93922860949 4.7825 0.01949999999999985 1.0244101715462892 0.009758845569142386 1.0 1.005924111623722 1.005924111623722 0.018486059922567133
59770.93924455291 4.7825 0.01949999999999985 1.029629353406882 0.010970881228723924 1.0 1.005924034658455 1.005924034658455 0.023705318748427073
