eureka_custom_plots/data/stage5_lcfit_results/S5_wasp39b_ap4_bg8_Table_Save_ch34.txt
# %ECSV 1.0
# ---
# datatype:
# - {name: time, datatype: float64}
# - {name: wavelength, datatype: float64}
# - {name: bin_width, datatype: float64}
# - {name: lcdata, datatype: float64}
# - {name: lcerr, datatype: float64}
# - {name: transit, datatype: float64}
# - {name: polynom, datatype: float64}
# - {name: model, datatype: float64}
# - {name: residuals, datatype: float64}
# schema: astropy-2.0
time wavelength bin_width lcdata lcerr transit polynom model residuals
[from data line 2928]
59770.690702584296 4.3225 0.01949999999999985 1.0035149112398773 0.013816470859010874 1.0 1.0074231061675765 1.0074231061675765 -0.003908194927699116
59770.69071852772 4.3225 0.01949999999999985 1.0255936281219524 0.01380777572026005 1.0 1.0074230194924434 1.0074230194924434 0.018170608629509033
59770.69073447114 4.3225 0.01949999999999985 1.0157784831223982 0.01385957809808832 1.0 1.00742293281735 1.00742293281735 0.008355550305048087
59770.69075041456 4.3225 0.01949999999999985 0.9814149729847648 0.013694751174484874 1.0 1.007422846142296 1.007422846142296 -0.02600787315753128
59770.690766357984 4.3225 0.01949999999999985 1.0002841654032855 0.013767941085122356 1.0 1.007422759467163 1.007422759467163 -0.0071385940638775125
59770.6907823014 4.3225 0.01949999999999985 0.9942382659611151 0.013758035115648276 1.0 1.0074226727921092 1.0074226727921092 -0.013184406830994089
59770.690798244825 4.3225 0.01949999999999985 1.027261055855428 0.013834683909147934 1.0 1.007422586116976 1.007422586116976 0.019838469738451936
59770.690814188245 4.3225 0.01949999999999985 1.0202407970311194 0.013839915032990495 1.0 1.0074224994418826 1.0074224994418826 0.012818297589236805
59770.690830131665 4.3225 0.01949999999999985 1.0345459668262262 0.01394488413174141 1.0 1.007422412766789 1.007422412766789 0.027123554059437227
59770.690846075086 4.3225 0.01949999999999985 0.9979664918703981 0.013778149472843766 1.0 1.0074223260916955 1.0074223260916955 -0.009455834221297366
59770.6908620185 4.3225 0.01949999999999985 1.0077892520841767 0.013797424080457997 1.0 1.0074222394166417 1.0074222394166417 0.00036701266753502715
59770.690877961926 4.3225 0.01949999999999985 1.0059068205413961 0.013782316139970245 1.0 1.0074221527415086 1.0074221527415086 -0.0015153322001124625
59770.69089390535 4.3225 0.01949999999999985 1.0116413694809687 0.013812366367267504 1.0 1.007422066066415 1.007422066066415 0.004219303414553677
59770.69090984877 4.3225 0.01949999999999985 1.0086714626676845 0.013798712358745838 1.0 1.0074219793913215 1.0074219793913215 0.0012494832763629837
59770.69092579219 4.3225 0.01949999999999985 1.012662826459148 0.013850989821913812 1.0 1.0074218927162282 1.0074218927162282 0.005240933742919784
59770.69094173561 4.3225 0.01949999999999985 0.9806888756062568 0.013751673456812857 1.0 1.0074218060411346 1.0074218060411346 -0.02673293043487779
59770.69095767903 4.3225 0.01949999999999985 1.0075385668765418 0.013732811872227236 1.0 1.007421719366041 1.007421719366041 0.00011684751050067277
59770.69097362245 4.3225 0.01949999999999985 0.9972720428919557 0.013757217375146551 1.0 1.0074216326909475 1.0074216326909475 -0.010149589798991832
59770.69098956587 4.3225 0.01949999999999985 0.9917008037468055 0.013695983338576441 1.0 1.007421546015854 1.007421546015854 -0.015720742269048515
59770.691005509296 4.3225 0.01949999999999985 0.9753257452636809 0.013705226568256153 1.0 1.0074214593407211 1.0074214593407211 -0.03209571407704026
59770.69102145271 4.3225 0.01949999999999985 1.0173879000686668 0.013830248699905004 1.0 1.0074213726656671 1.0074213726656671 0.009966527402999636
59770.69103739613 4.3225 0.01949999999999985 1.0088684447447112 0.013799041357996146 1.0 1.0074212859905736 1.0074212859905736 0.0014471587541375897
59770.69105333956 4.3225 0.01949999999999985 1.0127294979554824 0.013789013385888824 1.0 1.0074211993154405 1.0074211993154405 0.0053082986400418974
59770.69106928297 4.3225 0.01949999999999985 0.9934024762644149 0.013739175560235349 1.0 1.0074211126403867 1.0074211126403867 -0.014018636375971782
59770.6910852264 4.3225 0.01949999999999985 1.0373210435632862 0.013886130917256023 1.0 1.0074210259652536 1.0074210259652536 0.029900017598032624
59770.69110116981 4.3225 0.01949999999999985 1.020537188153573 0.013832468990954468 1.0 1.0074209392901996 1.0074209392901996 0.01311624886337337
59770.69111711324 4.3225 0.01949999999999985 1.036746591256389 0.013939426621701792 1.0 1.0074208526150665 1.0074208526150665 0.029325738641322374
59770.69113305666 4.3225 0.01949999999999985 1.016339130454399 0.013874689113596593 1.0 1.007420765939973 1.007420765939973 0.008918364514425958
59770.69114900007 4.3225 0.01949999999999985 1.018979839231897 0.013801909030613783 1.0 1.0074206792649192 1.0074206792649192 0.011559159966977761
59770.6911649435 4.3225 0.01949999999999985 1.0180262597453573 0.01387315454622895 1.0 1.0074205925897861 1.0074205925897861 0.010605667155571208
59770.69118088692 4.3225 0.01949999999999985 1.0137623979946444 0.013912501967482505 1.0 1.0074205059146926 1.0074205059146926 0.006341892079951839
59770.69119683034 4.3225 0.01949999999999985 1.0093022954261857 0.013763086548558767 1.0 1.007420419239599 1.007420419239599 0.0018818761865866396
59770.69121277375 4.3225 0.01949999999999985 1.016112716340654 0.013831150123695762 1.0 1.0074203325645452 1.0074203325645452 0.008692383776108814
59770.69122871718 4.3225 0.01949999999999985 1.0061867235527662 0.013788884354791427 1.0 1.0074202458894121 1.0074202458894121 -0.0012335223366459758
59770.6912446606 4.3225 0.01949999999999985 1.0030914270768294 0.013779414060338415 1.0 1.0074201592143186 1.0074201592143186 -0.0043287321374891885
59770.69126060402 4.3225 0.01949999999999985 1.0199962241362148 0.013875708458953162 1.0 1.007420072539225 1.007420072539225 0.01257615159698977
59770.69127654744 4.3225 0.01949999999999985 1.0133389885050301 0.01382376121490914 1.0 1.0074199858641317 1.0074199858641317 0.0059190026408983965
59770.69129249086 4.3225 0.01949999999999985 1.011509445403078 0.013794649068976336 1.0 1.0074198991890382 1.0074198991890382 0.004089546214039785
59770.69130843428 4.3225 0.01949999999999985 1.00864337506958 0.013782022750882281 1.0 1.0074198125139446 1.0074198125139446 0.0012235625556353824
59770.6913243777 4.3225 0.01949999999999985 1.0156235134848082 0.013838086534074243 1.0 1.007419725838851 1.007419725838851 0.008203787645957084
59770.69134032112 4.3225 0.01949999999999985 1.0270868118715373 0.01389766666985847 1.0 1.0074196391637575 1.0074196391637575 0.019667172707779734
59770.69135626454 4.3225 0.01949999999999985 1.0006523558301164 0.01375012170536471 1.0 1.0074195524886642 1.0074195524886642 -0.006767196658547858
59770.69137220796 4.3225 0.01949999999999985 1.0151903367003283 0.013809208231437562 1.0 1.0074194658135707 1.0074194658135707 0.007770870886757653
59770.69138815138 4.3225 0.01949999999999985 1.0024828219484558 0.013813320375852573 1.0 1.0074193791384771 1.0074193791384771 -0.004936557190021285
59770.69140409481 4.3225 0.01949999999999985 1.0286149826114341 0.01389105581162486 1.0 1.007419292463344 1.007419292463344 0.021195690148090085
59770.69142003822 4.3225 0.01949999999999985 1.000025969868825 0.013787622709460818 1.0 1.0074192057882903 1.0074192057882903 -0.00739323591946528
59770.691435981644 4.3225 0.01949999999999985 0.9972823072802536 0.013758889311419761 1.0 1.0074191191131967 1.0074191191131967 -0.010136811832943127
59770.691451925064 4.3225 0.01949999999999985 1.0219927324588975 0.01384704529477168 1.0 1.0074190324381032 1.0074190324381032 0.014573700020794389
59770.69146786849 4.3225 0.01949999999999985 0.9983810022969052 0.013748560167816769 1.0 1.00741894576297 1.00741894576297 -0.009037943466064902
59770.69148381191 4.3225 0.01949999999999985 1.0057410018438515 0.013769090526919468 1.0 1.0074188590878765 1.0074188590878765 -0.0016778572440250272
59770.691499755325 4.3225 0.01949999999999985 0.9947466363220114 0.013740833128898304 1.0 1.0074187724128227 1.0074187724128227 -0.012672136090811303
59770.69151569875 4.3225 0.01949999999999985 1.009258726177937 0.0137705286369743 1.0 1.0074186857376897 1.0074186857376897 0.0018400404402474368
59770.691531642166 4.3225 0.01949999999999985 1.0387799910780218 0.013911929176636452 1.0 1.0074185990626356 1.0074185990626356 0.031361392015386125
59770.69154758559 4.3225 0.01949999999999985 0.9879013900029063 0.013707250660230442 1.0 1.0074185123875026 1.0074185123875026 -0.01951712238459624
59770.69156352901 4.3225 0.01949999999999985 1.002012109675575 0.013784975699475802 1.0 1.0074184257124092 1.0074184257124092 -0.00540631603683428
59770.691579472434 4.3225 0.01949999999999985 1.012126861615539 0.01387423927244418 1.0 1.0074183390373157 1.0074183390373157 0.004708522578223295
59770.691595415854 4.3225 0.01949999999999985 0.9844104772421575 0.013656693761244088 1.0 1.0074182523622222 1.0074182523622222 -0.02300777512006469
59770.69161135927 4.3225 0.01949999999999985 1.0198428213755513 0.013825229997546049 1.0 1.0074181656871681 1.0074181656871681 0.012424655688383135
59770.691627302695 4.3225 0.01949999999999985 1.0242304608918276 0.013871263111330473 1.0 1.0074180790120353 1.0074180790120353 0.016812381879792282
59770.69164324612 4.3225 0.01949999999999985 1.0087030054597983 0.013845878898620071 1.0 1.0074179923369022 1.0074179923369022 0.0012850131228960837
59770.691659189535 4.3225 0.01949999999999985 1.0200101970735964 0.013828831643410222 1.0 1.0074179056618482 1.0074179056618482 0.012592291411748224
59770.691675132955 4.3225 0.01949999999999985 1.0405312344961042 0.013908837263189854 1.0 1.0074178189867546 1.0074178189867546 0.03311341550934954
59770.691691076376 4.3225 0.01949999999999985 1.0275861356233078 0.013864164062086891 1.0 1.007417732311661 1.007417732311661 0.02016840331164671
59770.691707019796 4.3225 0.01949999999999985 1.0176187376805585 0.013785292452520663 1.0 1.0074176456365678 1.0074176456365678 0.010201092043990778
59770.69172296322 4.3225 0.01949999999999985 1.0201786799686094 0.013835765403206442 1.0 1.0074175589614347 1.0074175589614347 0.012761121007174747
59770.69173890664 4.3225 0.01949999999999985 0.9971283453340315 0.013704607123570757 1.0 1.0074174722863807 1.0074174722863807 -0.010289126952349181
59770.691754850064 4.3225 0.01949999999999985 1.0196479022418752 0.013840227086843827 1.0 1.0074173856112476 1.0074173856112476 0.012230516630627575
59770.69177079348 4.3225 0.01949999999999985 1.0144894173673653 0.013861903638448301 1.0 1.0074172989361938 1.0074172989361938 0.0070721184311715035
59770.6917867369 4.3225 0.01949999999999985 1.0424162654362708 0.013881595298575555 1.0 1.0074172122611003 1.0074172122611003 0.03499905317517049
59770.691802680325 4.3225 0.01949999999999985 1.0076126950478193 0.013767874315594049 1.0 1.0074171255859672 1.0074171255859672 0.00019556946185206314
59770.69181862374 4.3225 0.01949999999999985 0.9971051814878595 0.013696688521734572 1.0 1.0074170389109132 1.0074170389109132 -0.010311857423053628
59770.691834567166 4.3225 0.01949999999999985 0.9863169568849943 0.013753869381502989 1.0 1.00741695223578 1.00741695223578 -0.021099995350785772
59770.69185051058 4.3225 0.01949999999999985 1.0124246041981142 0.01380622518127321 1.0 1.0074168655607263 1.0074168655607263 0.005007738637387904
59770.691866454006 4.3225 0.01949999999999985 1.0088559521750933 0.013766741288566618 1.0 1.0074167788855932 1.0074167788855932 0.0014391732895000509
59770.69188239743 4.3225 0.01949999999999985 1.0057262511112635 0.013755843792737026 1.0 1.0074166922104997 1.0074166922104997 -0.0016904410992362173
59770.69189834084 4.3225 0.01949999999999985 1.0060700443371096 0.013786409349608683 1.0 1.0074166055354459 1.0074166055354459 -0.0013465611983363157
59770.69191428427 4.3225 0.01949999999999985 1.014207634505362 0.013857599312059725 1.0 1.0074165188603128 1.0074165188603128 0.006791115645049306
59770.69193022769 4.3225 0.01949999999999985 0.9959978324658018 0.013804294423148762 1.0 1.0074164321852193 1.0074164321852193 -0.0114185997194175
59770.69194617111 4.3225 0.01949999999999985 1.0053673103227863 0.013743008988080466 1.0 1.0074163455101257 1.0074163455101257 -0.002049035187339454
59770.69196211453 4.3225 0.01949999999999985 1.01862747350308 0.013776349407162472 1.0 1.0074162588350322 1.0074162588350322 0.011211214668047864
59770.69197805795 4.3225 0.01949999999999985 1.0089096167046114 0.013820405622516473 1.0 1.0074161721599388 1.0074161721599388 0.0014934445446725952
59770.69199400137 4.3225 0.01949999999999985 1.0041514352707133 0.013757825922168846 1.0 1.0074160854848453 1.0074160854848453 -0.0032646502141320255
59770.69200994479 4.3225 0.01949999999999985 1.017447891868678 0.013847837604769979 1.0 1.0074159988097517 1.0074159988097517 0.010031893058926267
59770.69202588821 4.3225 0.01949999999999985 0.9944033561856369 0.013778257321048749 1.0 1.0074159121346582 1.0074159121346582 -0.013012555949021287
59770.69204183164 4.3225 0.01949999999999985 1.0056336249199993 0.013758521105897328 1.0 1.0074158254595251 1.0074158254595251 -0.0017822005395258245
59770.69205777505 4.3225 0.01949999999999985 1.0286994945646197 0.013882908633651943 1.0 1.0074157387844713 1.0074157387844713 0.021283755780148406
59770.69207371847 4.3225 0.01949999999999985 1.0205666668292968 0.016327893872497463 1.0 1.0074156521093778 1.0074156521093778 0.013151014719918974
59770.69208966189 4.3225 0.01949999999999985 1.0194372743840434 0.013832892473412529 1.0 1.0074155654342842 1.0074155654342842 0.01202170894975918
59770.69210560531 4.3225 0.01949999999999985 1.0046625267172264 0.01382440081713133 1.0 1.0074154787591907 1.0074154787591907 -0.0027529520419642406
59770.69212154873 4.3225 0.01949999999999985 1.0279726777568388 0.013855124464041833 1.0 1.0074153920840974 1.0074153920840974 0.0205572856727414
59770.69213749215 4.3225 0.01949999999999985 0.997713768083617 0.013770829420046487 1.0 1.0074153054090038 1.0074153054090038 -0.009701537325386811
59770.69215343558 4.3225 0.01949999999999985 1.005236018190775 0.013811977166777688 1.0 1.0074152187338707 1.0074152187338707 -0.0021792005430958383
59770.69216937899 4.3225 0.01949999999999985 0.9810530972430146 0.013742330727852541 1.0 1.0074151320588167 1.0074151320588167 -0.026362034815802127
59770.69218532242 4.3225 0.01949999999999985 1.0082004051706601 0.013771470164487338 1.0 1.0074150453836836 1.0074150453836836 0.0007853597869764695
59770.69220126583 4.3225 0.01949999999999985 1.0166387354061035 0.013817470832582026 1.0 1.0074149587086298 1.0074149587086298 0.009223776697473651
59770.69221720926 4.3225 0.01949999999999985 1.0126512650912516 0.013831446379613452 1.0 1.0074148720334968 1.0074148720334968 0.005236393057754807
59770.69223315268 4.3225 0.01949999999999985 1.0083793853246512 0.013828593442298372 1.0 1.0074147853584032 1.0074147853584032 0.0009645999662479809
59770.69224909609 4.3225 0.01949999999999985 0.9927255719231757 0.013693962178808989 1.0 1.0074146986833494 1.0074146986833494 -0.014689126760173754
59770.69226503952 4.3225 0.01949999999999985 1.0153811508702795 0.013847646205014226 1.0 1.0074146120082164 1.0074146120082164 0.00796653886206311
59770.692280982934 4.3225 0.01949999999999985 1.0061392006240693 0.013721578266477625 1.0 1.0074145253331623 1.0074145253331623 -0.0012753247090930842
59770.69229692636 4.3225 0.01949999999999985 1.0178476401848702 0.01380669772852973 1.0 1.0074144386580293 1.0074144386580293 0.010433201526840907
59770.69231286978 4.3225 0.01949999999999985 0.9921455198872052 0.013768535323241689 1.0 1.0074143519829357 1.0074143519829357 -0.015268832095730489
59770.6923288132 4.3225 0.01949999999999985 1.0123705846342168 0.013857273267452248 1.0 1.0074142653078424 1.0074142653078424 0.004956319326374414
59770.69234475662 4.3225 0.01949999999999985 0.9972976705581924 0.01375556024541693 1.0 1.0074141786327488 1.0074141786327488 -0.01011650807455644
59770.692360700035 4.3225 0.01949999999999985 1.0103930054005532 0.013798485590679753 1.0 1.0074140919576948 1.0074140919576948 0.0029789134428583885
59770.69237664346 4.3225 0.01949999999999985 1.007915368093861 0.013774746114676061 1.0 1.0074140052825618 1.0074140052825618 0.0005013628112993107
59770.69239258689 4.3225 0.01949999999999985 1.0069932782901498 0.013837063627515658 1.0 1.0074139186074287 1.0074139186074287 -0.000420640317278842
