eureka_custom_plots/data/stage5_lcfit_results/S5_wasp39b_ap4_bg8_Table_Save_ch53.txt
# %ECSV 1.0
# ---
# datatype:
# - {name: time, datatype: float64}
# - {name: wavelength, datatype: float64}
# - {name: bin_width, datatype: float64}
# - {name: lcdata, datatype: float64}
# - {name: lcerr, datatype: float64}
# - {name: transit, datatype: float64}
# - {name: polynom, datatype: float64}
# - {name: model, datatype: float64}
# - {name: residuals, datatype: float64}
# schema: astropy-2.0
time wavelength bin_width lcdata lcerr transit polynom model residuals
[from data line 10797]
59770.816161357216 5.051 0.019000000000000128 0.9905278821904121 0.011631200291290427 0.9782583097542487 1.006268701543407 0.984390719130456 0.006137163059956152
59770.81617730064 5.051 0.019000000000000128 0.9940568854456828 0.011618820611307193 0.9782580058363473 1.0062686535728596 0.9843903663798117 0.009666519065871126
59770.816193244056 5.051 0.019000000000000128 0.9916097804385541 0.011618130018036785 0.978257702292907 1.0062686056023555 0.9843900140060478 0.007219766432506325
59770.816209187484 5.051 0.019000000000000128 0.9916175926963128 0.01160784632118162 0.9782573991229775 1.006268557631808 0.9843896620081225 0.007227930688190276
59770.8162251309 5.051 0.019000000000000128 0.9783311350691561 0.011605575689466944 0.9782570963267583 1.006268509661304 0.9843893103863217 -0.0060581753171655706
59770.816241074324 5.051 0.019000000000000128 0.9820355735260601 0.011572741801083706 0.9782567939033014 1.0062684616907565 0.9843889591396066 -0.002353385613546477
59770.81625701774 5.051 0.019000000000000128 0.9858392958568313 0.01161046602148234 0.9782564918527805 1.0062684137202524 0.9843886082682365 0.00145068758859479
59770.816272961165 5.051 0.019000000000000128 1.0003932001026443 0.011641060971930729 0.9782561901742762 1.006268365749705 0.9843882577712014 0.016004942331442895
59770.81628890458 5.051 0.019000000000000128 0.9896858916245586 0.011624337998601597 0.9782558888679529 1.006268317779201 0.9843879076487518 0.005297983975806719
59770.816304848 5.051 0.019000000000000128 0.9886332300529885 0.011620768322306112 0.9782555879330337 1.0062682698086751 0.9843875579000421 0.004245672152946467
59770.81632079142 5.051 0.019000000000000128 0.9901196334128849 0.01162850677482757 0.9782552873692649 1.0062682218381493 0.984387208524838 0.0057324248880469275
59770.81633673483 5.051 0.019000000000000128 0.9636511458011813 0.01150230621436207 0.9782549871764279 1.0062681738676456 0.9843868595229411 -0.020735713721759863
59770.81635267826 5.051 0.019000000000000128 0.9679438577814519 0.011550894895232996 0.9782546873537149 1.0062681258970978 0.9843865108934741 -0.0164426531120222
59770.81636862167 5.051 0.019000000000000128 0.9729185352093084 0.011562239937353135 0.9782543879013244 1.006268077926594 0.9843861626367224 -0.011467627427414029
59770.8163845651 5.051 0.019000000000000128 0.9898928122871052 0.011578860585973487 0.9782540888183202 1.0062680299560463 0.9843858147516582 0.0055069975354470335
59770.81640050851 5.051 0.019000000000000128 0.9715950806569401 0.011521451714852549 0.9782537901048751 1.0062679819855425 0.9843854672385411 -0.012790386581601032
59770.81641645193 5.051 0.019000000000000128 0.972129742727533 0.011534301781797027 0.9782534917602197 1.0062679340150167 0.9843851200965325 -0.012255377368999398
59770.81643239535 5.051 0.019000000000000128 0.9888567459726688 0.011574771294450123 0.9782531937841036 1.006267886044491 0.9843847733254016 0.004471972647267175
59770.81644833878 5.051 0.019000000000000128 0.9878546372186133 0.011590988131777832 0.9782528961760358 1.0062678380739432 0.9843844269246331 0.0034702102939802026
59770.816464282194 5.051 0.019000000000000128 0.9624929729645839 0.01147632641449017 0.9782525989360421 1.0062677901034391 0.9843840808943171 -0.021891107929733145
59770.816480225614 5.051 0.019000000000000128 0.9777148981459615 0.01154245724738667 0.9782523020633573 1.0062677421329134 0.9843837352336193 -0.006668837087657864
59770.816496169035 5.051 0.019000000000000128 0.9516840528408075 0.011507266446593434 0.978252005557733 1.0062676941623876 0.9843833899423111 -0.032699337101503634
59770.816512112455 5.051 0.019000000000000128 0.9893870381946203 0.011612956142685813 0.9782517094188181 1.0062676461918618 0.9843830450200393 0.005003993174581001
59770.816528055875 5.051 0.019000000000000128 0.973543462530643 0.011540351869625523 0.9782514136462365 1.006267598221336 0.9843827004664251 -0.01083923793578212
59770.81654399929 5.051 0.019000000000000128 1.0080449021514644 0.011632723853307134 0.9782511182397491 1.0062675502508323 0.9843823562812496 0.02366254587021477
59770.816559942716 5.051 0.019000000000000128 0.9806186089738356 0.011561362990416036 0.9782508231985968 1.0062675022802845 0.9843820124636842 -0.0037634034898486046
59770.81657588613 5.051 0.019000000000000128 0.9977063768990371 0.011607293237016265 0.9782505285229428 1.0062674543097807 0.9843816690139792 0.013324707885057907
59770.81659182955 5.051 0.019000000000000128 0.9914676694222102 0.011647893510715627 0.9782502342120294 1.006267406339255 0.9843813259313074 0.007086343490902758
59770.81660777297 5.051 0.019000000000000128 0.973434060535297 0.011548973684430254 0.9782499402656115 1.0062673583687292 0.984380983215444 -0.010946922680146964
59770.81662371639 5.051 0.019000000000000128 0.9828460616481074 0.011557616162376844 0.978249646683342 1.0062673103982034 0.9843806408660393 -0.0015345792179318751
59770.81663965981 5.051 0.019000000000000128 0.9693034399265565 0.011557230168404898 0.9782493534648403 1.0062672624276776 0.9843802988827104 -0.015076858956153849
59770.81665560323 5.051 0.019000000000000128 0.9811197638583802 0.011541630780808637 0.9782490606097605 1.0062672144571518 0.9843799572651092 -0.003260193406729006
59770.81667154665 5.051 0.019000000000000128 0.9922602289020993 0.011594139454827672 0.9782487681177319 1.006267166486626 0.9843796160128625 0.007880612889236804
59770.81668749007 5.051 0.019000000000000128 0.9849419281390356 0.011583911844477143 0.9782484759883842 1.0062671185161003 0.9843792751255979 0.0005626530134377195
59770.816703433484 5.051 0.019000000000000128 0.9818099307215903 0.011550817801254264 0.9782481842215079 1.0062670705455963 0.9843789346031256 -0.002569003881535359
59770.816719376904 5.051 0.019000000000000128 0.9803539440739027 0.011564322907743738 0.9782478928164559 1.0062670225750705 0.9843785944447517 -0.004024650370848981
59770.81673532033 5.051 0.019000000000000128 1.002892203316108 0.011608296024792575 0.9782476017728853 1.006266974604523 0.9843782546501314 0.018513948665976665
59770.816751263745 5.051 0.019000000000000128 0.980269027129351 0.011577199475541606 0.9782473110908236 1.006266926634019 0.9843779152193561 -0.004108888090005092
59770.816767207165 5.051 0.019000000000000128 0.9860456659350084 0.011547376852079665 0.9782470207695251 1.0062668786634932 0.9843775761516114 0.0016680897833970532
59770.816783150585 5.051 0.019000000000000128 0.9859181863043369 0.011599001924573851 0.9782467308087577 1.0062668306929674 0.984377237446685 0.0015409488576518804
59770.816799094006 5.051 0.019000000000000128 0.9744133622212054 0.011571776130888367 0.9782464412081554 1.0062667827224416 0.9843768991042087 -0.009963536883003221
59770.816815037426 5.051 0.019000000000000128 0.9677649230060741 0.011547657646415984 0.9782461519673777 1.0062667347519159 0.9843765611238396 -0.01661163811776556
59770.816830980846 5.051 0.019000000000000128 0.9679133464424143 0.011544781675266989 0.9782458630860514 1.00626668678139 0.9843762235052024 -0.01646287706278804
59770.81684692427 5.051 0.019000000000000128 0.9776105892104994 0.011599640680506606 0.9782455745638373 1.0062666388108643 0.9843758862479554 -0.006765297037455986
59770.81686286769 5.051 0.019000000000000128 1.0100401356345192 0.011712288716558491 0.9782452864003633 1.0062665908403385 0.9843755493517242 0.025664586282795
59770.8168788111 5.051 0.019000000000000128 0.9931925334184077 0.011611764325629713 0.9782449985954246 1.0062665428698347 0.9843752128163242 0.008817320602083512
59770.81689475453 5.051 0.019000000000000128 0.9794263250949921 0.011568576210522541 0.9782447111482587 1.006266494899287 0.9843748766409237 -0.0049485515459316565
59770.81691069795 5.051 0.019000000000000128 0.9838377912910613 0.011601926283754027 0.9782444240589036 1.0062664469287612 0.9843745408256253 -0.0005367495345639517
59770.81692664136 5.051 0.019000000000000128 0.975171169612437 0.012949295243703775 0.9782441373270216 1.0062663989582574 0.9843742053700891 -0.009203035757652134
59770.81694258478 5.051 0.019000000000000128 0.9495598711848275 0.011514350471466418 0.978243850951979 1.0062663509877317 0.9843738702736343 -0.03481399908880678
59770.8169585282 5.051 0.019000000000000128 1.0023531490631348 0.01166257773964646 0.9782435649335726 1.0062663030172059 0.9843735355360781 0.01797961352705668
59770.81697447162 5.051 0.019000000000000128 0.9783680353438619 0.011588362898930017 0.9782432792714346 1.00626625504668 0.9843732011570502 -0.006005165813188329
59770.81699041504 5.051 0.019000000000000128 0.9737479084748042 0.011570728761684754 0.978242993965231 1.0062662070761543 0.9843728671362143 -0.010624958661410111
59770.81700635846 5.051 0.019000000000000128 1.0077144150886417 0.011651718038910472 0.9782427090145944 1.0062661591056286 0.984372533473201 0.023341881615440707
59770.81702230188 5.051 0.019000000000000128 0.9695633318350141 0.01152433116915867 0.9782424244191921 1.0062661111351028 0.9843722001676751 -0.01480886833266104
59770.8170382453 5.051 0.019000000000000128 0.9797028681741993 0.011544038567984102 0.9782421401786663 1.006266063164577 0.9843718672192768 -0.00466899904507756
59770.817054188716 5.051 0.019000000000000128 0.9930086211736292 0.011602365780202843 0.9782418562927919 1.006266015194073 0.9843715346278007 0.00863708654582851
59770.81707013214 5.051 0.019000000000000128 0.9902756031174359 0.011587408741026626 0.9782415727608432 1.0062659672235255 0.9843712023924527 0.0059044007249832164
59770.817086075556 5.051 0.019000000000000128 1.0037811828075163 0.011623169359608502 0.9782412895829812 1.0062659192530214 0.9843708705134797 0.019410312294036558
59770.81710201898 5.051 0.019000000000000128 0.9942899100153735 0.01165814102039217 0.978241006758482 1.0062658712824957 0.9843705389900896 0.00991937102528384
59770.8171179624 5.051 0.019000000000000128 0.9787668541491259 0.011529886320695683 0.9782407242871141 1.00626582331197 0.9843702078220706 -0.005603353672944733
59770.81713390582 5.051 0.019000000000000128 0.967182450224687 0.011491875403609209 0.9782404421685478 1.0062657753414441 0.9843698770090908 -0.01718742678440388
59770.81714984924 5.051 0.019000000000000128 0.9901219404307438 0.011576062030088851 0.9782401604024299 1.0062657273709184 0.984369546550795 0.005752393879948747
59770.81716579265 5.051 0.019000000000000128 0.9767491166455933 0.011550564451462339 0.9782398789885376 1.0062656794004146 0.98436921644698 -0.0076200998013867816
59770.81718173608 5.051 0.019000000000000128 1.0018465039039888 0.011626191181237507 0.9782395979261528 1.0062656314298668 0.9843688866968592 0.017477617207129592
59770.8171976795 5.051 0.019000000000000128 0.9756294116167307 0.011539705363769016 0.9782393172153058 1.006265583459341 0.9843685573005271 -0.008739145683796412
59770.81721362292 5.051 0.019000000000000128 0.9910659989799281 0.011587367500510834 0.9782390368555399 1.0062655354888153 0.9843682282575028 0.006697770722425278
59770.81722956633 5.051 0.019000000000000128 0.9683171765012939 0.011568960583597816 0.9782387568466258 1.0062654875183112 0.9843678995675766 -0.016050723066282746
59770.81724550976 5.051 0.019000000000000128 0.9799254092490685 0.011596076433313332 0.9782384771878493 1.0062654395477637 0.9843675712299662 -0.004442161980897752
59770.81726145317 5.051 0.019000000000000128 0.9816742652336212 0.011556366808228141 0.9782381978793705 1.0062653915772597 0.9843672432449176 -0.0026929780112964208
59770.8172773966 5.051 0.019000000000000128 0.9811261880089237 0.011582704240745865 0.9782379189203478 1.0062653436067122 0.9843669156114988 -0.0032407276025750997
59770.81729334001 5.051 0.019000000000000128 0.9827372802953958 0.011598866283327028 0.9782376403109491 1.0062652956362081 0.9843665883299638 -0.0016293080345680666
59770.81730928343 5.051 0.019000000000000128 0.9786609548750695 0.011536321467097748 0.9782373620504395 1.0062652476656824 0.9843662613995093 -0.0057053065244397905
59770.81732522685 5.051 0.019000000000000128 0.9724296240248109 0.011513760369143403 0.9782370841386251 1.0062651996951566 0.9843659348199613 -0.01193631079515034
59770.81734117027 5.051 0.019000000000000128 0.9612565124732645 0.01147936441064118 0.9782368065752793 1.0062651517246528 0.9843656085911133 -0.023109096117848837
59770.817357113694 5.051 0.019000000000000128 0.9823857201316932 0.011574739524285444 0.9782365293596952 1.006265103754105 0.9843652827121893 -0.0019795625804960304
59770.81737305711 5.051 0.019000000000000128 0.9868767207428385 0.011609853518483397 0.9782362524920323 1.0062650557836013 0.9843649571834359 0.0025117635594026355
59770.817389000535 5.051 0.019000000000000128 0.9906990951807819 0.01160566255228836 0.9782359759714568 1.0062650078130535 0.984364632003928 0.006334463176853933
59770.81740494395 5.051 0.019000000000000128 0.9849447894878194 0.011578446148345533 0.9782356997981285 1.0062649598425497 0.9843643071739123 0.0005804823139070603
59770.817420887375 5.051 0.019000000000000128 0.9671236689567907 0.011498627198444375 0.9782354239712159 1.006264911872002 0.984363982692466 -0.01724031373567536
59770.81743683079 5.051 0.019000000000000128 0.9749747949444671 0.011546623764186402 0.9782351484908862 1.0062648639014982 0.9843636585598434 -0.009388863615376275
59770.817452774216 5.051 0.019000000000000128 0.9847651959348657 0.011603760475689338 0.9782348733562868 1.0062648159309504 0.9843633347751005 0.0004018611597651489
59770.81746871763 5.051 0.019000000000000128 0.9808211358549421 0.011599492059929193 0.9782345985676085 1.0062647679604466 0.9843630113385152 -0.003541875483573098
59770.81748466105 5.051 0.019000000000000128 0.9806500649864988 0.011586534996215696 0.9782343241241198 1.0062647199899208 0.9843626882492869 -0.003712623262788095
59770.81750060447 5.051 0.019000000000000128 0.9895250991011124 0.011553760924474108 0.9782340500256307 1.006264672019395 0.9843623655072458 0.005162733593866653
59770.81751654788 5.051 0.019000000000000128 0.9928610083353397 0.011591430712254366 0.978233776271919 1.006264624048891 0.9843620431121896 0.00849896522315019
59770.81753249131 5.051 0.019000000000000128 0.9823710505648313 0.011566108656862627 0.9782335028622888 1.0062645760783435 0.9843617210633541 -0.001990670498522751
59770.81754843472 5.051 0.019000000000000128 0.9883852606071318 0.01158909465838754 0.9782332297968984 1.0062645281078395 0.9843613993609837 0.004023861246148175
59770.81756437815 5.051 0.019000000000000128 0.9588016318219833 0.011488807110029501 0.9782329570749273 1.006264480137292 0.9843610780041676 -0.02555944618218431
59770.81758032156 5.051 0.019000000000000128 0.9704458844355662 0.011559991026101656 0.9782326846965417 1.006264432166788 0.9843607569931581 -0.013914872557591829
59770.81759626499 5.051 0.019000000000000128 0.9919074979940182 0.011584633394162287 0.9782324126608993 1.0062643841962404 0.9843604363270224 0.0075470616669958135
59770.817612208404 5.051 0.019000000000000128 0.9767271304410198 0.011556322825025157 0.9782321409681901 1.0062643362257364 0.9843601160060368 -0.007632985565017014
59770.817628151824 5.051 0.019000000000000128 0.9841117365121542 0.011568314882306998 0.9782318696176918 1.0062642882552106 0.9843597960294107 -0.00024805951725648256
59770.817644095245 5.051 0.019000000000000128 1.0004751384061585 0.011637472390761407 0.9782315986092174 1.0062642402846849 0.984359476396977 0.016115662009181575
59770.81766003867 5.051 0.019000000000000128 0.9920728982554032 0.011592232770232394 0.9782313279423059 1.0062641923141373 0.9843591571082505 0.007713741147152731
59770.817675982085 5.051 0.019000000000000128 0.9717591991764916 0.011570753815550882 0.9782310576169976 1.0062641443436333 0.9843588381633356 -0.01259963898684402
59770.8176919255 5.051 0.019000000000000128 0.9616429251742099 0.011541361850851518 0.9782307876327306 1.0062640963731295 0.9843585195616245 -0.02271559438741455
