eureka_custom_plots/data/stage5_lcfit_results/S5_wasp39b_ap4_bg8_Table_Save_ch05.txt
# %ECSV 1.0
# ---
# datatype:
# - {name: time, datatype: float64}
# - {name: wavelength, datatype: float64}
# - {name: bin_width, datatype: float64}
# - {name: lcdata, datatype: float64}
# - {name: lcerr, datatype: float64}
# - {name: transit, datatype: float64}
# - {name: polynom, datatype: float64}
# - {name: model, datatype: float64}
# - {name: residuals, datatype: float64}
# schema: astropy-2.0
time wavelength bin_width lcdata lcerr transit polynom model residuals
[from data line 695]
59770.65510092574 3.2110000000000003 0.018999999999999906 1.0119581192275966 0.004211260688100391 1.0 1.00828404900355 1.00828404900355 0.003674070224046533
59770.65511686915 3.2110000000000003 0.018999999999999906 1.0030162910634797 0.004184947441982199 1.0 1.0082838672018166 1.0082838672018166 -0.005267576138336949
59770.65513281257 3.2110000000000003 0.018999999999999906 1.00860895392041 0.004199238693593421 1.0 1.0082836854 1.0082836854 0.00032526852041003806
59770.655148756 3.2110000000000003 0.018999999999999906 1.0158025897257137 0.004205533477953108 1.0 1.0082835035981004 1.0082835035981004 0.007519086127613317
59770.65516469941 3.2110000000000003 0.018999999999999906 1.0077289309131665 0.004202701963322788 1.0 1.008283321796367 1.008283321796367 -0.0005543908832004174
59770.65518064284 3.2110000000000003 0.018999999999999906 1.00654608004748 0.004194031968682604 1.0 1.0082831399944674 1.0082831399944674 -0.0017370599469874737
59770.65519658626 3.2110000000000003 0.018999999999999906 1.0094820803179838 0.004204327124206803 1.0 1.008282958192651 1.008282958192651 0.0011991221253329076
59770.65521252968 3.2110000000000003 0.018999999999999906 1.0126445363451924 0.004203066510819181 1.0 1.0082827763908342 1.0082827763908342 0.004361759954358169
59770.6552284731 3.2110000000000003 0.018999999999999906 1.0075637804943756 0.004201260328675375 1.0 1.0082825945890177 1.0082825945890177 -0.0007188140946421395
59770.65524441651 3.2110000000000003 0.018999999999999906 1.0102138509676393 0.004201795663688834 1.0 1.008282412787284 1.008282412787284 0.0019314381803552383
59770.65526035994 3.2110000000000003 0.018999999999999906 1.0089570714281626 0.004204599625871462 1.0 1.0082822309853845 1.0082822309853845 0.0006748404427781018
59770.65527630336 3.2110000000000003 0.018999999999999906 1.0136605870440685 0.00420755809169347 1.0 1.008282049183568 1.008282049183568 0.005378537860500465
59770.65529224678 3.2110000000000003 0.018999999999999906 1.010982467163642 0.0042015620512461105 1.0 1.0082818673817515 1.0082818673817515 0.0027005997818905225
59770.6553081902 3.2110000000000003 0.018999999999999906 1.0108373604280505 0.004206889816529075 1.0 1.008281685579935 1.008281685579935 0.0025556748481154745
59770.65532413363 3.2110000000000003 0.018999999999999906 0.9997758599647413 0.004187391061307082 1.0 1.0082815037780355 1.0082815037780355 -0.008505643813294217
59770.65534007704 3.2110000000000003 0.018999999999999906 1.0013569603203296 0.0041881332775774585 1.0 1.0082813219763018 1.0082813219763018 -0.006924361655972211
59770.65535602046 3.2110000000000003 0.018999999999999906 1.0107503239017912 0.004200624426211997 1.0 1.0082811401744853 1.0082811401744853 0.002469183727305868
59770.65537196389 3.2110000000000003 0.018999999999999906 1.0091521514761108 0.004201105183176601 1.0 1.0082809583725858 1.0082809583725858 0.0008711931035250142
59770.65538790731 3.2110000000000003 0.018999999999999906 1.014243997910535 0.004209641739660709 1.0 1.008280776570769 1.008280776570769 0.005963221339766012
59770.65540385073 3.2110000000000003 0.018999999999999906 1.0020181645227277 0.004188471233781788 1.0 1.0082805947689526 1.0082805947689526 -0.006262430246224859
59770.655419794144 3.2110000000000003 0.018999999999999906 1.0046630615171355 0.004195016303261804 1.0 1.0082804129672192 1.0082804129672192 -0.0036173514500836834
59770.65543573757 3.2110000000000003 0.018999999999999906 1.0097858762255956 0.004201606955516892 1.0 1.0082802311653196 1.0082802311653196 0.0015056450602759508
59770.65545168099 3.2110000000000003 0.018999999999999906 1.0082957582568013 0.004200216977709343 1.0 1.008280049363503 1.008280049363503 1.5708893298382876e-05
59770.65546762441 3.2110000000000003 0.018999999999999906 1.0006270290499741 0.004180438139130988 1.0 1.0082798675616864 1.0082798675616864 -0.007652838511712279
59770.65548356783 3.2110000000000003 0.018999999999999906 1.0079701548454278 0.004200994319653409 1.0 1.00827968575987 1.00827968575987 -0.0003095309144420799
59770.65549951126 3.2110000000000003 0.018999999999999906 1.01291583249731 0.004207219010884899 1.0 1.0082795039579704 1.0082795039579704 0.004636328539339596
59770.65551545467 3.2110000000000003 0.018999999999999906 1.0035623457747684 0.004194647302224625 1.0 1.0082793221562367 1.0082793221562367 -0.004716976381468285
59770.65553139809 3.2110000000000003 0.018999999999999906 1.005659334069056 0.004191426268710836 1.0 1.0082791403544202 1.0082791403544202 -0.002619806285364179
59770.65554734152 3.2110000000000003 0.018999999999999906 1.0124583494759494 0.004206481588853888 1.0 1.0082789585525207 1.0082789585525207 0.004179390923428672
59770.65556328494 3.2110000000000003 0.018999999999999906 1.0134025440389214 0.004209507910897789 1.0 1.0082787767507042 1.0082787767507042 0.005123767288217174
59770.65557922836 3.2110000000000003 0.018999999999999906 1.0087850418613877 0.004202432252746282 1.0 1.0082785949488875 1.0082785949488875 0.0005064469125002358
59770.655595171775 3.2110000000000003 0.018999999999999906 1.005982107529854 0.004200379935241605 1.0 1.008278413147154 1.008278413147154 -0.0022963056172999874
59770.6556111152 3.2110000000000003 0.018999999999999906 1.010943446923264 0.004206814832587048 1.0 1.0082782313452545 1.0082782313452545 0.002665215578009583
59770.65562705862 3.2110000000000003 0.018999999999999906 1.007031219695456 0.004200657006420584 1.0 1.0082780495434378 1.0082780495434378 -0.0012468298479817452
59770.65564300204 3.2110000000000003 0.018999999999999906 1.0039191638005223 0.004189474691299882 1.0 1.0082778677416213 1.0082778677416213 -0.004358703941099051
59770.65565894546 3.2110000000000003 0.018999999999999906 1.0111133864984811 0.0042026670709689766 1.0 1.0082776859398048 1.0082776859398048 0.002835700558676324
59770.65567488889 3.2110000000000003 0.018999999999999906 1.0069370664602717 0.004199007930388639 1.0 1.0082775041379053 1.0082775041379053 -0.001340437677633588
59770.655690832304 3.2110000000000003 0.018999999999999906 1.0161105106027082 0.004216306571034182 1.0 1.0082773223361716 1.0082773223361716 0.007833188266536562
59770.655706775724 3.2110000000000003 0.018999999999999906 1.0040305592567442 0.004185435384844263 1.0 1.0082771405343551 1.0082771405343551 -0.004246581277610906
59770.65572271915 3.2110000000000003 0.018999999999999906 1.0026836542383082 0.004191614202231467 1.0 1.0082769587324556 1.0082769587324556 -0.005593304494147411
59770.655738662565 3.2110000000000003 0.018999999999999906 1.0189228494685747 0.0042155017139522905 1.0 1.008276776930722 1.008276776930722 0.010646072537852769
59770.65575460599 3.2110000000000003 0.018999999999999906 1.01094247679088 0.004207781334684243 1.0 1.0082765951288224 1.0082765951288224 0.002665881662057501
59770.655770549405 3.2110000000000003 0.018999999999999906 1.0032583095774754 0.004189197651799456 1.0 1.008276413327089 1.008276413327089 -0.005018103749613534
59770.65578649283 3.2110000000000003 0.018999999999999906 1.0043350049847866 0.004186399972935124 1.0 1.0082762315251894 1.0082762315251894 -0.0039412265404028535
59770.65580243625 3.2110000000000003 0.018999999999999906 1.0103700782289986 0.004206463917272843 1.0 1.008276049723373 1.008276049723373 0.002094028505625678
59770.655818379666 3.2110000000000003 0.018999999999999906 1.0072642768925213 0.004199184756493536 1.0 1.0082758679216393 1.0082758679216393 -0.0010115910291179642
59770.65583432309 3.2110000000000003 0.018999999999999906 1.0029566472526112 0.004188371179966779 1.0 1.0082756861197397 1.0082756861197397 -0.005319038867128478
59770.65585026652 3.2110000000000003 0.018999999999999906 1.0033651278619733 0.004188948960287835 1.0 1.0082755043178402 1.0082755043178402 -0.004910376455866894
59770.655866209934 3.2110000000000003 0.018999999999999906 1.0155959840275492 0.004210208265675352 1.0 1.0082753225161065 1.0082753225161065 0.007320661511442728
59770.655882153354 3.2110000000000003 0.018999999999999906 1.0094430571260702 0.004204572424545699 1.0 1.00827514071429 1.00827514071429 0.0011679164117801566
59770.65589809678 3.2110000000000003 0.018999999999999906 1.0086149732856504 0.004198950746647984 1.0 1.0082749589123905 1.0082749589123905 0.00034001437325992256
59770.655914040195 3.2110000000000003 0.018999999999999906 1.0071435631587273 0.004201077661767446 1.0 1.008274777110657 1.008274777110657 -0.0011312139519297215
59770.65592998362 3.2110000000000003 0.018999999999999906 1.0085772303111151 0.0041939525376070005 1.0 1.0082745953087575 1.0082745953087575 0.00030263500235760965
59770.655945927036 3.2110000000000003 0.018999999999999906 1.0086312031431348 0.004197706721610178 1.0 1.0082744135070238 1.0082744135070238 0.0003567896361109657
59770.65596187046 3.2110000000000003 0.018999999999999906 1.0139607861730824 0.004210462667119509 1.0 1.0082742317051243 1.0082742317051243 0.0056865544679580715
59770.65597781388 3.2110000000000003 0.018999999999999906 1.0121781878911837 0.004206989644533317 1.0 1.0082740499033078 1.0082740499033078 0.003904137987875922
59770.6559937573 3.2110000000000003 0.018999999999999906 1.0098705560627104 0.004200804908133161 1.0 1.0082738681015742 1.0082738681015742 0.0015966879611362117
59770.656009700724 3.2110000000000003 0.018999999999999906 1.0176333611463335 0.0042132853113105205 1.0 1.0082736862996746 1.0082736862996746 0.009359674846658894
59770.65602564415 3.2110000000000003 0.018999999999999906 1.0183660675935697 0.004216089635146943 1.0 1.008273504497775 1.008273504497775 0.010092563095794649
59770.656041587565 3.2110000000000003 0.018999999999999906 1.0124499969699456 0.0042048514275039965 1.0 1.0082733226960416 1.0082733226960416 0.004176674273904002
59770.656057530985 3.2110000000000003 0.018999999999999906 1.0090423237253505 0.004204904087648224 1.0 1.008273140894225 1.008273140894225 0.0007691828311255922
59770.65607347441 3.2110000000000003 0.018999999999999906 1.010745619610783 0.004204629515091301 1.0 1.0082729590923254 1.0082729590923254 0.0024726605184575146
59770.656089417826 3.2110000000000003 0.018999999999999906 1.01253086913011 0.004201616216292721 1.0 1.008272777290592 1.008272777290592 0.0042580918395180856
59770.65610536125 3.2110000000000003 0.018999999999999906 1.0148666933983046 0.004204519496342711 1.0 1.0082725954886924 1.0082725954886924 0.006594097909612184
59770.656121304666 3.2110000000000003 0.018999999999999906 1.008390667773646 0.004199317476585099 1.0 1.0082724136869587 1.0082724136869587 0.0001182540866873083
59770.656137248094 3.2110000000000003 0.018999999999999906 1.0095714743064166 0.0042007543842794495 1.0 1.0082722318850592 1.0082722318850592 0.0012992424213573717
59770.656153191514 3.2110000000000003 0.018999999999999906 1.0053924690159048 0.0041962165425029905 1.0 1.0082720500832427 1.0082720500832427 -0.0028795810673378774
59770.65616913493 3.2110000000000003 0.018999999999999906 1.0156955725189845 0.004213680015519212 1.0 1.008271868281509 1.008271868281509 0.007423704237475404
59770.656185078355 3.2110000000000003 0.018999999999999906 1.0096836633590898 0.004200050672456659 1.0 1.0082716864796095 1.0082716864796095 0.0014119768794802479
59770.656201021775 3.2110000000000003 0.018999999999999906 1.0072287538675089 0.004197695616392297 1.0 1.008271504677793 1.008271504677793 -0.0010427508102841543
59770.656216965195 3.2110000000000003 0.018999999999999906 1.0117878992301472 0.004205272945942954 1.0 1.0082713228759765 1.0082713228759765 0.0035165763541706863
59770.656232908615 3.2110000000000003 0.018999999999999906 1.0147390893921626 0.004208611253058371 1.0 1.0082711410741598 1.0082711410741598 0.006467948318002792
59770.656248852036 3.2110000000000003 0.018999999999999906 1.0049491219646933 0.004194594290508457 1.0 1.0082709592723433 1.0082709592723433 -0.0033218373076500107
59770.656264795456 3.2110000000000003 0.018999999999999906 1.0000557685461229 0.004183889391051632 1.0 1.0082707774705268 1.0082707774705268 -0.008215008924403966
59770.65628073888 3.2110000000000003 0.018999999999999906 1.0139862130041735 0.004211791709859437 1.0 1.0082705956687104 1.0082705956687104 0.005715617335463108
59770.6562966823 3.2110000000000003 0.018999999999999906 0.9995965342622884 0.004184136866367312 1.0 1.0082704138668936 1.0082704138668936 -0.008673879604605195
59770.656312625724 3.2110000000000003 0.018999999999999906 1.0032732108125015 0.004191733613215317 1.0 1.008270232064994 1.008270232064994 -0.004997021252492573
59770.656328569145 3.2110000000000003 0.018999999999999906 1.000032983363326 0.004186261858635973 1.0 1.0082700502631776 1.0082700502631776 -0.008237066899851708
59770.65634451256 3.2110000000000003 0.018999999999999906 1.011474924608384 0.004203728553340208 1.0 1.008269868461444 1.008269868461444 0.0032050561469401107
59770.656360455985 3.2110000000000003 0.018999999999999906 1.009352775072375 0.004203222916425264 1.0 1.0082696866595444 1.0082696866595444 0.0010830884128305573
59770.656376399405 3.2110000000000003 0.018999999999999906 1.0101849699358356 0.004204484572874931 1.0 1.008269504857728 1.008269504857728 0.001915465078107692
59770.656392342826 3.2110000000000003 0.018999999999999906 1.006302532847446 0.004192107785467274 1.0 1.0082693230559114 1.0082693230559114 -0.001966790208465463
59770.656408286246 3.2110000000000003 0.018999999999999906 1.0057840259859643 0.00419509656023988 1.0 1.008269141254095 1.008269141254095 -0.0024851152681306665
59770.656424229666 3.2110000000000003 0.018999999999999906 1.0129116269536522 0.004208588161161242 1.0 1.0082689594522782 1.0082689594522782 0.004642667501373987
59770.65644017309 3.2110000000000003 0.018999999999999906 1.001528134767323 0.004191149364480866 1.0 1.0082687776504617 1.0082687776504617 -0.006740642883138692
59770.65645611651 3.2110000000000003 0.018999999999999906 1.0096507313235112 0.004201247593411127 1.0 1.0082685958486453 1.0082685958486453 0.0013821354748659864
59770.65647205993 3.2110000000000003 0.018999999999999906 1.006491739638859 0.004193350411052341 1.0 1.0082684140468285 1.0082684140468285 -0.0017766744079694696
59770.65648800335 3.2110000000000003 0.018999999999999906 1.010324805755309 0.004199963166490455 1.0 1.008268232245012 1.008268232245012 0.0020565735102968663
59770.656503946775 3.2110000000000003 0.018999999999999906 1.0077704372977754 0.004198750875203056 1.0 1.0082680504431125 1.0082680504431125 -0.0004976131453371391
59770.65651989019 3.2110000000000003 0.018999999999999906 1.007402612627371 0.004198279107456708 1.0 1.008267868641379 1.008267868641379 -0.0008652560140081089
59770.656535833616 3.2110000000000003 0.018999999999999906 1.003827959897708 0.004188138294757473 1.0 1.0082676868394795 1.0082676868394795 -0.004439726941771527
59770.656551777036 3.2110000000000003 0.018999999999999906 1.010566720792339 0.0042052986899859795 1.0 1.0082675050376628 1.0082675050376628 0.002299215754676176
59770.656567720456 3.2110000000000003 0.018999999999999906 1.0061086106499204 0.0041973030181538425 1.0 1.0082673232358463 1.0082673232358463 -0.002158712585925926
59770.65658366388 3.2110000000000003 0.018999999999999906 1.0116218552936924 0.004199614912626823 1.0 1.0082671414340298 1.0082671414340298 0.0033547138596625725
59770.6565996073 3.2110000000000003 0.018999999999999906 1.0190573492666484 0.004217518740142013 1.0 1.0082669596322131 1.0082669596322131 0.010790389634435238
59770.65661555072 3.2110000000000003 0.018999999999999906 "" "" 1.0 1.0082667778303966 1.0082667778303966 ""
59770.65663149414 3.2110000000000003 0.018999999999999906 1.0076371048810582 0.00419930486830127 1.0 1.0082665960285802 1.0082665960285802 -0.0006294911475219767
59770.65664743756 3.2110000000000003 0.018999999999999906 1.0038935747705495 0.004195004419778673 1.0 1.0082664142267637 1.0082664142267637 -0.004372839456214139
59770.65666338098 3.2110000000000003 0.018999999999999906 1.0124869425966267 0.004206352482057364 1.0 1.008266232424947 1.008266232424947 0.004220710171679798
