eureka_custom_plots/data/stage5_lcfit_results/S5_wasp39b_ap4_bg8_Table_Save_ch45.txt
# %ECSV 1.0
# ---
# datatype:
# - {name: time, datatype: float64}
# - {name: wavelength, datatype: float64}
# - {name: bin_width, datatype: float64}
# - {name: lcdata, datatype: float64}
# - {name: lcerr, datatype: float64}
# - {name: transit, datatype: float64}
# - {name: polynom, datatype: float64}
# - {name: model, datatype: float64}
# - {name: residuals, datatype: float64}
# schema: astropy-2.0
time wavelength bin_width lcdata lcerr transit polynom model residuals
[from data line 542]
59770.65266158233 4.744 0.019000000000000128 0.9998495347845802 0.009882141365892945 1.0 1.0069336947463325 1.0069336947463325 -0.007084159961752379
59770.65267752576 4.744 0.019000000000000128 0.9995945056090423 0.009890163997733743 1.0 1.006933647325158 1.006933647325158 -0.007339141716115716
59770.65269346917 4.744 0.019000000000000128 1.0139236088431156 0.009917749101895976 1.0 1.0069335999040268 1.0069335999040268 0.006990008939088854
59770.65270941259 4.744 0.019000000000000128 1.0099952499316673 0.009904131415317376 1.0 1.0069335524828738 1.0069335524828738 0.0030616974487935877
59770.65272535602 4.744 0.019000000000000128 1.0032417179035096 0.009916918819852953 1.0 1.0069335050616992 1.0069335050616992 -0.00369178715818963
59770.65274129943 4.744 0.019000000000000128 0.9964223699889855 0.009872526681922192 1.0 1.006933457640568 1.006933457640568 -0.010511087651582485
59770.65275724286 4.744 0.019000000000000128 1.0033479650523758 0.00990166879611854 1.0 1.0069334102193932 1.0069334102193932 -0.0035854451670174203
59770.65277318628 4.744 0.019000000000000128 1.0155701796975423 0.00991305500428698 1.0 1.0069333627982404 1.0069333627982404 0.008636816899301847
59770.6527891297 4.744 0.019000000000000128 1.00941238581818 0.009917215964915394 1.0 1.0069333153770874 1.0069333153770874 0.0024790704410926345
59770.65280507312 4.744 0.019000000000000128 1.0119750710482949 0.009924520914617176 1.0 1.0069332679559344 1.0069332679559344 0.005041803092360464
59770.652821016534 4.744 0.019000000000000128 1.017878706377395 0.00993944871090688 1.0 1.0069332205348032 1.0069332205348032 0.010945485842591918
59770.65283695996 4.744 0.019000000000000128 1.0142257597973399 0.009932155649611162 1.0 1.0069331731136286 1.0069331731136286 0.007292586683711244
59770.65285290338 4.744 0.019000000000000128 1.0228552937975408 0.009913049971706151 1.0 1.0069331256924756 1.0069331256924756 0.015922168105065193
59770.6528688468 4.744 0.019000000000000128 0.9885606598232525 0.009840212175663445 1.0 1.0069330782713226 1.0069330782713226 -0.018372418448070138
59770.65288479022 4.744 0.019000000000000128 1.0015296709550168 0.00992122697498497 1.0 1.0069330308501698 1.0069330308501698 -0.005403359895153059
59770.65290073365 4.744 0.019000000000000128 0.9963498536372906 0.009839414049681014 1.0 1.0069329834289953 1.0069329834289953 -0.010583129791704726
59770.65291667706 4.744 0.019000000000000128 1.007281577124391 0.009892295741438807 1.0 1.0069329360078638 1.0069329360078638 0.0003486411165272152
59770.65293262048 4.744 0.019000000000000128 1.0032516004052172 0.00987082805057687 1.0 1.006932888586711 1.006932888586711 -0.0036812881814938248
59770.65294856391 4.744 0.019000000000000128 1.0023581579575755 0.009897589136283799 1.0 1.0069328411655363 1.0069328411655363 -0.004574683207960728
59770.65296450733 4.744 0.019000000000000128 1.000351132064704 0.009909860228106767 1.0 1.0069327937443835 1.0069327937443835 -0.00658166167967944
59770.65298045075 4.744 0.019000000000000128 1.0269202665951154 0.009946030236989279 1.0 1.0069327463232305 1.0069327463232305 0.019987520271884884
59770.65299639417 4.744 0.019000000000000128 1.0043561855834087 0.009884406608834058 1.0 1.0069326989020775 1.0069326989020775 -0.002576513318668816
59770.65301233759 4.744 0.019000000000000128 1.0048064617683303 0.009902930247103267 1.0 1.0069326514809245 1.0069326514809245 -0.002126189712594151
59770.65302828101 4.744 0.019000000000000128 1.0036976479187352 0.009885382518227357 1.0 1.0069326040597717 1.0069326040597717 -0.003234956141036527
59770.65304422443 4.744 0.019000000000000128 0.9927529111503036 0.009838671851667393 1.0 1.0069325566386187 1.0069325566386187 -0.014179645488315074
59770.65306016785 4.744 0.019000000000000128 1.0176965938260243 0.009927877645287918 1.0 1.0069325092174657 1.0069325092174657 0.0107640846085586
59770.65307611128 4.744 0.019000000000000128 0.9979711364080365 0.009876794453463558 1.0 1.0069324617962911 1.0069324617962911 -0.00896132538825467
59770.653092054694 4.744 0.019000000000000128 1.0053373588061782 0.00988680343681734 1.0 1.00693241437516 1.00693241437516 -0.0015950555689816515
59770.653107998114 4.744 0.019000000000000128 1.0063534037396533 0.009891698840840511 1.0 1.006932366954007 1.006932366954007 -0.0005789632143535783
59770.65312394154 4.744 0.019000000000000128 1.0181821122889962 0.009902915123990339 1.0 1.0069323195328324 1.0069323195328324 0.01124979275616389
59770.653139884955 4.744 0.019000000000000128 1.00726439552915 0.009907982053587122 1.0 1.006932272111701 1.006932272111701 0.00033212341744892626
59770.65315582838 4.744 0.019000000000000128 1.0159112011546356 0.009924056691514447 1.0 1.0069322246905266 1.0069322246905266 0.008978976464109056
59770.6531717718 4.744 0.019000000000000128 1.005414258144966 0.009896674256407452 1.0 1.0069321772693736 1.0069321772693736 -0.001517919124407463
59770.65318771522 4.744 0.019000000000000128 1.0088379331963955 0.00989609754736314 1.0 1.0069321298482206 1.0069321298482206 0.001905803348174917
59770.65320365864 4.744 0.019000000000000128 0.995187337402694 0.00987818198496687 1.0 1.0069320824270676 1.0069320824270676 -0.011744745024373504
59770.65321960206 4.744 0.019000000000000128 1.0009681463956028 0.009907196398359486 1.0 1.0069320350059148 1.0069320350059148 -0.00596388861031194
59770.653235545484 4.744 0.019000000000000128 1.0116149147317632 0.00992773384370751 1.0 1.0069319875847618 1.0069319875847618 0.00468292714700147
59770.65325148891 4.744 0.019000000000000128 1.0012167576243136 0.009877174722551594 1.0 1.0069319401635872 1.0069319401635872 -0.005715182539273611
59770.653267432324 4.744 0.019000000000000128 1.0158149228524302 0.009896952187985706 1.0 1.0069318927424558 1.0069318927424558 0.008883030109974488
59770.653283375745 4.744 0.019000000000000128 1.0171217408881055 0.009931055698021874 1.0 1.006931845321303 1.006931845321303 0.010189895566802498
59770.65329931917 4.744 0.019000000000000128 1.0130642970661905 0.009892821924107932 1.0 1.0069317979001284 1.0069317979001284 0.0061324991660620665
59770.653315262585 4.744 0.019000000000000128 1.008445488806606 0.009922228869384335 1.0 1.006931750478997 1.006931750478997 0.0015137383276089267
59770.65333120601 4.744 0.019000000000000128 1.0126164514081717 0.009914006113435323 1.0 1.0069317030578224 1.0069317030578224 0.005684748350349267
59770.65334714943 4.744 0.019000000000000128 1.022134467232132 0.009949417343884008 1.0 1.0069316556366694 1.0069316556366694 0.015202811595462551
59770.65336309285 4.744 0.019000000000000128 1.018612811844918 0.00993949773059233 1.0 1.0069316082155166 1.0069316082155166 0.011681203629401393
59770.653379036274 4.744 0.019000000000000128 "" "" 1.0 1.0069315607943636 1.0069315607943636 ""
59770.65339497969 4.744 0.019000000000000128 0.9995452962777013 0.009893233390517142 1.0 1.0069315133732324 1.0069315133732324 -0.007386217095531111
59770.653410923114 4.744 0.019000000000000128 1.0073854372148086 0.009948794742985092 1.0 1.0069314659520578 1.0069314659520578 0.00045397126275070754
59770.65342686654 4.744 0.019000000000000128 1.0079153594414576 0.009926455955717695 1.0 1.006931418530883 1.006931418530883 0.0009839409105745212
59770.653442809955 4.744 0.019000000000000128 1.014671985664607 0.00987658874662534 1.0 1.0069313711097518 1.0069313711097518 0.007740614554855085
59770.653458753375 4.744 0.019000000000000128 1.0215553301891658 0.00994344893641357 1.0 1.0069313236885988 1.0069313236885988 0.014624006500566944
59770.6534746968 4.744 0.019000000000000128 1.0126796853314777 0.009910467921934759 1.0 1.0069312762674243 1.0069312762674243 0.005748409064053384
59770.653490640216 4.744 0.019000000000000128 1.0176303405212095 0.009922680752030212 1.0 1.006931228846293 1.006931228846293 0.01069911167491644
59770.65350658364 4.744 0.019000000000000128 1.0073838844327936 0.0099000622036547 1.0 1.0069311814251185 1.0069311814251185 0.00045270300767508154
59770.65352252706 4.744 0.019000000000000128 0.9881480457838226 0.00982517281212713 1.0 1.0069311340039655 1.0069311340039655 -0.01878308822014285
59770.653538470484 4.744 0.019000000000000128 1.0045716437113228 0.009894915758209862 1.0 1.0069310865828125 1.0069310865828125 -0.002359442871489703
59770.653554413904 4.744 0.019000000000000128 1.013045494257024 0.009898220840875433 1.0 1.0069310391616597 1.0069310391616597 0.006114455095364235
59770.653570357324 4.744 0.019000000000000128 1.0155446978876355 0.009911404180241478 1.0 1.0069309917405067 1.0069309917405067 0.008613706147128752
59770.653586300745 4.744 0.019000000000000128 0.9948116344511196 0.009877528619717895 1.0 1.0069309443193537 1.0069309443193537 -0.012119309868234063
59770.653602244165 4.744 0.019000000000000128 0.9999098349683154 0.00985195307090976 1.0 1.0069308968982007 1.0069308968982007 -0.007021061929885275
59770.653618187585 4.744 0.019000000000000128 1.0149698801307618 0.009924312189531711 1.0 1.006930849477048 1.006930849477048 0.008039030653713919
59770.653634131006 4.744 0.019000000000000128 1.0082120736632594 0.009900644609731463 1.0 1.006930802055895 1.006930802055895 0.0012812716073644648
59770.65365007443 4.744 0.019000000000000128 0.9965296529106434 0.009875127297671876 1.0 1.0069307546347204 1.0069307546347204 -0.010401101724076933
59770.653666017846 4.744 0.019000000000000128 1.0088294151716577 0.009903811412945074 1.0 1.0069307072135891 1.0069307072135891 0.0018987079580685684
59770.65368196127 4.744 0.019000000000000128 0.9993370746179181 0.009887216746504352 1.0 1.0069306597924361 1.0069306597924361 -0.007593585174518025
59770.653697904694 4.744 0.019000000000000128 0.9966041161644028 0.009884704259149158 1.0 1.0069306123712616 1.0069306123712616 -0.01032649620685877
59770.653713848114 4.744 0.019000000000000128 1.0060708766416246 0.011052836323108654 1.0 1.0069305649501086 1.0069305649501086 -0.0008596883084839302
59770.653729791535 4.744 0.019000000000000128 1.0049698103675004 0.009894964017575553 1.0 1.0069305175289556 1.0069305175289556 -0.001960707161455133
59770.653745734955 4.744 0.019000000000000128 1.0117170849610437 0.009913473271045099 1.0 1.0069304701078026 1.0069304701078026 0.004786614853241167
59770.653761678375 4.744 0.019000000000000128 1.0180422886226712 0.009940062947156035 1.0 1.0069304226866498 1.0069304226866498 0.011111865936021426
59770.653777621796 4.744 0.019000000000000128 1.0158614377116184 0.01117008805781394 1.0 1.0069303752654968 1.0069303752654968 0.00893106244612163
59770.653793565216 4.744 0.019000000000000128 1.0168993322895212 0.009920819047994592 1.0 1.0069303278443438 1.0069303278443438 0.009969004445177454
59770.653809508636 4.744 0.019000000000000128 1.0033898955499463 0.009914027557190893 1.0 1.006930280423191 1.006930280423191 -0.0035403848732447063
59770.653825452064 4.744 0.019000000000000128 1.016151627407569 0.009934040251462453 1.0 1.0069302330020162 1.0069302330020162 0.009221394405552807
59770.65384139548 4.744 0.019000000000000128 1.003171241303961 0.009897368315095608 1.0 1.006930185580885 1.006930185580885 -0.0037589442769239145
59770.6538573389 4.744 0.019000000000000128 1.0021786327258284 0.009889959829642192 1.0 1.006930138159732 1.006930138159732 -0.004751505433903569
59770.653873282325 4.744 0.019000000000000128 0.9919245338765325 0.009853186970377265 1.0 1.0069300907385574 1.0069300907385574 -0.015005556862024982
59770.653889225745 4.744 0.019000000000000128 0.9978061363058452 0.009898224480882272 1.0 1.0069300433174044 1.0069300433174044 -0.009123907011559185
59770.653905169165 4.744 0.019000000000000128 "" "" 1.0 1.0069299958962517 1.0069299958962517 ""
59770.653921112586 4.744 0.019000000000000128 1.0162596643932273 0.009943643538431725 1.0 1.0069299484750986 1.0069299484750986 0.0093297159181287
59770.653937056006 4.744 0.019000000000000128 1.0061800339091544 0.009897828343697849 1.0 1.0069299010539456 1.0069299010539456 -0.0007498671447911942
59770.653952999426 4.744 0.019000000000000128 1.0030288245474503 0.00987612611155671 1.0 1.0069298536327929 1.0069298536327929 -0.003901029085342511
59770.65396894285 4.744 0.019000000000000128 0.9953513297410833 0.009864745858757355 1.0 1.0069298062116399 1.0069298062116399 -0.011578476470556542
59770.65398488627 4.744 0.019000000000000128 0.991752538639317 0.00985948296087871 1.0 1.0069297587904869 1.0069297587904869 -0.015177220151169846
59770.654000829694 4.744 0.019000000000000128 1.001868641181822 0.009916024065224993 1.0 1.0069297113693123 1.0069297113693123 -0.005061070187490246
59770.65401677311 4.744 0.019000000000000128 0.9912433011991978 0.00990233228116619 1.0 1.006929663948181 1.006929663948181 -0.015686362748983274
59770.65403271653 4.744 0.019000000000000128 1.013737494774334 0.009936425593455162 1.0 1.006929616527028 1.006929616527028 0.0068078782473059984
59770.654048659955 4.744 0.019000000000000128 1.0144648883751117 0.009920765165101632 1.0 1.0069295691058535 1.0069295691058535 0.007535319269258212
59770.65406460337 4.744 0.019000000000000128 0.9989590344376978 0.009874143824395127 1.0 1.0069295216847223 1.0069295216847223 -0.007970487247024427
59770.654080546796 4.744 0.019000000000000128 1.0011462678676382 0.009866708995645356 1.0 1.0069294742635475 1.0069294742635475 -0.005783206395909346
59770.654096490216 4.744 0.019000000000000128 1.0080673248553145 0.0098853788850958 1.0 1.0069294268423947 1.0069294268423947 0.001137898012919747
59770.654112433636 4.744 0.019000000000000128 1.0063225160957214 0.009888505785395279 1.0 1.0069293794212417 1.0069293794212417 -0.0006068633255202904
59770.65412837706 4.744 0.019000000000000128 1.0067412822767494 0.009908782562206122 1.0 1.0069293320000887 1.0069293320000887 -0.0001880497233393008
59770.65414432047 4.744 0.019000000000000128 1.0094063557025277 0.00990909182015336 1.0 1.0069292845789575 1.0069292845789575 0.002477071123570207
59770.6541602639 4.744 0.019000000000000128 0.9981558367138778 0.009895308018536003 1.0 1.006929237157783 1.006929237157783 -0.008773400443905177
59770.654176207325 4.744 0.019000000000000128 1.0234279614793451 0.009950750663734537 1.0 1.0069291897366084 1.0069291897366084 0.01649877174273673
59770.65419215074 4.744 0.019000000000000128 0.9981070623118014 0.009904015101885015 1.0 1.006929142315477 1.006929142315477 -0.00882208000367557
59770.65420809416 4.744 0.019000000000000128 1.0028172435894631 0.009889419745612948 1.0 1.0069290948943241 1.0069290948943241 -0.004111851304861025
59770.654224037586 4.744 0.019000000000000128 1.0134697282462048 0.009901896177381133 1.0 1.0069290474731494 1.0069290474731494 0.006540680773055474
59770.654239981 4.744 0.019000000000000128 0.9986836308892947 0.009890893005855198 1.0 1.0069290000520181 1.0069290000520181 -0.008245369162723448
59770.654255924426 4.744 0.019000000000000128 0.9885752867272676 0.009856816528393304 1.0 1.0069289526308436 1.0069289526308436 -0.01835366590357601
59770.65427186785 4.744 0.019000000000000128 1.0181242940462414 0.009927115804876903 1.0 1.0069289052096906 1.0069289052096906 0.011195388836550801
59770.65428781127 4.744 0.019000000000000128 1.0116515319091295 0.00990659875462466 1.0 1.0069288577885378 1.0069288577885378 0.0047226741205916856
59770.65430375469 4.744 0.019000000000000128 1.0140564113617572 0.009901326035812308 1.0 1.0069288103673848 1.0069288103673848 0.007127600994372374
59770.6543196981 4.744 0.019000000000000128 1.0179787126795001 0.009960621477311696 1.0 1.0069287629462536 1.0069287629462536 0.011049949733246578
59770.65433564153 4.744 0.019000000000000128 0.9908294205637728 0.009853058214741195 1.0 1.0069287155250788 1.0069287155250788 -0.01609929496130602
59770.654351584955 4.744 0.019000000000000128 1.0075754430858426 0.00991681807581732 1.0 1.0069286681039042 1.0069286681039042 0.0006467749819383251
59770.65436752837 4.744 0.019000000000000128 1.0002712798869173 0.009889544540720135 1.0 1.006928620682773 1.006928620682773 -0.006657340795855671
