eureka_custom_plots/data/stage5_lcfit_results/S5_wasp39b_ap4_bg8_Table_Save_ch06.txt
# %ECSV 1.0
# ---
# datatype:
# - {name: time, datatype: float64}
# - {name: wavelength, datatype: float64}
# - {name: bin_width, datatype: float64}
# - {name: lcdata, datatype: float64}
# - {name: lcerr, datatype: float64}
# - {name: transit, datatype: float64}
# - {name: polynom, datatype: float64}
# - {name: model, datatype: float64}
# - {name: residuals, datatype: float64}
# schema: astropy-2.0
time wavelength bin_width lcdata lcerr transit polynom model residuals
[from data line 12139]
59770.83755742623 3.2489999999999997 0.018999999999999906 0.9890530705206618 0.004297977888176509 0.9776326438246776 1.0061907944504813 0.9836849665706768 0.0053681039499849925
59770.83757336966 3.2489999999999997 0.018999999999999906 0.9923782675856387 0.004301756186363924 0.9776326717063589 1.0061906535540877 0.9836848568800501 0.0086934107055886
59770.83758931307 3.2489999999999997 0.018999999999999906 0.9860624445829674 0.004290630793259696 0.9776326998123471 1.0061905126578223 0.9836847474152365 0.002377697167730952
59770.83760525649 3.2489999999999997 0.018999999999999906 0.9801989942567934 0.004281791331154313 0.9776327281427167 1.0061903717614928 0.9836846381761226 -0.003485643919329262
59770.83762119991 3.2489999999999997 0.018999999999999906 0.9886896186299939 0.0043006934259679774 0.9776327566974964 1.0061902308651633 0.9836845291627999 0.005005089467194024
59770.83763714333 3.2489999999999997 0.018999999999999906 0.9896835125792995 0.004298442851086708 0.9776327854767248 1.0061900899688339 0.9836844203753075 0.005999092203992085
59770.83765308675 3.2489999999999997 0.018999999999999906 0.9723591367966099 0.004269852620887324 0.9776328144804415 1.0061899490725044 0.9836843118136845 -0.01132517501707464
59770.837669030174 3.2489999999999997 0.018999999999999906 0.9900218909776513 0.004293448212958054 0.9776328437086864 1.0061898081761749 0.9836842034779716 0.006337687499679667
59770.837684973594 3.2489999999999997 0.018999999999999906 0.9729687479217366 0.004272632058860975 0.9776328731615005 1.0061896672798452 0.9836840953682092 -0.010715347446472623
59770.83770091701 3.2489999999999997 0.018999999999999906 0.9902589047133682 0.0042920008617085515 0.9776329028389098 1.00618952638358 0.9836839874844872 0.006574917228881039
59770.83771686043 3.2489999999999997 0.018999999999999906 0.9854657124341243 0.004292466441632758 0.9776329327409824 1.0061893854872506 0.9836838798267477 0.0017818326073766322
59770.83773280385 3.2489999999999997 0.018999999999999906 0.9803266927543094 0.004275700153792815 0.9776329628677476 1.006189244590921 0.983683772395083 -0.003357079640773586
59770.837748747275 3.2489999999999997 0.018999999999999906 0.9858248387293597 0.004297206429498434 0.9776329932192601 1.0061891036945272 0.9836836651894851 0.00214117353987453
59770.83776469069 3.2489999999999997 0.018999999999999906 0.9857992605674849 0.004287438176257449 0.9776330237955198 1.0061889627982619 0.9836835582101425 0.002115702357342375
59770.83778063411 3.2489999999999997 0.018999999999999906 0.9897130631980376 0.004292589214536426 0.9776330545966105 1.0061888219019324 0.9836834514569511 0.006029611741086516
59770.83779657753 3.2489999999999997 0.018999999999999906 0.9796521770953178 0.0042788586748329464 0.9776330856225615 1.0061886810056029 0.9836833449300028 -0.0040311678346849344
59770.83781252094 3.2489999999999997 0.018999999999999906 0.9825586454639462 0.0042884617878599885 0.9776331168734005 1.0061885401093376 0.9836832386293882 -0.0011245931654420005
59770.83782846437 3.2489999999999997 0.018999999999999906 0.9843955082009924 0.004285225317488422 0.9776331483492136 1.006188399212944 0.9836831325550057 0.0007123756459866959
59770.83784440778 3.2489999999999997 0.018999999999999906 0.9860729566208268 0.0042942754432268105 0.9776331800499877 1.0061882583166786 0.983683026707093 0.002389929913733879
59770.83786035121 3.2489999999999997 0.018999999999999906 0.9875805765992982 0.004296367254563866 0.9776332119758242 1.0061881174202847 0.9836829210855007 0.0038976555137975044
59770.83787629462 3.2489999999999997 0.018999999999999906 0.9773832812117174 0.0042763192295079844 0.9776332441267084 1.0061879765240196 0.9836828156904656 -0.006299534478748203
59770.83789223804 3.2489999999999997 0.018999999999999906 0.9806976245388097 0.004282899126835199 0.9776332765027289 1.00618783562769 0.9836827105218879 -0.0029850859830782284
59770.837908181464 3.2489999999999997 0.018999999999999906 0.9890382910436578 0.004294146574773462 0.9776333091039157 1.0061876947313606 0.9836826055798606 0.005355685463797166
59770.837924124884 3.2489999999999997 0.018999999999999906 0.9899364719676849 0.0043007978318823385 0.9776333419303137 1.0061875538350311 0.9836825008644289 0.006253971103255984
59770.837940068304 3.2489999999999997 0.018999999999999906 0.9793638544296238 0.004280552146358769 0.9776333749819675 1.0061874129387014 0.9836823963756371 -0.004318541946013332
59770.83795601172 3.2489999999999997 0.018999999999999906 0.9834676663076817 0.004293293631406079 0.977633408258909 1.0061872720424363 0.983682292113581 -0.00021462580589937108
59770.837971955145 3.2489999999999997 0.018999999999999906 0.9810269955099739 0.00428174030393553 0.9776334417612296 1.0061871311460424 0.9836821880781631 -0.0026551925681892463
59770.83798789856 3.2489999999999997 0.018999999999999906 0.9886644652994331 0.00429579331660734 0.9776334754889136 1.0061869902497773 0.9836820842696193 0.004982381029813743
59770.838003841985 3.2489999999999997 0.018999999999999906 0.9789743667808634 0.004952757985832605 0.9776335094420698 1.0061868493533834 0.9836819806878074 -0.004707613906944075
59770.8380197854 3.2489999999999997 0.018999999999999906 0.9796346314187674 0.004275904684822806 0.9776335436206826 1.006186708457118 0.983681877332963 -0.004047245914195585
59770.838035728826 3.2489999999999997 0.018999999999999906 0.9820886782129034 0.004285893845065102 0.977633578024861 1.0061865675607244 0.9836817742049445 -0.0015930959920411603
59770.83805167224 3.2489999999999997 0.018999999999999906 0.9823306467883396 0.004283644371472552 0.977633612654592 1.0061864266644591 0.9836816713039899 -0.0013510245156502787
59770.83806761565 3.2489999999999997 0.018999999999999906 0.99565643520581 0.0043166780737658485 0.9776336475099524 1.006186285768194 0.9836815686300509 0.011974866575759191
59770.83808355908 3.2489999999999997 0.018999999999999906 0.9860208688571604 0.0042864463750260555 0.9776336825910227 1.0061861448718001 0.9836814661830822 0.0023394026740782836
59770.83809950249 3.2489999999999997 0.018999999999999906 0.9780507352034118 0.004277095555245318 0.9776337178977885 1.0061860039755348 0.9836813639633212 -0.005630628759909384
59770.83811544592 3.2489999999999997 0.018999999999999906 0.9820700977862682 0.004288723784498364 0.9776337534303627 1.0061858630791412 0.9836812619706298 -0.0016111641843615798
59770.83813138933 3.2489999999999997 0.018999999999999906 0.9842010097103118 0.004284846534258824 0.9776337891887289 1.0061857221828758 0.9836811602052425 0.0005198495050692253
59770.83814733276 3.2489999999999997 0.018999999999999906 0.9866258891984244 0.004292689781475407 0.9776338251730025 1.006185581286482 0.9836810586670244 0.0029448305314000445
59770.838163276174 3.2489999999999997 0.018999999999999906 0.9846873880084516 0.004286442198075281 0.9776338613831662 1.0061854403902168 0.9836809573562093 0.0010064306522422628
59770.83817921959 3.2489999999999997 0.018999999999999906 0.9800545392332779 0.004278115264069586 0.977633897819304 1.0061852994939515 0.9836808562727556 -0.003626317039477689
59770.838195163014 3.2489999999999997 0.018999999999999906 0.9789889640040843 0.004281684188992729 0.9776339344814987 1.0061851585975576 0.983680755416621 -0.004691791412536728
59770.838211106435 3.2489999999999997 0.018999999999999906 0.9837762551072179 0.004295120767993907 0.9776339713697524 1.0061850177012281 0.9836806547879963 9.56003192216226e-05
59770.838227049855 3.2489999999999997 0.018999999999999906 0.9797233631834947 0.0042837261819111 0.9776340084841317 1.0061848768048987 0.9836805543868853 -0.003957191203390553
59770.83824299327 3.2489999999999997 0.018999999999999906 0.9829661468150962 0.004282475215340703 0.977634045824671 1.0061847359086336 0.9836804542133855 -0.00071430739828926
59770.838258936696 3.2489999999999997 0.018999999999999906 0.9877386626443072 0.004295042385313646 0.9776340833914735 1.0061845950122397 0.983680354267412 0.004058308376895248
59770.83827488011 3.2489999999999997 0.018999999999999906 0.975957689801722 0.004273707630964175 0.9776341211845215 1.0061844541159743 0.9836802545491982 -0.007722564747476124
59770.838290823536 3.2489999999999997 0.018999999999999906 0.9854027087446063 0.0042907465956773735 0.9776341592039364 1.0061843132195807 0.983680155058615 0.0017225536859913904
59770.83830676695 3.2489999999999997 0.018999999999999906 0.9808102709765903 0.004283411518600385 0.9776341974497021 1.0061841723233154 0.9836800557958972 -0.0028697848193068864
59770.83832271037 3.2489999999999997 0.018999999999999906 0.9848982895875038 0.004287336702232917 0.9776342359219237 1.0061840314269859 0.9836799567609622 0.0012183328265416016
59770.83833865379 3.2489999999999997 0.018999999999999906 0.9820038070899344 0.004282619068842595 0.9776342746206363 1.0061838905306564 0.983679857953908 -0.0016760508639735994
59770.8383545972 3.2489999999999997 0.018999999999999906 0.983125055387616 0.004290941167915448 0.9776343135458755 1.006183749634391 0.983679759374833 -0.0005547039872170201
59770.83837054063 3.2489999999999997 0.018999999999999906 0.9854100434969477 0.004291821884849137 0.9776343526977492 1.0061836087379974 0.9836796610236574 0.0017303824732902706
59770.83838648404 3.2489999999999997 0.018999999999999906 0.9823411814913694 0.004283401318293883 0.977634392076239 1.006183467841732 0.9836795629006138 -0.0013383814092443602
59770.83840242747 3.2489999999999997 0.018999999999999906 0.9725608865199991 0.004945260371433549 0.977634431681471 1.0061833269453382 0.9836794650055775 -0.011118578485578401
59770.838418370884 3.2489999999999997 0.018999999999999906 0.9776205149158217 0.004271714251199489 0.9776344715134291 1.006183186049073 0.9836793673387838 -0.006058852422962113
59770.838434314304 3.2489999999999997 0.018999999999999906 0.991456991387827 0.004287208168364361 0.9776345115722219 1.0061830451527436 0.9836792699001534 0.007777721487673528
59770.838450257725 3.2489999999999997 0.018999999999999906 0.9835592954003982 0.004289276292559689 0.9776345518578868 1.0061829042564139 0.9836791726897862 -0.00011987728938800402
59770.83846620114 3.2489999999999997 0.018999999999999906 0.9841126705681429 0.0042896415149157345 0.9776345923704605 1.0061827633601488 0.9836790757077826 0.00043359486036032013
59770.838482144565 3.2489999999999997 0.018999999999999906 0.9915816886576108 0.0042942338103327 0.9776346331100553 1.006182622463755 0.9836789789540663 0.007902709703544453
59770.838498087985 3.2489999999999997 0.018999999999999906 0.9823922119198708 0.004284781938670255 0.9776346740766708 1.0061824815674254 0.9836788824288257 -0.0012866705089549235
59770.838514031406 3.2489999999999997 0.018999999999999906 0.9854587066262008 0.004293902109078086 0.977634715270383 1.006182340671096 0.9836787861320744 0.0017799204941264524
59770.83852997482 3.2489999999999997 0.018999999999999906 0.9888620148573569 0.004289648081952749 0.9776347566912291 1.0061821997748306 0.9836786900639122 0.0051833247934447435
59770.83854591824 3.2489999999999997 0.018999999999999906 0.9800989554173702 0.004284594432818609 0.9776347983393037 1.006182058878501 0.9836785942243088 -0.0035796388069385676
59770.83856186166 3.2489999999999997 0.018999999999999906 0.9791451827125041 0.0042817937973662415 0.9776348402146473 1.0061819179821716 0.9836784986133676 -0.004533315900863588
59770.83857780508 3.2489999999999997 0.018999999999999906 0.9765509359251233 0.004275176626638333 0.9776348823173169 1.006181777085842 0.983678403231146 -0.00712746730602265
59770.8385937485 3.2489999999999997 0.018999999999999906 0.975311541918186 0.004272887096781123 0.9776349246473707 1.0061816361895126 0.9836783080777023 -0.008366766159516259
59770.83860969192 3.2489999999999997 0.018999999999999906 0.980778757294414 0.004275982953758564 0.9776349672048669 1.0061814952931831 0.983678213153095 -0.0028994558586810104
59770.83862563534 3.2489999999999997 0.018999999999999906 0.9799535352132032 0.004278915391626332 0.9776350099898643 1.0061813543968536 0.9836781184573832 -0.003724583244180013
59770.83864157875 3.2489999999999997 0.018999999999999906 0.9811668943370616 0.0042795044359554705 0.9776350530024023 1.0061812135005883 0.9836780239906691 -0.0025111296536074468
59770.83865752218 3.2489999999999997 0.018999999999999906 0.9870629016181544 0.004294995996339522 0.9776350962425987 1.0061810726041944 0.9836779297528828 0.0033849718652715355
59770.8386734656 3.2489999999999997 0.018999999999999906 0.9755608601257038 0.004269017208044701 0.9776351397104559 1.006180931707865 0.9836778357442152 -0.008116975618511435
59770.838689409014 3.2489999999999997 0.018999999999999906 0.9851864682968033 0.004287714071615658 0.9776351834060326 1.0061807908115998 0.9836777419647253 0.001508726332077992
59770.838705352435 3.2489999999999997 0.018999999999999906 0.9859552265417242 0.004291195202929951 0.9776352273294295 1.0061806499152701 0.9836776484143882 0.0022775781273359774
59770.838721295855 3.2489999999999997 0.018999999999999906 0.9848264796876215 0.004286938289935784 0.9776352714806869 1.0061805090189406 0.9836775550933077 0.001148924594313816
59770.838737239275 3.2489999999999997 0.018999999999999906 0.9881181882516985 0.004297251434059224 0.9776353158598661 1.0061803681226111 0.9836774620015453 0.004440726250153237
59770.838753182696 3.2489999999999997 0.018999999999999906 0.9795230794153192 0.004279991823838248 0.9776353604670284 1.0061802272262816 0.9836773691391624 -0.00415428972384313
59770.838769126116 3.2489999999999997 0.018999999999999906 0.9818142475528998 0.00427921374626106 0.9776354053022339 1.0061800863299522 0.9836772765062195 -0.0018630289533196898
59770.838785069536 3.2489999999999997 0.018999999999999906 0.9803091004581052 0.00428208337401959 0.9776354503655472 1.0061799454336227 0.9836771841027814 -0.003368083644676223
59770.83880101295 3.2489999999999997 0.018999999999999906 0.9840177274761487 0.004292888120179303 0.9776354956570085 1.0061798045373573 0.9836770919289513 0.00034063554719743205
59770.83881695637 3.2489999999999997 0.018999999999999906 0.9852528823366409 0.00428904535421959 0.9776355411767221 1.0061796636410278 0.9836769999847085 0.0015758823519324006
59770.83883289979 3.2489999999999997 0.018999999999999906 0.9844779870694159 0.004295241122340354 0.9776355869247301 1.0061795227446984 0.983676908270158 0.0008010787992579482
59770.83884884321 3.2489999999999997 0.018999999999999906 0.988609716279196 0.004300707358338208 0.9776356329010953 1.0061793818483689 0.983676816785363 0.004932899493833021
59770.83886478663 3.2489999999999997 0.018999999999999906 0.9944446953660723 0.004305207572924775 0.9776356791058818 1.0061792409520394 0.9836767255303877 0.010767969835684621
59770.83888073005 3.2489999999999997 0.018999999999999906 0.980253931136652 0.004283041428479998 0.9776357255391519 1.0061791000557099 0.9836766345052949 -0.00342270336864281
59770.83889667347 3.2489999999999997 0.018999999999999906 0.9828046387032061 0.004284179575265524 0.9776357722009724 1.0061789591593802 0.9836765437101513 -0.0008719050069452283
59770.838912616884 3.2489999999999997 0.018999999999999906 0.9752566471697555 0.004272374054668919 0.9776358190913848 1.006178818263115 0.983676453145062 -0.00841980597530656
59770.838928560304 3.2489999999999997 0.018999999999999906 0.9752583611884392 0.004943232284100292 0.9776358662104969 1.0061786773667856 0.9836763628100095 -0.008418001621570248
59770.838944503725 3.2489999999999997 0.018999999999999906 0.9829613929074444 0.004287749540413122 0.9776359135583527 1.006178536470456 0.9836762727051006 -0.0007148797976561649
59770.83896044715 3.2489999999999997 0.018999999999999906 0.9843594718077127 0.004287155900864222 0.9776359611350395 1.0061783955740622 0.9836761828303603 0.0006832889773523698
