eureka_custom_plots/data/stage5_lcfit_results/S5_wasp39b_ap4_bg8_Table_Save_ch24.txt
# %ECSV 1.0
# ---
# datatype:
# - {name: time, datatype: float64}
# - {name: wavelength, datatype: float64}
# - {name: bin_width, datatype: float64}
# - {name: lcdata, datatype: float64}
# - {name: lcerr, datatype: float64}
# - {name: transit, datatype: float64}
# - {name: polynom, datatype: float64}
# - {name: model, datatype: float64}
# - {name: residuals, datatype: float64}
# schema: astropy-2.0
time wavelength bin_width lcdata lcerr transit polynom model residuals
[from data line 9687]
59770.79846416136 3.939 0.019000000000000128 0.9816547102134052 0.006082346732878316 0.9788240026514528 1.00636789448915 0.9850570506237848 -0.0034023404103795674
59770.798480104786 3.939 0.019000000000000128 0.9793175516499392 0.00608338798463777 0.978822923333243 1.0063678239985085 0.9850558954347347 -0.005738343784795541
59770.7984960482 3.939 0.019000000000000128 0.9896017028247294 0.0060962580794963785 0.9788218457748169 1.0063677535079312 0.9850547420168891 0.004546960807840228
59770.79851199163 3.939 0.019000000000000128 0.9879508665045268 0.006094288638172204 0.9788207699692784 1.0063676830172894 0.9850535903631819 0.00289727614134494
59770.79852793504 3.939 0.019000000000000128 1.000508728881078 0.006111847245931157 0.9788196959135252 1.0063676125267123 0.9850524404706169 0.015456288410460983
59770.79854387847 3.939 0.019000000000000128 0.9848082692189507 0.006086574934878748 0.9788186236007204 1.0063675420360705 0.9850512923321866 -0.000243023113235874
59770.79855982188 3.939 0.019000000000000128 0.9836722956165134 0.006080364470286287 0.9788175530279006 1.006367471545493 0.9850501459450349 -0.001377850328521557
59770.79857576531 3.939 0.019000000000000128 0.994207109998985 0.0060984578480891 0.9788164841881943 1.0063674010548516 0.9850490013021204 0.00915810869686462
59770.79859170872 3.939 0.019000000000000128 0.9881725893571707 0.0060996400878444035 0.9788154170787141 1.0063673305642742 0.9850478584006622 0.003124730956508448
59770.79860765215 3.939 0.019000000000000128 0.9745480387277341 0.006067563579596107 0.9788143516926454 1.0063672600736324 0.9850467172336764 -0.010498678505942327
59770.79862359556 3.939 0.019000000000000128 0.9875411791118356 0.0060819706699142 0.9788132880271452 1.006367189583055 0.9850455777984275 0.002495601313408091
59770.79863953898 3.939 0.019000000000000128 0.9837939957214469 0.006080442208744674 0.9788122260759464 1.0063671190924457 0.9850444400885139 -0.0012504443670670051
59770.7986554824 3.939 0.019000000000000128 0.9892566948605327 0.006095165430749027 0.9788111658347763 1.0063670486018361 0.9850433040996662 0.0042133907608664645
59770.79867142582 3.939 0.019000000000000128 0.9947831161686382 0.006104240175636034 0.9788101072988952 1.0063669781112266 0.9850421698271146 0.00974094634152367
59770.79868736924 3.939 0.019000000000000128 0.9898118403883729 0.006098804835105404 0.978809050463586 1.0063669076206172 0.9850410372661117 0.004770803122261191
59770.79870331266 3.939 0.019000000000000128 0.9786511275591733 0.006072852288160807 0.9788079953241576 1.0063668371300076 0.9850399064119358 -0.006388778852762567
59770.79871925608 3.939 0.019000000000000128 0.9819276761475596 0.006087967566058109 0.9788069418759416 1.006366766639398 0.9850387772598886 -0.00311110111232904
59770.7987351995 3.939 0.019000000000000128 0.9824200390694827 0.006084931654624912 0.9788058901142941 1.0063666961487885 0.9850376498052963 -0.002617610735813569
59770.79875114292 3.939 0.019000000000000128 0.9823391193319324 0.006072253374478681 0.9788048400350492 1.0063666256582113 0.9850365240439978 -0.0026974047120653655
59770.798767086344 3.939 0.019000000000000128 0.989855833516808 0.006097672267317975 0.9788037916322139 1.0063665551675696 0.9850353999698667 0.004820433546941283
59770.798783029764 3.939 0.019000000000000128 0.9810757998588298 0.006081531244432678 0.9788027449026403 1.00636648467696 0.9850342775798293 -0.003958477720999554
59770.798798973185 3.939 0.019000000000000128 0.994136157414186 0.006106224407374458 0.9788016998412913 1.0063664141863506 0.985033156868785 0.00910300054540103
59770.7988149166 3.939 0.019000000000000128 0.9754634803217287 0.006072164975757191 0.9788006564441213 1.0063663436957733 0.9850320378326931 -0.009568557510964415
59770.79883086002 3.939 0.019000000000000128 0.9923599225429551 0.0060906974950737415 0.9787996147056586 1.0063662732051637 0.9850309204659837 0.007329002076971403
59770.79884680344 3.939 0.019000000000000128 0.9854434136728533 0.006097913936580281 0.9787985746219033 1.0063662027145541 0.9850298047646631 0.00041360890819019946
59770.79886274686 3.939 0.019000000000000128 0.9944735620731547 0.006111564358657838 0.9787975361883942 1.0063661322239448 0.9850286907242408 0.009444871348913919
59770.79887869028 3.939 0.019000000000000128 0.9879523513069447 0.006080654562624463 0.9787964994006919 1.0063660617333352 0.9850275783402491 0.002924772966695577
59770.7988946337 3.939 0.019000000000000128 0.9857709216692676 0.006092443973477183 0.97879546425438 1.0063659912427256 0.985026467608243 0.0007444540610246353
59770.79891057712 3.939 0.019000000000000128 0.9815765778246862 0.006074723707804281 0.9787944307450627 1.0063659207521163 0.9850253585237985 -0.0034487806991122527
59770.79892652053 3.939 0.019000000000000128 0.995574106459187 0.0061043013951213145 0.9787933988688134 1.006365850261539 0.9850242510829951 0.010549855376191908
59770.79894246396 3.939 0.019000000000000128 0.9802155361683683 0.006085426977777086 0.9787923686199379 1.0063657797708971 0.9850231452800072 -0.004807609111638911
59770.79895840737 3.939 0.019000000000000128 0.985290307096441 0.006090465016328159 0.9787913399958927 1.0063657092803198 0.9850220411124012 0.00026826598403983937
59770.7989743508 3.939 0.019000000000000128 0.9891256975374182 0.006097470257208287 0.9787903129905532 1.0063656387896782 0.9850209385738872 0.004104758963531019
59770.79899029421 3.939 0.019000000000000128 0.9827081392336898 0.006077950888572428 0.978789287601501 1.0063655682991008 0.9850198376621566 -0.0023116984284667907
59770.79900623764 3.939 0.019000000000000128 0.9910381325851959 0.006096229049160242 0.9787882638225702 1.0063654978084593 0.9850187383708785 0.006019394214317408
59770.799022181054 3.939 0.019000000000000128 0.9767840065060742 0.006062812265723129 0.9787872416514072 1.006365427317882 0.9850176406978094 -0.008233634191735173
59770.79903812448 3.939 0.019000000000000128 0.9811248887459356 0.00607246344818083 0.978786221081893 1.0063653568272402 0.9850165446366652 -0.003891655890729595
59770.799054067895 3.939 0.019000000000000128 0.9821666882557357 0.006078058946319587 0.9787852021117088 1.0063652863366628 0.9850154501852382 -0.0028487619295024524
59770.79907001132 3.939 0.019000000000000128 0.9902063422464435 0.006098783690831324 0.9787841847347821 1.0063652158460212 0.9850143573372909 0.005191984909152625
59770.799085954735 3.939 0.019000000000000128 0.9871145675379167 0.006090351369293747 0.9787831689488284 1.0063651453554439 0.9850132660906497 0.0021013014472670566
59770.799101898156 3.939 0.019000000000000128 0.9892296024614375 0.006093461149162971 0.9787821547482893 1.0063650748648343 0.985012176439626 0.004217426021811521
59770.799117841576 3.939 0.019000000000000128 1.001618392598636 0.007092961641570693 0.9787811421295074 1.0063650043742247 0.9850110883805704 0.016607304218065555
59770.799133784996 3.939 0.019000000000000128 0.9861081864070587 0.0060899278269562875 0.9787801310883746 1.0063649338836154 0.9850100019093485 0.001098184497710153
59770.79914972842 3.939 0.019000000000000128 0.9706372668933998 0.006054607512874757 0.9787791216208019 1.0063648633930058 0.9850089170218446 -0.014371650128444768
59770.79916567184 3.939 0.019000000000000128 0.9878436920336964 0.006085521737892302 0.9787781137226907 1.0063647929023962 0.9850078337139337 0.0028358583197626297
59770.79918161526 3.939 0.019000000000000128 0.9927222466956133 0.006097653647320499 0.9787771073900489 1.0063647224117869 0.9850067519815983 0.007715494714015003
59770.79919755867 3.939 0.019000000000000128 0.9850875792404551 0.006084754304970481 0.9787761026192799 1.0063646519212095 0.9850056718212497 8.190741920544031e-05
59770.79921350209 3.939 0.019000000000000128 0.97883463233779 0.006069477930273372 0.9787750994054415 1.0063645814306 0.9850045932278509 -0.006169960890060944
59770.79922944551 3.939 0.019000000000000128 0.9897928842563799 0.006096539391364829 0.9787740977450046 1.0063645109399904 0.9850035161978818 0.004789368058498056
59770.79924538894 3.939 0.019000000000000128 0.9914533238836929 0.006092716217788984 0.9787730976335312 1.0063644404493488 0.9850024407268444 0.006450883156848497
59770.79926133235 3.939 0.019000000000000128 0.9945945137228004 0.00610321488448172 0.9787720990684512 1.0063643699587714 0.9850013668122461 0.00959314691055424
59770.79927727577 3.939 0.019000000000000128 0.9862216602338449 0.0060873443515832145 0.9787711020444383 1.0063642994681619 0.9850002944486319 0.0012213657852130355
59770.79929321919 3.939 0.019000000000000128 0.9794009978604633 0.0060822808589897194 0.9787701065580344 1.0063642289775525 0.9849992236325532 -0.005598225772089904
59770.79930916261 3.939 0.019000000000000128 0.9772909636610664 0.006067712188691499 0.9787691126053362 1.006364158486943 0.984998154360081 -0.007707190699014599
59770.79932510603 3.939 0.019000000000000128 0.9863425255052896 0.006087745710049063 0.9787681201824588 1.0063640879963334 0.9849970866273058 0.0013454388779837734
59770.79934104945 3.939 0.019000000000000128 0.9877463305037766 0.006092874813644475 0.978767129285535 1.006364017505724 0.9849960204303354 0.0027503100734411756
59770.79935699287 3.939 0.019000000000000128 0.9921603643497935 0.006089808589295774 0.9787661399107149 1.0063639470151144 0.9849949557652948 0.007165408584498656
59770.79937293629 3.939 0.019000000000000128 0.9762337521218064 0.006069144372887385 0.9787651520541378 1.0063638765245049 0.9849938926282986 -0.008760140506492209
59770.79938887971 3.939 0.019000000000000128 0.9832398403846678 0.006075171556932733 0.9787641657125019 1.0063638060339275 0.9849928310160552 -0.0017529906313873411
59770.799404823134 3.939 0.019000000000000128 0.9907023570930195 0.00609505088419573 0.9787631808806129 1.006363735543286 0.9849917709232424 0.005710586169777043
59770.79942076655 3.939 0.019000000000000128 0.9955860701971923 0.006110088425005999 0.978762197556513 1.0063636650527086 0.9849907123480156 0.010595357849176645
59770.799436709975 3.939 0.019000000000000128 0.979174530610858 0.006076819674533177 0.9787612157346185 1.0063635945620668 0.9849896552846292 -0.00581512467377121
59770.79945265339 3.939 0.019000000000000128 0.9843128082442295 0.006082676208004986 0.9787602354129996 1.0063635240714897 0.9849885997312671 -0.0006757914870375581
59770.799468596815 3.939 0.019000000000000128 0.9745990235759536 0.006067643556357878 0.9787592565861125 1.0063634535808479 0.9849875456822235 -0.010388522106269837
59770.79948454023 3.939 0.019000000000000128 0.9918765169922287 0.006099084902988272 0.9787582792520549 1.0063633830902705 0.9849864931357097 0.006890023856518934
59770.79950048365 3.939 0.019000000000000128 0.9798781439366111 0.0060690184561446505 0.9787573034057726 1.006363312599661 0.9849854420865447 -0.005107298149933603
59770.79951642707 3.939 0.019000000000000128 0.9768715341664866 0.006075122082530325 0.9787563290440374 1.0063632421090516 0.9849843925315112 -0.008112858365024511
59770.799532370496 3.939 0.019000000000000128 0.9798473735110466 0.006066385507042854 0.9787553561627355 1.0063631716184098 0.9849833444664368 -0.005135970955390201
59770.79954831391 3.939 0.019000000000000128 0.9814533320050758 0.006076809484313996 0.9787543847595681 1.0063631011278324 0.9849822978891026 -0.0035289658840268467
59770.79956425732 3.939 0.019000000000000128 0.9851302077957914 0.0060803484667330395 0.9787534148299739 1.0063630306372553 0.9849812527948553 0.00014895500093614622
59770.79958020075 3.939 0.019000000000000128 0.9883724997288361 0.006090063847030896 0.978752446369498 1.0063629601466135 0.9849802091791476 0.0033922905496884814
59770.79959614416 3.939 0.019000000000000128 0.9887920844833861 0.006092563870006699 0.9787514793763044 1.0063628896560362 0.9849791670402579 0.003812917443128172
59770.79961208759 3.939 0.019000000000000128 0.9847119568992067 0.006089966072454935 0.9787505138450185 1.0063628191653946 0.9849781263726515 -0.00026616947344482167
59770.799628031 3.939 0.019000000000000128 0.9881988939600916 0.00608094095648458 0.9787495497738586 1.0063627486748172 0.9849770871746603 0.0032218067854313803
59770.79964397443 3.939 0.019000000000000128 0.9888570044284342 0.006083463801897901 0.978748587157487 1.0063626781841755 0.9849760494407865 0.0038809549876476224
59770.799659917844 3.939 0.019000000000000128 0.9759668005999499 0.00607941586638689 0.9787476259941474 1.006362607693598 0.9849750131693886 -0.009008212569438734
59770.799675861264 3.939 0.019000000000000128 0.9816028049298645 0.006067354882118773 0.9787466662789818 1.0063625372029887 0.984973978355483 -0.0033711734256184345
59770.799691804685 3.939 0.019000000000000128 0.9828988756663103 0.006081494613314575 0.9787457080089277 1.0063624667123792 0.9849729449960185 -0.002074069329708217
59770.79970774811 3.939 0.019000000000000128 0.9905470696158468 0.006096725961389385 0.9787447511800503 1.0063623962217374 0.9849719130870036 0.005575156528843217
59770.799723691525 3.939 0.019000000000000128 0.9757634460406881 0.006063285709806417 0.9787437957901995 1.0063623257311602 0.984970882626369 -0.009207436585680906
59770.799739634946 3.939 0.019000000000000128 0.9863741195067448 0.00607325716136759 0.9787428418345854 1.0063622552405507 0.984969853609199 0.001404265897545831
59770.799755578366 3.939 0.019000000000000128 0.9880205232011263 0.0060928632404914345 0.9787418893102028 1.006362184749941 0.9849688260325007 0.0030516971686256333
59770.799771521786 3.939 0.019000000000000128 0.9914642728292179 0.006099105638726439 0.9787409382136184 1.0063621142593315 0.9849677998928188 0.0064964729363991
59770.79978746521 3.939 0.019000000000000128 0.9865397168217451 0.00609498015005996 0.9787399885413864 1.0063620437687222 0.9849667751866854 0.0015729416350597214
59770.79980340863 3.939 0.019000000000000128 0.9894904077585662 0.006090181588779891 0.9787390402901578 1.0063619732781126 0.9849657519107293 0.0045246558478369
59770.79981935205 3.939 0.019000000000000128 0.9833655853883195 0.006086973559791595 0.9787380934565154 1.006361902787503 0.9849647300615119 -0.001599144673192332
59770.79983529547 3.939 0.019000000000000128 0.9846678961192028 0.006083613767622819 0.9787371480370841 1.0063618322968937 0.9849637096356361 -0.00029581351643326315
59770.79985123888 3.939 0.019000000000000128 0.9808458517113623 0.0060910743788322496 0.9787362040289389 1.0063617618063163 0.9849626906301893 -0.0041168389188269705
59770.79986718231 3.939 0.019000000000000128 0.9846912220592342 0.006089264962186368 0.9787352614274241 1.0063616913156745 0.9849616730403914 -0.0002704509811571887
59770.79988312572 3.939 0.019000000000000128 0.980371066190033 0.006066953896381689 0.9787343202309505 1.0063616208250972 0.9849606568647691 -0.004589590674736077
59770.79989906915 3.939 0.019000000000000128 0.9776293282681098 0.006059952222808931 0.9787333804344577 1.0063615503344556 0.9849596420981034 -0.007330313829993607
59770.79991501256 3.939 0.019000000000000128 0.9864909121734574 0.006077408309565407 0.9787324420363799 1.0063614798438782 0.984958628738944 0.0015322834345133929
59770.79993095598 3.939 0.019000000000000128 0.9805654826936507 0.006075397229384993 0.9787315050321217 1.0063614093532687 0.9849576167825718 -0.004392134088921029
59770.7999468994 3.939 0.019000000000000128 0.9963172650895593 0.006123628764630855 0.9787305694188402 1.0063613388626593 0.984956606226157 0.011360658863402318
59770.799962842815 3.939 0.019000000000000128 0.9844507509954814 0.0060798858265878955 0.9787296351936761 1.006361268372082 0.9849555970668529 -0.0005048460713714675
59770.79997878624 3.939 0.019000000000000128 0.9852459093119749 0.006090744684391476 0.9787287023521638 1.0063611978814402 0.9849545893000711 0.0002913200119037951
59770.79999472966 3.939 0.019000000000000128 0.982242325475815 0.006085725381541572 0.9787277708922539 1.0063611273908308 0.9849535829238435 -0.00271125744802847
