eureka_custom_plots/data/stage5_lcfit_results/S5_wasp39b_ap4_bg8_Table_Save_ch15.txt
# %ECSV 1.0
# ---
# datatype:
# - {name: time, datatype: float64}
# - {name: wavelength, datatype: float64}
# - {name: bin_width, datatype: float64}
# - {name: lcdata, datatype: float64}
# - {name: lcerr, datatype: float64}
# - {name: transit, datatype: float64}
# - {name: polynom, datatype: float64}
# - {name: model, datatype: float64}
# - {name: residuals, datatype: float64}
# schema: astropy-2.0
time wavelength bin_width lcdata lcerr transit polynom model residuals
[from data line 298]
59770.64877138763 3.5940000000000003 0.018999999999999906 1.0080494953670942 0.005404648044029987 1.0 1.0072401589106432 1.0072401589106432 0.000809336456450982
59770.64878733104 3.5940000000000003 0.018999999999999906 1.0038105875432266 0.00539106216958015 1.0 1.00724007684719 1.00724007684719 -0.0034294893039634733
59770.64880327447 3.5940000000000003 0.018999999999999906 1.0027930422083702 0.005390802234335886 1.0 1.007239994783662 1.007239994783662 -0.004446952575291929
59770.64881921789 3.5940000000000003 0.018999999999999906 0.9978513407101075 0.005391746887308612 1.0 1.0072399127201717 1.0072399127201717 -0.009388572010064156
59770.6488351613 3.5940000000000003 0.018999999999999906 1.004431081821182 0.005400370328684472 1.0 1.0072398306567187 1.0072398306567187 -0.002808748835536834
59770.64885110473 3.5940000000000003 0.018999999999999906 1.0072945907196966 0.005398419811787049 1.0 1.0072397485931908 1.0072397485931908 5.484212650586073e-05
59770.64886704815 3.5940000000000003 0.018999999999999906 0.9990445812353891 0.005389791583190624 1.0 1.0072396665297003 1.0072396665297003 -0.008195085294311233
59770.64888299157 3.5940000000000003 0.018999999999999906 1.0115842044409968 0.005405360528954016 1.0 1.0072395844662096 1.0072395844662096 0.004344619974787189
59770.64889893499 3.5940000000000003 0.018999999999999906 1.0050424781645062 0.0054029422324875995 1.0 1.0072395024027192 1.0072395024027192 -0.0021970242382129967
59770.64891487841 3.5940000000000003 0.018999999999999906 1.0036090200698737 0.005394212850608994 1.0 1.0072394203392288 1.0072394203392288 -0.0036304002693550164
59770.64893082183 3.5940000000000003 0.018999999999999906 1.0013783055917866 0.0053952166645189455 1.0 1.0072393382757383 1.0072393382757383 -0.005861032683951661
59770.64894676526 3.5940000000000003 0.018999999999999906 1.0024821381458038 0.005397383981719851 1.0 1.0072392562122103 1.0072392562122103 -0.0047571180664065515
59770.64896270867 3.5940000000000003 0.018999999999999906 1.0151048400536595 0.005413961710952791 1.0 1.0072391741487572 1.0072391741487572 0.007865665904902341
59770.6489786521 3.5940000000000003 0.018999999999999906 1.0127770241402114 0.005419023324255955 1.0 1.0072390920852294 1.0072390920852294 0.005537932054981987
59770.64899459552 3.5940000000000003 0.018999999999999906 1.0066799227303598 0.005399880664880957 1.0 1.0072390100217388 1.0072390100217388 -0.0005590872913789902
59770.64901053893 3.5940000000000003 0.018999999999999906 1.0119412256275266 0.0054128562728187725 1.0 1.0072389279582858 1.0072389279582858 0.004702297669240796
59770.64902648236 3.5940000000000003 0.018999999999999906 1.0063283137413104 0.005392109849666305 1.0 1.0072388458947579 1.0072388458947579 -0.0009105321534474964
59770.64904242578 3.5940000000000003 0.018999999999999906 1.0118812399788846 0.005417877251931902 1.0 1.0072387638312674 1.0072387638312674 0.004642476147617147
59770.6490583692 3.5940000000000003 0.018999999999999906 1.0083716186306289 0.005397984776290765 1.0 1.007238681767777 1.007238681767777 0.0011329368628518743
59770.64907431262 3.5940000000000003 0.018999999999999906 1.0101141246165324 0.005396342936885202 1.0 1.0072385997042863 1.0072385997042863 0.0028755249122460746
59770.64909025604 3.5940000000000003 0.018999999999999906 1.0172402145056154 0.0054209990711566545 1.0 1.0072385176407959 1.0072385176407959 0.010001696864819554
59770.64910619946 3.5940000000000003 0.018999999999999906 1.009369543717401 0.005410140865778484 1.0 1.0072384355773054 1.0072384355773054 0.00213110814009565
59770.64912214288 3.5940000000000003 0.018999999999999906 0.9991268581170754 0.005380522989043727 1.0 1.007238353513815 1.007238353513815 -0.00811149539673961
59770.6491380863 3.5940000000000003 0.018999999999999906 1.0089240716907322 0.005408400115129606 1.0 1.0072382714503245 1.0072382714503245 0.0016858002404076533
59770.64915402973 3.5940000000000003 0.018999999999999906 1.0082876173981574 0.005396146077359352 1.0 1.0072381893867965 1.0072381893867965 0.0010494280113608756
59770.64916997315 3.5940000000000003 0.018999999999999906 1.0151737723615302 0.005418267832907085 1.0 1.007238107323306 1.007238107323306 0.007935665038224071
59770.64918591656 3.5940000000000003 0.018999999999999906 1.005882601403353 0.0053973412885325546 1.0 1.007238025259853 1.007238025259853 -0.0013554238564998933
59770.64920185999 3.5940000000000003 0.018999999999999906 1.0117075150022614 0.006648003363479353 1.0 1.007237943196325 1.007237943196325 0.004469571805936434
59770.64921780341 3.5940000000000003 0.018999999999999906 1.0106948477151967 0.005408295734680529 1.0 1.0072378611328345 1.0072378611328345 0.0034569865823621537
59770.64923374683 3.5940000000000003 0.018999999999999906 1.0066052456943528 0.005396387608029714 1.0 1.007237779069344 1.007237779069344 -0.000632533374991251
59770.64924969025 3.5940000000000003 0.018999999999999906 1.009362908900942 0.005397016942695927 1.0 1.0072376970058536 1.0072376970058536 0.002125211895088297
59770.64926563368 3.5940000000000003 0.018999999999999906 1.012814968056279 0.005416364594624998 1.0 1.0072376149423257 1.0072376149423257 0.005577353113953354
59770.64928157709 3.5940000000000003 0.018999999999999906 1.0133332483978394 0.0054058493261734146 1.0 1.0072375328788725 1.0072375328788725 0.0060957155189669265
59770.64929752051 3.5940000000000003 0.018999999999999906 1.00185276363278 0.005389243526315571 1.0 1.007237450815382 1.007237450815382 -0.005384687182601988
59770.64931346393 3.5940000000000003 0.018999999999999906 1.0012368846378812 0.005399301132469526 1.0 1.0072373687518916 1.0072373687518916 -0.00600048411401044
59770.64932940736 3.5940000000000003 0.018999999999999906 1.0096954164045746 0.005404756570989311 1.0 1.0072372866883637 1.0072372866883637 0.002458129716210955
59770.64934535078 3.5940000000000003 0.018999999999999906 1.0124854565214079 0.005403694926465935 1.0 1.0072372046248732 1.0072372046248732 0.005248251896534661
59770.64936129419 3.5940000000000003 0.018999999999999906 1.001926961967726 0.0053926206476456505 1.0 1.00723712256142 1.00723712256142 -0.005310160593694047
59770.64937723762 3.5940000000000003 0.018999999999999906 0.9958506749294316 0.005378076868639334 1.0 1.007237040497892 1.007237040497892 -0.01138636556846051
59770.64939318104 3.5940000000000003 0.018999999999999906 1.0004763723776076 0.005383259288891404 1.0 1.0072369584344016 1.0072369584344016 -0.006760586056794082
59770.64940912446 3.5940000000000003 0.018999999999999906 1.0036816210980146 0.005387099035254456 1.0 1.0072368763709112 1.0072368763709112 -0.0035552552728965736
59770.64942506788 3.5940000000000003 0.018999999999999906 1.0145244769351376 0.005422869736134253 1.0 1.0072367943074207 1.0072367943074207 0.0072876826277168405
59770.64944101131 3.5940000000000003 0.018999999999999906 1.0047060225756812 0.005392690746332852 1.0 1.0072367122438928 1.0072367122438928 -0.002530689668211572
59770.64945695472 3.5940000000000003 0.018999999999999906 1.0052340961890354 0.005396178461560731 1.0 1.0072366301804399 1.0072366301804399 -0.002002533991404487
59770.64947289814 3.5940000000000003 0.018999999999999906 1.012249568644565 0.005415065594234293 1.0 1.0072365481169492 1.0072365481169492 0.0050130205276157636
59770.64948884157 3.5940000000000003 0.018999999999999906 1.0156973009659713 0.005409963632044804 1.0 1.0072364660534212 1.0072364660534212 0.00846083491255012
59770.64950478498 3.5940000000000003 0.018999999999999906 1.007736678300671 0.005402379000638358 1.0 1.0072363839899683 1.0072363839899683 0.0005002943107026425
59770.64952072841 3.5940000000000003 0.018999999999999906 1.0038910041499671 0.005392449836138426 1.0 1.0072363019264403 1.0072363019264403 -0.0033452977764731884
59770.64953667182 3.5940000000000003 0.018999999999999906 1.0081636856928706 0.0054016655123246 1.0 1.0072362198629874 1.0072362198629874 0.0009274658298832339
59770.64955261525 3.5940000000000003 0.018999999999999906 1.0041224647995703 0.005394643367701412 1.0 1.0072361377994594 1.0072361377994594 -0.003113672999889072
59770.64956855867 3.5940000000000003 0.018999999999999906 0.9998867257091486 0.0053823081881680754 1.0 1.007236055735969 1.007236055735969 -0.0073493300268203665
59770.64958450208 3.5940000000000003 0.018999999999999906 1.012269582493061 0.005402900025019969 1.0 1.0072359736725158 1.0072359736725158 0.005033608820545155
59770.64960044551 3.5940000000000003 0.018999999999999906 1.011411842028011 0.005400637941006041 1.0 1.0072358916089879 1.0072358916089879 0.004175950419023078
59770.64961638894 3.5940000000000003 0.018999999999999906 1.0038724744243213 0.005388393730748251 1.0 1.0072358095454599 1.0072358095454599 -0.003363335121138622
59770.64963233235 3.5940000000000003 0.018999999999999906 1.0200825346131897 0.005423528882932157 1.0 1.007235727482007 1.007235727482007 0.012846807131182691
59770.64964827577 3.5940000000000003 0.018999999999999906 0.9975900515316632 0.005377343611162604 1.0 1.0072356454185165 1.0072356454185165 -0.009645593886853265
59770.6496642192 3.5940000000000003 0.018999999999999906 "" "" 1.0 1.0072355633549885 1.0072355633549885 ""
59770.64968016261 3.5940000000000003 0.018999999999999906 1.0155870667518636 0.0054207676083902435 1.0 1.0072354812915354 1.0072354812915354 0.008351585460328215
59770.64969610604 3.5940000000000003 0.018999999999999906 1.0187279482688232 0.005425140610920265 1.0 1.0072353992280074 1.0072353992280074 0.011492549040815758
59770.64971204946 3.5940000000000003 0.018999999999999906 1.0048153599850806 0.005399007693417579 1.0 1.007235317164517 1.007235317164517 -0.0024199571794363273
59770.64972799288 3.5940000000000003 0.018999999999999906 1.0059872721885932 0.005403664531089059 1.0 1.0072352351010265 1.0072352351010265 -0.0012479629124333425
59770.6497439363 3.5940000000000003 0.018999999999999906 1.0107808264323528 0.005413150530443075 1.0 1.007235153037536 1.007235153037536 0.0035456733948167063
59770.649759879714 3.5940000000000003 0.018999999999999906 1.0122235313580268 0.005414476322995248 1.0 1.007235070974083 1.007235070974083 0.004988460383943849
59770.64977582314 3.5940000000000003 0.018999999999999906 1.0069914932070476 0.005396324820020718 1.0 1.007234988910555 1.007234988910555 -0.00024349570350734595
59770.64979176656 3.5940000000000003 0.018999999999999906 1.0056756695224363 0.0053973642875588404 1.0 1.0072349068470645 1.0072349068470645 -0.0015592373246282598
59770.64980770998 3.5940000000000003 0.018999999999999906 1.0020604493290526 0.005392104256247129 1.0 1.007234824783574 1.007234824783574 -0.005174375454521485
59770.6498236534 3.5940000000000003 0.018999999999999906 1.0070799325662223 0.005403457753511293 1.0 1.0072347427200836 1.0072347427200836 -0.0001548101538613178
59770.64983959683 3.5940000000000003 0.018999999999999906 1.0011227242838385 0.005384557315119901 1.0 1.0072346606565556 1.0072346606565556 -0.006111936372717119
59770.64985554024 3.5940000000000003 0.018999999999999906 1.0052202810392272 0.005395830810258022 1.0 1.0072345785931025 1.0072345785931025 -0.002014297553875277
59770.64987148367 3.5940000000000003 0.018999999999999906 1.0163587111729164 0.00541804871972943 1.0 1.0072344965295748 1.0072344965295748 0.009124214643341677
59770.64988742709 3.5940000000000003 0.018999999999999906 1.012162787912645 0.005407706058767807 1.0 1.007234414466084 1.007234414466084 0.00492837344656083
59770.64990337051 3.5940000000000003 0.018999999999999906 0.998515272642685 0.005384200590772639 1.0 1.0072343324025936 1.0072343324025936 -0.00871905975990861
59770.64991931393 3.5940000000000003 0.018999999999999906 1.0116537609891634 0.005411833341419467 1.0 1.0072342503391032 1.0072342503391032 0.004419510650060188
59770.64993525735 3.5940000000000003 0.018999999999999906 0.9971484665374986 0.005388413931181373 1.0 1.0072341682756127 1.0072341682756127 -0.010085701738114183
59770.64995120077 3.5940000000000003 0.018999999999999906 0.9948167808681591 0.005376013021109429 1.0 1.0072340862121223 1.0072340862121223 -0.012417305343963236
59770.64996714419 3.5940000000000003 0.018999999999999906 1.014480636032878 0.005408824982809305 1.0 1.0072340041486316 1.0072340041486316 0.007246631884246346
59770.64998308761 3.5940000000000003 0.018999999999999906 1.0104009867219297 0.0054115964278104315 1.0 1.0072339220851412 1.0072339220851412 0.003167064636788508
59770.64999903103 3.5940000000000003 0.018999999999999906 1.0059426865429812 0.005394124638905858 1.0 1.0072338400216507 1.0072338400216507 -0.0012911534786694823
59770.65001497446 3.5940000000000003 0.018999999999999906 1.0143490269786541 0.005409994301792953 1.0 1.0072337579581228 1.0072337579581228 0.0071152690205313895
59770.650030917874 3.5940000000000003 0.018999999999999906 1.0083316568723217 0.005403663767024516 1.0 1.0072336758946698 1.0072336758946698 0.0010979809776519023
59770.650046861294 3.5940000000000003 0.018999999999999906 1.0020345886676123 0.005387364877657395 1.0 1.0072335938311794 1.0072335938311794 -0.005199005163567083
59770.65006280472 3.5940000000000003 0.018999999999999906 1.0146308307758716 0.00541336038958061 1.0 1.0072335117676514 1.0072335117676514 0.00739731900822016
59770.65007874814 3.5940000000000003 0.018999999999999906 1.010576397243956 0.005412914010244704 1.0 1.0072334297041607 1.0072334297041607 0.0033429675397953496
59770.65009469156 3.5940000000000003 0.018999999999999906 1.0134111539695343 0.00539895155163357 1.0 1.0072333476406703 1.0072333476406703 0.0061778063288639995
59770.65011063498 3.5940000000000003 0.018999999999999906 1.0049081378295321 0.0054019853052554665 1.0 1.0072332655771798 1.0072332655771798 -0.002325127747647704
59770.6501265784 3.5940000000000003 0.018999999999999906 1.0011485972408687 0.005399246659857432 1.0 1.0072331835136894 1.0072331835136894 -0.006084586272820713
59770.65014252182 3.5940000000000003 0.018999999999999906 1.0065891302393584 0.005406891679992583 1.0 1.007233101450199 1.007233101450199 -0.0006439712108405882
59770.65015846525 3.5940000000000003 0.018999999999999906 1.0083470702758943 0.005396449022532715 1.0 1.007233019386671 1.007233019386671 0.0011140508892233392
59770.65017440866 3.5940000000000003 0.018999999999999906 1.0039116390789398 0.005402018960029778 1.0 1.0072329373232178 1.0072329373232178 -0.0033212982442780703
59770.65019035209 3.5940000000000003 0.018999999999999906 1.0005986006181824 0.005390891512357412 1.0 1.0072328552596899 1.0072328552596899 -0.006634254641507464
59770.650206295504 3.5940000000000003 0.018999999999999906 1.0080106666545496 0.005397110697086646 1.0 1.007232773196237 1.007232773196237 0.0007778934583126951
59770.650222238924 3.5940000000000003 0.018999999999999906 1.0065587860986331 0.005402496864648365 1.0 1.0072326911327465 1.0072326911327465 -0.0006739050341133535
59770.65023818235 3.5940000000000003 0.018999999999999906 1.006113281286206 0.005404511581634523 1.0 1.0072326090692185 1.0072326090692185 -0.0011193277830126025
59770.650254125765 3.5940000000000003 0.018999999999999906 1.0081408222819503 0.005398548798315322 1.0 1.0072325270057654 1.0072325270057654 0.0009082952761849672
59770.65027006919 3.5940000000000003 0.018999999999999906 1.009242286806222 0.0054076213565891025 1.0 1.0072324449422376 1.0072324449422376 0.0020098418639844517
59770.65028601261 3.5940000000000003 0.018999999999999906 1.0109893493114521 0.005406674243069154 1.0 1.007232362878747 1.007232362878747 0.003756986432705167
59770.65030195603 3.5940000000000003 0.018999999999999906 1.0022393968134053 0.005392716353640274 1.0 1.0072322808152565 1.0072322808152565 -0.004992884001851161
59770.65031789945 3.5940000000000003 0.018999999999999906 1.0027607135150995 0.005395888360570164 1.0 1.007232198751766 1.007232198751766 -0.004471485236666517
59770.650333842874 3.5940000000000003 0.018999999999999906 1.0143494786569025 0.0054211997920337145 1.0 1.0072321166882756 1.0072321166882756 0.00711736196862689
