eureka_custom_plots/data/stage5_lcfit_results/S5_wasp39b_ap4_bg8_Table_Save_ch14.txt
# %ECSV 1.0
# ---
# datatype:
# - {name: time, datatype: float64}
# - {name: wavelength, datatype: float64}
# - {name: bin_width, datatype: float64}
# - {name: lcdata, datatype: float64}
# - {name: lcerr, datatype: float64}
# - {name: transit, datatype: float64}
# - {name: polynom, datatype: float64}
# - {name: model, datatype: float64}
# - {name: residuals, datatype: float64}
# schema: astropy-2.0
time wavelength bin_width lcdata lcerr transit polynom model residuals
[from data line 14674]
59770.87797399413 3.556 0.019000000000000128 0.9861091890177298 0.005187184191605055 0.9800294292993486 1.006065253668449 0.9859735563905944 0.00013563262713545132
59770.87798993755 3.556 0.019000000000000128 0.98127379748587 0.005176994313592484 0.9800407708775459 1.0060651709685424 0.9859848857090604 -0.0047110882231904405
59770.87800588097 3.556 0.019000000000000128 0.988211996497351 0.005189993910139558 0.9800521950214649 1.0060650882686357 0.9859962980921403 0.002215698405210742
59770.878021824385 3.556 0.019000000000000128 0.9769057351508268 0.00516239162697142 0.9800637007524127 1.0060650055687668 0.9860077925552222 -0.009102057404395403
59770.87803776781 3.556 0.019000000000000128 0.9880166410219504 0.005192415755877642 0.9800752871395216 1.0060649228688225 0.9860193681616619 0.0019972728602885015
59770.878053711225 3.556 0.019000000000000128 0.9875966255146295 0.005181675943739056 0.980086953241878 1.0060648401689536 0.9860310239649667 0.0015656015496627873
59770.878069654646 3.556 0.019000000000000128 0.9816060972015638 0.005175152029815033 0.9800986981809505 1.0060647574690469 0.9860427590811466 -0.004436661879582804
59770.878085598066 3.556 0.019000000000000128 0.9900073372539453 0.005195451023946975 0.9801105210809894 1.0060646747691404 0.9860545726291583 0.003952764624786997
59770.878101541486 3.556 0.019000000000000128 0.9875189333608423 0.005186364852845155 0.9801224210934257 1.0060645920692337 0.9860664637552671 0.0014524696055752129
59770.87811748491 3.556 0.019000000000000128 0.9819204412137074 0.005171659694961199 0.9801343973925106 1.006064509369327 0.9860784316286972 -0.004157990414989876
59770.87813342832 3.556 0.019000000000000128 0.9953368422653952 0.005196993673136378 0.9801464491677268 1.006064426669458 0.9860904754340342 0.009246366831361041
59770.87814937175 3.556 0.019000000000000128 0.9786362054722424 0.0051713482325460814 0.980158575649784 1.0060643439695138 0.986102594397193 -0.007466388924950662
59770.87816531516 3.556 0.019000000000000128 0.9859200384035438 0.005189558702792638 0.9801707760506106 1.0060642612696449 0.9861147877254521 -0.0001947493219083274
59770.87818125858 3.556 0.019000000000000128 0.983454377520444 0.00517569265483161 0.9801830496382864 1.0060641785697382 0.9861270546823235 -0.0026726771618795775
59770.878197202 3.556 0.019000000000000128 0.9866863333696536 0.005183779690256295 0.9801953956769097 1.0060640958698317 0.9861393945274621 0.00054693884219148
59770.87821314542 3.556 0.019000000000000128 0.9851890780854308 0.005176250243779423 0.9802078134526131 1.006064013169925 0.9861518065426531 -0.0009627284572223394
59770.87822908884 3.556 0.019000000000000128 0.9756040476078695 0.005160607381125345 0.9802203022679704 1.0060639304700183 0.9861642900262237 -0.010560242418354293
59770.878245032254 3.556 0.019000000000000128 0.9915084945365393 0.005194180618918395 0.9802328614340903 1.0060638477701496 0.9861768442851248 0.005331650251414577
59770.878260975674 3.556 0.019000000000000128 0.9736658279309974 0.005153504108431033 0.980245490295816 1.0060637650702429 0.9861894686601348 -0.012523640729137364
59770.878276919095 3.556 0.019000000000000128 0.9820250435468614 0.005171699854394704 0.980258188193392 1.0060636823703362 0.986202162487518 -0.004177118940656643
59770.878292862515 3.556 0.019000000000000128 0.9811833642917254 0.005180130882517875 0.9802709544876851 1.0060635996704297 0.9862149251242484 -0.0050315608325229855
59770.87830880593 3.556 0.019000000000000128 0.9903212404509443 0.00519204374224632 0.9802837885468331 1.0060635169705607 0.9862277559346524 0.004093484516291879
59770.878324749356 3.556 0.019000000000000128 0.9863797580674452 0.005178893664946891 0.9802966897744146 1.0060634342706163 0.9862406543185646 0.00013910374888059795
59770.87834069277 3.556 0.019000000000000128 0.9800635928753166 0.005172622542002645 0.9803096575456564 1.0060633515707473 0.9862536196475545 -0.0061900267722379
59770.87835663619 3.556 0.019000000000000128 0.989470483055918 0.005193174106636256 0.9803226912894684 1.0060632688708409 0.9862666513469427 0.0032038317089753132
59770.87837257961 3.556 0.019000000000000128 0.9875016408215097 0.005189846175116909 0.9803357904211104 1.0060631861709342 0.9862797488284635 0.0012218919930462313
59770.87838852303 3.556 0.019000000000000128 0.9868133836421371 0.00518517662830044 0.9803489543739905 1.0060631034710275 0.9862929115220735 0.0005204721200635642
59770.87840446645 3.556 0.019000000000000128 0.9821661612248991 0.005175361215857161 0.9803621825917949 1.006063020771121 0.9863061388680704 -0.004139977643171311
59770.87842040986 3.556 0.019000000000000128 0.9929099572847867 0.005197958428927734 0.9803754745227257 1.006062938071252 0.9863194303113313 0.006590526973455413
59770.87843635329 3.556 0.019000000000000128 0.9820128702567421 0.00517462598662265 0.9803888296484484 1.0060628553713076 0.9863327853302525 -0.004319915073510372
59770.8784522967 3.556 0.019000000000000128 0.9842869670500766 0.005186618056882673 0.9804022474185878 1.0060627726714388 0.9863462033712544 -0.002059236321177882
59770.878468240124 3.556 0.019000000000000128 0.9848482800424616 0.005177906827445533 0.9804157273338392 1.0060626899715321 0.9863596839318785 -0.0015114038894168402
59770.878484183544 3.556 0.019000000000000128 0.9878432480153079 0.005191668453252332 0.9804292688803073 1.0060626072716254 0.9863732264951355 0.0014700215201723932
59770.878500126964 3.556 0.019000000000000128 1.001578782333471 0.005204503784836196 0.9804428715590429 1.006062524571719 0.9863868305590363 0.015191951774434664
59770.878516070385 3.556 0.019000000000000128 0.99704887436843 0.005205223502019016 0.9804565348783791 1.0060624418718123 0.9864004956289177 0.010648378739512299
59770.8785320138 3.556 0.019000000000000128 0.9845093797114699 0.005174177874359961 0.9804702583496794 1.0060623591719433 0.9864142212132032 -0.001904841501733312
59770.87854795722 3.556 0.019000000000000128 0.9863863062658298 0.005192937500302954 0.9804840415113386 1.0060622764720368 0.9864280068474004 -4.170058157060286e-05
59770.87856390064 3.556 0.019000000000000128 0.9900691849236102 0.005181596715495534 0.9804978838892431 1.0060621937721301 0.9864418520545433 0.0036273328690669127
59770.87857984406 3.556 0.019000000000000128 0.9846353687949148 0.0051848529894966645 0.9805117850243074 1.0060621110722234 0.9864557563727487 -0.0018203875778339818
59770.87859578748 3.556 0.019000000000000128 0.9821621081244046 0.005166885517171207 0.9805257444647307 1.0060620283723167 0.9864697193474629 -0.0043076112230582275
59770.8786117309 3.556 0.019000000000000128 0.986628666701788 0.005179507841168566 0.9805397617645706 1.0060619456724103 0.9864837405300255 0.00014492617176242728
59770.87862767431 3.556 0.019000000000000128 0.9771888420557786 0.005162299106936313 0.9805538364794351 1.0060618629725413 0.9864978194733731 -0.00930897741759451
59770.87864361774 3.556 0.019000000000000128 0.9854702735080595 0.005180141316640617 0.9805679681973081 1.0060617802725969 0.9865119557628669 -0.0010416822548073856
59770.87865956115 3.556 0.019000000000000128 0.9825488998341145 0.005176010405319936 0.9805821564673444 1.0060616975727281 0.986526148945063 -0.003977249110948433
59770.87867550457 3.556 0.019000000000000128 0.976528143011018 0.005165692708954531 0.9805964008895856 1.0060616148728214 0.986540398617453 -0.010012255606435039
59770.87869144799 3.556 0.019000000000000128 0.9878393507311085 0.005189474690733318 0.9806107010456508 1.0060615321729147 0.9865547043591435 0.0012846463719650147
59770.878707391406 3.556 0.019000000000000128 0.99106882554928 0.005189475617075617 0.9806250565213839 1.006061449473046 0.9865690657534911 0.004499759795788871
59770.878723334834 3.556 0.019000000000000128 0.9935820612873695 0.005193216458331097 0.9806394669362986 1.0060613667731015 0.9865834824175782 0.006998578869791272
59770.87873927825 3.556 0.019000000000000128 0.9789312730158435 0.0051640012198747665 0.9806539318689484 1.0060612840732326 0.9865979539275386 -0.00766668091169509
59770.87875522167 3.556 0.019000000000000128 0.9787589552478525 0.005175066534550906 0.9806684509488577 1.006061201373326 0.9866124799105265 -0.007853524662673972
59770.87877116509 3.556 0.019000000000000128 0.9854602599140255 0.005180875054074313 0.9806830237854562 1.0060611186734194 0.9866270599736277 -0.0011668000596021244
59770.87878710851 3.556 0.019000000000000128 0.9851427540681511 0.005183775295936137 0.980697650000101 1.0060610359735127 0.986641693735891 -0.0014989396677398403
59770.87880305193 3.556 0.019000000000000128 0.9823990741486739 0.005179523357243176 0.980712329217984 1.0060609532736062 0.9866563808202238 -0.0042573066715498875
59770.87881899534 3.556 0.019000000000000128 0.9913306948602265 0.00519057555432892 0.9807270610637168 1.0060608705737373 0.9866711208489857 0.004659574011240841
59770.87883493876 3.556 0.019000000000000128 0.9836947397259391 0.00517053155101415 0.9807418451872326 1.0060607878738306 0.9866859134699016 -0.0029911737439625163
59770.87885088219 3.556 0.019000000000000128 0.9827346272674865 0.005176997322089256 0.980756681228362 1.0060607051738861 0.9867007583206061 -0.003966131053119604
59770.8788668256 3.556 0.019000000000000128 0.9860048917941256 0.005182064786938271 0.9807715688121338 1.0060606224740174 0.9867156550239539 -0.0007107632298282152
59770.87888276902 3.556 0.019000000000000128 0.9756037237642259 0.005162976843614949 0.9807865076093594 1.0060605397741107 0.986730603248637 -0.011126879484411156
59770.87889871244 3.556 0.019000000000000128 0.9882185254195495 0.005191745323392307 0.9808014972664504 1.006060457074204 0.9867456026389487 0.0014729227806007383
59770.878914655856 3.556 0.019000000000000128 0.9879696767918268 0.005186042704232822 0.980816537435323 1.0060603743743353 0.9867606528447204 0.0012090239471064246
59770.87893059928 3.556 0.019000000000000128 0.9934713615474695 0.0051908796636249335 0.980831627799982 1.0060602916743908 0.9867757535479175 0.0066956079995520446
59770.878946542696 3.556 0.019000000000000128 0.9912953483062091 0.0051877004471905476 0.9808467679983909 1.0060602089745219 0.9867909043844455 0.0045044439217636345
59770.878962486124 3.556 0.019000000000000128 0.9860737485196175 0.0051800195159724255 0.9808619577297798 1.0060601262745776 0.9868061050515518 -0.000732356531934264
59770.87897842954 3.556 0.019000000000000128 0.9907572842519324 0.005194742101881519 0.980877196641179 1.0060600435747087 0.9868213551942626 0.003935929057669818
59770.87899437295 3.556 0.019000000000000128 0.9847320383409222 0.0051877592909724025 0.9808924844242686 1.0060599608748397 0.986836654502304 -0.0021046161613818004
59770.87901031638 3.556 0.019000000000000128 0.9846016047440664 0.005178315510965163 0.980907820775983 1.0060598781748955 0.9868520026706877 -0.002250397926621295
59770.87902625979 3.556 0.019000000000000128 0.9895100027398139 0.005187497974295741 0.9809232053543329 1.0060597954750266 0.9868673993554876 0.002642603384326314
59770.87904220321 3.556 0.019000000000000128 0.9899601736380971 0.00519105755819111 0.9809386378692823 1.0060597127751199 0.9868828442647875 0.003077329373309623
59770.87905814663 3.556 0.019000000000000128 0.9764533621370581 0.005164190745735068 0.9809541180072093 1.0060596300752132 0.98689833708309 -0.010444974946031915
59770.87907409005 3.556 0.019000000000000128 0.979522676068376 0.0051809878578583796 0.9809696454650448 1.0060595473753067 0.9869138775054781 -0.007391201437102146
59770.87909003347 3.556 0.019000000000000128 0.9846658135456731 0.00517767822335644 0.9809852199417276 1.0060594646754 0.986929465229054 -0.0022636516833809406
59770.879105976885 3.556 0.019000000000000128 0.9866951624713489 0.005194481752684376 0.981000841133597 1.006059381975531 0.9869450999483427 -0.0002499374769937557
59770.879121920305 3.556 0.019000000000000128 0.9804422469729831 0.005173280195259313 0.9810165087619165 1.0060592992756245 0.9869607813828333 -0.006518534409850174
59770.87913786373 3.556 0.019000000000000128 0.98383587028823 0.00517107866187039 0.9810322225353518 1.00605921657568 0.9869765092394143 -0.003140638951184216
59770.879153807145 3.556 0.019000000000000128 0.9844739524328271 0.005184862241784321 0.9810479821451111 1.0060591338758111 0.9869922832075227 -0.002518330774695654
59770.879169750566 3.556 0.019000000000000128 0.9969703806426619 0.0052084737352902965 0.981063787329126 1.0060590511759047 0.98700810302338 0.009962277619281812
59770.879185693986 3.556 0.019000000000000128 0.9789074864164189 0.005171443360955622 0.9810796377977953 1.006058968475998 0.9870239683956556 -0.008116481979236756
59770.8792016374 3.556 0.019000000000000128 0.9838207012453625 0.005188708946186692 0.9810955332657164 1.006058885776129 0.9870398790372438 -0.0032191777918813003
59770.87921758083 3.556 0.019000000000000128 0.9863842490519337 0.005186911324925863 0.9811114734798009 1.0060588030761848 0.9870558346934005 -0.0006715856414668542
59770.87923352424 3.556 0.019000000000000128 0.989886008884624 0.005191535382482344 0.9811274581367754 1.0060587203763158 0.9870718350591516 0.0028141738254723325
59770.87924946767 3.556 0.019000000000000128 0.9866259710918851 0.005177108284290319 0.9811434869965757 1.0060586376763714 0.9870878798928195 -0.00046190880093444076
59770.87926541108 3.556 0.019000000000000128 0.9972205451948406 0.005200717771319332 0.981159559762578 1.0060585549765027 0.9871039688961206 0.010116576298719981
59770.87928135449 3.556 0.019000000000000128 0.9909796702266469 0.005187273621167646 0.9811756761838827 1.0060584722766337 0.9871201018165501 0.0038595684100968253
59770.87929729792 3.556 0.019000000000000128 0.9987098182119493 0.005209261788177556 0.9811918360137235 1.0060583895766892 0.9871362784057617 0.011573539806187583
59770.87931324134 3.556 0.019000000000000128 0.9910321983067645 0.0051953784683669455 0.9812080389705087 1.0060583068767825 0.9871524983805581 0.0038796999262064036
59770.87932918476 3.556 0.019000000000000128 0.9817973593166623 0.005175322384772548 0.9812242848035942 1.006058224176876 0.9871687614887293 -0.005371402172066997
59770.879345128174 3.556 0.019000000000000128 0.9939029226589835 0.00520045017483209 0.9812405732511695 1.0060581414770071 0.9871850674669047 0.006717855192078792
59770.879361071595 3.556 0.019000000000000128 0.9812291569530898 0.005174387494211521 0.9812569040764487 1.0060580587771004 0.9872014160767795 -0.005972259123689705
59770.879377015015 3.556 0.019000000000000128 0.9854163949989986 0.005177800515247631 0.9812732770209817 1.006057976077194 0.9872178070583645 -0.0018014120593659033
59770.879392958435 3.556 0.019000000000000128 0.9854213577693129 0.005182830494488031 0.9812896918375731 1.0060578933772872 0.9872342401629561 -0.0018128823936431893
59770.87940890185 3.556 0.019000000000000128 0.9982555613543876 0.005206771741015848 0.9813061482736795 1.0060578106774183 0.987250715136508 0.011004846217879671
59770.879424845276 3.556 0.019000000000000128 0.988372220149358 0.005185418255900382 0.9813226461080514 1.006057727977474 0.987267231756309 0.0011049883930489557
59770.87944078869 3.556 0.019000000000000128 0.9838234189236946 0.0051772021584082705 0.9813391850696532 1.006057645277605 0.9872837897498192 -0.0034603708261246036
59770.87945673211 3.556 0.019000000000000128 0.983737934649635 0.005189507464748831 0.981355764943064 1.0060575625776984 0.9873003889001917 -0.003562454250556679
59770.87947267553 3.556 0.019000000000000128 0.9860955254941353 0.0051734243389011825 0.9813723854829696 1.006057479877792 0.9873170289606533 -0.001221503466518059
59770.87948861894 3.556 0.019000000000000128 0.9883184404836498 0.005191093778542361 0.9813890464479745 1.006057397177923 0.987333709688373 0.0009847307952768336
59770.87950456237 3.556 0.019000000000000128 0.9836339466439992 0.005184621358152876 0.9814057476276714 1.0060573144779785 0.9873504308715478 -0.0037164842275486665
