eureka_custom_plots/data/stage5_lcfit_results/S5_wasp39b_ap4_bg8_Table_Save_ch01.txt
# %ECSV 1.0
# ---
# datatype:
# - {name: time, datatype: float64}
# - {name: wavelength, datatype: float64}
# - {name: bin_width, datatype: float64}
# - {name: lcdata, datatype: float64}
# - {name: lcerr, datatype: float64}
# - {name: transit, datatype: float64}
# - {name: polynom, datatype: float64}
# - {name: model, datatype: float64}
# - {name: residuals, datatype: float64}
# schema: astropy-2.0
time wavelength bin_width lcdata lcerr transit polynom model residuals
[from data line 5340]
59770.72915811447 3.0575 0.019500000000000073 1.0146805458806953 0.0038390109779862704 1.0 1.0073767200385766 1.0073767200385766 0.00730382584211875
59770.72917405789 3.0575 0.019500000000000073 1.007048787258968 0.003824673408996001 1.0 1.0073765608213174 1.0073765608213174 -0.00032777356234947597
59770.7291900013 3.0575 0.019500000000000073 1.0139179604135988 0.0038387052229974256 1.0 1.0073764016041309 1.0073764016041309 0.00654155880946794
59770.72920594473 3.0575 0.019500000000000073 1.012504907648158 0.0038359377470006226 1.0 1.007376242386799 1.007376242386799 0.005128665261359133
59770.72922188815 3.0575 0.019500000000000073 1.0128167923205875 0.0038353487444436275 1.0 1.0073760831695397 1.0073760831695397 0.005440709151047773
59770.72923783157 3.0575 0.019500000000000073 1.0065401283806115 0.003825717772899293 1.0 1.0073759239522806 1.0073759239522806 -0.000835795571669129
59770.72925377498 3.0575 0.019500000000000073 1.0018729523381904 0.0038178748165406387 1.0 1.007375764735094 1.007375764735094 -0.005502812396903645
59770.72926971841 3.0575 0.019500000000000073 1.016104964610688 0.003835901444774307 1.0 1.0073756055177623 1.0073756055177623 0.008729359092925826
59770.72928566183 3.0575 0.019500000000000073 1.0087560576441386 0.003829791048837109 1.0 1.0073754463005031 1.0073754463005031 0.0013806113436354295
59770.72930160525 3.0575 0.019500000000000073 1.009984165131629 0.0038333540626734274 1.0 1.007375287083244 1.007375287083244 0.002608878048385055
59770.72931754867 3.0575 0.019500000000000073 1.0073853843847038 0.0038288846783277163 1.0 1.0073751278659848 1.0073751278659848 1.0256518718998464e-05
59770.72933349209 3.0575 0.019500000000000073 1.006637254896771 0.003827193811712696 1.0 1.0073749686487257 1.0073749686487257 -0.0007377137519546384
59770.72934943551 3.0575 0.019500000000000073 1.0056792620459964 0.004684818979221344 1.0 1.0073748094314665 1.0073748094314665 -0.0016955473854700642
59770.729365378924 3.0575 0.019500000000000073 1.0078663019320777 0.003825233958512423 1.0 1.00737465021428 1.00737465021428 0.0004916517177977475
59770.72938132235 3.0575 0.019500000000000073 1.0128895981839356 0.0038343747099058244 1.0 1.007374490996948 1.007374490996948 0.005515107186987667
59770.729397265764 3.0575 0.019500000000000073 1.0107377570008236 0.003831772307696804 1.0 1.0073743317797614 1.0073743317797614 0.003363425221062144
59770.72941320919 3.0575 0.019500000000000073 1.0090453803387696 0.0038257043697644162 1.0 1.0073741725624297 1.0073741725624297 0.0016712077763398892
59770.72942915261 3.0575 0.019500000000000073 1.007041833496232 0.003824259662725866 1.0 1.0073740133451705 1.0073740133451705 -0.0003321798489384076
59770.72944509603 3.0575 0.019500000000000073 1.0083225322938554 0.00382702942431676 1.0 1.0073738541279114 1.0073738541279114 0.0009486781659440169
59770.72946103945 3.0575 0.019500000000000073 1.0085951402060755 0.003827564344067268 1.0 1.0073736949106522 1.0073736949106522 0.0012214452954233401
59770.72947698287 3.0575 0.019500000000000073 1.0076942891555811 0.0038218806329712463 1.0 1.007373535693393 1.007373535693393 0.00032075346218807255
59770.72949292629 3.0575 0.019500000000000073 1.0125152500528027 0.003835467884953677 1.0 1.007373376476134 1.007373376476134 0.005141873576668843
59770.729508869714 3.0575 0.019500000000000073 1.012873417340455 0.0038372179467756713 1.0 1.0073732172588747 1.0073732172588747 0.005500200081580253
59770.729524813134 3.0575 0.019500000000000073 1.0138988391966317 0.003840324524288604 1.0 1.0073730580416156 1.0073730580416156 0.006525781155016119
59770.72954075655 3.0575 0.019500000000000073 1.0105644736594597 0.0038318208965721317 1.0 1.007372898824429 1.007372898824429 0.0031915748350306306
59770.729556699975 3.0575 0.019500000000000073 1.0070354307744989 0.0038234170640749033 1.0 1.007372739607097 1.007372739607097 -0.0003373088325981932
59770.729572643395 3.0575 0.019500000000000073 1.0066402437295243 0.003819605465148836 1.0 1.007372580389838 1.007372580389838 -0.0007323366603135817
59770.729588586815 3.0575 0.019500000000000073 1.0063256133865286 0.003826171011556953 1.0 1.0073724211725787 1.0073724211725787 -0.0010468077860501523
59770.729604530236 3.0575 0.019500000000000073 1.0069858166849404 0.003824317023235438 1.0 1.0073722619553196 1.0073722619553196 -0.00038644527037923204
59770.729620473656 3.0575 0.019500000000000073 1.0013349616694107 0.0038175788577692474 1.0 1.0073721027380604 1.0073721027380604 -0.006037141068649721
59770.729636417076 3.0575 0.019500000000000073 1.005241044641238 0.0038230712224410217 1.0 1.0073719435208013 1.0073719435208013 -0.0021308988795631922
59770.72965236049 3.0575 0.019500000000000073 1.005729133883467 0.0038230095939848245 1.0 1.0073717843036147 1.0073717843036147 -0.0016426504201476622
59770.72966830392 3.0575 0.019500000000000073 1.0068522345903295 0.0038274268406798336 1.0 1.007371625086283 1.007371625086283 -0.000519390495953509
59770.72968424734 3.0575 0.019500000000000073 1.0078452271842595 0.003824943958914504 1.0 1.0073714658690238 1.0073714658690238 0.0004737613152356879
59770.72970019076 3.0575 0.019500000000000073 1.008478808932668 0.003828899133284209 1.0 1.0073713066517647 1.0073713066517647 0.001107502280903283
59770.72971613418 3.0575 0.019500000000000073 1.0080126931607583 0.003824001998958382 1.0 1.0073711474345053 1.0073711474345053 0.0006415457262529678
59770.7297320776 3.0575 0.019500000000000073 1.0063384484390325 0.0038267959058078684 1.0 1.0073709882172461 1.0073709882172461 -0.0010325397782136037
59770.72974802102 3.0575 0.019500000000000073 1.0059184567603279 0.0038246401979862717 1.0 1.007370828999987 1.007370828999987 -0.0014523722396591054
59770.72976396444 3.0575 0.019500000000000073 1.0048034247684146 0.003822859594902554 1.0 1.0073706697827278 1.0073706697827278 -0.0025672450143132686
59770.72977990786 3.0575 0.019500000000000073 1.006412119856371 0.003827017389213459 1.0 1.0073705105654687 1.0073705105654687 -0.0009583907090977561
59770.72979585128 3.0575 0.019500000000000073 1.0019647711836408 0.0038216925153206774 1.0 1.0073703513482095 1.0073703513482095 -0.005405580164568713
59770.7298117947 3.0575 0.019500000000000073 1.0065896649271964 0.0038269482390756383 1.0 1.0073701921309504 1.0073701921309504 -0.000780527203753989
59770.72982773811 3.0575 0.019500000000000073 1.0099751580784533 0.0038282660991922034 1.0 1.0073700329137638 1.0073700329137638 0.00260512516468947
59770.72984368154 3.0575 0.019500000000000073 1.013813514407043 0.003836302309936541 1.0 1.007369873696432 1.007369873696432 0.006443640710610987
59770.72985962496 3.0575 0.019500000000000073 1.0112936010479374 0.0038318813208951955 1.0 1.007369714479173 1.007369714479173 0.003923886568764523
59770.72987556838 3.0575 0.019500000000000073 1.011340308339479 0.003832207080485545 1.0 1.0073695552619137 1.0073695552619137 0.0039707530775652256
59770.7298915118 3.0575 0.019500000000000073 1.005804506530125 0.0038247085269477368 1.0 1.0073693960446544 1.0073693960446544 -0.0015648895145292663
59770.72990745522 3.0575 0.019500000000000073 1.0099888233386365 0.0038313506565845145 1.0 1.0073692368273952 1.0073692368273952 0.0026195865112412786
59770.72992339864 3.0575 0.019500000000000073 1.0079885904342725 0.003828137728423156 1.0 1.007369077610136 1.007369077610136 0.0006195128241364145
59770.729939342054 3.0575 0.019500000000000073 1.0055724400938089 0.0038267332086817565 1.0 1.0073689183929495 1.0073689183929495 -0.001796478299140647
59770.72995528548 3.0575 0.019500000000000073 1.0068981730223692 0.003826526373056313 1.0 1.0073687591756177 1.0073687591756177 -0.00047058615324857556
59770.7299712289 3.0575 0.019500000000000073 1.0062309692953886 0.003821200500374855 1.0 1.0073685999583586 1.0073685999583586 -0.0011376306629700128
59770.72998717232 3.0575 0.019500000000000073 1.012485106344635 0.003831319732487899 1.0 1.0073684407410994 1.0073684407410994 0.00511666560353552
59770.73000311574 3.0575 0.019500000000000073 1.015418702926016 0.003837948833461033 1.0 1.0073682815238403 1.0073682815238403 0.008050421402175711
59770.73001905916 3.0575 0.019500000000000073 "" "" 1.0 1.0073681223065811 1.0073681223065811 ""
59770.73003500258 3.0575 0.019500000000000073 1.0075086280806393 0.003827213751440294 1.0 1.007367963089322 1.007367963089322 0.0001406649913173741
59770.730050946004 3.0575 0.019500000000000073 1.0072886053189347 0.00382835336486756 1.0 1.0073678038720626 1.0073678038720626 -7.919855312787938e-05
59770.730066889424 3.0575 0.019500000000000073 1.0080452978630148 0.003826524701850275 1.0 1.0073676446548034 1.0073676446548034 0.0006776532082113373
59770.730082832844 3.0575 0.019500000000000073 1.0115294981852818 0.0038367270064076564 1.0 1.0073674854375443 1.0073674854375443 0.004162012747737531
59770.730098776265 3.0575 0.019500000000000073 1.0116425857508073 0.003834678218372496 1.0 1.0073673262202851 1.0073673262202851 0.004275259530522213
59770.73011471968 3.0575 0.019500000000000073 1.0162612373201316 0.003839168052246963 1.0 1.0073671670030986 1.0073671670030986 0.008894070317033043
59770.730130663105 3.0575 0.019500000000000073 1.0127877418118154 0.003833254893712807 1.0 1.0073670077857668 1.0073670077857668 0.00542073402604859
59770.73014660653 3.0575 0.019500000000000073 1.0138495134533032 0.0038401863543267743 1.0 1.007366848568435 1.007366848568435 0.00648266488486815
59770.730162549946 3.0575 0.019500000000000073 1.00630913315395 0.0038259854400152504 1.0 1.0073666893512485 1.0073666893512485 -0.001057556197298526
59770.730178493366 3.0575 0.019500000000000073 0.9995240672925259 0.003812155636021029 1.0 1.0073665301339894 1.0073665301339894 -0.007842462841463504
59770.73019443679 3.0575 0.019500000000000073 1.0088756144645317 0.003830149815135253 1.0 1.0073663709167302 1.0073663709167302 0.0015092435478014643
59770.73021038021 3.0575 0.019500000000000073 1.006309563126593 0.0038208834333321685 1.0 1.007366211699471 1.007366211699471 -0.0010566485728780162
59770.73022632363 3.0575 0.019500000000000073 1.011177158169595 0.0038392824230223783 1.0 1.0073660524822117 1.0073660524822117 0.0038111056873832982
59770.73024226705 3.0575 0.019500000000000073 1.0073467013471473 0.003828524302758486 1.0 1.0073658932649525 1.0073658932649525 -1.919191780519469e-05
59770.73025821047 3.0575 0.019500000000000073 1.008255418866311 0.003826399978622936 1.0 1.0073657340476934 1.0073657340476934 0.0008896848186177309
59770.73027415389 3.0575 0.019500000000000073 1.0106915435665924 0.0038310648215426676 1.0 1.0073655748304342 1.0073655748304342 0.0033259687361582024
59770.73029009731 3.0575 0.019500000000000073 1.009653529382091 0.0038330870665581 1.0 1.007365415613175 1.007365415613175 0.0022881137689159115
59770.73030604073 3.0575 0.019500000000000073 1.0084199922062858 0.00383364142762056 1.0 1.007365256395916 1.007365256395916 0.0010547358103698556
59770.73032198415 3.0575 0.019500000000000073 1.0043126630136858 0.0038202553788996675 1.0 1.0073650971786567 1.0073650971786567 -0.0030524341649709186
59770.73033792757 3.0575 0.019500000000000073 1.0090984470075284 0.003827482748077736 1.0 1.0073649379613976 1.0073649379613976 0.0017335090461307878
59770.73035387099 3.0575 0.019500000000000073 1.006717908617041 0.003822088963491439 1.0 1.0073647787441384 1.0073647787441384 -0.0006468701270974098
59770.73036981441 3.0575 0.019500000000000073 1.0053012089331672 0.0038197957871626714 1.0 1.0073646195268793 1.0073646195268793 -0.0020634105937120673
59770.73038575783 3.0575 0.019500000000000073 1.0103794045287255 0.0038281798290525602 1.0 1.0073644603096201 1.0073644603096201 0.00301494421910542
59770.73040170124 3.0575 0.019500000000000073 0.9998085724112831 0.0038135761339935146 1.0 1.0073643010924336 1.0073643010924336 -0.007555728681150509
59770.73041764467 3.0575 0.019500000000000073 1.0032392749299333 0.0038167947210305223 1.0 1.0073641418751016 1.0073641418751016 -0.004124866945168337
59770.73043358809 3.0575 0.019500000000000073 1.0129019568901239 0.0038406359165450493 1.0 1.0073639826578424 1.0073639826578424 0.005537974232281417
59770.73044953151 3.0575 0.019500000000000073 1.0097365426405926 0.0038305591794122774 1.0 1.0073638234405833 1.0073638234405833 0.0023727192000093655
59770.73046547493 3.0575 0.019500000000000073 1.012754105072727 0.0038356960732104143 1.0 1.0073636642233241 1.0073636642233241 0.005390440849402767
59770.73048141835 3.0575 0.019500000000000073 1.0108681281470917 0.00383195979964983 1.0 1.007363505006065 1.007363505006065 0.0035046231410267303
59770.73049736177 3.0575 0.019500000000000073 1.0065217587516655 0.0038222292048732866 1.0 1.0073633457888058 1.0073633457888058 -0.0008415870371403233
59770.73051330519 3.0575 0.019500000000000073 1.0000121658833032 0.0038210285415335634 1.0 1.0073631865715467 1.0073631865715467 -0.007351020688243448
59770.73052924861 3.0575 0.019500000000000073 1.0003102384056992 0.0038165208744518238 1.0 1.0073630273542875 1.0073630273542875 -0.0070527889485882955
59770.73054519203 3.0575 0.019500000000000073 1.0051762128689923 0.0038212855402941746 1.0 1.0073628681370284 1.0073628681370284 -0.002186655268036075
59770.73056113545 3.0575 0.019500000000000073 1.0028664157234102 0.0038180467740463638 1.0 1.0073627089197692 1.0073627089197692 -0.004496293196359025
59770.730577078866 3.0575 0.019500000000000073 1.0072578719863923 0.003829362448385228 1.0 1.0073625497025827 1.0073625497025827 -0.00010467771619038224
59770.730593022294 3.0575 0.019500000000000073 1.0114848231397 0.0038355736348412712 1.0 1.0073623904852507 1.0073623904852507 0.004122432654449337
59770.73060896572 3.0575 0.019500000000000073 1.0061341696004997 0.0038242441740656565 1.0 1.007362231267919 1.007362231267919 -0.001228061667419178
59770.730624909134 3.0575 0.019500000000000073 1.008306167574793 0.0038319910199865856 1.0 1.0073620720507324 1.0073620720507324 0.0009440955240607174
59770.730640852555 3.0575 0.019500000000000073 1.0113999187725833 0.0038333124286904097 1.0 1.0073619128334732 1.0073619128334732 0.004038005939110079
59770.730656795975 3.0575 0.019500000000000073 1.0141138474619635 0.0038338572525467396 1.0 1.007361753616214 1.007361753616214 0.006752093845749485
59770.730672739395 3.0575 0.019500000000000073 1.0105436364379707 0.003833278993285147 1.0 1.007361594398955 1.007361594398955 0.003182042039015842
59770.730688682816 3.0575 0.019500000000000073 1.000157190960799 0.003812538113152604 1.0 1.0073614351816957 1.0073614351816957 -0.007204244220896827
59770.730704626236 3.0575 0.019500000000000073 1.0111528561055794 0.0038294572199880357 1.0 1.0073612759644366 1.0073612759644366 0.0037915801411427807
59770.730720569656 3.0575 0.019500000000000073 1.0128431231583443 0.003836660148570572 1.0 1.0073611167471774 1.0073611167471774 0.0054820064111669176
59770.73073651308 3.0575 0.019500000000000073 1.004679473501932 0.0038214120214459107 1.0 1.0073609575299183 1.0073609575299183 -0.0026814840279862917
59770.7307524565 3.0575 0.019500000000000073 1.0060079974964808 0.003822175880807734 1.0 1.007360798312659 1.007360798312659 -0.001352800816178057
59770.73076839992 3.0575 0.019500000000000073 1.0109158230470838 0.00383454598505014 1.0 1.0073606390953997 1.0073606390953997 0.003555183951684082
59770.73078434334 3.0575 0.019500000000000073 1.0101180780513117 0.0038314961873527633 1.0 1.0073604798781406 1.0073604798781406 0.0027575981731711163
59770.73080028676 3.0575 0.019500000000000073 1.0081739368998903 0.0038280860808979104 1.0 1.0073603206608814 1.0073603206608814 0.0008136162390088852
59770.73081623018 3.0575 0.019500000000000073 1.0060952349774495 0.0038253999933240165 1.0 1.0073601614436223 1.0073601614436223 -0.0012649264661728221
59770.7308321736 3.0575 0.019500000000000073 1.0001417372277925 0.00382048682398603 1.0 1.0073600022263631 1.0073600022263631 -0.007218264998570589
