eureka_custom_plots/data/stage5_lcfit_results/S5_wasp39b_ap4_bg8_Table_Save_ch10.txt
# %ECSV 1.0
# ---
# datatype:
# - {name: time, datatype: float64}
# - {name: wavelength, datatype: float64}
# - {name: bin_width, datatype: float64}
# - {name: lcdata, datatype: float64}
# - {name: lcerr, datatype: float64}
# - {name: transit, datatype: float64}
# - {name: polynom, datatype: float64}
# - {name: model, datatype: float64}
# - {name: residuals, datatype: float64}
# schema: astropy-2.0
time wavelength bin_width lcdata lcerr transit polynom model residuals
[from data line 14192]
59770.870289266095 3.4025 0.019500000000000073 0.9936135053982488 0.004102255419292893 0.9785364194797654 1.0060413533279888 0.9844481037341478 0.009165401664100958
59770.87030520952 3.4025 0.019500000000000073 0.9833696985480684 0.004091727040617364 0.978537512189292 1.006041250101694 0.9844491020343169 -0.0010794034862484647
59770.870321152936 3.4025 0.019500000000000073 0.9834042839998958 0.004088196731765591 0.9785386059455142 1.0060411468754933 0.9844501013873715 -0.0010458173874757781
59770.87033709635 3.4025 0.019500000000000073 0.9816877545008065 0.004078465675504985 0.9785397007511265 1.0060410436492926 0.9844511017959298 -0.0027633472951232863
59770.870353039776 3.4025 0.019500000000000073 0.9887943475508855 0.004096709523375731 0.9785407966088331 1.0060409404229977 0.9844521032626198 0.004342244288265684
59770.87036898319 3.4025 0.019500000000000073 0.9911772892246392 0.004100378447564803 0.9785418935183654 1.006040837196797 0.9844531057873553 0.0067241834372838705
59770.87038492662 3.4025 0.019500000000000073 0.9811166381734948 0.004084707356131685 0.9785429914834874 1.0060407339705022 0.9844541093737386 -0.0033374712002437468
59770.87040087003 3.4025 0.019500000000000073 0.981293006856315 0.004081168890979835 0.9785440905039395 1.0060406307443015 0.9844551140216922 -0.003162107165377126
59770.87041681345 3.4025 0.019500000000000073 0.9846785720141847 0.004087049278276001 0.9785451905829297 1.0060405275180537 0.984456119734305 0.0002224522798797146
59770.87043275687 3.4025 0.019500000000000073 0.988880246903664 0.0040983102264100955 0.9785462917217667 1.0060404242918057 0.9844571265129393 0.0044231203907247885
59770.87044870028 3.4025 0.019500000000000073 0.9861636250527076 0.0040949677865443285 0.9785473939216361 1.0060403210656053 0.9844581343588341 0.0017054906938734904
59770.87046464371 3.4025 0.019500000000000073 0.984107324466421 0.004091113620025876 0.9785484971858989 1.0060402178393102 0.9844591432752313 -0.00035181880881030025
59770.87048058713 3.4025 0.019500000000000073 0.9863119127769081 0.0040954270456822406 0.978549601514733 1.0060401146130624 0.9844601532624486 0.0018517595144594834
59770.870496530544 3.4025 0.019500000000000073 0.9814009600180317 0.004087603252968384 0.9785507069099807 1.0060400113868617 0.9844611643223385 -0.0030602043043068683
59770.870512473964 3.4025 0.019500000000000073 0.9785234223145892 0.0040791785976666516 0.9785518133743865 1.006039908160614 0.98446217645757 -0.005938754142980729
59770.870528417385 3.4025 0.019500000000000073 0.9831072200925052 0.004088855901896895 0.9785529209092642 1.0060398049343662 0.9844631896695104 -0.0013559695770052338
59770.870544360805 3.4025 0.019500000000000073 0.9860663627867355 0.004094268036030341 0.9785540295164448 1.0060397017081184 0.9844642039600013 0.0016021588267342013
59770.870560304225 3.4025 0.019500000000000073 0.9900420651118292 0.0040992932203926325 0.9785551391976705 1.0060395984818706 0.9844652193307954 0.00557684578103379
59770.87057624764 3.4025 0.019500000000000073 0.9858116238469097 0.004099657114156785 0.9785562499543042 1.00603949525567 0.9844662357833094 0.0013453880636002946
59770.870592191066 3.4025 0.019500000000000073 0.9813770410168321 0.0040858805660051074 0.9785573617896436 1.006039392029375 0.9844672533207223 -0.003090212303890172
59770.87060813448 3.4025 0.019500000000000073 0.9803144371922767 0.004087017700401099 0.9785584747034899 1.0060392888031744 0.9844682719430181 -0.004153834750741381
59770.8706240779 3.4025 0.019500000000000073 0.9926992641119127 0.004100756074744876 0.9785595886992525 1.0060391855769266 0.9844692916534883 0.008229972458424384
59770.87064002132 3.4025 0.019500000000000073 0.9807660389740196 0.004085592497877028 0.9785607037781928 1.0060390823506786 0.9844703124534474 -0.003704273479427811
59770.87065596473 3.4025 0.019500000000000073 0.9858855158973304 0.004087792391963374 0.9785618199417059 1.0060389791244781 0.9844713343443452 0.0014141815529852275
59770.87067190816 3.4025 0.019500000000000073 "" "" 0.9785629371931314 1.006038875898183 0.9844723573294022 ""
59770.87068785157 3.4025 0.019500000000000073 0.9776816370673367 0.004082348358444745 0.9785640555322951 1.0060387726719824 0.9844733814086277 -0.006791744341291039
59770.870703795 3.4025 0.019500000000000073 0.9877364963750875 0.004097623609944087 0.978565174963168 1.0060386694456875 0.984474406585832 0.0032620897892555734
59770.870719738414 3.4025 0.019500000000000073 0.9942332565243077 0.004109116083381432 0.9785662954854888 1.0060385662194868 0.9844754328609359 0.009757823663371856
59770.87073568183 3.4025 0.019500000000000073 0.9841713174025348 0.004092988378894444 0.9785674171022406 1.0060384629932861 0.9844764602368481 -0.0003051428343132656
59770.870751625254 3.4025 0.019500000000000073 0.9810744539904366 0.004085202496326797 0.9785685398162879 1.0060383597669913 0.984477488716358 -0.0034030347259214055
59770.870767568675 3.4025 0.019500000000000073 0.9848950382335587 0.004088808840588902 0.9785696636280027 1.0060382565407435 0.9844785182999777 0.0004165199335810499
59770.870783512095 3.4025 0.019500000000000073 0.9820972107796365 0.004089649783527537 0.9785707885398415 1.0060381533144958 0.984479548990132 -0.0023823382104954938
59770.87079945551 3.4025 0.019500000000000073 0.982712843646373 0.004083246490748356 0.9785719145531295 1.006038050088295 0.9844805807882001 -0.001767737141827097
59770.87081539893 3.4025 0.019500000000000073 0.9869598300740221 0.004092970627886209 0.9785730416708933 1.0060379468620473 0.9844816136971342 0.002478216376887943
59770.87083134235 3.4025 0.019500000000000073 0.987008038937605 0.004093141576390898 0.9785741698944737 1.0060378436357995 0.9844826477183288 0.0025253912192761963
59770.87084728577 3.4025 0.019500000000000073 0.9862429625298538 0.004724072513821659 0.9785752992258373 1.0060377404095515 0.9844836828537621 0.0017592796760916851
59770.87086322919 3.4025 0.019500000000000073 0.9846930623822434 0.00409007034194157 0.9785764296669588 1.0060376371833037 0.9844847191054207 0.00020834327682273113
59770.87087917261 3.4025 0.019500000000000073 0.9837965283765187 0.0040878265077491 0.978577561219722 1.006037533957056 0.9844857564751991 -0.0006892280986804389
59770.87089511602 3.4025 0.019500000000000073 0.9821634008130679 0.004085599314701941 0.9785786938856249 1.0060374307308553 0.9844867949646502 -0.0023233941515823364
59770.87091105944 3.4025 0.019500000000000073 0.9899176123480478 0.004095660131585572 0.9785798276676146 1.0060373275046075 0.9844878345766465 0.005429777771401301
59770.87092700286 3.4025 0.019500000000000073 0.9879013875455578 0.004096071443912472 0.9785809625671724 1.0060372242783597 0.9844888753127236 0.0034125122328342306
59770.87094294629 3.4025 0.019500000000000073 0.9907120163892762 0.004097288556469902 0.9785820985868372 1.0060371210520649 0.9844899171753896 0.006222099213886612
59770.8709588897 3.4025 0.019500000000000073 0.9876655399508553 0.004102790103849897 0.9785832357269533 1.0060370178258642 0.9844909601651287 0.00317457978572655
59770.87097483312 3.4025 0.019500000000000073 0.984824523175678 0.004088698897558405 0.9785843739906329 1.0060369145996635 0.9844920042849795 0.0003325188906985188
59770.870990776544 3.4025 0.019500000000000073 0.9818146762524489 0.004081598759468805 0.9785855133808687 1.0060368113733686 0.9844930495378602 -0.0026783732854113174
59770.87100671996 3.4025 0.019500000000000073 0.9859203375980846 0.004095310466538514 0.9785866538975966 1.006036708147168 0.98449409592389 0.0014262416741945838
59770.871022663385 3.4025 0.019500000000000073 0.9937268545723534 0.004103786326776741 0.9785877955449798 1.0060366049208729 0.9844951434470728 0.00923171112528065
59770.8710386068 3.4025 0.019500000000000073 0.9886746858703779 0.004092626194851293 0.9785889383228666 1.0060365016946724 0.9844961921074403 0.004178493762937552
59770.87105455022 3.4025 0.019500000000000073 0.9834838032286323 0.004089708021233361 0.9785900822349449 1.0060363984684244 0.9844972419085632 -0.001013438679930978
59770.87107049364 3.4025 0.019500000000000073 0.9831425102895054 0.004089658255643127 0.9785912272826636 1.0060362952421766 0.9844982928519457 -0.0013557825624402886
59770.87108643705 3.4025 0.019500000000000073 0.9811784572391512 0.004085284575412413 0.9785923734676103 1.006036192015976 0.9844993449392304 -0.0033208877000792114
59770.87110238048 3.4025 0.019500000000000073 0.9872281721696685 0.004094353198483215 0.9785935207933706 1.006036088789681 0.984500398173886 0.002727773995782501
59770.87111832389 3.4025 0.019500000000000073 0.979126248033068 0.004084355570926209 0.978594669259923 1.0060359855634804 0.9845014525560748 -0.005375204523006771
59770.87113426731 3.4025 0.019500000000000073 0.9879277929474216 0.0040960380791845805 0.9785958188709711 1.0060358823372326 0.9845025080893841 0.003425284858037503
59770.87115021073 3.4025 0.019500000000000073 0.9901743670741329 0.004093722115934942 0.9785969696280024 1.0060357791109849 0.9845035647753562 0.0056708022987767
59770.87116615415 3.4025 0.019500000000000073 0.9921153277741126 0.004104631411371276 0.9785981215331441 1.006035675884737 0.9845046226161307 0.007610705157981901
59770.87118209757 3.4025 0.019500000000000073 0.9781803181108392 0.00408041719082895 0.9785992745885318 1.0060355726584893 0.9845056816138558 -0.006325363503016601
59770.871198040986 3.4025 0.019500000000000073 0.9816079137221925 0.004088105189879419 0.9786004287956753 1.0060354694322886 0.9845067417700961 -0.0028988280479036455
59770.87121398441 3.4025 0.019500000000000073 0.9849731405767929 0.004093532951260565 0.9786015841578289 1.0060353662060408 0.9845078030880331 0.000465337488759765
59770.871229927834 3.4025 0.019500000000000073 0.9835346964106512 0.0040895454475182265 0.9786027406770557 1.0060352629797458 0.9845088655697416 -0.0009741691590904322
59770.87124587125 3.4025 0.019500000000000073 0.9847530302241233 0.0040946857291083985 0.9786038983539197 1.0060351597535453 0.9845099292159278 0.00024310100819546765
59770.87126181467 3.4025 0.019500000000000073 0.9898841865699692 0.004097476899605368 0.9786050571922063 1.0060350565272973 0.9845109940302602 0.005373192539709026
59770.87127775809 3.4025 0.019500000000000073 0.9846807911731523 0.004088126876058241 0.9786062171934676 1.0060349533010495 0.984512060014347 0.0001687311588053353
59770.8712937015 3.4025 0.019500000000000073 0.9779216583644786 0.0040774952377198 0.9786073783593966 1.0060348500748488 0.9845131271699364 -0.006591468805457801
59770.87130964493 3.4025 0.019500000000000073 0.9733383713907603 0.004074312582012437 0.9786085406937111 1.006034746848554 0.9845141955006305 -0.01117582410987017
59770.87132558834 3.4025 0.019500000000000073 0.9855470004753819 0.004092633635095564 0.9786097041965085 1.0060346436223533 0.984515265006711 0.001031735468670858
59770.87134153177 3.4025 0.019500000000000073 0.9842141790119556 0.004089208199993106 0.9786108688720652 1.0060345403960584 0.9845163356922955 -0.0003021566803398379
59770.87135747518 3.4025 0.019500000000000073 0.9843509575109922 0.004091351212060247 0.978612034720459 1.0060344371698577 0.9845174075576463 -0.00016645004665405416
59770.871373418595 3.4025 0.019500000000000073 0.9860247579809625 0.004729445324024487 0.9786132017450097 1.006034333943657 0.9845184806060104 0.0015062773749520142
59770.87138936202 3.4025 0.019500000000000073 0.9847840791821401 0.004092007889591971 0.9786143699489492 1.0060342307173622 0.9845195548405472 0.0002645243415928533
59770.871405305435 3.4025 0.019500000000000073 0.9864398502814236 0.0040960670056618366 0.9786155393324109 1.0060341274911615 0.9845206302615744 0.0019192200198491216
59770.87142124886 3.4025 0.019500000000000073 0.9820453551622823 0.004088178870077345 0.9786167098997273 1.0060340242648667 0.9845217068732662 -0.002476351710983926
59770.871437192276 3.4025 0.019500000000000073 0.9831132042352847 0.004087990877091627 0.9786178816510124 1.006033921038666 0.9845227846759211 -0.0014095804406364376
59770.871453135696 3.4025 0.019500000000000073 0.9838873077400838 0.00409911069777187 0.9786190545901815 1.0060338178124182 0.9845238636733395 -0.0006365559332557336
59770.87146907912 3.4025 0.019500000000000073 0.9823934233019098 0.0040895302417186495 0.9786202287188899 1.0060337145861702 0.9845249438672322 -0.002131520565322398
59770.87148502254 3.4025 0.019500000000000073 0.982695449719532 0.004087742831287231 0.9786214040394463 1.0060336113599224 0.9845260252599219 -0.0018305755403899004
59770.87150096596 3.4025 0.019500000000000073 0.9845989429740895 0.004089290285079871 0.9786225805541695 1.0060335081336746 0.9845271078537408 7.183512034869555e-05
59770.87151690938 3.4025 0.019500000000000073 0.9837314618389096 0.004087597270125012 0.9786237582652856 1.0060334049074269 0.9845281916509279 -0.000796729812018282
59770.87153285279 3.4025 0.019500000000000073 0.9874720216805939 0.00409377194988131 0.978624937174621 1.0060333016812262 0.9845292766533664 0.002942745027227467
59770.87154879621 3.4025 0.019500000000000073 0.9814220790876739 0.00408405852790739 0.9786261172855121 1.0060331984549784 0.9845303628643205 -0.0031082837766466254
59770.87156473963 3.4025 0.019500000000000073 0.9859899671242676 0.004093933265064565 0.9786272985998066 1.0060330952287306 0.9845314502856947 0.0014585168385728986
59770.87158068305 3.4025 0.019500000000000073 0.9787562437826766 0.004084877772269993 0.9786284811197697 1.0060329920024829 0.9845325389197672 -0.005776295137090659
59770.87159662647 3.4025 0.019500000000000073 0.9792084268041715 0.004082646028119286 0.9786296648477796 1.006032888776235 0.9845336287689305 -0.005325201964758941
59770.871612569885 3.4025 0.019500000000000073 0.9863150684370824 0.004095101216656706 0.9786308497856763 1.0060327855500344 0.9845347198350812 0.0017803486020011583
59770.87162851331 3.4025 0.019500000000000073 0.9890385670979323 0.004101248663843832 0.978632035937401 1.0060326823237395 0.9845358121220458 0.0045027549758864804
59770.871644456725 3.4025 0.019500000000000073 0.987636374101836 0.004097757921989723 0.9786332233032023 1.0060325790975388 0.9845369056302583 0.0030994684715777154
59770.871660400146 3.4025 0.019500000000000073 0.9810614974525259 0.0040864918256702095 0.9786344118870435 1.0060324758712909 0.984538000363567 -0.0034765029110410683
59770.871676343566 3.4025 0.019500000000000073 0.9846379703072575 0.0040949774782903054 0.9786356016908052 1.006032372645043 0.9845390963239101 9.887398334740283e-05
59770.871692286986 3.4025 0.019500000000000073 0.9880528775816574 0.00409445288437031 0.978636792716928 1.0060322694187953 0.9845401935137423 0.0035126840679150506
59770.87170823041 3.4025 0.019500000000000073 0.9891970203511644 0.004101011032797481 0.9786379849677598 1.0060321661925475 0.9845412919354252 0.0046557284157392465
59770.87172417382 3.4025 0.019500000000000073 0.9821614743969359 0.00408232670606199 0.978639178445244 1.0060320629663468 0.9845423915909596 -0.0023809171940236684
59770.87174011725 3.4025 0.019500000000000073 0.9844152582625232 0.004090588719278756 0.9786403731534071 1.006031959740052 0.984543492484258 -0.00012823422173480203
59770.87175606066 3.4025 0.019500000000000073 0.9899700096134502 0.004101291328331222 0.9786415690925214 1.0060318565138513 0.9845445946157778 0.005425414997672351
59770.87177200408 3.4025 0.019500000000000073 0.985207133460849 0.004093704448908772 0.9786427662667401 1.0060317532876035 0.9845456979895589 0.0006614354712900505
59770.8717879475 3.4025 0.019500000000000073 0.9853082165349161 0.0040918106883914025 0.9786439646779118 1.0060316500613558 0.9845468026075068 0.0007614139274092491
59770.87180389092 3.4025 0.019500000000000073 0.9881085215227536 0.004099028942173418 0.9786451643285872 1.006031546835108 0.984547908472187 0.0035606130505666522
