eureka_custom_plots/data/stage5_lcfit_results/S5_wasp39b_ap4_bg8_Table_Save_ch53.txt
# %ECSV 1.0
# ---
# datatype:
# - {name: time, datatype: float64}
# - {name: wavelength, datatype: float64}
# - {name: bin_width, datatype: float64}
# - {name: lcdata, datatype: float64}
# - {name: lcerr, datatype: float64}
# - {name: transit, datatype: float64}
# - {name: polynom, datatype: float64}
# - {name: model, datatype: float64}
# - {name: residuals, datatype: float64}
# schema: astropy-2.0
time wavelength bin_width lcdata lcerr transit polynom model residuals
[from data line 14237]
59770.87100671996 5.051 0.019000000000000128 0.9848626431699086 0.011620961053129127 0.9787878284410535 1.006103682943968 0.9847620390152726 0.00010060415463597483
59770.871022663385 5.051 0.019000000000000128 0.9870272453352968 0.011609794838440428 0.9787888052259665 1.0061036349734203 0.9847629748091359 0.002264270526160961
59770.8710386068 5.051 0.019000000000000128 1.0008015256133818 0.011597332263275823 0.9787897834123528 1.0061035870029162 0.9847639120129756 0.01603761360040612
59770.87105455022 5.051 0.019000000000000128 0.9572491358043216 0.011477891938966322 0.9787907630044702 1.0061035390323905 0.9847648506310113 -0.027515714826689686
59770.87107049364 5.051 0.019000000000000128 0.9861164535995898 0.011619080550228277 0.9787917440048919 1.0061034910618647 0.9847657906658527 0.0013506629337370901
59770.87108643705 5.051 0.019000000000000128 0.9787816770823462 0.011629506292260656 0.9787927264160845 1.006103443091361 0.9847667321200031 -0.0059850550376568945
59770.87110238048 5.051 0.019000000000000128 0.9871037757152207 0.01157009991177634 0.9787937102424592 1.0061033951208131 0.9847676749978356 0.0023361007173851034
59770.87111832389 5.051 0.019000000000000128 0.9879351472297205 0.011606609201498247 0.9787946954851382 1.0061033471503094 0.9847686193005654 0.003166527929155172
59770.87113426731 5.051 0.019000000000000128 0.9817887163890076 0.011597023337128098 0.978795682148556 1.0061032991797836 0.984769565032589 -0.002980848643581391
59770.87115021073 5.051 0.019000000000000128 0.9720880132470334 0.011550321071448714 0.9787966702352213 1.0061032512092578 0.984770512196452 -0.01268249894941853
59770.87116615415 5.051 0.019000000000000128 0.9894089805490779 0.013021087415432708 0.9787976597481949 1.006103203238732 0.9847714607952334 0.004637519753844521
59770.87118209757 5.051 0.019000000000000128 0.9702447600347448 0.011559771425685716 0.9787986506905489 1.0061031552682063 0.9847724108320242 -0.014527650797279357
59770.871198040986 5.051 0.019000000000000128 0.9922752855679552 0.011535905019960439 0.9787996430648492 1.0061031072977022 0.9847733623094267 0.007501923258528498
59770.87121398441 5.051 0.019000000000000128 0.9742349014976671 0.011622830280714628 0.9788006368750507 1.0061030593271765 0.9847743152313773 -0.010539413733710146
59770.871229927834 5.051 0.019000000000000128 0.999460536860445 0.012834161859430177 0.9788016321242599 1.006103011356629 0.9847752696010011 0.014685267259443857
59770.87124587125 5.051 0.019000000000000128 0.9693061895688055 0.011486391445967165 0.9788026288142108 1.006102963386125 0.9847762254201067 -0.015470035851301134
59770.87126181467 5.051 0.019000000000000128 0.9904640962721177 0.013047246704511599 0.9788036269493265 1.0061029154155992 0.9847771826930799 0.005686913579037833
59770.87127775809 5.051 0.019000000000000128 0.9821052498284805 0.011550730677101918 0.9788046265323138 1.0061028674450734 0.9847781414226651 -0.002672891594184601
59770.8712937015 5.051 0.019000000000000128 0.9956921422608473 0.011546737194568862 0.9788056275657724 1.0061028194745696 0.9847791016114991 0.010913040649348282
59770.87130964493 5.051 0.019000000000000128 0.9658269213722461 0.011541164220203657 0.9788066300542538 1.0061027715040218 0.9847800632640966 -0.01895314189185049
59770.87132558834 5.051 0.019000000000000128 0.9839969742318314 0.011606396661960353 0.978807633999076 1.006102723533518 0.9847810263818693 -0.0007840521500378506
59770.87134153177 5.051 0.019000000000000128 1.0061820567513509 0.01166166202420983 0.978808639405194 1.0061026755629703 0.9847819909697163 0.02140006578163456
59770.87135747518 5.051 0.019000000000000128 1.0023937587400653 0.011647041230760794 0.9788096462739723 1.0061026275924665 0.9847829570290961 0.01761080171096918
59770.871373418595 5.051 0.019000000000000128 0.980801213642553 0.011592181445655618 0.9788106546094896 1.0061025796219625 0.9847839245640692 -0.003982710921516142
59770.87138936202 5.051 0.019000000000000128 1.0015513521279031 0.011619755813174116 0.9788116644158424 1.006102531651415 0.9847848935787142 0.0167664585491889
59770.871405305435 5.051 0.019000000000000128 0.968863000613643 0.011476308124604359 0.9788126756943928 1.006102483680911 0.9847858640744865 -0.015922863460843484
59770.87142124886 5.051 0.019000000000000128 0.9760511587479548 0.011578199946127583 0.9788136884502555 1.0061024357103634 0.9847868360564469 -0.008735677308492118
59770.871437192276 5.051 0.019000000000000128 1.0003692213422302 0.011631072923870873 0.9788147026847231 1.0061023877398594 0.9847878095259806 0.015581411816249613
59770.871453135696 5.051 0.019000000000000128 0.983960219592774 0.011577345412778963 0.978815718402499 1.0061023397693336 0.9847887844877554 -0.0008285648949813984
59770.87146907912 5.051 0.019000000000000128 0.9875250608798434 0.011597346721641415 0.9788167356063048 1.0061022917988078 0.984789760944531 0.0027352999353124074
59770.87148502254 5.051 0.019000000000000128 0.9921523585867688 0.011624690069921341 0.978817754299432 1.006102243828282 0.9847907388996185 0.0073616196871502115
59770.87150096596 5.051 0.019000000000000128 0.9831875939442997 0.011550924810826318 0.9788187744851833 1.0061021958577563 0.9847917183563408 -0.0016041244120411635
59770.87151690938 5.051 0.019000000000000128 0.975946414110507 0.011531808426403677 0.9788197961667865 1.0061021478872305 0.984792699317945 -0.00884628520743802
59770.87153285279 5.051 0.019000000000000128 0.973304002949887 0.011539670483327479 0.9788208193471252 1.0061020999167267 0.9847936817873536 -0.011489678837466655
59770.87154879621 5.051 0.019000000000000128 1.006124761828478 0.01164785070277629 0.9788218440303976 1.006102051946201 0.9847946657687473 0.021330096059730796
59770.87156473963 5.051 0.019000000000000128 1.00004683922369 0.01161154388566119 0.9788228702195135 1.0061020039756752 0.9847956512650747 0.015251187958615353
59770.87158068305 5.051 0.019000000000000128 0.9947937853030202 0.01161953439116396 0.9788238979177492 1.0061019560051494 0.9847966382796322 0.009997147023388053
59770.87159662647 5.051 0.019000000000000128 0.9647194272433538 0.011517512926922607 0.9788249271285121 1.0061019080346236 0.9847976268158475 -0.020078199572493682
59770.871612569885 5.051 0.019000000000000128 0.9971088613805094 0.011605037911172572 0.9788259578546271 1.0061018600641196 0.9847986168765839 0.012310244503925483
59770.87162851331 5.051 0.019000000000000128 0.9882198493518883 0.011605701422636356 0.9788269901009289 1.006101812093572 0.9847996084666415 0.003420240885246839
59770.871644456725 5.051 0.019000000000000128 0.9832047137674436 0.011610204526722918 0.9788280238689238 1.006101764123068 0.9848006015876207 -0.0015958878201771665
59770.871660400146 5.051 0.019000000000000128 0.9683608651027005 0.01155430977411666 0.9788290591633853 1.0061017161525423 0.9848015962442602 -0.01644073114155975
59770.871676343566 5.051 0.019000000000000128 0.9781890015235073 0.01156258998816471 0.9788300959873077 1.0061016681820165 0.9848025924395937 -0.006613590916086376
59770.871692286986 5.051 0.019000000000000128 0.9912800593732964 0.011601063759842656 0.9788311343440566 1.0061016202114907 0.9848035901770067 0.006476469196289747
59770.87170823041 5.051 0.019000000000000128 1.0014727580129748 0.011655969969358 0.9788321742371304 1.006101572240965 0.9848045894600191 0.01666816855295561
59770.87172417382 5.051 0.019000000000000128 0.9783904862395945 0.011605002894135895 0.9788332156694385 1.0061015242704612 0.9848055902915791 -0.006415104051984644
59770.87174011725 5.051 0.019000000000000128 0.982813843604936 0.011595253846666728 0.9788342586459529 1.0061014762999134 0.9848065926766245 -0.00199274907168856
59770.87175606066 5.051 0.019000000000000128 0.9790614237410501 0.011585350903392778 0.9788353031681614 1.0061014283294096 0.9848075966167379 -0.005746172875687794
59770.87177200408 5.051 0.019000000000000128 0.9745286987910275 0.011528647210528861 0.9788363492410648 1.0061013803588839 0.9848086021168858 -0.010279903325858264
59770.8717879475 5.051 0.019000000000000128 0.9839956685801792 0.011576415837582928 0.9788373968676253 1.006101332388358 0.9848096091800699 -0.0008139405998907057
59770.87180389092 5.051 0.019000000000000128 0.9994005856203004 0.011609127938144264 0.9788384460513916 1.0061012844178323 0.9848106178098601 0.014589967810440307
59770.87181983434 5.051 0.019000000000000128 0.9779153743932262 0.011566994167277383 0.978839496795927 1.0061012364473065 0.9848116280098415 -0.006896253616615278
59770.871835777754 5.051 0.019000000000000128 0.9764986243061033 0.011558263266256044 0.9788405491042296 1.0061011884768025 0.9848126397830513 -0.008314015476947989
59770.871851721175 5.051 0.019000000000000128 0.977982636220148 0.011547747814956492 0.9788416029808942 1.0061011405062767 0.9848136531340698 -0.006831016913921739
59770.871867664595 5.051 0.019000000000000128 0.9710245732461285 0.011547289342258385 0.9788426584289475 1.006101092535751 0.984814668065963 -0.013790094819834509
59770.871883608015 5.051 0.019000000000000128 0.9770708958163961 0.011549730351179956 0.9788437154520384 1.0061010445652252 0.9848156845824019 -0.007744788766005817
59770.871899551435 5.051 0.019000000000000128 0.9815413364098226 0.011585305665939764 0.9788447740537082 1.0061009965946994 0.9848167026869492 -0.0032753662771266567
59770.871915494856 5.051 0.019000000000000128 0.9982408397372129 0.011637950447256254 0.9788458342376343 1.0061009486241737 0.9848177223833045 0.013423117353908443
59770.87193143827 5.051 0.019000000000000128 0.9925525642130313 0.01161760740058349 0.9788468960068945 1.0061009006536699 0.9848187436745857 0.007733820538445624
59770.8719473817 5.051 0.019000000000000128 1.0099167179259683 0.011685094988348483 0.9788479593666387 1.006100852683122 0.9848197665659093 0.02509695136005896
59770.87196332511 5.051 0.019000000000000128 0.9878836953813068 0.011596166752838883 0.9788490243185898 1.0061008047126183 0.9848207910590945 0.0030629043222123453
59770.87197926854 5.051 0.019000000000000128 0.9834601805942148 0.011560510551455367 0.9788500908683305 1.0061007567420706 0.9848218171596719 -0.0013616365654570695
59770.87199521195 5.051 0.019000000000000128 0.9672356342242314 0.011533609456447835 0.9788511590176374 1.0061007087715668 0.9848228448695147 -0.017587210645283236
59770.87201115536 5.051 0.019000000000000128 0.9814038237900571 0.011611861842293769 0.9788522287711382 1.0061006608010628 0.9848238741932351 -0.0034200504031780543
59770.87202709879 5.051 0.019000000000000128 1.0011249794034132 0.011659138584189153 0.9788533001336047 1.0061006128305152 0.984824905135592 0.016300074267821207
59770.8720430422 5.051 0.019000000000000128 1.0045677593585929 0.011633537477572826 0.978854373106725 1.0061005648600112 0.9848259376983681 0.019741821660224756
59770.87205898563 5.051 0.019000000000000128 1.004895142225682 0.011651864932651855 0.9788554476962639 1.0061005168894634 0.9848269718872782 0.0200681703384038
59770.872074929044 5.051 0.019000000000000128 0.9806239539779013 0.011575514551455094 0.9788565239040266 1.0061004689189597 0.984828007704224 -0.00420405372632271
59770.872090872464 5.051 0.019000000000000128 0.9926121267299189 0.01161365982294649 0.9788576017352527 1.0061004209484339 0.9848290451544122 0.007783081575506778
59770.872106815885 5.051 0.019000000000000128 1.0029276931836797 0.011655301363408846 0.9788586811932071 1.006100372977908 0.9848300842411489 0.018097608942530763
59770.8721227593 5.051 0.019000000000000128 0.9862380536295633 0.011544400757157522 0.9788597622812599 1.0061003250074043 0.9848311249678462 0.0014069286617170995
59770.872138702725 5.051 0.019000000000000128 1.0050576576102714 0.011629985099845263 0.978860845004675 1.0061002770368566 0.984832167339735 0.02022549027053644
59770.872154646146 5.051 0.019000000000000128 0.9829584445836771 0.011581405665303092 0.9788619293658214 1.0061002290663308 0.9848332113592634 -0.0018747667755862896
59770.87217058956 5.051 0.019000000000000128 0.9716019149450373 0.01158384030607308 0.9788630153685836 1.006100181095827 0.9848342570303392 -0.013232342085301885
59770.87218653298 5.051 0.019000000000000128 1.003348888666754 0.011615137460562534 0.9788641030177747 1.0061001331253012 0.9848353043577617 0.018513584308992415
59770.8722024764 5.051 0.019000000000000128 1.0081909737295607 0.013143118820897153 0.9788651923168427 1.0061000851547754 0.9848363533450211 0.023354620384539615
59770.87221841982 5.051 0.019000000000000128 0.9699269435744174 0.011522970850032288 0.9788662832696273 1.0061000371842495 0.9848374039959801 -0.014910460421562632
59770.87223436324 5.051 0.019000000000000128 0.9865789968210004 0.01161966777875342 0.9788673758800795 1.0060999892137237 0.9848384563146141 0.0017405405063862789
59770.87225030665 5.051 0.019000000000000128 0.9889690206186569 0.011607984853190092 0.9788684701516586 1.0060999412432199 0.9848395103044242 0.004129510314232698
59770.87226625008 5.051 0.019000000000000128 0.9878693979729052 0.011584847336617554 0.9788695660897734 1.0060998932726721 0.9848405659707878 0.003028832002117343
59770.87228219349 5.051 0.019000000000000128 0.9971800558564423 0.011575193830115984 0.9788706636964263 1.0060998453021683 0.9848416233158054 0.012338432540636934
59770.872298136914 5.051 0.019000000000000128 0.988865367796516 0.011541491573568598 0.9788717629770609 1.0060997973316426 0.9848426823448886 0.004022685451627428
59770.872314080334 5.051 0.019000000000000128 1.0060052308128589 0.011648335225035616 0.9788728639352338 1.0060997493611168 0.9848437430616372 0.02116148775122162
59770.87233002375 5.051 0.019000000000000128 0.9856801906857935 0.011547261498823796 0.9788739665743879 1.006099701390613 0.9848448054695366 0.0008353852162569231
59770.872345967175 5.051 0.019000000000000128 0.9692556008550356 0.011564305101409387 0.9788750709001535 1.0060996534200652 0.9848458695741862 -0.01559026871915059
59770.87236191059 5.051 0.019000000000000128 0.9904613875006616 0.011579905491594884 0.9788761769144738 1.0060996054495612 0.984846935377627 0.0056144521230345745
59770.872377854015 5.051 0.019000000000000128 0.9896436813690541 0.011594649130728163 0.9788772846234959 1.0060995574790137 0.9848480028859578 0.004795678483096366
59770.87239379743 5.051 0.019000000000000128 0.9652625899067244 0.011529454662384675 0.9788783940292872 1.0060995095085097 0.9848490721013435 -0.019586482194619115
59770.87240974084 5.051 0.019000000000000128 0.9676556381701729 0.011544675343883423 0.9788795051369423 1.006099461538006 0.9848501430288673 -0.017194504858694448
59770.87242568427 5.051 0.019000000000000128 0.9631354938939163 0.0115153504424577 0.9788806179515797 1.0060994135674581 0.9848512156736353 -0.021715721779719033
59770.87244162769 5.051 0.019000000000000128 0.9493968390060807 0.011462440229675375 0.978881732475825 1.0060993655969324 0.9848522900383536 -0.03545545103227288
59770.87245757111 5.051 0.019000000000000128 0.9717144651077207 0.011513269264467791 0.9788828487143802 1.0060993176264066 0.984853366127731 -0.013138901020010252
59770.87247351452 5.051 0.019000000000000128 0.9833933329064012 0.01156420907232933 0.9788839666708359 1.0060992696559028 0.9848544439454011 -0.0014611110389999293
59770.87248945794 5.051 0.019000000000000128 0.9885640794041917 0.01158418008840438 0.9788850863504812 1.006099221685377 0.9848555234966422 0.0037085559075494823
59770.87250540136 5.051 0.019000000000000128 0.9970089220601865 0.011680606016892567 0.9788862077569432 1.0060991737148512 0.9848566047851248 0.01215231727506172
59770.87252134478 5.051 0.019000000000000128 0.9806676821695394 0.011606084581573422 0.9788873308945134 1.0060991257443255 0.9848576878151661 -0.004190005645626771
59770.8725372882 5.051 0.019000000000000128 0.9631951413163461 0.011521499938813344 0.978888455767371 1.0060990777737997 0.9848587725909709 -0.021663631274624784
