eureka_custom_plots/data/stage5_lcfit_results/S5_wasp39b_ap4_bg8_Table_Save_ch11.txt
# %ECSV 1.0
# ---
# datatype:
# - {name: time, datatype: float64}
# - {name: wavelength, datatype: float64}
# - {name: bin_width, datatype: float64}
# - {name: lcdata, datatype: float64}
# - {name: lcerr, datatype: float64}
# - {name: transit, datatype: float64}
# - {name: polynom, datatype: float64}
# - {name: model, datatype: float64}
# - {name: residuals, datatype: float64}
# schema: astropy-2.0
time wavelength bin_width lcdata lcerr transit polynom model residuals
[from data line 8844]
59770.78502385846 3.441 0.018999999999999906 0.9861760921004638 0.014706668302199967 0.9895026822188618 1.0062640309754114 0.9957009576705335 -0.009524865570069707
59770.785039801885 3.441 0.018999999999999906 0.9788575885613789 0.01466658605690343 0.9894803577622049 1.0062639586919102 0.9956784218496839 -0.01682083328830497
59770.7850557453 3.441 0.018999999999999906 0.9866164559689777 0.014687786169328705 0.9894580328641678 1.0062638864084752 0.9956558855879822 -0.009039429619004502
59770.78507168872 3.441 0.018999999999999906 0.9792283734856437 0.01466670359629665 0.9894357075714661 1.006263814125007 0.9956333489323387 -0.016404975446694947
59770.78508763214 3.441 0.018999999999999906 0.9751828798323974 0.014617241948754236 0.9894133819702708 1.0062637418415392 0.9956108119694969 -0.02042793213709948
59770.78510357556 3.441 0.018999999999999906 0.9866877154807034 0.014696668307409485 0.9893910561365006 1.0062636695580711 0.9955882747758507 -0.008900559295147215
59770.78511951898 3.441 0.018999999999999906 1.0073805936843945 0.014817662146505185 0.9893687301480921 1.006263597274603 0.9955657374298251 0.01181485625456935
59770.7851354624 3.441 0.018999999999999906 1.0032604942906493 0.014779737964214187 0.9893464040811228 1.006263524991135 0.9955432000079745 0.007717294282674869
59770.78515140582 3.441 0.018999999999999906 0.9877706164798555 0.014725097741823609 0.9893240780117484 1.006263452707667 0.9955206625869313 -0.007750046107075748
59770.78516734924 3.441 0.018999999999999906 0.9824967014738999 0.014673556560929295 0.9893017520181452 1.006263380424199 0.9954981252453613 -0.013001423771461407
59770.78518329266 3.441 0.018999999999999906 0.9757692835144326 0.014652559676373708 0.9892794261766347 1.0062633081407308 0.9954755880600643 -0.019706304545631714
59770.78519923608 3.441 0.018999999999999906 0.9972972686835281 0.01475350101722053 0.9892571005642615 1.0062632358572627 0.9954530511085674 0.0018442175749606715
59770.7852151795 3.441 0.018999999999999906 1.0133190279359512 0.014843703840633667 0.989234775257515 1.0062631635737946 0.9954305144678388 0.017888513468112377
59770.78523112292 3.441 0.018999999999999906 0.9805689226415801 0.014662637008990214 0.989212450334899 1.0062630912903268 0.9954079782168743 -0.014839055575294191
59770.785247066335 3.441 0.018999999999999906 0.9793393840882243 0.014635951735243197 0.9891901258827507 1.0062630190068917 0.995385442442584 -0.016046058354359682
59770.78526300976 3.441 0.018999999999999906 1.011088795000444 0.01483014203276484 0.9891678019487644 1.0062629467233906 0.9953629071928629 0.015725887807580996
59770.785278953175 3.441 0.018999999999999906 1.0023552433561493 0.014780993419897883 0.989145478651076 1.0062628744399555 0.9953403725867175 0.007014870769431858
59770.7852948966 3.441 0.018999999999999906 1.0016862609142752 0.014751168918712655 0.9891231560259358 1.0062628021564546 0.9953178386604942 0.006368422253780981
59770.785310840016 3.441 0.018999999999999906 1.0003668347112031 0.014753036432484459 0.989100834191656 1.0062627298730193 0.9952953055333764 0.005071529177826717
59770.78532678344 3.441 0.018999999999999906 1.0333295836944094 0.015146642160567417 0.9890785131859534 1.0062626575895184 0.995272773243187 0.038056810451222445
59770.78534272686 3.441 0.018999999999999906 1.0026062939732068 0.014768362284355538 0.9890561931273187 1.0062625853060834 0.9952502419092887 0.007356052063918095
59770.78535867028 3.441 0.018999999999999906 0.9840387842993091 0.014708521170073307 0.9890338740620399 1.0062625130226153 0.995227711578161 -0.011188927278851901
59770.7853746137 3.441 0.018999999999999906 1.0058570481159057 0.014809418950270714 0.9890115560797438 1.0062624407391472 0.9952051823400249 0.010651865775880842
59770.785390557125 3.441 0.018999999999999906 0.9900134058438914 0.014703886672242884 0.9889892392475607 1.0062623684556462 0.9951826542623982 -0.0051692484185067444
59770.78540650054 3.441 0.018999999999999906 0.9838176392342579 0.01468197790506604 0.988966923674661 1.0062622961722112 0.9951601274552323 -0.01134248822097439
59770.78542244396 3.441 0.018999999999999906 1.0075213348137595 0.014806606088570162 0.9889446094077067 1.006262223888743 0.9951376019653834 0.012383732848376128
59770.78543838738 3.441 0.018999999999999906 0.986577272644932 0.014724835753995252 0.9889222965366996 1.006262151605275 0.9951150778834491 -0.008537805238517104
59770.7854543308 3.441 0.018999999999999906 0.9849191217778387 0.014688107912551356 0.988899985139473 1.0062620793218071 0.9950925552877502 -0.010173433509911511
59770.78547027422 3.441 0.018999999999999906 0.9856900879421228 0.014704527711353986 0.9888776752939509 1.006262007038339 0.9950700342566979 -0.009379946314575172
59770.78548621764 3.441 0.018999999999999906 0.9766704835117064 0.014650338050698524 0.9888553670800982 1.006261934754871 0.9950475148707577 -0.018377031359051332
59770.78550216106 3.441 0.018999999999999906 0.9842316658575658 0.01470228133541812 0.9888330605760429 1.0062618624714028 0.9950249972085464 -0.010793331350980595
59770.78551810448 3.441 0.018999999999999906 0.9981475973635805 0.014739627497430673 0.9888107558606485 1.006261790187935 0.9950024813494213 0.0031451160141592327
59770.78553404789 3.441 0.018999999999999906 1.023865457046474 0.01509272890713071 0.9887884530225589 1.0062617179044997 0.9949799673826129 0.028885489663861175
59770.78554999132 3.441 0.018999999999999906 0.9821065203954173 0.014689971270214902 0.98876615211118 1.0062616456209987 0.9949574553577387 -0.01285093496232137
59770.78556593473 3.441 0.018999999999999906 0.9857284369432168 0.014688436007387291 0.9887438532456657 1.0062615733375637 0.9949349453948287 -0.009206508451611972
59770.78558187816 3.441 0.018999999999999906 0.9870105441076588 0.014703565989393935 0.9887215564653097 1.0062615010540628 0.9949124375332918 -0.007901893425633078
59770.785597821574 3.441 0.018999999999999906 1.0062461062162813 0.014808086353948724 0.988699261890112 1.0062614287706275 0.994889931894009 0.011356174322272317
59770.785613765 3.441 0.018999999999999906 0.9886927068021009 0.014703955189294958 0.9886769695582914 1.0062613564871266 0.9948674285153079 -0.006174721713206988
59770.785629708414 3.441 0.018999999999999906 0.9971104482178588 0.014759115491609487 0.9886546795900503 1.0062612842036915 0.9948449275182731 0.0022655206995856325
59770.78564565184 3.441 0.018999999999999906 1.0031743342076536 0.014788921725733916 0.9886323920251184 1.0062612119201904 0.9948224289427524 0.00835190526490115
59770.785661595255 3.441 0.018999999999999906 0.9835456508993335 0.014714645480278378 0.9886101069838986 1.0062611396367553 0.9947999329100324 -0.01125428201069889
59770.78567753868 3.441 0.018999999999999906 0.9829285719700622 0.014675847161010032 0.9885878245050616 1.0062610673532544 0.994777439458895 -0.011848867488832737
59770.785693482096 3.441 0.018999999999999906 0.9991523482330453 0.014745016977423793 0.9885655447092145 1.0062609950698194 0.9947549487108323 0.004397399522213075
59770.785709425516 3.441 0.018999999999999906 1.0034505879849198 0.01476488647343657 0.9885432676468497 1.0062609227863513 0.9947324607165541 0.008718127268365738
59770.785725368936 3.441 0.018999999999999906 1.0033605601737932 0.01478239914741752 0.9885209934078723 1.0062608505028832 0.9947099755665605 0.00865058460723267
59770.78574131236 3.441 0.018999999999999906 1.0136190423646303 0.014800929584254859 0.9884987220719889 1.006260778219415 0.9946874933410568 0.018931549023573524
59770.78575725578 3.441 0.018999999999999906 1.032482544058288 0.01516181434002368 0.9884764537209497 1.0062607059359472 0.9946650141223045 0.03781752993598364
59770.7857731992 3.441 0.018999999999999906 0.9876440978458905 0.014710888929783316 0.9884541884346912 1.006260633652479 0.9946425379907393 -0.00699844014484885
59770.78578914262 3.441 0.018999999999999906 1.005585224349602 0.01480451677571718 0.9884319262932604 1.006260561369011 0.994620065026909 0.01096515932269293
59770.78580508604 3.441 0.018999999999999906 0.9938207999741607 0.014719450437266818 0.9884096673787559 1.0062604890855429 0.9945975953134257 -0.0007767953392650018
59770.78582102945 3.441 0.018999999999999906 0.995382082093886 0.014759877157517285 0.9883874117817524 1.0062604168021079 0.9945751289414628 0.0008069531524231843
59770.78583697288 3.441 0.018999999999999906 0.9788960323433108 0.014665478037115987 0.9883651595517613 1.006260344518607 0.9945526659607432 -0.015656633617432414
59770.7858529163 3.441 0.018999999999999906 1.0338331222410755 0.015139041747813494 0.9883429108021216 1.0062602722351388 0.9945302064854123 0.03930291575566314
59770.78586885972 3.441 0.018999999999999906 0.9940212335537207 0.014747789460205588 0.9883206656031711 1.0062601999516707 0.9945077505862152 -0.0004865170324944712
59770.78588480313 3.441 0.018999999999999906 1.0019397833175125 0.014793845584249924 0.9882984240459608 1.0062601276682357 0.9944852983548047 0.007454484962707841
59770.78590074656 3.441 0.018999999999999906 0.9805335010815296 0.014684923995874835 0.9882761861824316 1.0062600553847347 0.9944628498433481 -0.013929348761818505
59770.78591668997 3.441 0.018999999999999906 0.9801808342009612 0.01468019016682468 0.9882539521347405 1.0062599831012997 0.9944404051748966 -0.014259570973935376
59770.7859326334 3.441 0.018999999999999906 0.9924562016332855 0.014734408062823098 0.9882317219435097 1.0062599108177985 0.9944179643901956 -0.001961762756910068
59770.78594857681 3.441 0.018999999999999906 0.9750828351397651 0.014623222876198844 0.988209495731132 1.0062598385343635 0.9943955276125337 -0.019312692472768567
59770.78596452024 3.441 0.018999999999999906 1.0368812675046852 0.015129310839759127 0.9881872735397795 1.0062597662508626 0.9943730948842158 0.042508172620469464
59770.785980463654 3.441 0.018999999999999906 0.9907575814043282 0.014724388765167538 0.9881650554920832 1.0062596939674275 0.9943506663287697 -0.0035930849244414365
59770.785996407074 3.441 0.018999999999999906 0.9776597326395096 0.014652599910515601 0.9881428416388349 1.0062596216839594 0.9943282419972067 -0.016668509357697148
59770.786012350494 3.441 0.018999999999999906 1.0020413349822663 0.01802996937958311 0.9881206320740019 1.0062595494004913 0.9943058219841139 0.0077355129981524495
59770.786028293915 3.441 0.018999999999999906 1.003758433024097 0.014786805463690076 0.9880984268794775 1.0062594771170232 0.9942834063718962 0.009475026652200791
59770.786044237335 3.441 0.018999999999999906 1.031565834888257 0.015104690893984004 0.9880762261372835 1.0062594048335551 0.9942609952430882 0.03730483964516884
59770.786060180755 3.441 0.018999999999999906 0.9950349288029244 0.01474510502854278 0.9880540299314994 1.0062593325500873 0.9942385886822945 0.0007963401206299014
59770.786076124175 3.441 0.018999999999999906 0.9897292635967165 0.014734573117102995 0.9880318383444169 1.0062592602666192 0.9942161867723208 -0.004486923175604285
59770.786092067596 3.441 0.018999999999999906 0.9855752480168017 0.01469545191427208 0.988009651459097 1.006259187983151 0.9941937895967471 -0.008618541579945349
59770.78610801101 3.441 0.018999999999999906 0.9794498250114462 0.014645339562752758 0.9879874693683615 1.006259115699716 0.9941713972490077 -0.014721572237561542
59770.786123954436 3.441 0.018999999999999906 0.980339635898505 0.01467070460506628 0.987965292126045 1.006259043416215 0.9941490097831756 -0.013809373884670517
59770.78613989786 3.441 0.018999999999999906 0.9818963730945135 0.014677786512888832 0.9879431198457655 1.006258971132747 0.9941266273136762 -0.012230254219162684
59770.78615584127 3.441 0.018999999999999906 1.0061795718582458 0.01481049459739258 0.9879209526104844 1.006258898849312 0.9941042499239894 0.012075321934256422
59770.78617178469 3.441 0.018999999999999906 0.9836167381225572 0.014696353709195442 0.9878987904847238 1.0062588265658439 0.9940818776789747 -0.01046513955641748
59770.78618772811 3.441 0.018999999999999906 0.9874284502324047 0.01471456893229547 0.9878766335619975 1.0062587542823758 0.9940595106727627 -0.006631060440357994
59770.78620367153 3.441 0.018999999999999906 0.9819311886346351 0.014680472614743405 0.9878544819256974 1.0062586819989077 0.994037148989266 -0.012105960354630851
59770.78621961495 3.441 0.018999999999999906 0.9765618033982605 0.014679143246026724 0.9878323356612821 1.0062586097154398 0.9940147927144775 -0.01745298931621697
59770.78623555837 3.441 0.018999999999999906 0.9782531601318104 0.014647295880396836 0.9878101948524364 1.0062585374319717 0.9939924419326036 -0.015739281800793203
59770.78625150179 3.441 0.018999999999999906 1.0122626314485121 0.01482569626429087 0.9877880595829869 1.0062584651485036 0.993970096727995 0.018292534720517173
59770.78626744521 3.441 0.018999999999999906 0.9822116393355389 0.014669317182266354 0.9877659299388305 1.0062583928650355 0.9939477571870848 -0.011736117851545935
59770.786283388625 3.441 0.018999999999999906 1.001106643042435 0.01475933203854262 0.9877438060143223 1.0062583205816005 0.9939254234048501 0.007181219637584779
59770.78629933205 3.441 0.018999999999999906 1.0042129851250707 0.014814773670049292 0.9877216878636716 1.0062582482980995 0.9939030954357404 0.010309889689330332
59770.78631527547 3.441 0.018999999999999906 1.0277558082837186 0.015116028401676113 0.987699575602005 1.0062581760146314 0.9938807733956991 0.03387503488801946
59770.78633121889 3.441 0.018999999999999906 0.980457859451018 0.014672446246927128 0.9876774693055821 1.0062581037311633 0.9938584573614293 -0.01340059791041126
59770.786347162306 3.441 0.018999999999999906 0.983560449577866 0.01469578584510401 0.9876553690687132 1.0062580314477283 0.9938361474278629 -0.010275697849996823
59770.78636310573 3.441 0.018999999999999906 0.9996986266439968 0.014751777340264826 0.9876332749475256 1.0062579591642273 0.9938138436513794 0.00588478299261741
59770.78637904915 3.441 0.018999999999999906 0.9780709387998614 0.014647296686444829 0.9876111870679462 1.0062578868807923 0.9937915461588224 -0.01572060735896097
59770.786394992574 3.441 0.018999999999999906 1.0020091263185444 0.014794800120514751 0.9875891054749265 1.0062578145972911 0.9937692549952932 0.008239871323251213
59770.78641093599 3.441 0.018999999999999906 1.0048833560151753 0.014777601033058379 0.9875670302946884 1.0062577423138561 0.9937469702879327 0.011136385727242626
59770.786426879415 3.441 0.018999999999999906 0.9831797652556645 0.014701368618783786 0.9875449615737975 1.0062576700303552 0.993724692083466 -0.010544926827801504
59770.78644282283 3.441 0.018999999999999906 1.0077659545985593 0.014788776778386364 0.9875228994387696 1.0062575977469201 0.9937024205093297 0.014063534089229668
59770.78645876625 3.441 0.018999999999999906 0.97452915954894 0.014624516991659979 0.9875008439448116 1.006257525463452 0.9936801556209767 -0.01915099607203663
59770.78647470967 3.441 0.018999999999999906 1.0038829643963403 0.014781162886092738 0.9874787951900378 1.006257453179984 0.9936578975171664 0.010225066879173905
59770.78649065309 3.441 0.018999999999999906 1.004646629715904 0.014786285755681586 0.9874567532606089 1.0062573808965158 0.9936356462845973 0.011010983431306687
59770.78650659651 3.441 0.018999999999999906 0.9994335114559186 0.014754084591934584 0.9874347182434865 1.0062573086130477 0.9936134020107739 0.005820109445144772
59770.78652253993 3.441 0.018999999999999906 0.9976139583633663 0.014758691789551697 0.9874126902251641 1.0062572363295799 0.9935911647827291 0.004022793580637174
59770.78653848335 3.441 0.018999999999999906 0.9937317753620002 0.014712547248792472 0.9873906692942103 1.0062571640461118 0.9935689346895842 0.0001628406724160092
59770.78655442677 3.441 0.018999999999999906 0.9960927298786907 0.014743668674907897 0.9873686555374559 1.0062570917626437 0.9935467118187119 0.002546018059978783
