eureka_custom_plots/data/stage5_lcfit_results/S5_wasp39b_ap4_bg8_Table_Save_ch24.txt
# %ECSV 1.0
# ---
# datatype:
# - {name: time, datatype: float64}
# - {name: wavelength, datatype: float64}
# - {name: bin_width, datatype: float64}
# - {name: lcdata, datatype: float64}
# - {name: lcerr, datatype: float64}
# - {name: transit, datatype: float64}
# - {name: polynom, datatype: float64}
# - {name: model, datatype: float64}
# - {name: residuals, datatype: float64}
# schema: astropy-2.0
time wavelength bin_width lcdata lcerr transit polynom model residuals
[from data line 20528]
59770.97130676754 3.939 0.019000000000000128 1.0064355733627743 0.006151329718103508 1.0 1.0056037058499938 1.0056037058499938 0.0008318675127805264
59770.97132271096 3.939 0.019000000000000128 1.00352643441364 0.006131043367245706 1.0 1.0056036353593842 1.0056036353593842 -0.002077200945744151
59770.97133865437 3.939 0.019000000000000128 1.0013864801147498 0.006131994257104823 1.0 1.0056035648688069 1.0056035648688069 -0.004217084754057021
59770.971354597794 3.939 0.019000000000000128 1.0109106613035859 0.006141075100610741 1.0 1.0056034943781973 1.0056034943781973 0.005307166925388573
59770.971370541214 3.939 0.019000000000000128 1.0025890789402552 0.006137621302177398 1.0 1.005603423887588 1.005603423887588 -0.00301434494733277
59770.971386484634 3.939 0.019000000000000128 1.004376061212221 0.006139883820351315 1.0 1.0056033533969784 1.0056033533969784 -0.001227292184757367
59770.97140242805 3.939 0.019000000000000128 1.0118688605952797 0.006166102134128186 1.0 1.005603282906401 1.005603282906401 0.0062655776888786985
59770.97141837147 3.939 0.019000000000000128 1.0056150716545995 0.006150588284382997 1.0 1.0056032124157916 1.0056032124157916 1.1859238807865324e-05
59770.97143431489 3.939 0.019000000000000128 1.007495077765693 0.006150066751870159 1.0 1.005603141925182 1.005603141925182 0.0018919358405109499
59770.9714502583 3.939 0.019000000000000128 1.0074150916243845 0.006149082370045917 1.0 1.0056030714346047 1.0056030714346047 0.0018120201897797727
59770.97146620173 3.939 0.019000000000000128 1.0059702558534998 0.006142706709346936 1.0 1.005603000943963 1.005603000943963 0.0003672549095368183
59770.97148214514 3.939 0.019000000000000128 1.01521265201977 0.006159752795879815 1.0 1.0056029304533858 1.0056029304533858 0.009609721566384177
59770.97149808856 3.939 0.019000000000000128 1.0149541960113184 0.00614970273286894 1.0 1.0056028599627762 1.0056028599627762 0.009351336048542214
59770.97151403198 3.939 0.019000000000000128 1.0120730604994703 0.006160566519520432 1.0 1.0056027894721666 1.0056027894721666 0.006470271027303687
59770.971529975395 3.939 0.019000000000000128 0.993676774969149 0.007092834114838105 1.0 1.0056027189815893 1.0056027189815893 -0.011925944012440293
59770.971545918816 3.939 0.019000000000000128 1.0070872887408244 0.006151094805971057 1.0 1.00560264849098 1.00560264849098 0.0014846402498445155
59770.97156186223 3.939 0.019000000000000128 1.009890375080783 0.006143934753878404 1.0 1.0056025780004025 1.0056025780004025 0.004287797080380518
59770.971577805656 3.939 0.019000000000000128 1.007758614590537 0.006139834137041205 1.0 1.0056025075097608 1.0056025075097608 0.0021561070807762928
59770.97159374907 3.939 0.019000000000000128 1.002070071017879 0.00613628862340692 1.0 1.0056024370191836 1.0056024370191836 -0.0035323660013046876
59770.97160969249 3.939 0.019000000000000128 0.9977701519799752 0.006125116946964026 1.0 1.005602366528574 1.005602366528574 -0.007832214548598837
59770.97162563591 3.939 0.019000000000000128 1.0028298685584471 0.006130035692781812 1.0 1.0056022960379645 1.0056022960379645 -0.0027724274795173365
59770.97164157933 3.939 0.019000000000000128 1.0021288661760748 0.006129150736812801 1.0 1.005602225547355 1.005602225547355 -0.003473359371280127
59770.97165752274 3.939 0.019000000000000128 1.0048953924793722 0.006138459312257252 1.0 1.0056021550567777 1.0056021550567777 -0.0007067625774055397
59770.97167346616 3.939 0.019000000000000128 1.000403928280869 0.006126608586867389 1.0 1.0056020845661682 1.0056020845661682 -0.0051981562852991825
59770.97168940958 3.939 0.019000000000000128 1.0079425652863694 0.006140744321383882 1.0 1.0056020140755586 1.0056020140755586 0.0023405512108107818
59770.971705353 3.939 0.019000000000000128 0.9992052752155403 0.0061295298721620265 1.0 1.0056019435849812 1.0056019435849812 -0.006396668369440972
59770.97172129642 3.939 0.019000000000000128 1.0040020803243548 0.00613693608666332 1.0 1.0056018730943719 1.0056018730943719 -0.0015997927700170944
59770.97173723984 3.939 0.019000000000000128 1.0036710186869657 0.006136576003948342 1.0 1.0056018026037623 1.0056018026037623 -0.0019307839167965746
59770.97175318326 3.939 0.019000000000000128 1.0136248251351059 0.006155911436657863 1.0 1.0056017321131527 1.0056017321131527 0.008023093021953143
59770.97176912667 3.939 0.019000000000000128 1.0018608224031127 0.00613527893038764 1.0 1.0056016616225754 1.0056016616225754 -0.003740839219462666
59770.97178507009 3.939 0.019000000000000128 1.0093668851481044 0.006148523286778576 1.0 1.005601591131966 1.005601591131966 0.003765294016138343
59770.97180101351 3.939 0.019000000000000128 "" "" 1.0 1.0056015206413564 1.0056015206413564 ""
59770.971816956924 3.939 0.019000000000000128 1.0102862934332413 0.006163493642660091 1.0 1.005601450150779 1.005601450150779 0.004684843282462214
59770.971832900344 3.939 0.019000000000000128 1.0111256083223423 0.006156928486474582 1.0 1.0056013796601697 1.0056013796601697 0.0055242286621726144
59770.97184884377 3.939 0.019000000000000128 1.0042827754132466 0.006141602620334754 1.0 1.005601309169528 1.005601309169528 -0.001318533756281326
59770.971864787185 3.939 0.019000000000000128 0.9983894153678871 0.00612948926156915 1.0 1.0056012386789506 1.0056012386789506 -0.007211823311063514
59770.9718807306 3.939 0.019000000000000128 1.007221971770786 0.006146285048888348 1.0 1.0056011681883732 1.0056011681883732 0.0016208035824127887
59770.97189667402 3.939 0.019000000000000128 0.9985425357553129 0.006124423335735821 1.0 1.0056010976977638 1.0056010976977638 -0.007058561942450914
59770.97191261744 3.939 0.019000000000000128 1.0111619816410942 0.006155710928474667 1.0 1.0056010272071543 1.0056010272071543 0.005560954433939891
59770.97192856086 3.939 0.019000000000000128 1.0042820708079645 0.0061327130208380974 1.0 1.0056009567165447 1.0056009567165447 -0.001318885908580203
59770.97194450427 3.939 0.019000000000000128 1.0091095176996412 0.006139883554923205 1.0 1.0056008862259673 1.0056008862259673 0.003508631473673862
59770.9719604477 3.939 0.019000000000000128 1.0126143975129542 0.0061603373935085115 1.0 1.0056008157353258 1.0056008157353258 0.007013581777628453
59770.97197639111 3.939 0.019000000000000128 1.006560893581671 0.006134716585512588 1.0 1.0056007452447484 1.0056007452447484 0.0009601483369225949
59770.971992334526 3.939 0.019000000000000128 0.9950892590095873 0.006118629323231201 1.0 1.005600674754171 1.005600674754171 -0.010511415744583696
59770.97200827795 3.939 0.019000000000000128 1.0044417208663758 0.006134806425730344 1.0 1.0056006042635295 1.0056006042635295 -0.0011588833971536427
59770.972024221366 3.939 0.019000000000000128 1.0145311613034147 0.006160684679228037 1.0 1.005600533772952 1.005600533772952 0.008930627530462587
59770.97204016479 3.939 0.019000000000000128 1.0068178569044 0.006158167691390377 1.0 1.0056004632823425 1.0056004632823425 0.0012173936220574166
59770.9720561082 3.939 0.019000000000000128 1.00288735295579 0.006133918667391142 1.0 1.0056003927917652 1.0056003927917652 -0.0027130398359751506
59770.97207205163 3.939 0.019000000000000128 1.004912846361758 0.006131690332885387 1.0 1.0056003223011236 1.0056003223011236 -0.0006874759393655783
59770.97208799504 3.939 0.019000000000000128 1.0039802035053076 0.0061335642328410305 1.0 1.0056002518105462 1.0056002518105462 -0.0016200483052386527
59770.97210393846 3.939 0.019000000000000128 0.999439684057752 0.006113291573772434 1.0 1.0056001813199367 1.0056001813199367 -0.006160497262184705
59770.97211988188 3.939 0.019000000000000128 1.009330649322611 0.006142201026010586 1.0 1.005600110829327 1.005600110829327 0.0037305384932839747
59770.9721358253 3.939 0.019000000000000128 1.0078614054169188 0.006149635602743113 1.0 1.0056000403387177 1.0056000403387177 0.002261365078201072
59770.972151768714 3.939 0.019000000000000128 1.0075293331980855 0.006151552505077314 1.0 1.0055999698481404 1.0055999698481404 0.0019293633499450902
59770.97216771213 3.939 0.019000000000000128 1.0209069198760794 0.006172631383601319 1.0 1.005599899357563 1.005599899357563 0.015307020518516401
59770.972183655555 3.939 0.019000000000000128 1.0019669931258137 0.006133188383851702 1.0 1.0055998288669215 1.0055998288669215 -0.0036328357411077317
59770.97219959897 3.939 0.019000000000000128 1.0075907826679065 0.00614346358958075 1.0 1.005599758376344 1.005599758376344 0.0019910242915623932
59770.97221554239 3.939 0.019000000000000128 1.0139579169258879 0.0061478053201037535 1.0 1.0055996878857345 1.0055996878857345 0.008358229040153375
59770.97223148581 3.939 0.019000000000000128 1.0024782239500585 0.006132878734155742 1.0 1.005599617395125 1.005599617395125 -0.003121393445066456
59770.97224742923 3.939 0.019000000000000128 0.9989658599402376 0.00613217460211422 1.0 1.0055995469045156 1.0055995469045156 -0.006633686964278018
59770.97226337264 3.939 0.019000000000000128 1.0109291895309467 0.006149892724232625 1.0 1.0055994764139382 1.0055994764139382 0.005329713117008472
59770.972279316054 3.939 0.019000000000000128 0.9966851932104498 0.006133951487061399 1.0 1.0055994059233608 1.0055994059233608 -0.00891421271291104
59770.97229525948 3.939 0.019000000000000128 1.0049354529254129 0.006141967694592544 1.0 1.005599335432719 1.005599335432719 -0.0006638825073062016
59770.9723112029 3.939 0.019000000000000128 0.9997942598524074 0.006135890726533238 1.0 1.0055992649421097 1.0055992649421097 -0.005805005089702275
59770.972327146315 3.939 0.019000000000000128 1.0043406116751938 0.006141036772117031 1.0 1.0055991944515323 1.0055991944515323 -0.0012585827763385016
59770.972343089736 3.939 0.019000000000000128 1.0053115713981864 0.006155348755431779 1.0 1.0055991239609228 1.0055991239609228 -0.00028755256273638174
59770.972359033156 3.939 0.019000000000000128 1.00879092026082 0.006138885252356412 1.0 1.0055990534703134 1.0055990534703134 0.003191866790506648
59770.97237497657 3.939 0.019000000000000128 1.0109300317713148 0.0061608298793263605 1.0 1.005598982979736 1.005598982979736 0.005331048791578752
59770.97239091999 3.939 0.019000000000000128 1.0000253871220932 0.0061296922792897545 1.0 1.0055989124891265 1.0055989124891265 -0.005573525367033261
59770.97240686341 3.939 0.019000000000000128 0.9942456017747463 0.006124430961230036 1.0 1.005598841998517 1.005598841998517 -0.0113532402237706
59770.97242280683 3.939 0.019000000000000128 1.014707402917803 0.006159572780188935 1.0 1.0055987715079076 1.0055987715079076 0.009108631409895374
59770.97243875024 3.939 0.019000000000000128 0.9986948728859822 0.006144216646343595 1.0 1.0055987010173302 1.0055987010173302 -0.006903828131347933
59770.97245469366 3.939 0.019000000000000128 1.007128550451334 0.006149883423443336 1.0 1.0055986305267206 1.0055986305267206 0.0015299199246134876
59770.97247063708 3.939 0.019000000000000128 1.019061416835219 0.006157999887315908 1.0 1.005598560036111 1.005598560036111 0.01346285679910797
59770.9724865805 3.939 0.019000000000000128 1.0092563599039726 0.006148622736793748 1.0 1.0055984895455339 1.0055984895455339 0.003657870358438675
59770.97250252392 3.939 0.019000000000000128 1.0076943298003551 0.0061509481355327324 1.0 1.0055984190549243 1.0055984190549243 0.002095910745430807
59770.97251846734 3.939 0.019000000000000128 0.9930481698099018 0.006121802240257204 1.0 1.0055983485643147 1.0055983485643147 -0.012550178754412888
59770.97253441076 3.939 0.019000000000000128 1.0011237982527768 0.007062630005819435 1.0 1.0055982780737052 1.0055982780737052 -0.004474479820928412
59770.97255035417 3.939 0.019000000000000128 1.0104728694169876 0.006150163826821008 1.0 1.005598207583128 1.005598207583128 0.004874661833859539
59770.97256629759 3.939 0.019000000000000128 1.0109128358714277 0.006157237600427982 1.0 1.0055981370925184 1.0055981370925184 0.0053146987789092215
59770.97258224101 3.939 0.019000000000000128 1.0041457406061416 0.006140793133833987 1.0 1.0055980666019089 1.0055980666019089 -0.0014523259957672785
59770.97259818443 3.939 0.019000000000000128 1.0062250531969597 0.006154268692945168 1.0 1.0055979961112995 1.0055979961112995 0.0006270570856601321
59770.97261412785 3.939 0.019000000000000128 1.005997299942487 0.006142578181345702 1.0 1.00559792562069 1.00559792562069 0.0003993743217971524
59770.972630071265 3.939 0.019000000000000128 1.0109979871754908 0.006151149294296109 1.0 1.0055978551301126 1.0055978551301126 0.005400132045378259
59770.972646014685 3.939 0.019000000000000128 1.004398019119414 0.006144629598508083 1.0 1.005597784639503 1.005597784639503 -0.0011997655200890467
59770.9726619581 3.939 0.019000000000000128 1.010135934599663 0.006146842522075414 1.0 1.0055977141489258 1.0055977141489258 0.0045382204507371515
59770.972677901525 3.939 0.019000000000000128 0.9964300900686468 0.006126274169217065 1.0 1.005597643658284 1.005597643658284 -0.009167553589637278
59770.97269384494 3.939 0.019000000000000128 1.0105990505350828 0.006164787485392642 1.0 1.0055975731677067 1.0055975731677067 0.005001477367376106
59770.97270978836 3.939 0.019000000000000128 1.0087923015103573 0.006146147046828985 1.0 1.0055975026770971 1.0055975026770971 0.0031947988332601263
59770.97272573178 3.939 0.019000000000000128 1.001969148192488 0.006124254097682151 1.0 1.0055974321864878 1.0055974321864878 -0.003628283993999837
59770.97274167519 3.939 0.019000000000000128 1.001730683909681 0.006136520664925677 1.0 1.0055973616959104 1.0055973616959104 -0.003866677786229511
59770.97275761861 3.939 0.019000000000000128 1.0136677752200258 0.006160437758605894 1.0 1.0055972912053008 1.0055972912053008 0.008070484014724988
59770.97277356203 3.939 0.019000000000000128 1.0095697592388602 0.006140298906214059 1.0 1.0055972207146913 1.0055972207146913 0.0039725385241689
59770.97278950545 3.939 0.019000000000000128 0.9973158344133903 0.006118384873541384 1.0 1.005597150224082 1.005597150224082 -0.00828131581069158
59770.972805448866 3.939 0.019000000000000128 1.0081855186869393 0.006140784384435914 1.0 1.0055970797335045 1.0055970797335045 0.0025884389534347463
59770.972821392286 3.939 0.019000000000000128 1.0026185767324431 0.006130583228439238 1.0 1.005597009242895 1.005597009242895 -0.0029784325104518228
59770.97283733571 3.939 0.019000000000000128 0.995382209330642 0.0061186548904942325 1.0 1.0055969387522856 1.0055969387522856 -0.010214729421643587
59770.97285327913 3.939 0.019000000000000128 1.0197983988716812 0.006178799008067034 1.0 1.005596868261676 1.005596868261676 0.014201530610005175
59770.97286922254 3.939 0.019000000000000128 1.0052879809999504 0.006130289717849527 1.0 1.0055967977710987 1.0055967977710987 -0.0003088167711482459
59770.97288516596 3.939 0.019000000000000128 1.0145925163868335 0.006173416924616059 1.0 1.005596727280489 1.005596727280489 0.008995789106344354
59770.97290110938 3.939 0.019000000000000128 1.0063914692139198 0.006154069629957717 1.0 1.0055966567898798 1.0055966567898798 0.0007948124240400034
59770.97291705279 3.939 0.019000000000000128 0.993918498936466 0.0061254860963604755 1.0 1.0055965862993024 1.0055965862993024 -0.011678087362836376
59770.972932996214 3.939 0.019000000000000128 1.0131399604889066 0.006153677679912011 1.0 1.0055965158086928 1.0055965158086928 0.00754344468021384
59770.972948939634 3.939 0.019000000000000128 1.0021906068432742 0.006129413896858598 1.0 1.0055964453180832 1.0055964453180832 -0.00340583847480902
59770.972964883054 3.939 0.019000000000000128 1.0016259935304757 0.006125048506353253 1.0 1.0055963748274739 1.0055963748274739 -0.003970381296998227
59770.97298082647 3.939 0.019000000000000128 1.0021482626561338 0.0061360913781986414 1.0 1.0055963043368965 1.0055963043368965 -0.0034480416807627368
59770.97299676989 3.939 0.019000000000000128 0.9922063176223986 0.006102601822026031 1.0 1.005596233846287 1.005596233846287 -0.013389916223888298
59770.97301271331 3.939 0.019000000000000128 1.002822848363049 0.006137676862314364 1.0 1.0055961633556776 1.0055961633556776 -0.0027733149926285616
