eureka_custom_plots/data/stage5_lcfit_results/S5_wasp39b_ap4_bg8_Table_Save_ch35.txt
# %ECSV 1.0
# ---
# datatype:
# - {name: time, datatype: float64}
# - {name: wavelength, datatype: float64}
# - {name: bin_width, datatype: float64}
# - {name: lcdata, datatype: float64}
# - {name: lcerr, datatype: float64}
# - {name: transit, datatype: float64}
# - {name: polynom, datatype: float64}
# - {name: model, datatype: float64}
# - {name: residuals, datatype: float64}
# schema: astropy-2.0
time wavelength bin_width lcdata lcerr transit polynom model residuals
[from data line 2382]
59770.681997476626 4.361 0.019000000000000128 1.0037691711376062 0.008170882707653327 1.0 1.0072238500857769 1.0072238500857769 -0.003454678948170642
59770.68201342004 4.361 0.019000000000000128 1.0041271601430608 0.008184825362745273 1.0 1.007223794969018 1.007223794969018 -0.003096634825957123
59770.68202936346 4.361 0.019000000000000128 0.9996683150739715 0.00819194209385808 1.0 1.0072237398522341 1.0072237398522341 -0.007555424778262654
59770.68204530688 4.361 0.019000000000000128 1.0239578476840863 0.00821590994374388 1.0 1.00722368473545 1.00722368473545 0.016734162948636166
59770.6820612503 4.361 0.019000000000000128 0.998839885606719 0.008167719929223112 1.0 1.007223629618666 1.007223629618666 -0.00838374401194708
59770.68207719373 4.361 0.019000000000000128 1.0145119870744548 0.008196907769932264 1.0 1.007223574501857 1.007223574501857 0.007288412572597824
59770.68209313714 4.361 0.019000000000000128 1.00530337505682 0.008178684834626953 1.0 1.0072235193850982 1.0072235193850982 -0.0019201443282781394
59770.68210908057 4.361 0.019000000000000128 1.0061456704492566 0.008201391707395004 1.0 1.0072234642682891 1.0072234642682891 -0.001077793819032502
59770.68212502398 4.361 0.019000000000000128 0.9944425239168085 0.008142197202348777 1.0 1.0072234091515304 1.0072234091515304 -0.012780885234721873
59770.68214096741 4.361 0.019000000000000128 1.012226509684193 0.008181241176303453 1.0 1.0072233540347213 1.0072233540347213 0.0050031556494716245
59770.68215691083 4.361 0.019000000000000128 1.0087820263952534 0.008206248157868985 1.0 1.0072232989179373 1.0072232989179373 0.001558727477316113
59770.68217285425 4.361 0.019000000000000128 0.9866746614172593 0.008121699837239496 1.0 1.0072232438011532 1.0072232438011532 -0.0205485823838939
59770.68218879767 4.361 0.019000000000000128 1.0012469282002439 0.008168325764557897 1.0 1.0072231886843694 1.0072231886843694 -0.005976260484125584
59770.68220474109 4.361 0.019000000000000128 1.0110392863337585 0.008185161243405917 1.0 1.0072231335675854 1.0072231335675854 0.0038161527661730865
59770.68222068451 4.361 0.019000000000000128 1.012840630273614 0.008206839168329457 1.0 1.0072230784508014 1.0072230784508014 0.005617551822812539
59770.68223662793 4.361 0.019000000000000128 1.014825893719138 0.008175867293065787 1.0 1.0072230233340176 1.0072230233340176 0.007602870385120308
59770.68225257135 4.361 0.019000000000000128 1.0124238108758439 0.00819466781238267 1.0 1.0072229682172336 1.0072229682172336 0.005200842658610316
59770.68226851477 4.361 0.019000000000000128 0.9976535377989199 0.008148773637782958 1.0 1.0072229131004495 1.0072229131004495 -0.009569375301529681
59770.6822844582 4.361 0.019000000000000128 1.0083449196682877 0.008183460104787262 1.0 1.0072228579836404 1.0072228579836404 0.0011220616846472353
59770.68230040161 4.361 0.019000000000000128 1.0105073382970498 0.008182785803776606 1.0 1.0072228028668817 1.0072228028668817 0.003284535430168045
59770.68231634503 4.361 0.019000000000000128 1.007741393536605 0.008171421086173136 1.0 1.0072227477500977 1.0072227477500977 0.000518645786507399
59770.68233228845 4.361 0.019000000000000128 0.9967106740046194 0.008148660203766768 1.0 1.0072226926333137 1.0072226926333137 -0.01051201862869422
59770.68234823188 4.361 0.019000000000000128 1.0060106999333238 0.008172274017969286 1.0 1.0072226375165045 1.0072226375165045 -0.0012119375831807222
59770.6823641753 4.361 0.019000000000000128 1.0073968538467135 0.00817707206796842 1.0 1.0072225823997207 1.0072225823997207 0.00017427144699277974
59770.68238011871 4.361 0.019000000000000128 0.9960493011209341 0.00816424226014644 1.0 1.0072225272829618 1.0072225272829618 -0.01117322616202765
59770.68239606214 4.361 0.019000000000000128 1.002886381833017 0.00816183540812456 1.0 1.0072224721661527 1.0072224721661527 -0.004336090333135756
59770.68241200555 4.361 0.019000000000000128 1.012450561335358 0.008214744104162659 1.0 1.007222417049394 1.007222417049394 0.005228144285964076
59770.68242794898 4.361 0.019000000000000128 0.989505016555901 0.00814129253991615 1.0 1.0072223619325849 1.0072223619325849 -0.017717345376683902
59770.6824438924 4.361 0.019000000000000128 1.0125820026431132 0.008180386772693797 1.0 1.0072223068158008 1.0072223068158008 0.005359695827312327
59770.68245983582 4.361 0.019000000000000128 1.012993056184583 0.008213921224120803 1.0 1.007222251699017 1.007222251699017 0.005770804485565995
59770.68247577924 4.361 0.019000000000000128 0.9959423347729358 0.008160945042898356 1.0 1.007222196582233 1.007222196582233 -0.011279861809297187
59770.682491722655 4.361 0.019000000000000128 1.0148591664644568 0.008216933020774954 1.0 1.007222141465474 1.007222141465474 0.007637024998982778
59770.68250766608 4.361 0.019000000000000128 1.0191429851726097 0.008221131955587886 1.0 1.0072220863486652 1.0072220863486652 0.011920898823944537
59770.6825236095 4.361 0.019000000000000128 1.0134630842598857 0.008201878270893652 1.0 1.0072220312318811 1.0072220312318811 0.006241053028004595
59770.68253955292 4.361 0.019000000000000128 1.0012495096226322 0.008165767905101701 1.0 1.0072219761150971 1.0072219761150971 -0.005972466492464967
59770.68255549634 4.361 0.019000000000000128 1.0073232149607323 0.008162689505691227 1.0 1.007221920998313 1.007221920998313 0.00010129396241920219
59770.682571439764 4.361 0.019000000000000128 1.0097082614502266 0.00817981597375824 1.0 1.0072218658815293 1.0072218658815293 0.0024863955686973416
59770.682587383184 4.361 0.019000000000000128 1.0025248764081092 0.008177925187592095 1.0 1.0072218107647453 1.0072218107647453 -0.0046969343566360955
59770.682603326604 4.361 0.019000000000000128 1.014295195909378 0.008190208768524646 1.0 1.0072217556479612 1.0072217556479612 0.0070734402614167635
59770.682619270025 4.361 0.019000000000000128 1.0185819821110407 0.008205459380760994 1.0 1.0072217005311774 1.0072217005311774 0.01136028157986324
59770.68263521345 4.361 0.019000000000000128 1.0142594660705682 0.008204602277941942 1.0 1.0072216454143683 1.0072216454143683 0.007037820656199845
59770.682651156865 4.361 0.019000000000000128 1.021444906217042 0.00823655909008495 1.0 1.0072215902976094 1.0072215902976094 0.01422331591943271
59770.682667100285 4.361 0.019000000000000128 0.999782583574674 0.008150577070891696 1.0 1.0072215351808256 1.0072215351808256 -0.0074389516061516
59770.68268304371 4.361 0.019000000000000128 1.013879169100731 0.008206400019705037 1.0 1.0072214800640165 1.0072214800640165 0.006657689036714487
59770.682698987126 4.361 0.019000000000000128 0.9921992188314626 0.008133461124325086 1.0 1.0072214249472575 1.0072214249472575 -0.015022206115794967
59770.68271493055 4.361 0.019000000000000128 0.9989442007189614 0.008175834342634804 1.0 1.0072213698304484 1.0072213698304484 -0.008277169111487015
59770.682730873974 4.361 0.019000000000000128 1.016799171443024 0.008223468169503478 1.0 1.0072213147136646 1.0072213147136646 0.009577856729359402
59770.682746817394 4.361 0.019000000000000128 1.0110948763079632 0.00818020766334728 1.0 1.0072212595968806 1.0072212595968806 0.0038736167110826614
59770.682762760815 4.361 0.019000000000000128 1.0190524233466436 0.008210123029367803 1.0 1.0072212044800966 1.0072212044800966 0.011831218866547033
59770.68277870423 4.361 0.019000000000000128 1.0102948044171893 0.008198454078772836 1.0 1.0072211493633378 1.0072211493633378 0.0030736550538514873
59770.682794647655 4.361 0.019000000000000128 1.0222476800393963 0.00823936242091353 1.0 1.0072210942465287 1.0072210942465287 0.01502658579286753
59770.68281059108 4.361 0.019000000000000128 1.0065169695894782 0.008203075272319654 1.0 1.0072210391297196 1.0072210391297196 -0.000704069540241381
59770.682826534496 4.361 0.019000000000000128 1.0117673818951618 0.008172287394206135 1.0 1.0072209840129607 1.0072209840129607 0.004546397882201125
59770.682842477916 4.361 0.019000000000000128 0.9925404626656266 0.00814204488147379 1.0 1.0072209288961769 1.0072209288961769 -0.014680466230550304
59770.682858421336 4.361 0.019000000000000128 0.99897776522957 0.008175663895873 1.0 1.0072208737793928 1.0072208737793928 -0.008243108549822797
59770.68287436476 4.361 0.019000000000000128 1.0053037304201762 0.008176921202080944 1.0 1.0072208186626088 1.0072208186626088 -0.0019170882424326408
59770.682890308184 4.361 0.019000000000000128 0.9953190104178713 0.008163628944620383 1.0 1.0072207635457997 1.0072207635457997 -0.011901753127928405
59770.6829062516 4.361 0.019000000000000128 0.9965633165158172 0.008145417575648543 1.0 1.007220708429041 1.007220708429041 -0.01065739191322379
59770.682922195025 4.361 0.019000000000000128 1.0063866215190587 0.008197798888950407 1.0 1.0072206533122319 1.0072206533122319 -0.0008340317931732066
59770.68293813844 4.361 0.019000000000000128 1.020802118768134 0.008202862769173959 1.0 1.0072205981954732 1.0072205981954732 0.013581520572660821
59770.68295408186 4.361 0.019000000000000128 1.0258024593006108 0.009513832076072173 1.0 1.0072205430786891 1.0072205430786891 0.018581916221921624
59770.682970025286 4.361 0.019000000000000128 1.0095007774110671 0.008186866126725987 1.0 1.00722048796188 1.00722048796188 0.002280289449187123
59770.6829859687 4.361 0.019000000000000128 1.0097814703454284 0.008197337292081991 1.0 1.0072204328451213 1.0072204328451213 0.0025610375003071173
59770.683001912126 4.361 0.019000000000000128 1.0057287169317928 0.008189199160398114 1.0 1.0072203777283122 1.0072203777283122 -0.0014916607965194117
59770.68301785554 4.361 0.019000000000000128 1.0077854833435602 0.008200944659822703 1.0 1.0072203226115533 1.0072203226115533 0.000565160732006964
59770.68303379897 4.361 0.019000000000000128 0.9944460580329859 0.008150762324256274 1.0 1.0072202674947441 1.0072202674947441 -0.012774209461758224
59770.68304974239 4.361 0.019000000000000128 1.0286994306178425 0.008228143633785013 1.0 1.0072202123779603 1.0072202123779603 0.021479218239882192
59770.6830656858 4.361 0.019000000000000128 1.0097100560352328 0.008218130181595432 1.0 1.0072201572612014 1.0072201572612014 0.002489898774031385
59770.68308162923 4.361 0.019000000000000128 1.0212405394117008 0.008207743171314593 1.0 1.0072201021443923 1.0072201021443923 0.014020437267308505
59770.68309757265 4.361 0.019000000000000128 1.0178383495041436 0.008189117592406635 1.0 1.0072200470276083 1.0072200470276083 0.01061830247653539
59770.68311351607 4.361 0.019000000000000128 1.0033666892090705 0.008187543156681016 1.0 1.0072199919108245 1.0072199919108245 -0.003853302701753991
59770.68312945949 4.361 0.019000000000000128 1.0185998896260702 0.008203288432461169 1.0 1.0072199367940404 1.0072199367940404 0.01137995283202975
59770.68314540291 4.361 0.019000000000000128 1.0069891656202232 0.008185134108853163 1.0 1.0072198816772564 1.0072198816772564 -0.00023071605703317566
59770.68316134633 4.361 0.019000000000000128 0.9976252617988777 0.008164876861849753 1.0 1.0072198265604726 1.0072198265604726 -0.009594564761594926
59770.68317728975 4.361 0.019000000000000128 1.022927929966531 0.008223638340938805 1.0 1.0072197714436886 1.0072197714436886 0.015708158522842464
59770.68319323317 4.361 0.019000000000000128 1.0079539814016478 0.008175445489317684 1.0 1.0072197163269045 1.0072197163269045 0.0007342650747432788
59770.6832091766 4.361 0.019000000000000128 1.0061044351406683 0.00819505552932382 1.0 1.0072196612100954 1.0072196612100954 -0.0011152260694271554
59770.68322512001 4.361 0.019000000000000128 1.0062318951918103 0.008172300252061296 1.0 1.0072196060933367 1.0072196060933367 -0.000987710901526384
59770.68324106343 4.361 0.019000000000000128 0.9910370830510575 0.008167507848509658 1.0 1.0072195509765527 1.0072195509765527 -0.01618246792549516
59770.68325700686 4.361 0.019000000000000128 1.0151040539410061 0.008202930889102681 1.0 1.0072194958597436 1.0072194958597436 0.007884558081262538
59770.68327295027 4.361 0.019000000000000128 1.0015539453594944 0.00816580320550965 1.0 1.0072194407429849 1.0072194407429849 -0.005665495383490482
59770.6832888937 4.361 0.019000000000000128 1.0129577290008422 0.00820169770033954 1.0 1.0072193856261757 1.0072193856261757 0.005738343374666499
59770.68330483711 4.361 0.019000000000000128 1.019081687265044 0.00820894671062231 1.0 1.007219330509417 1.007219330509417 0.011862356755626857
59770.68332078054 4.361 0.019000000000000128 1.0023020598983174 0.00817377612224121 1.0 1.007219275392608 1.007219275392608 -0.004917215494290472
59770.68333672396 4.361 0.019000000000000128 1.00678986338359 0.008199402743105643 1.0 1.007219220275824 1.007219220275824 -0.00042935689223400075
59770.68335266738 4.361 0.019000000000000128 1.005521613142413 0.00817232388155366 1.0 1.0072191651590399 1.0072191651590399 -0.0016975520166269131
59770.6833686108 4.361 0.019000000000000128 0.9989354917749921 0.008170808598391652 1.0 1.0072191100422558 1.0072191100422558 -0.00828361826726376
59770.68338455422 4.361 0.019000000000000128 "" "" 1.0 1.007219054925472 1.007219054925472 ""
59770.68340049764 4.361 0.019000000000000128 1.0170668265884606 0.008201537034422878 1.0 1.007218999808688 1.007218999808688 0.009847826779772584
59770.68341644106 4.361 0.019000000000000128 1.0165221887766667 0.008179870624687004 1.0 1.007218944691904 1.007218944691904 0.009303244084762685
59770.68343238448 4.361 0.019000000000000128 1.0082292510730342 0.00819801709030748 1.0 1.0072188895751202 1.0072188895751202 0.001010361497914003
59770.6834483279 4.361 0.019000000000000128 1.014073308637644 0.008227354834432838 1.0 1.0072188344583362 1.0072188344583362 0.006854474179307957
59770.68346427132 4.361 0.019000000000000128 1.0091054457722077 0.00818985429050238 1.0 1.0072187793415521 1.0072187793415521 0.0018866664306556036
59770.68348021474 4.361 0.019000000000000128 0.9907797556092758 0.008140314408962915 1.0 1.0072187242247683 1.0072187242247683 -0.016438968615492544
59770.68349615817 4.361 0.019000000000000128 1.0042915642129349 0.00818002890254295 1.0 1.0072186691079592 1.0072186691079592 -0.002927104895024346
59770.68351210158 4.361 0.019000000000000128 0.9940372673525478 0.008171437809170526 1.0 1.0072186139912003 1.0072186139912003 -0.013181346638652447
59770.683528045 4.361 0.019000000000000128 0.9862794817785167 0.00815763110376731 1.0 1.0072185588744165 1.0072185588744165 -0.020939077095899816
59770.68354398842 4.361 0.019000000000000128 1.0044435385635477 0.008160287964537133 1.0 1.0072185037576324 1.0072185037576324 -0.002774965194084711
59770.68355993185 4.361 0.019000000000000128 1.0067645595032133 0.008190883773718112 1.0 1.0072184486408233 1.0072184486408233 -0.0004538891376100196
59770.68357587527 4.361 0.019000000000000128 1.0000312018935182 0.008177628274930489 1.0 1.0072183935240393 1.0072183935240393 -0.0071871916305210615
59770.683591818684 4.361 0.019000000000000128 1.0016478082909537 0.008183561045467745 1.0 1.0072183384072806 1.0072183384072806 -0.0055705301163269105
59770.68360776211 4.361 0.019000000000000128 1.0081039838436128 0.008190226974939409 1.0 1.0072182832904715 1.0072182832904715 0.0008857005531412998
59770.683623705525 4.361 0.019000000000000128 1.0110314808695586 0.008180966456521848 1.0 1.0072182281737125 1.0072182281737125 0.003813252695846092
59770.68363964895 4.361 0.019000000000000128 1.0204651837083634 0.008222161451373458 1.0 1.0072181730569034 1.0072181730569034 0.013247010651459945
59770.68365559237 4.361 0.019000000000000128 0.9982575084603452 0.008161355483881708 1.0 1.0072181179401196 1.0072181179401196 -0.008960609479774395
59770.68367153579 4.361 0.019000000000000128 1.0089823669482814 0.00820201707996454 1.0 1.0072180628233356 1.0072180628233356 0.0017643041249457703
59770.68368747921 4.361 0.019000000000000128 1.003943591209172 0.008180612376309043 1.0 1.0072180077065516 1.0072180077065516 -0.003274416497379473
