eureka_custom_plots/data/stage5_lcfit_results/S5_wasp39b_ap4_bg8_Table_Save_ch04.txt
# %ECSV 1.0
# ---
# datatype:
# - {name: time, datatype: float64}
# - {name: wavelength, datatype: float64}
# - {name: bin_width, datatype: float64}
# - {name: lcdata, datatype: float64}
# - {name: lcerr, datatype: float64}
# - {name: transit, datatype: float64}
# - {name: polynom, datatype: float64}
# - {name: model, datatype: float64}
# - {name: residuals, datatype: float64}
# schema: astropy-2.0
time wavelength bin_width lcdata lcerr transit polynom model residuals
[from data line 11185]
59770.82234740402 3.1725000000000003 0.019500000000000073 0.9951861765527428 0.0046567442424836365 0.9776949114495437 1.00634139979955 0.9838948657650309 0.011291310787711839
59770.82236334744 3.1725000000000003 0.019500000000000073 0.9814217537076965 0.00463783593663234 0.9776947566677553 1.006341207254244 0.9838945217511731 -0.0024727680434766253
59770.82237929086 3.1725000000000003 0.019500000000000073 0.9847188461476669 0.0046389251109347366 0.9776946021416885 1.0063410147089376 0.9838941779947178 0.0008246681529491262
59770.82239523428 3.1725000000000003 0.019500000000000073 0.9806154439555637 0.004635869760037916 0.9776944478710778 1.0063408221636314 0.9838938344953981 -0.003278390539834475
59770.8224111777 3.1725000000000003 0.019500000000000073 0.9901325530628977 0.004655237459520258 0.9776942938556576 1.006340629618325 0.9838934912529462 0.006239061809951485
59770.82242712112 3.1725000000000003 0.019500000000000073 0.9860020437466643 0.004639371040367718 0.9776941400951502 1.006340437073019 0.9838931482670829 0.002108895479581485
59770.82244306454 3.1725000000000003 0.019500000000000073 0.9846933211605952 0.004636645455856604 0.9776939865892912 1.0063402445277125 0.9838928055375414 0.0008005156230537214
59770.82245900796 3.1725000000000003 0.019500000000000073 0.9889879724135904 0.004645190994969271 0.9776938333378165 1.0063400519824064 0.9838924630640564 0.005095509349533955
59770.82247495138 3.1725000000000003 0.019500000000000073 0.9839085388544716 0.004635479709945036 0.9776936803404496 1.0063398594371 0.983892120846349 1.641800812257621e-05
59770.822490894796 3.1725000000000003 0.019500000000000073 0.9913327386694871 0.004655329712912793 0.977693527596998 1.0063396668918818 0.9838917788843118 0.007440959785175338
59770.82250683822 3.1725000000000003 0.019500000000000073 0.9850003868606821 0.004639780469920308 0.9776933751069875 1.0063394743464877 0.9838914371772093 0.0011089496834728596
59770.82252278164 3.1725000000000003 0.019500000000000073 0.9833296635150761 0.004635042125446734 0.977693222870425 1.0063392818012693 0.9838910957253919 -0.0005614322103157932
59770.82253872506 3.1725000000000003 0.019500000000000073 0.9818421262250293 0.004635739284236381 0.9776930708868373 1.006339089255963 0.9838907545281255 -0.002048628303096156
59770.82255466848 3.1725000000000003 0.019500000000000073 0.9773100395438172 0.004623766654972715 0.9776929191560337 1.0063388967106568 0.9838904135853044 -0.006580374041487147
59770.8225706119 3.1725000000000003 0.019500000000000073 0.9824370189567966 0.004634615339825904 0.9776927676777405 1.0063387041653504 0.9838900728966524 -0.0014530539398558417
59770.82258655532 3.1725000000000003 0.019500000000000073 0.9803872251217802 0.004633816441048528 0.9776926164517015 1.0063385116200443 0.983889732461912 -0.0035025073401317997
59770.82260249874 3.1725000000000003 0.019500000000000073 0.9859109126988834 0.0046448358199782805 0.9776924654776439 1.006338319074738 0.9838893922808084 0.002021520418075018
59770.82261844216 3.1725000000000003 0.019500000000000073 "" "" 0.9776923147553084 1.0063381265294318 0.9838890523530806 ""
59770.82263438558 3.1725000000000003 0.019500000000000073 0.9789200802866571 0.004630918447612512 0.9776921642844358 1.0063379339841256 0.9838887126784676 -0.004968632391810446
59770.82265032899 3.1725000000000003 0.019500000000000073 0.9829465646412133 0.004636541347949917 0.9776920140648243 1.0063377414389072 0.9838883732568516 -0.0009418086156383065
59770.82266627241 3.1725000000000003 0.019500000000000073 0.9748133471192159 0.004626020130665501 0.9776918640960763 1.0063375488936008 0.983888034087661 -0.009074686968445156
59770.82268221584 3.1725000000000003 0.019500000000000073 0.9838115947128391 0.004636302362971378 0.9776917143779351 1.0063373563482068 0.9838876951706372 -7.610045779815611e-05
59770.82269815925 3.1725000000000003 0.019500000000000073 0.9617926187550722 0.00559170188578144 0.9776915649103378 1.0063371638029883 0.9838873565059746 -0.022094737750902427
59770.82271410267 3.1725000000000003 0.019500000000000073 0.9603253837611958 0.005597121880987666 0.97769141569282 1.0063369712576822 0.983887018092948 -0.02356163433175218
59770.82273004609 3.1725000000000003 0.019500000000000073 0.9724081798891696 0.0046142806770741885 0.9776912667251949 1.0063367787123758 0.9838866799314548 -0.011478500042285233
59770.82274598951 3.1725000000000003 0.019500000000000073 0.9783104074929859 0.004633979372635435 0.9776911180071933 1.0063365861670697 0.9838863420212246 -0.00557593452823868
59770.822761932934 3.1725000000000003 0.019500000000000073 "" "" 0.97769096953856 1.0063363936217635 0.983886004362 ""
59770.822777876354 3.1725000000000003 0.019500000000000073 0.9788804721340082 0.0046315491634905314 0.9776908213190401 1.0063362010764572 0.9838856669535241 -0.00500519481951589
59770.822793819774 3.1725000000000003 0.019500000000000073 0.96113361971848 0.005597506660321305 0.9776906733483659 1.006336008531151 0.9838853297955279 -0.022751710077047904
59770.822809763195 3.1725000000000003 0.019500000000000073 0.9731053891408641 0.0046223963083798615 0.9776905256262878 1.0063358159858447 0.9838849928877597 -0.010779603746895572
59770.82282570661 3.1725000000000003 0.019500000000000073 0.9817718824787026 0.004639428644859521 0.9776903781526073 1.0063356234406262 0.9838846562301057 -0.002112773751403063
59770.82284165003 3.1725000000000003 0.019500000000000073 0.9598438869463424 0.005595853302863955 0.9776902309269347 1.00633543089532 0.9838843198220019 -0.02404043287565949
59770.82285759345 3.1725000000000003 0.019500000000000073 0.958959287766146 0.005585400864281486 0.9776900839490856 1.006335238350014 0.9838839836633482 -0.024924695897202143
59770.82287353687 3.1725000000000003 0.019500000000000073 0.9583995710326346 0.005590809408248137 0.9776899372187948 1.0063350458047076 0.9838836477538776 -0.025484076721242976
59770.82288948029 3.1725000000000003 0.019500000000000073 0.9613648269693638 0.00559126512090269 0.9776897907358104 1.0063348532594014 0.9838833120933367 -0.02251848512397292
59770.82290542371 3.1725000000000003 0.019500000000000073 0.9662814983510096 0.005610167132890861 0.9776896444998807 1.006334660714095 0.9838829766814716 -0.017601478330461995
59770.82292136713 3.1725000000000003 0.019500000000000073 "" "" 0.9776894985107422 1.006334468168789 0.9838826415180176 ""
59770.82293731055 3.1725000000000003 0.019500000000000073 0.9811368547516863 0.004631574201588242 0.9776893527681441 1.0063342756234825 0.9838823066027217 -0.002745451851035363
59770.82295325397 3.1725000000000003 0.019500000000000073 0.9790789778749858 0.00462725090557685 0.9776892072718362 1.0063340830781764 0.9838819719353324 -0.004802994060346677
59770.82296919739 3.1725000000000003 0.019500000000000073 "" "" 0.977689062021556 1.00633389053287 0.983881637515585 ""
59770.82298514081 3.1725000000000003 0.019500000000000073 "" "" 0.9776889170170543 1.006333697987564 0.9838813033432288 ""
59770.82300108422 3.1725000000000003 0.019500000000000073 0.9782668426414717 0.00462040691434135 0.9776887722581491 1.0063335054423455 0.9838809694181662 -0.005614126776694484
59770.823017027644 3.1725000000000003 0.019500000000000073 0.989228044625972 0.004657631717417773 0.9776886277444453 1.0063333128970393 0.9838806357398279 0.005347408886144156
59770.823032971064 3.1725000000000003 0.019500000000000073 0.9801498281341584 0.004628215336602753 0.977688483475762 1.006333120351733 0.9838803023081173 -0.0037304741739588865
59770.823048914484 3.1725000000000003 0.019500000000000073 0.9835243943931039 0.0046373061710596195 0.9776883394518513 1.0063329278064268 0.9838799691227852 -0.000355574729681285
59770.823064857905 3.1725000000000003 0.019500000000000073 0.9808472412177129 0.00463562252769587 0.9776881956724538 1.0063327352611204 0.98387963618357 -0.003032394965857055
59770.823080801325 3.1725000000000003 0.019500000000000073 0.9835483775089863 0.004638681616354808 0.9776880521373268 1.0063325427158143 0.9838793034902277 -0.0003309259812414034
59770.823096744745 3.1725000000000003 0.019500000000000073 0.9881942852042679 0.004644568083482656 0.9776879088462114 1.006332350170508 0.9838789710424972 0.004315314161770667
59770.82311268816 3.1725000000000003 0.019500000000000073 0.9820068359974868 0.004639478178285508 0.9776877657989279 1.0063321576252897 0.983878638840284 -0.0018718028427971989
59770.823128631586 3.1725000000000003 0.019500000000000073 0.9874048197206192 0.004643556192848636 0.9776876229950323 1.0063319650798954 0.9838783068828828 0.0035265128377364174
59770.823144575006 3.1725000000000003 0.019500000000000073 0.9869620563342865 0.004648622167079233 0.9776874804344658 1.0063317725345893 0.9838779751704926 0.0030840811637938836
59770.82316051842 3.1725000000000003 0.019500000000000073 0.9839355171620148 0.004636709526290486 0.977687338116983 1.0063315799893708 0.9838776437028658 5.7873459148982676e-05
59770.82317646184 3.1725000000000003 0.019500000000000073 0.9834993535691814 0.004640315365291967 0.9776871960422086 1.0063313874440647 0.983877312479453 -0.0003779589102715919
59770.82319240526 3.1725000000000003 0.019500000000000073 0.9761561881893505 0.004625387702247385 0.9776870542099516 1.0063311948987583 0.9838769815001477 -0.007720793310797225
59770.82320834868 3.1725000000000003 0.019500000000000073 0.9856933345463755 0.004644366125673707 0.9776869126199692 1.0063310023534522 0.9838766507647057 0.001816683781669881
59770.8232242921 3.1725000000000003 0.019500000000000073 0.9824548413455902 0.004646221748549855 0.9776867712720183 1.0063308098081458 0.9838763202728816 -0.0014214789272913864
59770.82324023552 3.1725000000000003 0.019500000000000073 0.9790265092041548 0.004630593505226216 0.9776866301658441 1.0063306172628397 0.9838759900244196 -0.004849480820264818
59770.82325617894 3.1725000000000003 0.019500000000000073 0.9883141838604448 0.00464992919970979 0.9776864893012045 1.0063304247175333 0.9838756600190752 0.004438523841369557
59770.82327212236 3.1725000000000003 0.019500000000000073 0.9893487273578502 0.004648663318656691 0.9776863486778579 1.0063302321722272 0.9838753302566058 0.005473397101244393
59770.823288065774 3.1725000000000003 0.019500000000000073 0.9782698667033269 0.004630157051501601 0.9776862082956156 1.0063300396270087 0.9838750007369067 -0.005605134033579762
59770.8233040092 3.1725000000000003 0.019500000000000073 0.9860312115559923 0.004638092646336378 0.9776860681540462 1.0063298470816147 0.9838746714592864 0.00215654009670585
59770.823319952615 3.1725000000000003 0.019500000000000073 0.9839350075152842 0.004636647460969526 0.9776859282531565 1.0063296545363962 0.9838743424240948 6.066509118940466e-05
59770.823335896035 3.1725000000000003 0.019500000000000073 0.9796664296667906 0.004629516366029699 0.9776857885925121 1.00632946199109 0.9838740136306373 -0.004207583963846684
59770.823351839455 3.1725000000000003 0.019500000000000073 "" "" 0.9776856491719341 1.0063292694457837 0.9838736850788192 ""
59770.823367782876 3.1725000000000003 0.019500000000000073 0.9894368380811333 0.004652128273906737 0.9776855099911836 1.0063290769004776 0.9838733567684005 0.005563481312732765
59770.823383726296 3.1725000000000003 0.019500000000000073 0.9941118098680133 0.00571202042889701 0.9776853710500097 1.0063288843551712 0.9838730286991278 0.010238781168885436
59770.82339966971 3.1725000000000003 0.019500000000000073 0.9902289496407048 0.004649026781448111 0.977685232348238 1.006328691809953 0.9838727008709123 0.006356248769792572
59770.82341561314 3.1725000000000003 0.019500000000000073 0.982332502012915 0.004634464575765239 0.9776850938854384 1.0063284992645587 0.9838723732830624 -0.0015398712701474304
59770.82343155656 3.1725000000000003 0.019500000000000073 0.9845907698428557 0.004638426167903619 0.9776849556615539 1.0063283067192526 0.983872045935779 0.0007187239070766127
59770.82344749998 3.1725000000000003 0.019500000000000073 0.9785977199516314 0.004629072165023856 0.9776848176762869 1.0063281141739464 0.9838717188286764 -0.00527399887704505
59770.82346344339 3.1725000000000003 0.019500000000000073 0.9898471625646583 0.0046514380666575345 0.9776846799294528 1.006327921628728 0.9838713919616544 0.005975770603003916
59770.82347938682 3.1725000000000003 0.019500000000000073 0.9807304737807305 0.004633826607750488 0.9776845424206243 1.006327729083334 0.9838710653340252 -0.0031405915532947137
59770.82349533023 3.1725000000000003 0.019500000000000073 0.9956386387573971 0.005724503696677707 0.9776844051498199 1.0063275365381155 0.9838707389461511 0.011767899811246041
59770.82351127365 3.1725000000000003 0.019500000000000073 0.9805269269597539 0.004631791619010635 0.9776842681166016 1.006327343992809 0.9838704127973331 -0.003343485837579263
59770.82352721707 3.1725000000000003 0.019500000000000073 0.9921076174266267 0.004651711989576296 0.9776841313207981 1.006327151447503 0.9838700868874852 0.008237530539141447
59770.82354316049 3.1725000000000003 0.019500000000000073 0.9773953241943024 0.0046263941078400995 0.9776839947621749 1.0063269589021968 0.9838697612163708 -0.006474437022068402
59770.82355910391 3.1725000000000003 0.019500000000000073 0.9783530774502585 0.0046274674984600065 0.9776838584404858 1.0063267663568904 0.9838694357837419 -0.0055163583334834065
59770.823575047325 3.1725000000000003 0.019500000000000073 "" "" 0.9776837223555599 1.006326573811672 0.9838691105895125 ""
59770.82359099075 3.1725000000000003 0.019500000000000073 0.982650462711626 0.004628134823459369 0.9776835865069754 1.006326381266278 0.9838687856330005 -0.0012183229213744706
59770.82360693417 3.1725000000000003 0.019500000000000073 0.9747955887689409 0.0046135089053226325 0.9776834508946761 1.0063261887209718 0.9838684609144068 -0.009072872145465927
59770.82362287759 3.1725000000000003 0.019500000000000073 0.993886495252608 0.004657410767640287 0.9776833155183705 1.0063259961756654 0.9838681364333516 0.01001835881925639
59770.823638821006 3.1725000000000003 0.019500000000000073 0.9842626305392446 0.004637063727058958 0.9776831803778773 1.006325803630447 0.9838678121897386 0.0003948183495059432
59770.82365476443 3.1725000000000003 0.019500000000000073 0.9879926742881705 0.004649059424820296 0.9776830454728398 1.0063256110851408 0.983867488183037 0.00412518610513346
59770.82367070785 3.1725000000000003 0.019500000000000073 0.9846533641676218 0.004641441494892116 0.9776829108030852 1.0063254185398347 0.9838671644131586 0.0007861997544632571
59770.82368665127 3.1725000000000003 0.019500000000000073 0.9862596619178672 0.004636698421681261 0.9776827763683827 1.0063252259945283 0.9838668408798706 0.0023928210379965398
59770.82370259469 3.1725000000000003 0.019500000000000073 0.9819472009392773 0.004636715310732541 0.9776826421684902 1.0063250334492222 0.9838665175829299 -0.0019193166436525244
59770.82371853811 3.1725000000000003 0.019500000000000073 0.9801624190411024 0.004637435887012186 0.9776825082031817 1.0063248409039158 0.9838661945221082 -0.0037037754810058665
59770.82373448153 3.1725000000000003 0.019500000000000073 0.9773888300579785 0.004624976308783076 0.9776823744722155 1.0063246483586097 0.9838658716971628 -0.006477041639184278
59770.82375042494 3.1725000000000003 0.019500000000000073 0.9815188310091393 0.004631435944545064 0.9776822409754246 1.0063244558133912 0.9838655491080109 -0.0023467180988716585
59770.82376636837 3.1725000000000003 0.019500000000000073 0.9864921728434681 0.004643092185402995 0.9776821077123946 1.0063242632679972 0.9838652267539781 0.00262694608948999
59770.82378231178 3.1725000000000003 0.019500000000000073 0.9839411048325185 0.004635724112402799 0.9776819746831323 1.0063240707227787 0.9838649046354144 7.620019710408155e-05
