eureka_custom_plots/data/stage5_lcfit_results/S5_wasp39b_ap4_bg8_Table_Save_ch26.txt
# %ECSV 1.0
# ---
# datatype:
# - {name: time, datatype: float64}
# - {name: wavelength, datatype: float64}
# - {name: bin_width, datatype: float64}
# - {name: lcdata, datatype: float64}
# - {name: lcerr, datatype: float64}
# - {name: transit, datatype: float64}
# - {name: polynom, datatype: float64}
# - {name: model, datatype: float64}
# - {name: residuals, datatype: float64}
# schema: astropy-2.0
time wavelength bin_width lcdata lcerr transit polynom model residuals
[from data line 14207]
59770.870528417385 4.016 0.019000000000000128 "" "" 0.9782788540602407 1.0062184549588282 0.9843622370513885 ""
59770.870544360805 4.016 0.019000000000000128 0.9938241443617514 0.00629022846825718 0.9782794515111025 1.0062183958864757 0.9843627804282028 0.009461363933548572
59770.870560304225 4.016 0.019000000000000128 0.9782619644206679 0.0062443085818521945 0.9782800497444398 1.006218336814123 0.9843633245922878 -0.006101360171619885
59770.87057624764 4.016 0.019000000000000128 0.9888610208167855 0.0062762825788810475 0.9782806487615682 1.0062182777417974 0.9843638695449933 0.004497151271792177
59770.870592191066 4.016 0.019000000000000128 0.99514605158385 0.006276330098083412 0.9782812485649182 1.006218218669418 0.984364415288686 0.010781636295164043
59770.87060813448 4.016 0.019000000000000128 0.9867839434421624 0.006259093695632552 0.9782818491550366 1.0062181595970923 0.9843649618240211 0.002418981618141247
59770.8706240779 4.016 0.019000000000000128 0.9841998426992227 0.006250630062978485 0.9782824505343497 1.0062181005247397 0.984365509153361 -0.00016566645413829129
59770.87064002132 4.016 0.019000000000000128 0.9912567779498127 0.006269013357457675 0.9782830527042484 1.0062180414523871 0.9843660572781313 0.006890720671681394
59770.87065596473 4.016 0.019000000000000128 0.9820187991640779 0.0062564396018780265 0.978283655666059 1.0062179823800617 0.9843666061996929 -0.0023478070356149905
59770.87067190816 4.016 0.019000000000000128 0.973528886523341 0.0062420198178427 0.9782842594222999 1.006217923307682 0.9843671559205003 -0.010838269397159261
59770.87068785157 4.016 0.019000000000000128 0.9950410537298222 0.006291221422096062 0.9782848639734711 1.0062178642353565 0.9843677064411624 0.010673347288659762
59770.870703795 4.016 0.019000000000000128 0.9864374735903486 0.006261677197117998 0.9782854693223848 1.0062178051629769 0.9843682577644027 0.0020692158259458804
59770.870719738414 4.016 0.019000000000000128 0.9812204454102859 0.006254255220946159 0.9782860754695505 1.0062177460906514 0.98436880989084 -0.003148364480554111
59770.87073568183 4.016 0.019000000000000128 0.9769656223651205 0.0062483037342058595 0.9782866824172336 1.0062176870183257 0.9843693628227002 -0.007403740457579633
59770.870751625254 4.016 0.019000000000000128 0.9826895307481526 0.006249439193559051 0.9782872901676392 1.0062176279459463 0.9843699165621496 -0.0016803858139969874
59770.870767568675 4.016 0.019000000000000128 0.976188330382744 0.006222804021858897 0.9782878987216426 1.0062175688735937 0.9843704711101476 -0.008182140727403642
59770.870783512095 4.016 0.019000000000000128 0.9679551915144863 0.006219030468278099 0.9782885080811796 1.0062175098012411 0.984371026468616 -0.016415834954129682
59770.87079945551 4.016 0.019000000000000128 0.980302982154529 0.006249460023817939 0.978289118247699 1.0062174507289154 0.9843715826390382 -0.004068600484509188
59770.87081539893 4.016 0.019000000000000128 0.9936757017351011 0.007216167043536078 0.9782897292234506 1.0062173916565629 0.9843721396236256 0.009303562111475538
59770.87083134235 4.016 0.019000000000000128 0.9967475217955866 0.006280037025354449 0.9782903410098434 1.0062173325842103 0.984372697423822 0.012374824371764515
59770.87084728577 4.016 0.019000000000000128 0.9859308349661741 0.00626128872163656 0.9782909536086284 1.0062172735118577 0.9843732560413894 0.0015575789247846972
59770.87086322919 4.016 0.019000000000000128 0.983273898094539 0.006250489990658148 0.9782915670214922 1.0062172144395052 0.9843738154780244 -0.0010999173834853604
59770.87087917261 4.016 0.019000000000000128 0.9800003022167384 0.006231311963199739 0.978292181250199 1.0062171553671526 0.9843743757355021 -0.0043740735187637325
59770.87089511602 4.016 0.019000000000000128 0.987798832297855 0.0062680981151230055 0.9782927962961637 1.006217096294827 0.9843749368152724 0.003423895482582595
59770.87091105944 4.016 0.019000000000000128 0.9769147907594998 0.0062447777963976 0.9782934121617329 1.0062170372224744 0.9843754987196439 -0.007460707960144086
59770.87092700286 4.016 0.019000000000000128 0.9755267939035058 0.006226319903591731 0.9782940288483352 1.0062169781501218 0.9843760614500798 -0.008849267546574002
59770.87094294629 4.016 0.019000000000000128 0.9946158177087332 0.006273700843968245 0.9782946463580474 1.0062169190777424 0.984376625008644 0.010239192700089217
59770.8709588897 4.016 0.019000000000000128 0.9844021959118348 0.0062618792838872355 0.9782952646917383 1.0062168600054167 0.9843771893962889 2.500651554582234e-05
59770.87097483312 4.016 0.019000000000000128 0.9840361663740758 0.00624843310405275 0.9782958838517835 1.006216800933091 0.9843777546153523 -0.00034158824127650256
59770.870990776544 4.016 0.019000000000000128 0.9827227336207813 0.006259857928993886 0.9782965038404968 1.0062167418607115 0.9843783206681098 -0.0016555870473284884
59770.87100671996 4.016 0.019000000000000128 0.9893639574134667 0.006265133533074871 0.9782971246585495 1.0062166827883858 0.9843788875553416 0.00498506985812508
59770.871022663385 4.016 0.019000000000000128 0.9739570413974762 0.006228042673103849 0.978297746308844 1.0062166237160064 0.9843794552798631 -0.01042241388238696
59770.8710386068 4.016 0.019000000000000128 0.9957422232026706 0.0062866280145595895 0.9782983687920624 1.0062165646436807 0.9843800238424657 0.011362199360204883
59770.87105455022 4.016 0.019000000000000128 0.9752954698732867 0.006232573463476919 0.9782989921108537 1.0062165055713281 0.9843805932457356 -0.009085123372448822
59770.87107049364 4.016 0.019000000000000128 0.9781375203337782 0.006253119349784193 0.9782996162667226 1.0062164464989756 0.984381163491213 -0.006243643157434753
59770.87108643705 4.016 0.019000000000000128 0.9878835425939344 0.006268177583155855 0.9783002412612333 1.00621638742665 0.9843817345804984 0.003501808013436025
59770.87110238048 4.016 0.019000000000000128 0.9865294474966451 0.0062544110335645735 0.9783008670970427 1.0062163283542704 0.9843823065161854 0.0021471409804596497
59770.87111832389 4.016 0.019000000000000128 0.9851240484655104 0.006255196035258626 0.9783014937748608 1.006216269281945 0.9843828792990943 0.0007411691664160891
59770.87113426731 4.016 0.019000000000000128 0.982675911064842 0.006250394099115635 0.9783021212973597 1.0062162102095924 0.9843834529318343 -0.0017075418669922904
59770.87115021073 4.016 0.019000000000000128 0.9911995378698911 0.006279265010770316 0.9783027496661325 1.0062161511372398 0.9843840274160345 0.0068155104538566436
59770.87116615415 4.016 0.019000000000000128 0.9821538436633827 0.00624545753770071 0.9783033788829967 1.0062160920648873 0.9843846027535237 -0.0022307590901410324
59770.87118209757 4.016 0.019000000000000128 0.9825486100594476 0.006271804389644594 0.9783040089498497 1.0062160329925347 0.9843851789462109 -0.0018365688867633123
59770.871198040986 4.016 0.019000000000000128 0.9850815922091569 0.00625312913678101 0.9783046398682499 1.006215973920209 0.9843857559956904 0.000695836213466472
59770.87121398441 4.016 0.019000000000000128 0.9814379717504649 0.006247561173848972 0.978305271640639 1.0062159148478564 0.9843863339043663 -0.002948362153901374
59770.871229927834 4.016 0.019000000000000128 0.9785264994549393 0.006235621315081697 0.9783059042689197 1.006215855775477 0.9843869126741529 -0.0058604132192136005
59770.87124587125 4.016 0.019000000000000128 0.9862616287495164 0.006265297569325181 0.9783065377541228 1.0062157967031513 0.9843874923061663 0.001874136443350105
59770.87126181467 4.016 0.019000000000000128 0.9804966075766346 0.006245801865532884 0.9783071720990074 1.0062157376307987 0.9843880728031035 -0.003891465226468882
59770.87127775809 4.016 0.019000000000000128 0.9874534854679368 0.006268364307065627 0.9783078073051684 1.0062156785584462 0.9843886541665956 0.0030648313013411643
59770.8712937015 4.016 0.019000000000000128 0.9831658037939196 0.00627350678041326 0.9783084433742623 1.0062156194861205 0.9843892363983355 -0.0012234326044159305
59770.87130964493 4.016 0.019000000000000128 0.9709602589342462 0.006211717961525535 0.978309080309057 1.006215560413741 0.9843898195010294 -0.013429560566783239
59770.87132558834 4.016 0.019000000000000128 0.9956602042014872 0.006283475909852809 0.9783097181103407 1.0062155013414154 0.9843904034755753 0.011269800725911883
59770.87134153177 4.016 0.019000000000000128 0.9880595830418966 0.006262105359696576 0.9783103567811939 1.006215442269036 0.9843909883249674 0.003668594716929152
59770.87135747518 4.016 0.019000000000000128 0.9922128226749357 0.0062685061044804044 0.9783109963224167 1.0062153831967102 0.9843915740501159 0.00782124862481981
59770.871373418595 4.016 0.019000000000000128 0.9905661893929342 0.006260200241556486 0.9783116367365345 1.0062153241243847 0.9843921606535094 0.006174028739424742
59770.87138936202 4.016 0.019000000000000128 0.9810093698176104 0.006242796340544451 0.9783122780260838 1.006215265052005 0.9843927481376468 -0.0033833783200363232
59770.871405305435 4.016 0.019000000000000128 0.9808186283277532 0.006243059740407545 0.9783129201918838 1.0062152059796796 0.9843933365034582 -0.0035747081757049326
59770.87142124886 4.016 0.019000000000000128 0.9813375987007849 0.00625443094435312 0.9783135632370631 1.0062151469073 0.9843939257539855 -0.0030563270532006914
59770.871437192276 4.016 0.019000000000000128 0.9930532772902347 0.006275936346246466 0.9783142071624544 1.0062150878349743 0.9843945158901722 0.008658761400062498
59770.871453135696 4.016 0.019000000000000128 0.9803157997845985 0.006243997679942401 0.9783148519709072 1.0062150287626217 0.9843951069148064 -0.0040793071302078765
59770.87146907912 4.016 0.019000000000000128 0.9872608703604229 0.006247722524007968 0.9783154976641626 1.0062149696902691 0.9843956988296659 0.002865171530756938
59770.87148502254 4.016 0.019000000000000128 0.9768456007157568 0.006224916942019263 0.9783161442441937 1.0062149106179166 0.9843962916367361 -0.007550690920979375
59770.87150096596 4.016 0.019000000000000128 0.9884386017186244 0.006246076956718716 0.9783167917130562 1.006214851545564 0.9843968853380853 0.004041716380539073
59770.87151690938 4.016 0.019000000000000128 0.9830975186904783 0.0062624631355189106 0.9783174400727394 1.0062147924732114 0.9843974799357149 -0.0012999612452365694
59770.87153285279 4.016 0.019000000000000128 0.9854608182462298 0.0062656629719920745 0.9783180893250158 1.006214733400886 0.984398075431435 0.0010627428147947926
59770.87154879621 4.016 0.019000000000000128 0.9876684730788924 0.006270748357424034 0.9783187394724924 1.0062146743285334 0.9843986718278153 0.00326980125107712
59770.87156473963 4.016 0.019000000000000128 0.9741998637889488 0.006241571020502341 0.9783193905169588 1.0062146152561808 0.9843992691266831 -0.010199405337734224
59770.87158068305 4.016 0.019000000000000128 0.9866602243417737 0.006251218057796027 0.9783200424604386 1.0062145561838283 0.9843998673300742 0.0022603570116994653
59770.87159662647 4.016 0.019000000000000128 0.976508421656457 0.006236755856687193 0.9783206953050392 1.0062144971114757 0.9844004664401093 -0.007892044783652241
59770.871612569885 4.016 0.019000000000000128 0.9838189932596962 0.006253917154238434 0.9783213490525173 1.00621443803915 0.9844010664585818 -0.000582073198885591
59770.87162851331 4.016 0.019000000000000128 0.9817404767411867 0.0062496424011352055 0.9783220037058498 1.0062143789667706 0.9844016673884083 -0.0026611906472215896
59770.871644456725 4.016 0.019000000000000128 0.9857179081529461 0.006258303825200436 0.9783226592659584 1.0062143198944449 0.984402269230621 0.001315638922325113
59770.871660400146 4.016 0.019000000000000128 0.987386863286294 0.006248589490362789 0.97832331573582 1.0062142608220923 0.9844028719881366 0.002983991298157407
59770.871676343566 4.016 0.019000000000000128 0.980876966099946 0.0062326513571179624 0.9783239731172833 1.0062142017497397 0.984403475662841 -0.0035265095628950194
59770.871692286986 4.016 0.019000000000000128 0.9839599721473938 0.006242515183612137 0.9783246314124332 1.0062141426773872 0.9844040802568322 -0.0004441081094384014
59770.87170823041 4.016 0.019000000000000128 0.9857365970034923 0.0062513675640563215 0.97832529062344 1.0062140836050346 0.9844046857722938 0.0013319112311984682
59770.87172417382 4.016 0.019000000000000128 0.9775906212018759 0.006254354875371571 0.9783259507521012 1.006214024532709 0.9844052922110605 -0.006814671009184647
59770.87174011725 4.016 0.019000000000000128 0.9815279786770901 0.0062533881722226185 0.9783266118015223 1.0062139654603295 0.9844058995761781 -0.0028779208990880045
59770.87175606066 4.016 0.019000000000000128 0.9793806012590386 0.006242863374533437 0.9783272737726013 1.0062139063880038 0.9844065078686552 -0.005025906609616659
59770.87177200408 4.016 0.019000000000000128 0.9774257228013281 0.00623701205200723 0.9783279366684642 1.0062138473156512 0.9844071170915581 -0.006981394290230036
59770.8717879475 4.016 0.019000000000000128 0.9814904939486112 0.006256924565145618 0.9783286004909446 1.0062137882432987 0.9844077272467581 -0.0029172332981468596
59770.87180389092 4.016 0.019000000000000128 0.9956921723699993 0.006271265287685902 0.9783292652422693 1.006213729170946 0.9844083383364954 0.011283834033503859
59770.87181983434 4.016 0.019000000000000128 0.9805436533694041 0.006235043319114851 0.9783299309245971 1.0062136700985935 0.9844089503629423 -0.003865296993538214
59770.871835777754 4.016 0.019000000000000128 0.9884139313729287 0.006265027746961876 0.978330597539865 1.006213611026268 0.984409563328074 0.0040043680448546
59770.871851721175 4.016 0.019000000000000128 0.9961604680507872 0.006288387551978937 0.9783312650908873 1.0062135519539155 0.9844101772346694 0.011750290816117781
59770.871867664595 4.016 0.019000000000000128 0.9867295622561681 0.006268201316297293 0.9783319335795632 1.006213492881563 0.9844107920846654 0.0023187701715027265
59770.871883608015 4.016 0.019000000000000128 0.9820623892826266 0.006254310133472467 0.9783326030081675 1.0062134338092104 0.9844114078803512 -0.002349018597724628
59770.871899551435 4.016 0.019000000000000128 0.9722949606688119 0.006232394701310187 0.9783332733789074 1.0062133747368576 0.9844120246239471 -0.012117063955135121
59770.871915494856 4.016 0.019000000000000128 0.9854750807772806 0.006270706412739577 0.9783339446940782 1.006213315664505 0.9844126423177629 0.0010624384595177006
59770.87193143827 4.016 0.019000000000000128 0.9789819901188763 0.0062426728564239364 0.9783346169555956 1.0062132565921795 0.9844132609637525 -0.005431270844876157
59770.8719473817 4.016 0.019000000000000128 0.9807493720471625 0.006241526076618356 0.9783352901667086 1.0062131975197999 0.9844138805651051 -0.003664508517942644
59770.87196332511 4.016 0.019000000000000128 0.9897366237059931 0.006275515544303014 0.9783359643284185 1.0062131384474744 0.9844145011229344 0.005322122583058753
59770.87197926854 4.016 0.019000000000000128 0.98388684688386 0.00625644924046066 0.9783366394443086 1.0062130793750947 0.9844151226407395 -0.000528275756879526
59770.87199521195 4.016 0.019000000000000128 0.9749528908069909 0.006239853961518584 0.9783373155153974 1.0062130203027693 0.9844157451196514 -0.009462854312660474
59770.87201115536 4.016 0.019000000000000128 0.9798956332154634 0.006246194121183426 0.978337992544665 1.0062129612304436 0.984416368562615 -0.004520735347151694
59770.87202709879 4.016 0.019000000000000128 0.9785297388973516 0.006249593383645573 0.9783386705350281 1.0062129021580641 0.9844169929725127 -0.005887254075161108
59770.8720430422 4.016 0.019000000000000128 0.9860337939498109 0.00626777788698102 0.9783393494876091 1.0062128430857384 0.9844176183505791 0.0016161755992318838
59770.87205898563 4.016 0.019000000000000128 0.9881068791090527 0.0062650381282841556 0.978340029405974 1.006212784013359 0.9844182447002966 0.0036886344087561085
