eureka_custom_plots/data/stage5_lcfit_results/S5_wasp39b_ap4_bg8_Table_Save_ch49.txt
# %ECSV 1.0
# ---
# datatype:
# - {name: time, datatype: float64}
# - {name: wavelength, datatype: float64}
# - {name: bin_width, datatype: float64}
# - {name: lcdata, datatype: float64}
# - {name: lcerr, datatype: float64}
# - {name: transit, datatype: float64}
# - {name: polynom, datatype: float64}
# - {name: model, datatype: float64}
# - {name: residuals, datatype: float64}
# schema: astropy-2.0
time wavelength bin_width lcdata lcerr transit polynom model residuals
[from data line 18290]
59770.935625396865 4.8975 0.01949999999999985 0.9802948636996097 0.009954861119292696 1.0 1.0058947086103345 1.0058947086103345 -0.025599844910724756
59770.93564134029 4.8975 0.01949999999999985 1.0106788905290927 0.010054584611328235 1.0 1.0058946480240307 1.0058946480240307 0.004784242505061931
59770.935657283706 4.8975 0.01949999999999985 0.9987391346458971 0.009999480079921344 1.0 1.005894587437782 1.005894587437782 -0.007155452791884898
59770.935673227126 4.8975 0.01949999999999985 1.0141345706485783 0.010085329459928743 1.0 1.0058945268515058 1.0058945268515058 0.008240043797072438
59770.93568917055 4.8975 0.01949999999999985 1.0055642530346482 0.009996393279725891 1.0 1.0058944662652296 1.0058944662652296 -0.00033021323058135543
59770.93570511397 4.8975 0.01949999999999985 0.9969007984737416 0.010012310634847262 1.0 1.0058944056789532 1.0058944056789532 -0.008993607205211585
59770.93572105738 4.8975 0.01949999999999985 1.0033701718886285 0.010010889664792471 1.0 1.0058943450927047 1.0058943450927047 -0.0025241732040761633
59770.9357370008 4.8975 0.01949999999999985 0.9954119543120943 0.010015947101070347 1.0 1.0058942845064285 1.0058942845064285 -0.0104823301943342
59770.93575294422 4.8975 0.01949999999999985 1.0173365883038654 0.010056196201698222 1.0 1.005894223920152 1.005894223920152 0.011442364383713377
59770.93576888764 4.8975 0.01949999999999985 0.9980454825022581 0.010015643890050739 1.0 1.0058941633338758 1.0058941633338758 -0.007848680831617716
59770.93578483106 4.8975 0.01949999999999985 0.9997762904050354 0.010019646430526802 1.0 1.0058941027475996 1.0058941027475996 -0.006117812342564255
59770.935800774474 4.8975 0.01949999999999985 1.0188609613592425 0.010095253338578875 1.0 1.0058940421613511 1.0058940421613511 0.012966919197891391
59770.935816717894 4.8975 0.01949999999999985 1.0046206954465184 0.01005056914578416 1.0 1.0058939815750747 1.0058939815750747 -0.0012732861285562613
59770.935832661315 4.8975 0.01949999999999985 1.0199822008367474 0.011310772899568196 1.0 1.0058939209887985 1.0058939209887985 0.014088279847948915
59770.935848604735 4.8975 0.01949999999999985 1.0035976027187166 0.010022973293857006 1.0 1.0058938604025223 1.0058938604025223 -0.0022962576838057025
59770.93586454815 4.8975 0.01949999999999985 1.0150759485566372 0.010080634978979838 1.0 1.0058937998162736 1.0058937998162736 0.009182148740363605
59770.935880491576 4.8975 0.01949999999999985 1.0010709556326551 0.010027965462159913 1.0 1.0058937392299698 1.0058937392299698 -0.004822783597314695
59770.93589643499 4.8975 0.01949999999999985 0.992690756248522 0.01002233845320181 1.0 1.0058936786437211 1.0058936786437211 -0.013202922395199157
59770.9359123784 4.8975 0.01949999999999985 1.0061996911701583 0.010068941359015047 1.0 1.0058936180574725 1.0058936180574725 0.00030607311268582293
59770.93592832183 4.8975 0.01949999999999985 0.9808238510854326 0.00998069871247407 1.0 1.0058935574711687 1.0058935574711687 -0.025069706385736135
59770.93594426524 4.8975 0.01949999999999985 0.9905163824405846 0.009986347553003514 1.0 1.00589349688492 1.00589349688492 -0.015377114444335427
59770.93596020866 4.8975 0.01949999999999985 0.9907929861948227 0.009986442951970048 1.0 1.0058934362986438 1.0058934362986438 -0.015100450103821106
59770.93597615208 4.8975 0.01949999999999985 1.0115212033805507 0.010026227672579064 1.0 1.0058933757123676 1.0058933757123676 0.00562782766818315
59770.9359920955 4.8975 0.01949999999999985 1.0116614083153812 0.010055202913657331 1.0 1.0058933151260914 1.0058933151260914 0.005768093189289836
59770.936008038916 4.8975 0.01949999999999985 1.0050671246882719 0.010006803593318715 1.0 1.0058932545398427 1.0058932545398427 -0.0008261298515708226
59770.93602398234 4.8975 0.01949999999999985 0.9930357694277612 0.011193797108284444 1.0 1.0058931939535387 1.0058931939535387 -0.012857424525777539
59770.93603992576 4.8975 0.01949999999999985 1.0116770515116187 0.010017426346846008 1.0 1.0058931333672902 1.0058931333672902 0.005783918144328437
59770.93605586918 4.8975 0.01949999999999985 1.000948979599983 0.010038076222985583 1.0 1.0058930727810138 1.0058930727810138 -0.004944093181030729
59770.9360718126 4.8975 0.01949999999999985 1.0071134172292135 0.01003608374397803 1.0 1.0058930121947376 1.0058930121947376 0.0012204050344759576
59770.93608775601 4.8975 0.01949999999999985 0.9985470539037725 0.01002115463760801 1.0 1.0058929516084891 1.0058929516084891 -0.0073458977047166085
59770.93610369943 4.8975 0.01949999999999985 1.0067521092093294 0.010045929367535959 1.0 1.0058928910222127 1.0058928910222127 0.0008592181871167615
59770.93611964285 4.8975 0.01949999999999985 0.999256287283955 0.01003378342656367 1.0 1.0058928304359365 1.0058928304359365 -0.006636543151981478
59770.93613558627 4.8975 0.01949999999999985 1.0065532836715232 0.010034496106049935 1.0 1.0058927698496603 1.0058927698496603 0.0006605138218629403
59770.936151529684 4.8975 0.01949999999999985 0.9978393766161744 0.010022876744646659 1.0 1.0058927092634118 1.0058927092634118 -0.008053332647237399
59770.93616747311 4.8975 0.01949999999999985 1.011186770352073 0.010034319967171412 1.0 1.0058926486771078 1.0058926486771078 0.005294121674965124
59770.936183416525 4.8975 0.01949999999999985 1.0138410505210167 0.01002274203073096 1.0 1.0058925880908591 1.0058925880908591 0.007948462430157566
59770.93619935994 4.8975 0.01949999999999985 0.9911108972879616 0.009986800730124 1.0 1.0058925275046107 1.0058925275046107 -0.014781630216649022
59770.93621530336 4.8975 0.01949999999999985 1.0123248930032742 0.010051577657676452 1.0 1.0058924669183342 1.0058924669183342 0.006432426084939991
59770.936231246786 4.8975 0.01949999999999985 1.0151240123856085 0.010066109290705292 1.0 1.0058924063320305 1.0058924063320305 0.009231606053577979
59770.9362471902 4.8975 0.01949999999999985 1.0000133275840737 0.010016761672718932 1.0 1.0058923457457818 1.0058923457457818 -0.005879018161708105
59770.93626313361 4.8975 0.01949999999999985 1.0109652178916948 0.010042688138113631 1.0 1.005892285159533 1.005892285159533 0.005072932732161695
59770.93627907704 4.8975 0.01949999999999985 1.020196861284105 0.01003998002194718 1.0 1.0058922245732294 1.0058922245732294 0.014304636710875673
59770.93629502045 4.8975 0.01949999999999985 1.0002278171655195 0.010016901022926301 1.0 1.0058921639869807 1.0058921639869807 -0.005664346821461219
59770.93631096387 4.8975 0.01949999999999985 1.0050155077185767 0.010018561781724424 1.0 1.0058921034007045 1.0058921034007045 -0.0008765956821277232
59770.93632690729 4.8975 0.01949999999999985 1.023300266121346 0.010079511724613617 1.0 1.0058920428144282 1.0058920428144282 0.017408223306917714
59770.93634285071 4.8975 0.01949999999999985 0.9975920480500556 0.010008363095471894 1.0 1.005891982228152 1.005891982228152 -0.00829993417809638
59770.936358794126 4.8975 0.01949999999999985 0.9948179134226047 0.010025847989314388 1.0 1.0058919216419033 1.0058919216419033 -0.011074008219298603
59770.93637473755 4.8975 0.01949999999999985 1.0061974256495645 0.010034989760331995 1.0 1.0058918610556271 1.0058918610556271 0.00030556459393737967
59770.93639068097 4.8975 0.01949999999999985 1.00934419607303 0.009993914814107541 1.0 1.005891800469351 1.005891800469351 0.003452395603679159
59770.93640662438 4.8975 0.01949999999999985 0.9871280030853827 0.00999249000836447 1.0 1.0058917398831022 1.0058917398831022 -0.018763736797719477
59770.93642256781 4.8975 0.01949999999999985 1.0157741382605152 0.010048711017641222 1.0 1.0058916792967982 1.0058916792967982 0.009882458963716978
59770.93643851122 4.8975 0.01949999999999985 0.993352466377371 0.01001744745788409 1.0 1.0058916187105498 1.0058916187105498 -0.012539152333178816
59770.93645445464 4.8975 0.01949999999999985 0.9986220047587815 0.010025296468759323 1.0 1.0058915581242733 1.0058915581242733 -0.007269553365491843
59770.93647039806 4.8975 0.01949999999999985 1.0083691242839266 0.010042730622043425 1.0 1.0058914975379971 1.0058914975379971 0.00247762674592944
59770.93648634148 4.8975 0.01949999999999985 1.0034596214463667 0.010030781919970672 1.0 1.005891436951721 1.005891436951721 -0.0024318155053542068
59770.936502284894 4.8975 0.01949999999999985 1.000159599492689 0.010037841974650175 1.0 1.0058913763654724 1.0058913763654724 -0.005731776872783367
59770.93651822832 4.8975 0.01949999999999985 1.0066530477048141 0.010041216367569971 1.0 1.0058913157791685 1.0058913157791685 0.000761731925645659
59770.936534171735 4.8975 0.01949999999999985 1.025965959755638 0.010054749192182952 1.0 1.0058912551929198 1.0058912551929198 0.020074704562718315
59770.93655011515 4.8975 0.01949999999999985 1.0008837835563875 0.010007084729942835 1.0 1.0058911946066713 1.0058911946066713 -0.005007411050283794
59770.936566058575 4.8975 0.01949999999999985 1.0093849607676695 0.010063904658662148 1.0 1.0058911340203673 1.0058911340203673 0.0034938267473021423
59770.93658200199 4.8975 0.01949999999999985 1.012898039102724 0.010048920922964841 1.0 1.0058910734341187 1.0058910734341187 0.007006965668605369
59770.93659794541 4.8975 0.01949999999999985 1.000983257231882 0.01000477229754707 1.0 1.0058910128478424 1.0058910128478424 -0.004907755615960463
59770.93661388883 4.8975 0.01949999999999985 1.011119090415553 0.01009439568444521 1.0 1.0058909522615662 1.0058909522615662 0.0052281381539867056
59770.93662983225 4.8975 0.01949999999999985 1.003784874700729 0.009998881437764432 1.0 1.00589089167529 1.00589089167529 -0.0021060169745610313
59770.93664577566 4.8975 0.01949999999999985 1.0044611121338514 0.010016338592684493 1.0 1.0058908310890413 1.0058908310890413 -0.0014297189551899514
59770.93666171908 4.8975 0.01949999999999985 1.0064760786580698 0.010024045156778195 1.0 1.005890770502765 1.005890770502765 0.0005853081553046646
59770.9366776625 4.8975 0.01949999999999985 1.005894664074637 0.010030067345899221 1.0 1.0058907099164889 1.0058907099164889 3.954158148022913e-06
59770.93669360592 4.8975 0.01949999999999985 0.9874475038411167 0.009980629527025746 1.0 1.0058906493302127 1.0058906493302127 -0.01844314548909598
59770.93670954934 4.8975 0.01949999999999985 1.0170337538017615 0.010051521437006062 1.0 1.0058905887439362 1.0058905887439362 0.01114316505782531
59770.93672549276 4.8975 0.01949999999999985 1.0070452320018235 0.010050617773878204 1.0 1.0058905281576878 1.0058905281576878 0.0011547038441357405
59770.93674143618 4.8975 0.01949999999999985 0.9961908106063356 0.010005431612510786 1.0 1.0058904675714115 1.0058904675714115 -0.009699656965075909
59770.9367573796 4.8975 0.01949999999999985 1.0211529612137251 0.010089970449211411 1.0 1.005890406985135 1.005890406985135 0.01526255422859002
59770.93677332302 4.8975 0.01949999999999985 0.9989871209957404 0.00999737635509772 1.0 1.0058903463988589 1.0058903463988589 -0.006903225403118496
59770.93678926643 4.8975 0.01949999999999985 1.0165783848277152 0.010047832095722591 1.0 1.0058902858126104 1.0058902858126104 0.010688099015104813
59770.93680520986 4.8975 0.01949999999999985 1.009182366143634 0.010035518500569045 1.0 1.0058902252263064 1.0058902252263064 0.0032921409173276572
59770.93682115327 4.8975 0.01949999999999985 1.006730704612478 0.010030907426585304 1.0 1.0058901646400578 1.0058901646400578 0.0008405399724202844
59770.936837096684 4.8975 0.01949999999999985 1.0058859379650333 0.010028116409980022 1.0 1.0058901040538093 1.0058901040538093 -4.166088775958698e-06
59770.93685304011 4.8975 0.01949999999999985 1.0118363419512482 0.010043870007235927 1.0 1.0058900434675053 1.0058900434675053 0.00594629848374284
59770.936868983525 4.8975 0.01949999999999985 1.001070095840004 0.010013189618843746 1.0 1.0058899828812566 1.0058899828812566 -0.00481988704125258
59770.936884926945 4.8975 0.01949999999999985 1.0146292662247614 0.010074604469900592 1.0 1.0058899222949804 1.0058899222949804 0.00873934392978093
59770.936900870365 4.8975 0.01949999999999985 1.010312164975708 0.01001556338400132 1.0 1.0058898617087042 1.0058898617087042 0.00442230326700388
59770.936916813786 4.8975 0.01949999999999985 0.9961744189392713 0.01000155943046102 1.0 1.005889801122428 1.005889801122428 -0.009715382183156707
59770.9369327572 4.8975 0.01949999999999985 1.0017459469183103 0.00998978380249536 1.0 1.0058897405361793 1.0058897405361793 -0.004143793617868985
59770.93694870062 4.8975 0.01949999999999985 1.026189919243433 0.0100756195428477 1.0 1.005889679949903 1.005889679949903 0.020300239293529865
59770.93696464404 4.8975 0.01949999999999985 1.0119408284178424 0.01001793940882994 1.0 1.0058896193636269 1.0058896193636269 0.006051209054215523
59770.93698058746 4.8975 0.01949999999999985 1.0020714523139733 0.010038241977289124 1.0 1.0058895587773506 1.0058895587773506 -0.0038181064633773243
59770.93699653088 4.8975 0.01949999999999985 1.0025819439539068 0.0100147409836758 1.0 1.0058894981910744 1.0058894981910744 -0.0033075542371676647
59770.93701247429 4.8975 0.01949999999999985 1.0223165568045458 0.01006495689388729 1.0 1.0058894376048257 1.0058894376048257 0.016427119199720064
59770.93702841771 4.8975 0.01949999999999985 1.0020969787993546 0.010012569782057517 1.0 1.0058893770185495 1.0058893770185495 -0.00379239821919497
59770.93704436113 4.8975 0.01949999999999985 1.0105234798607623 0.010072493811874032 1.0 1.0058893164322733 1.0058893164322733 0.004634163428488991
59770.93706030455 4.8975 0.01949999999999985 1.0313145321885444 0.010095131215090866 1.0 1.0058892558459969 1.0058892558459969 0.025425276342547543
59770.93707624797 4.8975 0.01949999999999985 1.0084923073046839 0.010058251645092798 1.0 1.0058891952597484 1.0058891952597484 0.0026031120449354628
59770.937092191394 4.8975 0.01949999999999985 1.000797439592096 0.009999614488909745 1.0 1.0058891346734444 1.0058891346734444 -0.005091695081348435
59770.93710813481 4.8975 0.01949999999999985 1.0006283407076364 0.010008669870028943 1.0 1.0058890740871957 1.0058890740871957 -0.005260733379559346
59770.93712407822 4.8975 0.01949999999999985 1.0059185314130639 0.010029477688040642 1.0 1.0058890135009473 1.0058890135009473 2.951791211658339e-05
59770.93714002165 4.8975 0.01949999999999985 1.000476297501389 0.010020497742109167 1.0 1.0058889529146433 1.0058889529146433 -0.005412655413254308
59770.93715596507 4.8975 0.01949999999999985 1.0185995292144572 0.010055207873811116 1.0 1.005888892328367 1.005888892328367 0.012710636886090088
59770.93717190848 4.8975 0.01949999999999985 1.0109958911859265 0.010045265890776598 1.0 1.0058888317421184 1.0058888317421184 0.005107059443808071
59770.9371878519 4.8975 0.01949999999999985 0.9900170746839851 0.009970209889335082 1.0 1.0058887711558422 1.0058887711558422 -0.015871696471857044
59770.93720379532 4.8975 0.01949999999999985 0.9958558004960895 0.010023951494558838 1.0 1.005888710569566 1.005888710569566 -0.010032910073476509
59770.937219738735 4.8975 0.01949999999999985 0.9983504008239117 0.010009348308956455 1.0 1.0058886499833173 1.0058886499833173 -0.007538249159405597
59770.937235682155 4.8975 0.01949999999999985 1.0221219561598152 0.010052998345956077 1.0 1.005888589397041 1.005888589397041 0.016233366762774093
59770.937251625575 4.8975 0.01949999999999985 1.0094089134922508 0.010035016720350386 1.0 1.0058885288107648 1.0058885288107648 0.0035203846814859663
59770.937267568996 4.8975 0.01949999999999985 1.008916519290018 0.010020716013360301 1.0 1.0058884682244886 1.0058884682244886 0.0030280510655293913
59770.93728351241 4.8975 0.01949999999999985 1.0087815236503432 0.0100139140384006 1.0 1.00588840763824 1.00588840763824 0.0028931160121032917
59770.93729945583 4.8975 0.01949999999999985 1.0159231192212461 0.010061385483072548 1.0 1.0058883470519637 1.0058883470519637 0.010034772169282391
59770.93731539925 4.8975 0.01949999999999985 1.0309185451671785 0.010081371254892887 1.0 1.0058882864656875 1.0058882864656875 0.025030258701491004
