eureka_custom_plots/data/stage5_lcfit_results/S5_wasp39b_ap4_bg8_Table_Save_ch01.txt
# %ECSV 1.0
# ---
# datatype:
# - {name: time, datatype: float64}
# - {name: wavelength, datatype: float64}
# - {name: bin_width, datatype: float64}
# - {name: lcdata, datatype: float64}
# - {name: lcerr, datatype: float64}
# - {name: transit, datatype: float64}
# - {name: polynom, datatype: float64}
# - {name: model, datatype: float64}
# - {name: residuals, datatype: float64}
# schema: astropy-2.0
time wavelength bin_width lcdata lcerr transit polynom model residuals
[from data line 12882]
59770.849403386856 3.0575 0.019500000000000073 0.9801978887809046 0.003782452234458189 0.9773144386289917 1.0061759035045377 0.9833502382955558 -0.0031523495146511538
59770.84941933027 3.0575 0.019500000000000073 0.9873520855022535 0.0037866822137440042 0.9773146532112282 1.0061757442873513 0.9833502985977423 0.004001786904511251
59770.84943527369 3.0575 0.019500000000000073 0.9843067446779641 0.003780987255278172 0.9773148681501147 1.006175585070092 0.9833503592586414 0.0009563854193226362
59770.84945121711 3.0575 0.019500000000000073 0.9930292213938336 0.003798604590895207 0.977315083445945 1.0061754258528328 0.9833504202786205 0.009678801115213131
59770.84946716053 3.0575 0.019500000000000073 0.981580932724766 0.003782090197350139 0.9773152990991317 1.0061752666355737 0.9833504816580942 -0.0017695489333282577
59770.84948310395 3.0575 0.019500000000000073 0.9879767078803295 0.003792543078961527 0.9773155151100824 1.0061751074183145 0.9833505433974725 0.00462616448285702
59770.84949904736 3.0575 0.019500000000000073 0.9874622361415508 0.0037929951892617716 0.977315731479111 1.006174948201128 0.983350605497142 0.004111630644408781
59770.84951499079 3.0575 0.019500000000000073 0.9879593155409264 0.0037876780526418102 0.9773159482069075 1.0061747889837962 0.9833506679575839 0.004608647583342562
59770.8495309342 3.0575 0.019500000000000073 0.9731429803740168 0.0037682750088483814 0.9773161652935054 1.0061746297666097 0.9833507307791155 -0.010207750405098692
59770.84954687763 3.0575 0.019500000000000073 0.9818557198843088 0.003779415784283301 0.9773163827396975 1.0061744705492779 0.9833507939622506 -0.0014950740779418048
59770.849562821044 3.0575 0.019500000000000073 0.9860662078245082 0.0037810216926260198 0.9773166005454982 1.0061743113320913 0.9833508575072872 0.0027153503172209215
59770.849578764464 3.0575 0.019500000000000073 0.9871726352074236 0.0037869896586424697 0.977316818711621 1.0061741521148322 0.9833509214147305 0.0038217137926931377
59770.849594707885 3.0575 0.019500000000000073 0.9796398723323531 0.003777204769565649 0.9773170372383834 1.006173992897573 0.9833509856849703 -0.0037111133526172013
59770.8496106513 3.0575 0.019500000000000073 0.9877541554077557 0.003788884587969739 0.9773172561260838 1.0061738336803865 0.9833510503183779 0.004403105089377801
59770.849626594725 3.0575 0.019500000000000073 0.9847869656650152 0.0037863867485469957 0.9773174753754463 1.0061736744630547 0.9833511153154688 0.0014358503495464081
59770.84964253814 3.0575 0.019500000000000073 0.9788691680699521 0.0037772052364227113 0.9773176949864791 1.0061735152458682 0.9833511806765349 -0.004482012606582875
59770.849658481566 3.0575 0.019500000000000073 0.9803176662628892 0.0037773391769070305 0.9773179149600032 1.0061733560285362 0.9833512464021179 -0.00303358013922872
59770.84967442498 3.0575 0.019500000000000073 0.9793838956087866 0.0037786406159996382 0.9773181352960334 1.0061731968113499 0.9833513124925173 -0.003967416883730701
59770.8496903684 3.0575 0.019500000000000073 0.9795582328663176 0.004624078720130211 0.9773183559952785 1.0061730375940905 0.9833513789482321 -0.0037931460819145
59770.84970631182 3.0575 0.019500000000000073 0.9824967302002584 0.003780244836463578 0.97731857705806 1.0061728783768313 0.9833514457696573 -0.0008547155693988673
59770.84972225524 3.0575 0.019500000000000073 0.9823707046036152 0.0037765754445771714 0.977318798484795 1.0061727191595722 0.9833515129572121 -0.0009808083535969292
59770.84973819866 3.0575 0.019500000000000073 0.9889993333888918 0.0037924649606269835 0.977319020275902 1.006172559942313 0.9833515805113177 0.00564775287757413
59770.84975414208 3.0575 0.019500000000000073 0.9857563568993569 0.003791346381200667 0.9773192424318062 1.0061724007250539 0.9833516484324014 0.0024047084669555074
59770.84977008549 3.0575 0.019500000000000073 0.9850876350660261 0.0037842825300160978 0.9773194649528111 1.0061722415078673 0.9833517167208395 0.0017359183451866045
59770.84978602891 3.0575 0.019500000000000073 0.9842745738465994 0.0037854404461113472 0.9773196878395495 1.0061720822906082 0.9833517853771266 0.0009227884694728017
59770.849801972334 3.0575 0.019500000000000073 0.9791897510731621 0.003779719936673616 0.9773199110923393 1.006171923073349 0.9833518544016535 -0.004162103328491429
59770.849817915754 3.0575 0.019500000000000073 0.9842121082850044 0.0037834073839401023 0.9773201347116088 1.0061717638560899 0.9833519237948508 0.0008601844901535705
59770.849833859174 3.0575 0.019500000000000073 0.9870399571113291 0.003789472440536915 0.9773203586977672 1.0061716046388307 0.9833519935571301 0.003687963554198981
59770.849849802595 3.0575 0.019500000000000073 0.982112575701365 0.0037775610473693524 0.977320583051244 1.0061714454215716 0.9833520636889233 -0.001239487987558241
59770.849865746015 3.0575 0.019500000000000073 0.9866854365342906 0.0037873485098277706 0.9773208077724632 1.0061712862043124 0.9833521341906569 0.003333302343633715
59770.84988168943 3.0575 0.019500000000000073 0.9790103544898252 0.0037743307549783995 0.9773210328617512 1.0061711269871259 0.98335220506273 -0.004341850572904815
59770.84989763285 3.0575 0.019500000000000073 0.9794389110280661 0.0037747734851958435 0.9773212583197285 1.0061709677698667 0.983352276305625 -0.003913365277558922
59770.84991357627 3.0575 0.019500000000000073 0.9780928230605671 0.0037784128563900805 0.9773214841467235 1.0061708085526075 0.9833523479197431 -0.0052595248591760235
59770.849929519696 3.0575 0.019500000000000073 0.9817828839154961 0.0037794374985660397 0.9773217103432672 1.0061706493352756 0.9833524199055472 -0.001569535990051163
59770.84994546311 3.0575 0.019500000000000073 0.9829740766820848 0.003788718343460243 0.9773219369094729 1.006170490118089 0.9833524922633644 -0.00037841558127960084
59770.84996140653 3.0575 0.019500000000000073 0.9897075664905218 0.0037929428921760645 0.9773221638460825 1.0061703309008299 0.9833525649937279 0.006355001496793911
59770.84997734995 3.0575 0.019500000000000073 0.9844779588950318 0.003785473996472521 0.977322391153427 1.0061701716835707 0.9833526380970415 0.0011253207979902147
59770.84999329336 3.0575 0.019500000000000073 0.9848096873547666 0.003784588278396408 0.9773226188318167 1.0061700124663842 0.9833527115736882 0.0014569757810783956
59770.85000923679 3.0575 0.019500000000000073 0.9771568788964721 0.0037731611960002617 0.9773228468820047 1.0061698532490524 0.9833527854242128 -0.006195906527740713
59770.8500251802 3.0575 0.019500000000000073 0.9812564185668163 0.0037828919370025897 0.9773230753039995 1.0061696940318658 0.9833528596489074 -0.0020964410820910606
59770.85004112363 3.0575 0.019500000000000073 0.9841311269149358 0.003784012462899269 0.9773233040986555 1.006169534814534 0.9833529342483477 0.0007781926665880734
59770.850057067044 3.0575 0.019500000000000073 0.991314643484131 0.003800750498481661 0.9773235332659882 1.0061693755973475 0.9833530092228329 0.007961634261298145
59770.850073010464 3.0575 0.019500000000000073 0.9839106946679449 0.0037814266706504398 0.9773237628067348 1.0061692163800884 0.9833530845728917 0.0005576100950531737
59770.850088953885 3.0575 0.019500000000000073 0.9847068068000078 0.003786862740712723 0.97732399272123 1.0061690571628292 0.9833531602989318 0.0013536465010759446
59770.8501048973 3.0575 0.019500000000000073 0.9890111445310602 0.0037907604879959976 0.9773242230098013 1.0061688979456427 0.9833532364013533 0.005657908129706901
59770.850120840725 3.0575 0.019500000000000073 0.9851095631159726 0.003785399246226147 0.9773244536732034 1.006168738728311 0.9833533128807026 0.0017562502352700404
59770.85013678414 3.0575 0.019500000000000073 0.9823017474709351 0.0037814596898423647 0.9773246847114523 1.0061685795111244 0.9833533897372795 -0.0010516422663443548
59770.850152727566 3.0575 0.019500000000000073 0.9857673143280502 0.003789024845667028 0.9773249161253985 1.0061684202937926 0.9833534669716556 0.002413847356394605
59770.85016867098 3.0575 0.019500000000000073 0.9795578717457921 0.0037763333420921096 0.9773251479150574 1.006168261076606 0.9833535445841302 -0.003795672838338038
59770.8501846144 3.0575 0.019500000000000073 0.9790654975235195 0.003778493581934352 0.9773253800811889 1.006168101859347 0.9833536225752546 -0.004288125051735148
59770.85020055782 3.0575 0.019500000000000073 0.984672455054828 0.003788328983174713 0.9773256126241305 1.0061679426420875 0.9833537009454393 0.0013187541093887534
59770.85021650124 3.0575 0.019500000000000073 0.9874753789219548 0.0037888371178672925 0.9773258455443086 1.0061677834248284 0.9833537796951132 0.004121599226841632
59770.85023244466 3.0575 0.019500000000000073 0.9883581263397135 0.0037965563815050424 0.97732607884217 1.0061676242075692 0.9833538588247257 0.005004267514987837
59770.85024838807 3.0575 0.019500000000000073 0.9840725094726536 0.003786853883573433 0.9773263125180469 1.0061674649903827 0.9833539383346818 0.0007185711379718018
59770.8502643315 3.0575 0.019500000000000073 0.9773842743445326 0.003772566269389819 0.9773265465727059 1.006167305773051 0.9833540182255397 -0.005969743881007128
59770.85028027491 3.0575 0.019500000000000073 0.9797821684264292 0.0037795172259786234 0.9773267810061625 1.0061671465558644 0.9833540984975987 -0.0035719300711695157
59770.850296218334 3.0575 0.019500000000000073 0.9887554773096684 0.003793508750473098 0.9773270158191715 1.0061669873386052 0.9833541791514051 0.00540129815826329
59770.850312161754 3.0575 0.019500000000000073 0.9841750801656242 0.003784547193665605 0.9773272510120748 1.006166828121346 0.9833542601873739 0.0008208199782502312
59770.850328105174 3.0575 0.019500000000000073 0.9866326518381164 0.0037880758227458403 0.977327486585317 1.006166668904087 0.983354341605952 0.0032783102321644053
59770.850344048595 3.0575 0.019500000000000073 0.9783387037170126 0.0037734007689195583 0.9773277225393432 1.0061665096868277 0.9833544234075874 -0.005015719690574794
59770.85035999201 3.0575 0.019500000000000073 0.985945467914241 0.0037905283873520107 0.9773279588744965 1.0061663504696412 0.9833545055926958 0.0025909623215452093
59770.850375935435 3.0575 0.019500000000000073 0.9802705128843725 0.0037759129665601303 0.9773281955915384 1.0061661912523094 0.9833545881618303 -0.0030840752774577984
59770.850391878856 3.0575 0.019500000000000073 0.9797543417060697 0.003780740947141794 0.9773284326905944 1.0061660320350503 0.9833546711153301 -0.003600329409260472
59770.85040782227 3.0575 0.019500000000000073 0.9837788883546211 0.0037871394744755068 0.9773286701721127 1.0061658728178637 0.9833547544536458 0.0004241339009752876
59770.85042376569 3.0575 0.019500000000000073 0.9846875788311634 0.0037861069686285333 0.9773289080367611 1.0061657136006046 0.9833548381773074 0.0013327406538560238
59770.85043970911 3.0575 0.019500000000000073 0.9809854406202694 0.0037806691159954996 0.9773291462848868 1.0061655543833454 0.9833549222867348 -0.002369481666465445
59770.85045565253 3.0575 0.019500000000000073 0.9810032717548 0.0037787821366083115 0.9773293849169259 1.006165395166086 0.9833550067823665 -0.0023517350275665816
59770.85047159595 3.0575 0.019500000000000073 0.9776922888813019 0.00378126385703524 0.9773296239333367 1.006165235948827 0.983355091664664 -0.005662802783362064
59770.85048753936 3.0575 0.019500000000000073 0.9758571641741909 0.003771100348564426 0.9773298633344596 1.0061650767316406 0.9833551769340403 -0.007498012759849404
59770.85050348279 3.0575 0.019500000000000073 0.9890625804552883 0.0037930191098458216 0.97733010312108 1.0061649175143086 0.9833552625910722 0.005707317864216077
59770.8505194262 3.0575 0.019500000000000073 0.9869502928827195 0.004634948381583415 0.9773303432932142 1.006164758297122 0.9833553486360602 0.003594944246659293
59770.850535369624 3.0575 0.019500000000000073 0.9835172822755293 0.0037853294277843666 0.9773305838516354 1.0061645990798629 0.983355435069569 0.0001618472059602416
59770.850551313044 3.0575 0.019500000000000073 0.98107786279878 0.0037809832388097588 0.9773308247966943 1.0061644398626037 0.9833555218920225 -0.0022776590932425123
59770.850567256464 3.0575 0.019500000000000073 0.9807909380317229 0.0037803966884551662 0.977331066128846 1.0061642806453446 0.9833556091038781 -0.002564671072155189
59770.850583199885 3.0575 0.019500000000000073 0.9870482948205898 0.003794773002771234 0.977331307848554 1.0061641214280854 0.9833556967056021 0.0036925981149876774
59770.8505991433 3.0575 0.019500000000000073 0.9843945139711817 0.0037834198678190823 0.9773315499561492 1.0061639622108989 0.9833557846975982 0.0010387292735835052
59770.850615086725 3.0575 0.019500000000000073 0.97830414773651 0.0037762068811599183 0.9773317924524324 1.0061638029935671 0.983355873080459 -0.005051725343949043
59770.85063103014 3.0575 0.019500000000000073 0.988191038513281 0.003790008036341004 0.9773320353374133 1.0061636437763806 0.9833559618544782 0.004835076658802895
59770.85064697356 3.0575 0.019500000000000073 0.987167083571195 0.0037875209063648187 0.9773322786118877 1.0061634845591214 0.9833560510202429 0.0038110325509520537
59770.85066291698 3.0575 0.019500000000000073 0.9875982904602492 0.0037894908984994636 0.9773325222762106 1.0061633253418623 0.9833561405781818 0.004242149882067392
59770.850678860406 3.0575 0.019500000000000073 0.9858300527411601 0.0037900325585374707 0.9773327663309416 1.0061631661245303 0.9833562305287858 0.0024738222123742437
59770.85069480382 3.0575 0.019500000000000073 0.9787834534458186 0.0037755574758263203 0.9773330107762097 1.006163006907344 0.9833563208723988 -0.0045728674265801406
59770.85071074723 3.0575 0.019500000000000073 0.9836672978011494 0.0037846081325448727 0.9773332556127033 1.0061628476901574 0.9833564116095701 0.00031088619157926267
59770.85072669066 3.0575 0.019500000000000073 0.9809086177407934 0.0037817937226790506 0.977333500841112 1.0061626884728254 0.9833565027408516 -0.002447885000058214
59770.85074263407 3.0575 0.019500000000000073 0.9868597921130342 0.003789400354593337 0.9773337464614532 1.006162529255639 0.9833565942665453 0.0035031978464888924
59770.8507585775 3.0575 0.019500000000000073 0.9862743900316756 0.0037898152689555295 0.977333992474631 1.006162370038307 0.9833566861872758 0.0029177038443998216
59770.85077452091 3.0575 0.019500000000000073 0.9827337938542424 0.0037849249768498374 0.9773342388806628 1.0061622108211206 0.9833567785033449 -0.0006229846491024871
59770.85079046434 3.0575 0.019500000000000073 0.9819175517292728 0.003781426184692356 0.977334485680471 1.0061620516037888 0.9833568712153964 -0.0014393194861236358
59770.850806407754 3.0575 0.019500000000000073 0.9788826564860188 0.0037790504855802595 0.9773347328740646 1.0061618923866023 0.9833569643237232 -0.0044743078377044165
59770.85082235117 3.0575 0.019500000000000073 0.9856053675079642 0.003788142509371129 0.9773349804621472 1.0061617331694157 0.983357057828891 0.0022483096790731905
59770.850838294595 3.0575 0.019500000000000073 0.9819298016627412 0.0037787291930260225 0.9773352284454021 1.006161573952084 0.9833571517314453 -0.0014273500687040919
59770.850854238015 3.0575 0.019500000000000073 0.9853363631887695 0.0037862220431424134 0.9773354768239612 1.0061614147348248 0.9833572460317314 0.001979117157038135
59770.850870181435 3.0575 0.019500000000000073 0.98144993706408 0.00377802649576143 0.9773357255984092 1.0061612555175656 0.9833573407302664 -0.001907403666186358
59770.85088612485 3.0575 0.019500000000000073 0.975184252835092 0.0037689360158226206 0.9773359747691084 1.006161096300379 0.9833574358274857 -0.008173182992393668
59770.85090206827 3.0575 0.019500000000000073 0.9878998740866779 0.0037954048324952703 0.9773362243367462 1.00616093708312 0.9833575313239389 0.004542342762739016
59770.85091801169 3.0575 0.019500000000000073 0.988192148253342 0.003792581786124664 0.9773364743016866 1.0061607778658608 0.9833576272200628 0.004834521033279193
