eureka_custom_plots/data/stage5_lcfit_results/S5_wasp39b_ap4_bg8_Table_Save_ch27.txt
# %ECSV 1.0
# ---
# datatype:
# - {name: time, datatype: float64}
# - {name: wavelength, datatype: float64}
# - {name: bin_width, datatype: float64}
# - {name: lcdata, datatype: float64}
# - {name: lcerr, datatype: float64}
# - {name: transit, datatype: float64}
# - {name: polynom, datatype: float64}
# - {name: model, datatype: float64}
# - {name: residuals, datatype: float64}
# schema: astropy-2.0
time wavelength bin_width lcdata lcerr transit polynom model residuals
[from data line 1512]
59770.66812670057 4.054 0.019000000000000128 1.013128161550247 0.006390072771203195 1.0 1.0069464855333872 1.0069464855333872 0.006181676016859816
59770.668142644 4.054 0.019000000000000128 1.015214972905121 0.006397074806776606 1.0 1.0069464257379157 1.0069464257379157 0.008268547167205265
59770.66815858741 4.054 0.019000000000000128 1.0049694554950575 0.0063771190982985825 1.0 1.0069463659424989 1.0069463659424989 -0.0019769104474414156
59770.66817453083 4.054 0.019000000000000128 1.0070521924812172 0.006370175988552882 1.0 1.0069463061470547 1.0069463061470547 0.00010588633416253046
59770.66819047425 4.054 0.019000000000000128 1.0034212577057946 0.006370053839145227 1.0 1.0069462463516106 1.0069462463516106 -0.003524988645815963
59770.66820641767 4.054 0.019000000000000128 1.00852543625237 0.00638755108126975 1.0 1.0069461865561664 1.0069461865561664 0.0015792496962034885
59770.6682223611 4.054 0.019000000000000128 1.0065904621002462 0.0063745847797614325 1.0 1.006946126760695 1.006946126760695 -0.00035566466044878453
59770.66823830451 4.054 0.019000000000000128 1.0025669478132644 0.006378900548656223 1.0 1.0069460669652779 1.0069460669652779 -0.0043791191520135
59770.66825424794 4.054 0.019000000000000128 1.016218164419118 0.0063925931838355035 1.0 1.0069460071698064 1.0069460071698064 0.009272157249311519
59770.66827019136 4.054 0.019000000000000128 1.0026433919193838 0.006371827563542553 1.0 1.0069459473743623 1.0069459473743623 -0.004302555454978485
59770.66828613478 4.054 0.019000000000000128 1.0100496460062074 0.006395355195686437 1.0 1.0069458875789181 1.0069458875789181 0.0031037584272892715
59770.6683020782 4.054 0.019000000000000128 1.0108451933689215 0.006395446471018352 1.0 1.006945827783474 1.006945827783474 0.0038993655854475673
59770.66831802162 4.054 0.019000000000000128 1.01566750722398 0.006388387038309055 1.0 1.0069457679880298 1.0069457679880298 0.00872173923595021
59770.66833396504 4.054 0.019000000000000128 1.010686981479219 0.006388663675739402 1.0 1.0069457081925857 1.0069457081925857 0.0037412732866333176
59770.66834990846 4.054 0.019000000000000128 1.0111880510047861 0.006403780845589077 1.0 1.0069456483971415 1.0069456483971415 0.004242402607644635
59770.66836585188 4.054 0.019000000000000128 1.0046537582578774 0.006376848607223788 1.0 1.0069455886016974 1.0069455886016974 -0.002291830343819967
59770.6683817953 4.054 0.019000000000000128 0.9925012142598829 0.006341016283770848 1.0 1.006945528806253 1.006945528806253 -0.014444314546370074
59770.66839773873 4.054 0.019000000000000128 1.0015381377087849 0.006366183565168081 1.0 1.0069454690107815 1.0069454690107815 -0.005407331301996665
59770.66841368214 4.054 0.019000000000000128 1.0053913988536385 0.006383816334544732 1.0 1.0069454092153647 1.0069454092153647 -0.001554010361726199
59770.66842962557 4.054 0.019000000000000128 1.0076793855225232 0.006380475184573798 1.0 1.0069453494198932 1.0069453494198932 0.0007340361026300091
59770.66844556898 4.054 0.019000000000000128 1.0012192234274868 0.006367891618142796 1.0 1.0069452896244764 1.0069452896244764 -0.005726066196989565
59770.6684615124 4.054 0.019000000000000128 1.0168883491191558 0.006401981427030901 1.0 1.0069452298290322 1.0069452298290322 0.009943119290123592
59770.66847745583 4.054 0.019000000000000128 1.011363806479213 0.006386989735472867 1.0 1.0069451700335608 1.0069451700335608 0.004418636445652213
59770.66849339925 4.054 0.019000000000000128 1.004519548220912 0.0063826688688445946 1.0 1.0069451102381166 1.0069451102381166 -0.0024255620172046743
59770.66850934267 4.054 0.019000000000000128 1.010743978689697 0.0063804663625306735 1.0 1.0069450504426722 1.0069450504426722 0.0037989282470247687
59770.668525286084 4.054 0.019000000000000128 1.0161718640996218 0.0074080553239106745 1.0 1.0069449906472554 1.0069449906472554 0.009226873452366391
59770.66854122951 4.054 0.019000000000000128 1.009600774420549 0.006377334158956748 1.0 1.006944930851784 1.006944930851784 0.002655843568765137
59770.66855717293 4.054 0.019000000000000128 1.0131884181744175 0.006384332169398319 1.0 1.0069448710563398 1.0069448710563398 0.00624354711807773
59770.66857311635 4.054 0.019000000000000128 1.0053968878779396 0.006372825795381588 1.0 1.0069448112608956 1.0069448112608956 -0.0015479233829560624
59770.66858905977 4.054 0.019000000000000128 1.0043228715780725 0.006373678683595525 1.0 1.0069447514654515 1.0069447514654515 -0.0026218798873789417
59770.6686050032 4.054 0.019000000000000128 1.0003208096852707 0.006373039961205417 1.0 1.00694469166998 1.00694469166998 -0.006623881984709312
59770.66862094661 4.054 0.019000000000000128 1.0145361922444462 0.006400877089126858 1.0 1.0069446318745632 1.0069446318745632 0.007591560369883066
59770.668636890034 4.054 0.019000000000000128 1.017664432037906 0.006405474100387841 1.0 1.0069445720791188 1.0069445720791188 0.010719859958787215
59770.668652833454 4.054 0.019000000000000128 1.0025158110929464 0.006384183471145508 1.0 1.0069445122836747 1.0069445122836747 -0.004428701190728246
59770.668668776874 4.054 0.019000000000000128 1.004641667150577 0.006382997390101624 1.0 1.0069444524882305 1.0069444524882305 -0.002302785337653601
59770.6686847203 4.054 0.019000000000000128 1.0110676553256175 0.006397272040908711 1.0 1.006944392692759 1.006944392692759 0.004123262632858449
59770.668700663715 4.054 0.019000000000000128 1.008129433001755 0.006379556823091858 1.0 1.0069443328973422 1.0069443328973422 0.0011851001044127507
59770.66871660714 4.054 0.019000000000000128 0.9997512243433745 0.006372245060762433 1.0 1.0069442731018707 1.0069442731018707 -0.0071930487584962455
59770.66873255056 4.054 0.019000000000000128 1.0128166157547471 0.006385615620327153 1.0 1.0069442133064266 1.0069442133064266 0.005872402448320546
59770.66874849398 4.054 0.019000000000000128 1.004125711481806 0.006366216886743649 1.0 1.0069441535109824 1.0069441535109824 -0.00281844202917636
59770.6687644374 4.054 0.019000000000000128 1.004923514266346 0.006380331365550808 1.0 1.006944093715538 1.006944093715538 -0.0020205794491920948
59770.66878038082 4.054 0.019000000000000128 1.0078228360967072 0.006367105497598841 1.0 1.006944033920094 1.006944033920094 0.0008788021766132914
59770.668796324244 4.054 0.019000000000000128 0.9951985561133302 0.00635888514537617 1.0 1.0069439741246498 1.0069439741246498 -0.011745418011319564
59770.668812267664 4.054 0.019000000000000128 1.0007120482587242 0.006381704499308837 1.0 1.0069439143292056 1.0069439143292056 -0.006231866070481429
59770.668828211084 4.054 0.019000000000000128 1.0114422724232426 0.0063871470909386075 1.0 1.0069438545337615 1.0069438545337615 0.004498417889481132
59770.668844154505 4.054 0.019000000000000128 1.0027819247758758 0.0063620160492838616 1.0 1.0069437947383173 1.0069437947383173 -0.0041618699624415
59770.66886009793 4.054 0.019000000000000128 1.0188752941702033 0.006397329401852036 1.0 1.0069437349428458 1.0069437349428458 0.011931559227357447
59770.668876041345 4.054 0.019000000000000128 1.003485296678392 0.006372786496507836 1.0 1.006943675147429 1.006943675147429 -0.00345837846903696
59770.66889198477 4.054 0.019000000000000128 1.0106243241764887 0.006390295152836053 1.0 1.0069436153519573 1.0069436153519573 0.00368070882453142
59770.668907928186 4.054 0.019000000000000128 1.012594003445194 0.006389569735715608 1.0 1.0069435555565405 1.0069435555565405 0.0056504478886534315
59770.668923871606 4.054 0.019000000000000128 1.0141100091618163 0.0063857421866492245 1.0 1.0069434957610963 1.0069434957610963 0.007166513400719943
59770.668939815034 4.054 0.019000000000000128 0.9987460435795602 0.00637299040139173 1.0 1.0069434359656249 1.0069434359656249 -0.00819739238606465
59770.668955758454 4.054 0.019000000000000128 1.0014014444436106 0.00636800359662613 1.0 1.0069433761701807 1.0069433761701807 -0.005541931726570137
59770.668971701874 4.054 0.019000000000000128 1.0039206076002194 0.0063850244404164225 1.0 1.0069433163747366 1.0069433163747366 -0.0030227087745171577
59770.668987645295 4.054 0.019000000000000128 1.0106029108443415 0.006392033435065634 1.0 1.0069432565792924 1.0069432565792924 0.003659654265049106
59770.669003588715 4.054 0.019000000000000128 1.008094773157295 0.0073736188397975095 1.0 1.0069431967838482 1.0069431967838482 0.00115157637344665
59770.669019532135 4.054 0.019000000000000128 0.9987966840339533 0.00636024354768319 1.0 1.0069431369884039 1.0069431369884039 -0.0081464529544506
59770.669035475556 4.054 0.019000000000000128 1.0251733056439878 0.006413867517585372 1.0 1.0069430771929597 1.0069430771929597 0.018230228451028063
59770.669051418976 4.054 0.019000000000000128 1.0004418103744046 0.006367996949011489 1.0 1.0069430173975156 1.0069430173975156 -0.006501207023110966
59770.6690673624 4.054 0.019000000000000128 1.0009252013680223 0.006363635041534743 1.0 1.006942957602044 1.006942957602044 -0.006017756234021787
59770.66908330582 4.054 0.019000000000000128 1.0033736013159111 0.006373763243865915 1.0 1.0069428978066273 1.0069428978066273 -0.003569296490716134
59770.66909924924 4.054 0.019000000000000128 1.010028570804414 0.006391853273566739 1.0 1.0069428380111831 1.0069428380111831 0.0030857327932309886
59770.66911519266 4.054 0.019000000000000128 1.0099274966627185 0.006387613488231816 1.0 1.006942778215739 1.006942778215739 0.002984718446979562
59770.66913113608 4.054 0.019000000000000128 1.0140289958890971 0.006403030599441579 1.0 1.0069427184202948 1.0069427184202948 0.0070862774688023045
59770.669147079505 4.054 0.019000000000000128 1.008855779090932 0.006381479218560544 1.0 1.0069426586248231 1.0069426586248231 0.0019131204661089196
59770.66916302292 4.054 0.019000000000000128 1.0156285199760677 0.006401516865030761 1.0 1.0069425988294063 1.0069425988294063 0.008685921146661446
59770.669178966345 4.054 0.019000000000000128 1.002018947884071 0.0063723391575841466 1.0 1.0069425390339348 1.0069425390339348 -0.0049235911498637375
59770.669194909766 4.054 0.019000000000000128 1.0137188750921802 0.006400084442166256 1.0 1.0069424792384907 1.0069424792384907 0.006776395853689499
59770.66921085318 4.054 0.019000000000000128 1.004598085860317 0.0063745752685037595 1.0 1.0069424194430738 1.0069424194430738 -0.0023443335827568745
59770.66922679661 4.054 0.019000000000000128 1.0107800784511112 0.006394465015818297 1.0 1.0069423596476024 1.0069423596476024 0.003837718803508805
59770.66924274003 4.054 0.019000000000000128 1.0055012319731909 0.006382014053196556 1.0 1.0069422998521582 1.0069422998521582 -0.0014410678789673614
59770.66925868345 4.054 0.019000000000000128 1.0111349355645336 0.006399582876645097 1.0 1.006942240056714 1.006942240056714 0.004192695507819533
59770.66927462687 4.054 0.019000000000000128 1.0138124075876414 0.00639932046490859 1.0 1.0069421802612697 1.0069421802612697 0.0068702273263716584
59770.66929057029 4.054 0.019000000000000128 1.0109014606364848 0.006396137141133169 1.0 1.0069421204658255 1.0069421204658255 0.003959340170659242
59770.66930651371 4.054 0.019000000000000128 1.0120300720393194 0.006388453578393922 1.0 1.0069420606703814 1.0069420606703814 0.005088011368937995
59770.669322457135 4.054 0.019000000000000128 1.0077962894082362 0.006376513810294708 1.0 1.00694200087491 1.00694200087491 0.0008542885333262529
59770.66933840055 4.054 0.019000000000000128 1.0140754958186262 0.006398447291177985 1.0 1.006941941079493 1.006941941079493 0.00713355473913313
59770.669354343976 4.054 0.019000000000000128 0.9993857498614372 0.006364612596161518 1.0 1.0069418812840216 1.0069418812840216 -0.007556131422584378
59770.66937028739 4.054 0.019000000000000128 1.0148405430030651 0.006390882272723557 1.0 1.0069418214886048 1.0069418214886048 0.00789872151446036
59770.66938623081 4.054 0.019000000000000128 1.020273154551107 0.006404371021150538 1.0 1.0069417616931606 1.0069417616931606 0.013331392857946378
59770.66940217424 4.054 0.019000000000000128 1.0068415721419135 0.00637159775717369 1.0 1.006941701897689 1.006941701897689 -0.00010012975577544658
59770.66941811766 4.054 0.019000000000000128 1.0103449636475408 0.006377708263513378 1.0 1.0069416421022448 1.0069416421022448 0.0034033215452959897
59770.66943406108 4.054 0.019000000000000128 1.0111811956226775 0.0063910252024522865 1.0 1.0069415823068006 1.0069415823068006 0.004239613315876856
59770.6694500045 4.054 0.019000000000000128 1.0123414971670461 0.006385496776672632 1.0 1.0069415225113565 1.0069415225113565 0.005399974655689643
59770.66946594792 4.054 0.019000000000000128 1.0070074656256467 0.006378498091042935 1.0 1.0069414627159123 1.0069414627159123 6.600290973435285e-05
59770.66948189134 4.054 0.019000000000000128 1.0096870866067629 0.007362170966904252 1.0 1.0069414029204682 1.0069414029204682 0.0027456836862946865
59770.66949783476 4.054 0.019000000000000128 1.0131220315412812 0.006404733661260163 1.0 1.006941343125024 1.006941343125024 0.006180688416257185
59770.66951377818 4.054 0.019000000000000128 0.9997004123047054 0.0063744729092405005 1.0 1.0069412833295799 1.0069412833295799 -0.007240871024874473
59770.66952972161 4.054 0.019000000000000128 1.000947201096614 0.00637175027614665 1.0 1.0069412235341084 1.0069412235341084 -0.005994022437494362
59770.66954566502 4.054 0.019000000000000128 1.0122654966760716 0.006390882669461007 1.0 1.0069411637386914 1.0069411637386914 0.005324332937380216
59770.66956160844 4.054 0.019000000000000128 1.0166821601287352 0.00639203166791423 1.0 1.0069411039432472 1.0069411039432472 0.00974105618548804
59770.66957755186 4.054 0.019000000000000128 1.0116122355551633 0.0064006328637468655 1.0 1.006941044147803 1.006941044147803 0.004671191407360276
59770.66959349528 4.054 0.019000000000000128 1.0105132246406134 0.006387841619414411 1.0 1.006940984352359 1.006940984352359 0.0035722402882545357
59770.66960943871 4.054 0.019000000000000128 1.0011778726351332 0.006366783630230107 1.0 1.0069409245568874 1.0069409245568874 -0.005763051921754192
59770.66962538212 4.054 0.019000000000000128 1.0111548077345178 0.0063760472306765206 1.0 1.0069408647614706 1.0069408647614706 0.004213942973047224
59770.66964132555 4.054 0.019000000000000128 1.0161531135653143 0.006400232599193169 1.0 1.0069408049659991 1.0069408049659991 0.009212308599315211
59770.66965726897 4.054 0.019000000000000128 1.0149007248595692 0.006398809472125986 1.0 1.0069407451705548 1.0069407451705548 0.007959979689014407
59770.66967321238 4.054 0.019000000000000128 1.0042467038685452 0.006369737071963687 1.0 1.006940685375138 1.006940685375138 -0.002693981506592724
59770.66968915581 4.054 0.019000000000000128 1.0105359992492309 0.006386826707634173 1.0 1.0069406255796665 1.0069406255796665 0.0035953736695644167
59770.66970509923 4.054 0.019000000000000128 1.011402281200865 0.006403734894859487 1.0 1.0069405657842223 1.0069405657842223 0.004461715416642642
59770.66972104265 4.054 0.019000000000000128 1.0037506591328318 0.006371785318858361 1.0 1.0069405059887782 1.0069405059887782 -0.0031898468559463655
59770.66973698607 4.054 0.019000000000000128 1.0145723428960862 0.006398933211003929 1.0 1.006940446193334 1.006940446193334 0.007631896702752217
59770.66975292949 4.054 0.019000000000000128 1.0036021430711943 0.006381953448582977 1.0 1.0069403863978899 1.0069403863978899 -0.0033382433266955225
59770.66976887291 4.054 0.019000000000000128 0.9959322532686966 0.006355735077976675 1.0 1.0069403266024457 1.0069403266024457 -0.011008073333749091
59770.66978481634 4.054 0.019000000000000128 1.0046846920957697 0.006375903292239628 1.0 1.0069402668069742 1.0069402668069742 -0.002255574711204522
59770.66980075975 4.054 0.019000000000000128 1.0133867532208676 0.006395992091178909 1.0 1.0069402070115572 1.0069402070115572 0.0064465462093104
59770.66981670318 4.054 0.019000000000000128 1.0130605363425529 0.006383944288129164 1.0 1.0069401472160857 1.0069401472160857 0.006120389126467174
