eureka_custom_plots/data/stage5_lcfit_results/S5_wasp39b_ap4_bg8_Table_Save_ch21.txt
# %ECSV 1.0
# ---
# datatype:
# - {name: time, datatype: float64}
# - {name: wavelength, datatype: float64}
# - {name: bin_width, datatype: float64}
# - {name: lcdata, datatype: float64}
# - {name: lcerr, datatype: float64}
# - {name: transit, datatype: float64}
# - {name: polynom, datatype: float64}
# - {name: model, datatype: float64}
# - {name: residuals, datatype: float64}
# schema: astropy-2.0
time wavelength bin_width lcdata lcerr transit polynom model residuals
[from data line 13799]
59770.86402350235 3.824 0.018999999999999906 0.9872932578853025 0.006026962417143324 0.9784698561725418 1.0060965802693818 0.9844351761918682 0.002858081693434378
59770.86403944576 3.824 0.018999999999999906 0.9837359677125691 0.006014207962919193 0.9784706957447772 1.0060965215944855 0.9844359634709564 -0.0006999957583873062
59770.86405538918 3.824 0.018999999999999906 0.9948740675130319 0.006046589969424406 0.9784715365090481 1.0060964629195626 0.9844367519492229 0.010437315563809002
59770.86407133261 3.824 0.018999999999999906 0.983281882454074 0.006012318620045344 0.978472378467186 1.0060964042446128 0.9844375416285097 -0.0011556591744357192
59770.86408727602 3.824 0.018999999999999906 0.976535652664641 0.005997179837397084 0.9784732216199281 1.0060963455697167 0.9844383325096372 -0.007902679844996152
59770.86410321944 3.824 0.018999999999999906 0.9716995347569115 0.00598058217998955 0.9784740659703545 1.0060962868947936 0.9844391245956249 -0.012739589838713372
59770.86411916286 3.824 0.018999999999999906 0.9891739274517154 0.006018922395931847 0.9784749115199166 1.0060962282198707 0.9844399178879598 0.004734009563755581
59770.864135106276 3.824 0.018999999999999906 0.9819376945538599 0.006000337571272289 0.9784757582701417 1.0060961695449744 0.9844407123882039 -0.0025030178343439236
59770.864151049704 3.824 0.018999999999999906 0.9871207903470025 0.006017683542883464 0.9784766062241043 1.0060961108700248 0.984441508099372 0.0026792822476304767
59770.86416699312 3.824 0.018999999999999906 0.9816258413332879 0.0060091007235766256 0.9784774553821619 1.0060960521951285 0.9844423050219281 -0.0028164636886401917
59770.864182936544 3.824 0.018999999999999906 0.98304073601729 0.006002311683197253 0.978478305747744 1.0060959935201788 0.9844431031592177 -0.0014023671419276518
59770.86419887996 3.824 0.018999999999999906 0.9741994738482564 0.0059847201893988514 0.9784791573212119 1.0060959348452827 0.9844439025117092 -0.010244428663452765
59770.86421482337 3.824 0.018999999999999906 0.9965294419053338 0.006038682911240919 0.9784800101052915 1.0060958761703864 0.9844447030820919 0.012084738823241903
59770.8642307668 3.824 0.018999999999999906 0.994734326661562 0.006049015939831153 0.9784808641026432 1.0060958174954366 0.9844455048729901 0.010288821788571934
59770.86424671022 3.824 0.018999999999999906 0.9826344569394122 0.006003489505183568 0.9784817193140307 1.0060957588205137 0.9844463078852507 -0.0018118509458384668
59770.86426265364 3.824 0.018999999999999906 0.9793474190042011 0.006005032373938143 0.9784825757417758 1.0060957001455908 0.984447112121183 -0.005099693116981885
59770.86427859705 3.824 0.018999999999999906 0.979407512683797 0.006960307796134597 0.9784834333874378 1.0060956414706945 0.9844479175823818 -0.005040404898584816
59770.86429454047 3.824 0.018999999999999906 0.9790725731977379 0.006002893648539716 0.9784842922536966 1.0060955827957716 0.984448724271491 -0.00537615107375311
59770.86431048389 3.824 0.018999999999999906 0.9903139337355523 0.006018827543900545 0.9784851523421197 1.0060955241208485 0.9844495321901132 0.005864401545439102
59770.86432642731 3.824 0.018999999999999906 0.9926184319099174 0.006025033340732005 0.9784860136546767 1.0060954654459255 0.9844503413402302 0.008168090569687148
59770.86434237073 3.824 0.018999999999999906 0.9810671375762797 0.006012448239362736 0.9784868761932659 1.0060954067710026 0.9844511517237515 -0.0033840141474718033
59770.86435831415 3.824 0.018999999999999906 0.9802959943373364 0.00599445618863177 0.9784877399598646 1.0060953480960797 0.9844519633426663 -0.004155969005329885
59770.86437425757 3.824 0.018999999999999906 0.9882375257589342 0.006021456519901755 0.9784886049564299 1.0060952894211568 0.9844527761989432 0.003784749559990974
59770.864390200986 3.824 0.018999999999999906 0.9864627346111156 0.006012882832423798 0.9784894711845462 1.0060952307462605 0.9844535902942024 0.002009144316913125
59770.86440614441 3.824 0.018999999999999906 0.9867431573369809 0.006008210710359958 0.9784903386469307 1.0060951720713376 0.9844544056311251 0.0022887517058558515
59770.86442208783 3.824 0.018999999999999906 0.9884127645542923 0.006022946618341835 0.9784912073451775 1.0060951133964144 0.9844552222113409 0.003957542342951426
59770.86443803125 3.824 0.018999999999999906 0.9842084968857621 0.006020612384589735 0.9784920772812854 1.0060950547214915 0.9844560400368607 -0.0002475431510986503
59770.86445397467 3.824 0.018999999999999906 0.9837263852743783 0.006011737649296487 0.9784929484571826 1.0060949960465686 0.9844568591096243 -0.0007304738352460483
59770.86446991809 3.824 0.018999999999999906 0.9824393974880872 0.006005546970673611 0.9784938208748764 1.0060949373716457 0.984457679431651 -0.0020182819435637933
59770.8644858615 3.824 0.018999999999999906 0.9906274216229477 0.006031030199650537 0.9784946945359748 1.0060948786967494 0.9844585010045844 0.006168920618363272
59770.86450180492 3.824 0.018999999999999906 0.9869659109557064 0.006017848275267817 0.9784955694432264 1.0060948200218265 0.9844593238311374 0.002506587124568971
59770.86451774834 3.824 0.018999999999999906 0.9925536147318424 0.006026364502855537 0.9784964455982486 1.0060947613469036 0.9844601479129633 0.008093466818879125
59770.86453369177 3.824 0.018999999999999906 0.9741115503200346 0.005991178851260112 0.978497323003447 1.0060947026719538 0.9844609732524557 -0.010349422932421137
59770.86454963518 3.824 0.018999999999999906 0.9972019412734743 0.006044811661026868 0.9784982016596331 1.0060946439970575 0.9844617998505095 0.012740141422964757
59770.864565578595 3.824 0.018999999999999906 0.9886695083810896 0.006021205875321933 0.9784990815695761 1.0060945853221612 0.9844626277098583 0.004206880671231317
59770.86458152202 3.824 0.018999999999999906 0.9764880499188767 0.005980951964474699 0.9784999627361305 1.0060945266472117 0.9844634568333215 -0.00797540691444476
59770.864597465436 3.824 0.018999999999999906 0.9878710765546267 0.00603136671473447 0.978500845159708 1.0060944679723154 0.9844642872214174 0.003406789333209259
59770.86461340886 3.824 0.018999999999999906 0.9841933800064727 0.006009803378317244 0.9785017288439134 1.0060944092973656 0.9844651188776681 -0.00027173887119535944
59770.864629352276 3.824 0.018999999999999906 0.9989652282037181 0.00604648998590252 0.9785026137891628 1.0060943506224693 0.9844659518025967 0.014499276401121475
59770.8646452957 3.824 0.018999999999999906 0.982230732387044 0.006017057730911815 0.9785034999987408 1.0060942919475464 0.984466785999429 -0.0022360536123851027
59770.86466123912 3.824 0.018999999999999906 0.9902572657452852 0.006020861858276853 0.9785043874742219 1.0060942332726235 0.9844676214697753 0.005789644275509875
59770.86467718253 3.824 0.018999999999999906 0.9816851085453239 0.00600101124257634 0.9785052762172602 1.0060941745977272 0.9844684582153255 -0.0027833496700016003
59770.86469312596 3.824 0.018999999999999906 0.9898224311734212 0.006029005917969786 0.978506166231135 1.0060941159227776 0.9844692962393002 0.005353134934120929
59770.86470906937 3.824 0.018999999999999906 0.9911537422416268 0.006030349264358082 0.9785070575162732 1.0060940572478814 0.9844701355422333 0.006683606699393496
59770.86472501279 3.824 0.018999999999999906 0.997179988860954 0.0060332413355262795 0.978507950075914 1.0060939985729584 0.984470976127305 0.012709012733648994
59770.86474095621 3.824 0.018999999999999906 0.9873999691892595 0.006027558520141313 0.9785088439117281 1.0060939398980353 0.9844718179962222 0.002928151193037354
59770.86475689963 3.824 0.018999999999999906 1.0041877469993024 0.006045109039053402 0.9785097390258047 1.0060938812231124 0.9844726611510867 0.019715085848215685
59770.86477284305 3.824 0.018999999999999906 0.9831223599251544 0.006008642942296252 0.978510635420159 1.0060938225481895 0.9844735055939257 -0.0013511456687712586
59770.86478878647 3.824 0.018999999999999906 0.9876493480856509 0.0060216262402483425 0.9785115330968888 1.0060937638732665 0.9844743513268492 0.003174996758801618
59770.864804729885 3.824 0.018999999999999906 0.9949138162598457 0.006033716650644082 0.9785124320576805 1.0060937051983703 0.9844751983515803 0.01043861790826539
59770.86482067331 3.824 0.018999999999999906 0.9970197917503304 0.006043792067139462 0.9785133323058114 1.0060936465234205 0.9844760466713373 0.01254374507899314
59770.864836616725 3.824 0.018999999999999906 0.9930302055452344 0.006030885250091256 0.9785142338417273 1.0060935878485244 0.9844768962866735 0.008553309258560904
59770.864852560146 3.824 0.018999999999999906 0.9796163135494041 0.006006010920955352 0.9785151366687953 1.0060935291736013 0.9844777472008971 -0.004861433651492941
59770.864868503566 3.824 0.018999999999999906 0.9744788427232486 0.005988079727236501 0.9785160407886412 1.0060934704986784 0.9844785994156703 -0.009999756692421702
59770.864884446986 3.824 0.018999999999999906 0.9719656250459593 0.005991131079661996 0.9785169462033908 1.0060934118237554 0.9844794529331317 -0.012513827887172368
59770.86490039041 3.824 0.018999999999999906 0.9877811501275975 0.006019077902706953 0.9785178529151488 1.0060933531488325 0.9844803077553982 0.0033008423721992974
59770.86491633382 3.824 0.018999999999999906 0.9826577265788016 0.006002917971118423 0.9785187609256298 1.0060932944739363 0.9844811638842209 -0.0018234373054193398
59770.86493227725 3.824 0.018999999999999906 0.9926087009710528 0.006022121014529948 0.9785196702381567 1.0060932357989865 0.9844820213228642 0.008126679648188584
59770.86494822066 3.824 0.018999999999999906 0.9844956253186637 0.006017967144169888 0.9785205808531914 1.0060931771240904 0.9844828800718977 1.2745246766088236e-05
59770.86496416408 3.824 0.018999999999999906 0.9938996055737479 0.006017588269083067 0.9785214927741466 1.0060931184491673 0.9844837401346754 0.009415865439072468
59770.8649801075 3.824 0.018999999999999906 0.9899546011147253 0.0069865046857390525 0.9785224060026768 1.0060930597742443 0.9844846015128885 0.005469999601836806
59770.86499605092 3.824 0.018999999999999906 0.9830979324994494 0.006005901807142391 0.9785233205409414 1.0060930010993214 0.984485464208709 -0.0013875317092595374
59770.86501199434 3.824 0.018999999999999906 0.9749446063878159 0.00597513098857158 0.9785242363910777 1.0060929424243985 0.984486328224287 -0.009541721836471173
59770.865027937754 3.824 0.018999999999999906 0.9830641017116 0.00600462237801581 0.9785251535548307 1.0060928837495022 0.9844871935614041 -0.001423091849804159
59770.86504388118 3.824 0.018999999999999906 0.9793357428823726 0.005998760259888292 0.9785260720355686 1.0060928250745524 0.9844880602233702 -0.005152317340997636
59770.865059824595 3.824 0.018999999999999906 0.9874812390190542 0.006010560529147778 0.9785269918337701 1.0060927663996562 0.9844889282107715 0.002992310808282661
59770.865075768015 3.824 0.018999999999999906 0.9786221199534207 0.005999713366262744 0.9785279129528949 1.0060927077247332 0.98448979752701 -0.005867677573589303
59770.865091711436 3.824 0.018999999999999906 0.9896230500942959 0.00602039823288736 0.9785288353946267 1.0060926490498103 0.9844906681738057 0.005132381920490148
59770.865107654856 3.824 0.018999999999999906 0.9766695003840306 0.0059873799963882455 0.9785297591611584 1.0060925903748874 0.9844915401533645 -0.007822039769333933
59770.865123598276 3.824 0.018999999999999906 0.977612395803083 0.005995943177859192 0.9785306842546891 1.0060925316999643 0.9844924134678985 -0.0068800176648154965
59770.86513954169 3.824 0.018999999999999906 0.9853448728161772 0.006021604725591859 0.9785316106769131 1.0060924730250682 0.9844932881191387 0.0008515846970384988
59770.86515548511 3.824 0.018999999999999906 0.9839104102527705 0.006011631294029954 0.978532538430896 1.0060924143501453 0.9844941641101166 -0.0005837538573461032
59770.86517142853 3.824 0.018999999999999906 0.9846895714448327 0.006013691113611306 0.9785334675184231 1.0060923556752221 0.9844950414426538 0.00019453000217894978
59770.86518737195 3.824 0.018999999999999906 0.9789442108283648 0.006009239143595499 0.9785343979416321 1.0060922970002992 0.9844959201189015 -0.005551709290536722
59770.86520331537 3.824 0.018999999999999906 0.9840612306661242 0.006017197784138561 0.9785353297027468 1.0060922383253763 0.9844968001410966 -0.0004355694749724748
59770.86521925879 3.824 0.018999999999999906 0.9896045690843505 0.0060305611947471085 0.9785362628039687 1.0060921796504534 0.9844976815114537 0.00510688757289679
59770.8652352022 3.824 0.018999999999999906 0.9826941041027426 0.006006330732968417 0.9785371972470985 1.0060921209755571 0.9844985642318105 -0.0018044601290678752
59770.86525114563 3.824 0.018999999999999906 0.9794954296932333 0.006000494662614286 0.9785381330355925 1.0060920623006073 0.9844994483055652 -0.005004018612331906
59770.865267089044 3.824 0.018999999999999906 0.9874243056524897 0.006029170535337926 0.9785390701699621 1.0060920036257113 0.9845003337333377 0.0029239719191520575
59770.86528303247 3.824 0.018999999999999906 0.9758859028124939 0.005993493649275393 0.9785400086541638 1.0060919449507615 0.9845012205190026 -0.008615317706508696
59770.865298975885 3.824 0.018999999999999906 0.9764823871943761 0.005983826186374009 0.9785409484887146 1.0060918862758652 0.9845021086631852 -0.008019721468809138
59770.8653149193 3.824 0.018999999999999906 0.9821410265351805 0.006004841837377091 0.9785418896766603 1.006091827600969 0.984502998168897 -0.002361971633716431
59770.865330862725 3.824 0.018999999999999906 0.9864835812994767 0.006009361804228448 0.9785428322211381 1.0060917689260194 0.9845038890392418 0.0019796922602348666
59770.86534680614 3.824 0.018999999999999906 0.9887910029722891 0.0060195280362154505 0.9785437761226732 1.006091710251123 0.9845047812748524 0.004286221697436643
59770.865362749566 3.824 0.018999999999999906 0.9738949788280309 0.005993590890338755 0.9785447213852049 1.0060916515761733 0.9845056748795872 -0.01061069605155629
59770.86537869298 3.824 0.018999999999999906 0.9749544618041927 0.00598881652239148 0.9785456680092645 1.006091592901277 0.9845065698540851 -0.009552108049892483
59770.86539463641 3.824 0.018999999999999906 0.9877355155812121 0.006017720781153393 0.978546615998861 1.0060915342263275 0.9845074662022749 0.00322804937893717
59770.86541057982 3.824 0.018999999999999906 0.9771786072078895 0.005992868272537027 0.9785475653545311 1.0060914755514312 0.9845083639248008 -0.007329756716911273
59770.86542652323 3.824 0.018999999999999906 0.988204554742385 0.00601196280081291 0.9785485160793645 1.006091416876535 0.9845092630247186 0.0036952917176663602
59770.86544246666 3.824 0.018999999999999906 0.9882645287913242 0.0060223040536044915 0.9785494681765438 1.0060913582015854 0.984510163505178 0.003754365286146255
59770.86545841008 3.824 0.018999999999999906 0.9824706284294863 0.006007659960073209 0.978550421647055 1.0060912995266622 0.9845110653672487 -0.0020404369377624576
59770.8654743535 3.824 0.018999999999999906 0.9891220905176565 0.006022608420164586 0.9785513764935673 1.0060912408517393 0.9845119686135906 0.004610121904065956
59770.865490296914 3.824 0.018999999999999906 0.9906329594484027 0.006025365766880256 0.9785523327179819 1.006091182176843 0.9845128732461419 0.006120086202260788
59770.865506240334 3.824 0.018999999999999906 0.9800326164410059 0.006001860805678845 0.9785532903234238 1.00609112350192 0.984513779267994 -0.004481162826988072
59770.865522183754 3.824 0.018999999999999906 0.9908775240485181 0.006021607647337835 0.9785542493117779 1.0060910648269972 0.9845146866810696 0.006362837367448582
59770.865538127175 3.824 0.018999999999999906 0.9790892281328969 0.005989445324191031 0.9785552096853503 1.0060910061520743 0.9845155954876881 -0.005426367354791184
59770.865554070595 3.824 0.018999999999999906 0.9809106025328628 0.006017131457831293 0.9785561714464789 1.006090947477151 0.9845165056902014 -0.0036059031573386635
