eureka_custom_plots/data/stage5_lcfit_results/S5_wasp39b_ap4_bg8_Table_Save_ch37.txt
# %ECSV 1.0
# ---
# datatype:
# - {name: time, datatype: float64}
# - {name: wavelength, datatype: float64}
# - {name: bin_width, datatype: float64}
# - {name: lcdata, datatype: float64}
# - {name: lcerr, datatype: float64}
# - {name: transit, datatype: float64}
# - {name: polynom, datatype: float64}
# - {name: model, datatype: float64}
# - {name: residuals, datatype: float64}
# schema: astropy-2.0
time wavelength bin_width lcdata lcerr transit polynom model residuals
[from data line 15306]
59770.888050235 4.4375 0.01949999999999985 0.996976400280477 0.008132638690926312 0.9915603335486682 1.0064531820618745 0.9979590529063908 -0.0009826526259137935
59770.88806617841 4.4375 0.01949999999999985 0.990677382789582 0.008153972277155397 0.9915835435318863 1.0064531278667423 0.997982358928855 -0.007304976139273056
59770.88808212183 4.4375 0.01949999999999985 1.0119180399231031 0.008185275357531914 0.9916067437637145 1.0064530736715855 0.9980056551344628 0.01391238478864032
59770.888098065254 4.4375 0.01949999999999985 0.9978551987059201 0.00816777817984064 0.9916299341626611 1.0064530194764287 0.9980289414412225 -0.0001737427353023513
59770.88811400867 4.4375 0.01949999999999985 1.0012497441875374 0.00815999762777274 0.9916531146472191 1.0064529652812966 0.9980522177671272 0.0031975264204102682
59770.88812995209 4.4375 0.01949999999999985 0.998786618271591 0.008153271745274325 0.9916762851680151 1.0064529110861398 0.9980754840624376 0.0007111342091533635
59770.888145895515 4.4375 0.01949999999999985 1.0028223157354466 0.008165131787766558 0.9916994456541814 1.006452856890958 0.9980987402558303 0.0047235754796162155
59770.88816183893 4.4375 0.01949999999999985 0.9940541728259511 0.00814271477891662 0.9917225960026843 1.0064528026958262 0.9981219862436821 -0.004067813417730992
59770.88817778235 4.4375 0.01949999999999985 1.0007108217435907 0.008172054806959279 0.9917457361747349 1.0064527485006691 0.9981452219868815 0.002565599756709225
59770.88819372577 4.4375 0.01949999999999985 0.9916655005977368 0.008141181496485489 0.9917688660886502 1.0064526943055123 0.9981684474032448 -0.006502946805508003
59770.88820966918 4.4375 0.01949999999999985 0.99993847102349 0.008143796565811592 0.9917919856627302 1.0064526401103802 0.9981916624105711 0.001746808612918871
59770.88822561261 4.4375 0.01949999999999985 0.9944099895320373 0.008139421094324787 0.9918150948573418 1.0064525859151987 0.9982148669688997 -0.0038048774368624194
59770.88824155602 4.4375 0.01949999999999985 1.0003827669147094 0.008168482409849022 0.9918381935599702 1.0064525317200665 0.9982380609650894 0.0021447059496200183
59770.88825749945 4.4375 0.01949999999999985 1.0213274154254521 0.008213301160759827 0.9918612817415677 1.006452477524885 0.9982612443698089 0.023066171055643236
59770.88827344286 4.4375 0.01949999999999985 1.013981768656039 0.008204039141394835 0.9918843592882395 1.006452423329753 0.998284417068528 0.015697351587511066
59770.888289386276 4.4375 0.01949999999999985 1.0066651395424477 0.008186660755192988 0.9919074261501452 1.0064523691346208 0.9983075790110375 0.008357560531410235
59770.8883053297 4.4375 0.01949999999999985 1.0100399429431335 0.008177374212523994 0.9919304822773616 1.006452314939439 0.9983307301470449 0.011709212796088608
59770.888321273116 4.4375 0.01949999999999985 0.9923761583705049 0.008137732039455869 0.991953527555927 1.0064522607443072 0.9983538703619531 -0.0059777119914482535
59770.88833721654 4.4375 0.01949999999999985 1.0070716264216042 0.00817728016222923 0.9919765619464953 1.0064522065491501 0.9983769996160899 0.00869462680551425
59770.88835315996 4.4375 0.01949999999999985 0.9939482879989161 0.00815696564444463 0.9919995853670198 1.0064521523539933 0.9984001178269061 -0.004451829827989973
59770.88836910338 4.4375 0.01949999999999985 1.0029753555143914 0.008166746390768788 0.9920225977460692 1.0064520981588365 0.9984232249225108 0.004552130591880643
59770.8883850468 4.4375 0.01949999999999985 1.009252022259944 0.008162910927047014 0.9920455990115089 1.0064520439636797 0.9984463208303062 0.01080570142963777
59770.88840099021 4.4375 0.01949999999999985 0.9959488495360183 0.008151521401368976 0.9920685890831771 1.0064519897685476 0.9984694054696391 -0.0025205559336208827
59770.88841693363 4.4375 0.01949999999999985 0.9848870015649639 0.008103605252020083 0.9920915679081195 1.0064519355733907 0.9984924787871668 -0.013605477222202955
59770.88843287706 4.4375 0.01949999999999985 0.9997816717286011 0.00815616547114607 0.9921145354167009 1.006451881378209 0.9985155407128065 0.001266131015794647
59770.88844882047 4.4375 0.01949999999999985 1.0114980274318304 0.008200522247123162 0.9921374915047194 1.0064518271830771 0.9985385911417595 0.012959436290070903
59770.888464763884 4.4375 0.01949999999999985 0.9886252727364977 0.008132834492526612 0.9921604361217199 1.006451772987945 0.9985616300231978 -0.00993635728670006
59770.88848070731 4.4375 0.01949999999999985 1.0026885351032395 0.008188682163058117 0.9921833692171559 1.0064517187927633 0.9985846573062014 0.004103877797038136
59770.888496650725 4.4375 0.01949999999999985 0.9997282473187126 0.008175958379379894 0.9922062906767716 1.0064516645976311 0.9986076728758778 0.0011205744428347542
59770.88851259415 4.4375 0.01949999999999985 0.9941126479289877 0.008132247048581195 0.9922292004711233 1.0064516104024497 0.9986306767024972 -0.004518028773509486
59770.888528537565 4.4375 0.01949999999999985 0.9979063900107303 0.00816021631004688 0.9922520984858908 1.0064515562073175 0.9986536686711013 -0.0007472786603709425
59770.888544480986 4.4375 0.01949999999999985 1.0101268118482352 0.00945647331269813 0.9922749846809005 1.0064515020121607 0.998676648741186 0.01145016310704916
59770.888560424406 4.4375 0.01949999999999985 0.9960533359438557 0.008137144837236147 0.9922978589728693 1.006451447817004 0.9986996168289575 -0.0026462808851017705
59770.88857636782 4.4375 0.01949999999999985 1.0099669291726627 0.00817916301457824 0.9923207212811269 1.0064513936218717 0.9987225728532512 0.011244356319411564
59770.88859231125 4.4375 0.01949999999999985 0.9953921248577886 0.008136361246644215 0.9923435715626223 1.00645133942669 0.9987455167706667 -0.00335339191287809
59770.88860825466 4.4375 0.01949999999999985 1.0005404201799424 0.00815338275759205 0.9923664097048633 1.006451285231558 0.9987684484680864 0.0017719717118559464
59770.88862419808 4.4375 0.01949999999999985 1.0083134510005882 0.00821044116720047 0.9923892356666524 1.006451231036401 0.9987913679039755 0.009522083096612732
59770.8886401415 4.4375 0.01949999999999985 0.993275678651497 0.008154593910486346 0.9924120493651194 1.0064511768412443 0.9988142749949555 -0.005538596343458435
59770.88865608492 4.4375 0.01949999999999985 1.0066152529462011 0.008188557688007652 0.9924348507279055 1.0064511226460875 0.9988371696682028 0.007778083277998338
59770.88867202833 4.4375 0.01949999999999985 0.9901660788797464 0.008134123651897595 0.9924576396720521 1.0064510684509553 0.9988600518402501 -0.00869397296050367
59770.88868797176 4.4375 0.01949999999999985 0.9829209762444294 0.008110998582622602 0.9924804161567082 1.0064510142557739 0.9988829214699115 -0.01596194522548211
59770.888703915174 4.4375 0.01949999999999985 0.9933283867094479 0.008158303449868528 0.992503180067183 1.0064509600606417 0.9989057784418562 -0.005577391732408343
59770.8887198586 4.4375 0.01949999999999985 1.0010210622239626 0.00817253071785333 0.992525931372353 1.00645090586546 0.9989286227246641 0.002092439499298493
59770.888735802015 4.4375 0.01949999999999985 1.0086529276884906 0.008169314101875885 0.9925486699587696 1.0064508516703279 0.9989514542042548 0.009701473484235779
59770.88875174543 4.4375 0.01949999999999985 1.0037014484339306 0.008163298626056546 0.9925713957747699 1.006450797475196 0.9989742728285855 0.00472717560534508
59770.888767688855 4.4375 0.01949999999999985 1.0041951565609148 0.008166359063909275 0.9925941087666112 1.0064507432800143 0.9989970785435193 0.00519807801739558
59770.88878363227 4.4375 0.01949999999999985 1.0028133964440862 0.008167295508563951 0.9926168088213847 1.006450689084882 0.9990198712355193 0.0037935252085669058
59770.88879957569 4.4375 0.01949999999999985 1.003729080560558 0.008174150761747066 0.9926394958970383 1.0064506348897253 0.999042650862191 0.004686429698367078
59770.88881551911 4.4375 0.01949999999999985 0.9984605249215946 0.008166796699224724 0.9926621699100915 1.0064505806945685 0.999065417339542 -0.0006048924179473669
59770.88883146253 4.4375 0.01949999999999985 0.9910091433914294 0.008154331175732233 0.9926848307875012 1.0064505264994117 0.9990881705940601 -0.008079027202630651
59770.88884740595 4.4375 0.01949999999999985 1.0058269312207424 0.008183950589166947 0.9927074784561585 1.0064504723042549 0.9991109105521666 0.006716020668575795
59770.88886334936 4.4375 0.01949999999999985 1.0090150803688724 0.008185482249484613 0.9927301128324184 1.0064504181091227 0.999133637129704 0.009881443239168397
59770.88887929278 4.4375 0.01949999999999985 0.9968968949074613 0.008147316959894027 0.9927527338639823 1.006450363913966 0.9991563502739895 -0.0022594553665282735
59770.88889523621 4.4375 0.01949999999999985 0.9904189503426752 0.008140524171468322 0.9927753414768637 1.0064503097187842 0.9991790499105613 -0.008760099567886037
59770.88891117962 4.4375 0.01949999999999985 0.9820277381123288 0.008118129383966402 0.9927979355676176 1.006450255523652 0.9992017359353831 -0.017173997823054288
59770.888927123044 4.4375 0.01949999999999985 1.0035123511017594 0.008167808259718403 0.9928205160935062 1.0064502013284953 0.9992244083053698 0.0042879427963895544
59770.888943066464 4.4375 0.01949999999999985 1.006748719965174 0.008142201164600306 0.9928430829705488 1.0064501471333385 0.9992470669360262 0.007501653029147737
59770.88895900988 4.4375 0.01949999999999985 0.9843997592524124 0.008103241806345148 0.9928656361147167 1.0064500929382063 0.9992697117428079 -0.014869952490395466
59770.888974953305 4.4375 0.01949999999999985 1.0065990767549113 0.008188032375837083 0.9928881754836332 1.0064500387430246 0.9992923426829936 0.007306734071917731
59770.88899089672 4.4375 0.01949999999999985 0.997065206784149 0.008120837586974043 0.9929107009618421 1.0064499845478927 0.9993149596404832 -0.0022497528563342195
59770.88900684014 4.4375 0.01949999999999985 0.9971590927653874 0.00815473816559024 0.9929332125068018 1.0064499303527357 0.9993375625723887 -0.0021784698070013153
59770.88902278356 4.4375 0.01949999999999985 0.9823324606366297 0.008130293003856799 0.9929557100341914 1.0064498761575789 0.9993601513938727 -0.017027690757242975
59770.88903872697 4.4375 0.01949999999999985 0.9945816183246515 0.008127998616142624 0.992978193459643 1.0064498219624467 0.9993827260200496 -0.004801107695398099
59770.8890546704 4.4375 0.01949999999999985 0.9871789985560179 0.00813476517892733 0.9930006627403091 1.0064497677672652 0.9994052864077245 -0.012226287851706652
59770.88907061381 4.4375 0.01949999999999985 0.9977618608029785 0.008157953759018087 0.9930231177604788 1.006449713572133 0.9994278324405405 -0.0016659716375619915
59770.88908655723 4.4375 0.01949999999999985 0.9800511993019955 0.008114017311810726 0.9930455584764806 1.0064496593769763 0.9994503640744731 -0.019399164772477606
59770.88910250065 4.4375 0.01949999999999985 1.0067875787754146 0.00818564257245518 0.993067984804935 1.0064496051818195 0.9994728812256319 0.007314697549782645
59770.88911844407 4.4375 0.01949999999999985 1.003932610917902 0.008153048172271261 0.9930903966708305 1.0064495509866627 0.9994953838185241 0.004437227099377994
59770.889134387486 4.4375 0.01949999999999985 1.0006832629625564 0.008172194196898604 0.9931127939893624 1.0064494967915305 0.9995178717678247 0.0011653911947316908
59770.88915033091 4.4375 0.01949999999999985 0.986266082982131 0.008118703079332212 0.9931351767170862 1.0064494425963488 0.9995403450297378 -0.013274262047606733
59770.889166274326 4.4375 0.01949999999999985 1.00932658300457 0.008178528788273201 0.993157544737965 1.0064493884012167 0.9995628034875789 0.009763779516991034
59770.889182217754 4.4375 0.01949999999999985 1.0006054172078214 0.008166526933834427 0.9931798980187038 1.0064493342060352 0.9995852471077423 0.001020170100079043
59770.88919816117 4.4375 0.01949999999999985 0.990742950451732 0.008142392343317607 0.9932022364431579 1.006449280010903 0.9996076757734349 -0.008864725321702904
59770.88921410458 4.4375 0.01949999999999985 0.9989453021244844 0.008170824796168253 0.9932245599571526 1.006449225815771 0.999630089430086 -0.0006847873056016196
59770.88923004801 4.4375 0.01949999999999985 0.9973263784280062 0.008161509969472241 0.9932468685063766 1.0064491716205894 0.9996524880229872 -0.0023261095949810295
59770.88924599142 4.4375 0.01949999999999985 1.0030625287671644 0.00819185738768505 0.9932691619745084 1.0064491174254573 0.9996748714351675 0.003387657331996863
59770.88926193484 4.4375 0.01949999999999985 1.0084863578433323 0.008171779758505552 0.9932914403167306 1.0064490632303005 0.9996972396214494 0.008789118221882886
59770.88927787826 4.4375 0.01949999999999985 1.0044048796746754 0.008175004703252223 0.9933137034488023 1.0064490090351437 0.9997195924970756 0.004685287177599751
59770.88929382168 4.4375 0.01949999999999985 0.9869292746285454 0.00814442106805426 0.9933359512947728 1.0064489548399866 0.999741929985608 -0.012812655357062552
59770.8893097651 4.4375 0.01949999999999985 1.0028317488256697 0.008118668260904108 0.9933581837792509 1.0064489006448298 0.9997642520111719 0.0030674968144978054
59770.889325708515 4.4375 0.01949999999999985 0.9927586667815076 0.00815684314440197 0.9933804008164745 1.0064488464496977 0.9997865584874791 -0.007027891705971512
59770.889341651935 4.4375 0.01949999999999985 1.007987594751804 0.00815511207552141 0.9934026023514215 1.0064487922545409 0.9998088493591061 0.008178745392697917
59770.88935759536 4.4375 0.01949999999999985 0.9967212620653407 0.008162903537453163 0.9934247883083973 1.0064487380593594 0.9998311245498728 -0.0031098624845320444
59770.889373538776 4.4375 0.01949999999999985 0.9917869417397968 0.008143433389751388 0.993446958580856 1.0064486838642273 0.999853383952622 -0.008066442212825264
59770.889389482196 4.4375 0.01949999999999985 1.0073005755485531 0.008185328931553373 0.9934691131237136 1.0064486296690704 0.9998756275219083 0.00742494802664484
59770.889405425616 4.4375 0.01949999999999985 1.0104712788969723 0.00818705231028387 0.9934912518501126 1.0064485754739134 0.9998978551703407 0.010573423726631614
59770.88942136903 4.4375 0.01949999999999985 1.0036126863176602 0.008170152608046256 0.993513374675688 1.0064485212787815 0.9999200668130381 0.0036926195046220744
59770.88943731246 4.4375 0.01949999999999985 1.0115223631664834 0.008186944850866549 0.9935354815524174 1.0064484670835998 0.9999422624015967 0.011580100764886692
59770.88945325587 4.4375 0.01949999999999985 1.0033052839133971 0.008165820840656786 0.9935575723650552 1.0064484128884676 0.9999644418201286 0.00334084209326857
59770.88946919929 4.4375 0.01949999999999985 1.0067286589910225 0.008191250525401032 0.993579647067284 1.0064483586933108 0.999986605021947 0.006742053969075457
59770.88948514271 4.4375 0.01949999999999985 1.0069452792365552 0.008189796193324385 0.9936017055724214 1.006448304498154 1.0000087519198375 0.006936527316717678
59770.88950108612 4.4375 0.01949999999999985 0.995099065009497 0.00813295908283237 0.993623747793719 1.0064482503030219 1.0000308824265196 -0.004931817417022644
59770.88951702955 4.4375 0.01949999999999985 1.0057692493268386 0.00818038927848986 0.9936457736850991 1.0064481961078404 1.0000529964955474 0.005716252831291291
59770.889532972964 4.4375 0.01949999999999985 0.9817423914450445 0.00811223451548043 0.9936677831290345 1.0064481419127083 1.0000750940087366 -0.018332702563692127
59770.889548916384 4.4375 0.01949999999999985 1.0120133537331246 0.008164368176919226 0.993689776079217 1.0064480877175515 1.0000971749194099 0.011916178813714762
59770.889564859805 4.4375 0.01949999999999985 1.0242711119135401 0.008214141581990133 0.9937117524484871 1.0064480335223944 1.0001192391398723 0.024151872773667815
59770.889580803225 4.4375 0.01949999999999985 0.9986122924553862 0.008181277854953118 0.9937337121591253 1.0064479793272376 1.0001412865919064 -0.0015289941365201898
