eureka_custom_plots/data/stage5_lcfit_results/S5_wasp39b_ap4_bg8_Table_Save_ch02.txt
# %ECSV 1.0
# ---
# datatype:
# - {name: time, datatype: float64}
# - {name: wavelength, datatype: float64}
# - {name: bin_width, datatype: float64}
# - {name: lcdata, datatype: float64}
# - {name: lcerr, datatype: float64}
# - {name: transit, datatype: float64}
# - {name: polynom, datatype: float64}
# - {name: model, datatype: float64}
# - {name: residuals, datatype: float64}
# schema: astropy-2.0
time wavelength bin_width lcdata lcerr transit polynom model residuals
[from data line 6905]
59770.7541095671 3.096 0.019000000000000128 1.004663674795124 0.00404338343961196 1.0 1.0072021164442082 1.0072021164442082 -0.002538441649084122
59770.754125510524 3.096 0.019000000000000128 1.0087490904469956 0.0040506927116684644 1.0 1.0072019429403796 1.0072019429403796 0.0015471475066159979
59770.75414145394 3.096 0.019000000000000128 1.0074033949746874 0.004040784426498966 1.0 1.0072017694367095 1.0072017694367095 0.00020162553797797855
59770.754157397365 3.096 0.019000000000000128 1.0010472148964271 0.004039030054129084 1.0 1.0072015959328808 1.0072015959328808 -0.0061543810364537155
59770.75417334078 3.096 0.019000000000000128 1.003397642139627 0.0040416561524957 1.0 1.0072014224292107 1.0072014224292107 -0.0038037802895838357
59770.7541892842 3.096 0.019000000000000128 1.003272143480324 0.004032664018623047 1.0 1.0072012489254614 1.0072012489254614 -0.00392910544513736
59770.75420522762 3.096 0.019000000000000128 1.0147338258265077 0.0040580242970994955 1.0 1.007201075421712 1.007201075421712 0.0075327504047957294
59770.75422117104 3.096 0.019000000000000128 1.0071392578201555 0.004049667646136542 1.0 1.0072009019179626 1.0072009019179626 -6.164409780717861e-05
59770.75423711447 3.096 0.019000000000000128 1.009674685887596 0.0040519428148839765 1.0 1.007200728414134 1.007200728414134 0.0024739574734620184
59770.75425305788 3.096 0.019000000000000128 0.9970626889222746 0.004035063918953815 1.0 1.007200554910464 1.007200554910464 -0.010137865988189332
59770.75426900131 3.096 0.019000000000000128 1.0069537518802072 0.004046159015537121 1.0 1.0072003814066353 1.0072003814066353 -0.000246629526428066
59770.75428494472 3.096 0.019000000000000128 1.008512604359052 0.004055542156105449 1.0 1.0072002079029652 1.0072002079029652 0.0013123964560868284
59770.75430088814 3.096 0.019000000000000128 1.0106545394197732 0.004048181772781548 1.0 1.0072000343992158 1.0072000343992158 0.0034545050205574412
59770.75431683156 3.096 0.019000000000000128 1.0109936139748412 0.004054150280469986 1.0 1.0071998608954664 1.0071998608954664 0.0037937530793747953
59770.75433277499 3.096 0.019000000000000128 1.0083202625888645 0.004049590803214554 1.0 1.0071996873916378 1.0071996873916378 0.0011205751972267475
59770.7543487184 3.096 0.019000000000000128 1.0164672839184503 0.004060785835089555 1.0 1.0071995138879677 1.0071995138879677 0.009267770030482625
59770.75436466182 3.096 0.019000000000000128 1.0035067850045378 0.0040401882400996035 1.0 1.0071993403842183 1.0071993403842183 -0.0036925553796804955
59770.75438060524 3.096 0.019000000000000128 1.0049369902026881 0.004045464294328472 1.0 1.007199166880469 1.007199166880469 -0.002262176677780836
59770.75439654866 3.096 0.019000000000000128 "" "" 1.0 1.0071989933767196 1.0071989933767196 ""
59770.75441249208 3.096 0.019000000000000128 1.0096644347363328 0.004053109954825178 1.0 1.0071988198729702 1.0071988198729702 0.0024656148633626085
59770.7544284355 3.096 0.019000000000000128 1.0102118258299564 0.0040540689676128155 1.0 1.0071986463692209 1.0071986463692209 0.0030131794607355378
59770.75444437892 3.096 0.019000000000000128 1.0067058245917961 0.0040461703080507784 1.0 1.0071984728654715 1.0071984728654715 -0.0004926482736753446
59770.75446032234 3.096 0.019000000000000128 1.0069612019610592 0.004046378090567512 1.0 1.0071982993617221 1.0071982993617221 -0.00023709740066291118
59770.754476265756 3.096 0.019000000000000128 1.012097701630473 0.004056669127617039 1.0 1.007198125858052 1.007198125858052 0.004899575772421061
59770.754492209184 3.096 0.019000000000000128 1.0100228907598652 0.004050137179496632 1.0 1.0071979523542234 1.0071979523542234 0.002824938405641797
59770.7545081526 3.096 0.019000000000000128 0.9971094932323359 0.004030224858360224 1.0 1.0071977788505533 1.0071977788505533 -0.010088285618217396
59770.754524096024 3.096 0.019000000000000128 1.006146600912128 0.004047732747092476 1.0 1.0071976053467246 1.0071976053467246 -0.001051004434596603
59770.754540039445 3.096 0.019000000000000128 1.0072537376328037 0.0040485313886304206 1.0 1.0071974318429753 1.0071974318429753 5.630578982840362e-05
59770.754555982865 3.096 0.019000000000000128 1.001009152879606 0.004036495573083921 1.0 1.007197258339226 1.007197258339226 -0.006188105459620008
59770.754571926285 3.096 0.019000000000000128 1.0074475035008543 0.004046794174598863 1.0 1.0071970848354765 1.0071970848354765 0.0002504186653777829
59770.754587869706 3.096 0.019000000000000128 1.0142624127948305 0.004060473194859049 1.0 1.0071969113317272 1.0071969113317272 0.007065501463103363
59770.754603813126 3.096 0.019000000000000128 "" "" 1.0 1.0071967378279778 1.0071967378279778 ""
59770.754619756546 3.096 0.019000000000000128 0.9985969799720426 0.004033354954281714 1.0 1.0071965643242284 1.0071965643242284 -0.008599584352185885
59770.75463569997 3.096 0.019000000000000128 1.00938424416916 0.004048754454155498 1.0 1.007196390820479 1.007196390820479 0.0021878533486809904
59770.75465164338 3.096 0.019000000000000128 "" "" 1.0 1.007196217316809 1.007196217316809 ""
59770.75466758681 3.096 0.019000000000000128 1.0110563617128356 0.004052764315995101 1.0 1.0071960438129803 1.0071960438129803 0.0038603178998553034
59770.75468353022 3.096 0.019000000000000128 1.0047900686775015 0.0040472896371600686 1.0 1.0071958703093102 1.0071958703093102 -0.0024058016318087017
59770.75469947365 3.096 0.019000000000000128 0.9988134427085626 0.004036637667992646 1.0 1.0071956968054816 1.0071956968054816 -0.00838225409691895
59770.75471541706 3.096 0.019000000000000128 1.0069256581334847 0.004039731159623962 1.0 1.0071955233018115 1.0071955233018115 -0.0002698651683268327
59770.75473136049 3.096 0.019000000000000128 1.0061624214847578 0.0040501546487693016 1.0 1.0071953497979829 1.0071953497979829 -0.001032928313225101
59770.7547473039 3.096 0.019000000000000128 1.00106613752143 0.004043826121356201 1.0 1.0071951762943128 1.0071951762943128 -0.006129038772882733
59770.75476324732 3.096 0.019000000000000128 1.009560195901492 0.004050931741864629 1.0 1.0071950027905634 1.0071950027905634 0.002365193110928532
59770.75477919074 3.096 0.019000000000000128 1.012718769253431 0.00405359982150458 1.0 1.007194829286814 1.007194829286814 0.005523939966616931
59770.75479513417 3.096 0.019000000000000128 1.004469243033403 0.004044772465358338 1.0 1.0071946557829854 1.0071946557829854 -0.0027254127495823788
59770.75481107759 3.096 0.019000000000000128 1.0014633083022313 0.004038915507262263 1.0 1.007194482279236 1.007194482279236 -0.005731173977004733
59770.754827021 3.096 0.019000000000000128 0.9995138231569438 0.004038768528291859 1.0 1.007194308775566 1.007194308775566 -0.007680485618622113
59770.75484296443 3.096 0.019000000000000128 1.0089210169508973 0.004049887125963101 1.0 1.0071941352717373 1.0071941352717373 0.0017268816791600194
59770.75485890784 3.096 0.019000000000000128 1.0036200053016069 0.004039198172567975 1.0 1.0071939617680672 1.0071939617680672 -0.003573956466460304
59770.75487485127 3.096 0.019000000000000128 "" "" 1.0 1.0071937882642386 1.0071937882642386 ""
59770.754890794684 3.096 0.019000000000000128 1.0108490353099553 0.004048477695989306 1.0 1.0071936147605685 1.0071936147605685 0.003655420549386834
59770.75490673811 3.096 0.019000000000000128 1.0050322099013949 0.00404292630220895 1.0 1.0071934412567398 1.0071934412567398 -0.0021612313553449614
59770.754922681524 3.096 0.019000000000000128 "" "" 1.0 1.0071932677530697 1.0071932677530697 ""
59770.754938624945 3.096 0.019000000000000128 1.011962539454289 0.004060955173315241 1.0 1.0071930942493204 1.0071930942493204 0.004769445204968692
59770.754954568365 3.096 0.019000000000000128 1.0074477606656143 0.00404919533402904 1.0 1.007192920745571 1.007192920745571 0.0002548399200432705
59770.754970511785 3.096 0.019000000000000128 1.0085680485348925 0.004051485132174519 1.0 1.0071927472418216 1.0071927472418216 0.0013753012930708408
59770.754986455206 3.096 0.019000000000000128 1.005758017889789 0.004047068552294652 1.0 1.0071925737380722 1.0071925737380722 -0.0014345558482833365
59770.755002398626 3.096 0.019000000000000128 "" "" 1.0 1.0071924002343229 1.0071924002343229 ""
59770.755018342046 3.096 0.019000000000000128 1.0044292308070948 0.0040456005858360775 1.0 1.0071922267305735 1.0071922267305735 -0.0027629959234787282
59770.75503428547 3.096 0.019000000000000128 1.0119143295442878 0.004059251151322783 1.0 1.0071920532268241 1.0071920532268241 0.004722276317463692
59770.75505022889 3.096 0.019000000000000128 1.0029058486916267 0.004039678611682184 1.0 1.0071918797230748 1.0071918797230748 -0.00428603103144809
59770.75506617231 3.096 0.019000000000000128 1.013915859045606 0.004057133521850097 1.0 1.0071917062193254 1.0071917062193254 0.006724152826280694
59770.75508211573 3.096 0.019000000000000128 1.0156933487452853 0.004061703169432681 1.0 1.007191532715576 1.007191532715576 0.00850181602970923
59770.75509805915 3.096 0.019000000000000128 1.0109342549341191 0.004057323680599801 1.0 1.0071913592118267 1.0071913592118267 0.003742895722292472
59770.75511400257 3.096 0.019000000000000128 1.0059589435751157 0.0040541632823498375 1.0 1.0071911857080773 1.0071911857080773 -0.0012322421329615807
59770.75512994599 3.096 0.019000000000000128 "" "" 1.0 1.007191012204328 1.007191012204328 ""
59770.75514588941 3.096 0.019000000000000128 1.0112191657639318 0.004048209691146592 1.0 1.0071908387005786 1.0071908387005786 0.00402832706335321
59770.75516183283 3.096 0.019000000000000128 1.0104180233062383 0.004052366173625259 1.0 1.0071906651968292 1.0071906651968292 0.0032273581094091064
59770.75517777625 3.096 0.019000000000000128 0.999194637762763 0.0040327376490115405 1.0 1.0071904916930798 1.0071904916930798 -0.007995853930316876
59770.75519371967 3.096 0.019000000000000128 1.0146911512255503 0.004058323469244869 1.0 1.0071903181893305 1.0071903181893305 0.007500833036219845
59770.75520966309 3.096 0.019000000000000128 1.011793685717477 0.004055615600032627 1.0 1.007190144685581 1.007190144685581 0.004603541031895864
59770.7552256065 3.096 0.019000000000000128 1.0046909481785793 0.004045224190855341 1.0 1.007189971181911 1.007189971181911 -0.002499023003331713
59770.75524154993 3.096 0.019000000000000128 1.0070141821734606 0.004047965977335983 1.0 1.0071897976780824 1.0071897976780824 -0.00017561550462175113
59770.75525749335 3.096 0.019000000000000128 "" "" 1.0 1.007189624174333 1.007189624174333 ""
59770.75527343677 3.096 0.019000000000000128 1.007928029478624 0.004050238422828011 1.0 1.0071894506705836 1.0071894506705836 0.0007385788080402911
59770.755289380184 3.096 0.019000000000000128 1.0130328463101799 0.004057185797891769 1.0 1.0071892771669135 1.0071892771669135 0.005843569143266336
59770.75530532361 3.096 0.019000000000000128 1.0063162796090734 0.0040488802507135 1.0 1.007189103663085 1.007189103663085 -0.0008728240540114562
59770.755321267025 3.096 0.019000000000000128 0.9984035565357591 0.004032291521189145 1.0 1.0071889301594148 1.0071889301594148 -0.008785373623655723
59770.75533721045 3.096 0.019000000000000128 1.0092397161105338 0.004060073056934268 1.0 1.0071887566555862 1.0071887566555862 0.0020509594549475985
59770.755353153865 3.096 0.019000000000000128 1.0024319721925095 0.004035458270162698 1.0 1.007188583151916 1.007188583151916 -0.004756610959406604
59770.75536909729 3.096 0.019000000000000128 1.0037330037418106 0.004042339178681895 1.0 1.0071884096480874 1.0071884096480874 -0.0034554059062767983
59770.755385040706 3.096 0.019000000000000128 1.0027707274107898 0.004041617782375943 1.0 1.0071882361444173 1.0071882361444173 -0.004417508733627562
59770.755400984126 3.096 0.019000000000000128 1.0068975684210828 0.004044883330152355 1.0 1.007188062640668 1.007188062640668 -0.00029049421958515786
59770.75541692755 3.096 0.019000000000000128 1.0045603814182833 0.004045065732666812 1.0 1.0071878891368393 1.0071878891368393 -0.0026275077185560214
59770.75543287097 3.096 0.019000000000000128 1.0125684819077523 0.004055897094393011 1.0 1.0071877156331692 1.0071877156331692 0.00538076627458306
59770.755448814394 3.096 0.019000000000000128 1.0036848316277769 0.004043515009202902 1.0 1.0071875421293406 1.0071875421293406 -0.0035027105015636995
59770.75546475781 3.096 0.019000000000000128 1.005849173900865 0.004045194302914977 1.0 1.0071873686256705 1.0071873686256705 -0.0013381947248054527
59770.755480701235 3.096 0.019000000000000128 1.0071140294952647 0.004049660236365558 1.0 1.0071871951218418 1.0071871951218418 -7.316562657710968e-05
59770.75549664465 3.096 0.019000000000000128 1.0097671199118845 0.004050996721335828 1.0 1.0071870216181718 1.0071870216181718 0.0025800982937127515
59770.75551258807 3.096 0.019000000000000128 1.006940015830124 0.004047447238371612 1.0 1.0071868481144224 1.0071868481144224 -0.00024683228429833726
59770.75552853149 3.096 0.019000000000000128 1.004343123353022 0.004039556713366838 1.0 1.007186674610673 1.007186674610673 -0.0028435512576510114
59770.755544474916 3.096 0.019000000000000128 1.0066956381196135 0.00404538496305139 1.0 1.0071865011068444 1.0071865011068444 -0.000490862987230889
59770.75556041833 3.096 0.019000000000000128 1.0097496894547964 0.004054360686927295 1.0 1.0071863276031743 1.0071863276031743 0.0025633618516220924
59770.75557636175 3.096 0.019000000000000128 1.0119104645451378 0.0040548384713125435 1.0 1.007186154099425 1.007186154099425 0.004724310445712865
59770.75559230517 3.096 0.019000000000000128 1.007913985026679 0.004045888238119658 1.0 1.0071859805956755 1.0071859805956755 0.000728004431003404
59770.75560824859 3.096 0.019000000000000128 1.00716891739121 0.004044930286347889 1.0 1.0071858070919262 1.0071858070919262 -1.6889700716227196e-05
59770.75562419201 3.096 0.019000000000000128 1.0040014070151664 0.004044712229306989 1.0 1.0071856335881768 1.0071856335881768 -0.003184226573010429
59770.75564013543 3.096 0.019000000000000128 1.003489724218247 0.004043539692063853 1.0 1.0071854600844274 1.0071854600844274 -0.0036957358661804385
59770.75565607885 3.096 0.019000000000000128 1.0089775100963259 0.004051133889109327 1.0 1.007185286580678 1.007185286580678 0.001792223515647784
59770.75567202227 3.096 0.019000000000000128 1.0111126795166543 0.004050791030925324 1.0 1.0071851130769287 1.0071851130769287 0.003927566439725583
59770.755687965684 3.096 0.019000000000000128 1.0062386729953723 0.0040497144891896274 1.0 1.0071849395732586 1.0071849395732586 -0.0009462665778863233
59770.75570390911 3.096 0.019000000000000128 1.0048161629031016 0.004044305062967118 1.0 1.00718476606943 1.00718476606943 -0.0023686031663283647
59770.75571985254 3.096 0.019000000000000128 1.0052020995586344 0.004041615210636306 1.0 1.0071845925656013 1.0071845925656013 -0.0019824930069669566
59770.75573579595 3.096 0.019000000000000128 "" "" 1.0 1.0071844190619312 1.0071844190619312 ""
59770.75575173937 3.096 0.019000000000000128 "" "" 1.0 1.0071842455581819 1.0071842455581819 ""
59770.75576768279 3.096 0.019000000000000128 1.0168213419292091 0.004070814527478282 1.0 1.0071840720544325 1.0071840720544325 0.009637269874776644
59770.75578362621 3.096 0.019000000000000128 "" "" 1.0 1.0071838985506831 1.0071838985506831 ""
59770.75579956963 3.096 0.019000000000000128 1.0141357517883647 0.004055537813310591 1.0 1.0071837250469338 1.0071837250469338 0.006952026741430917
59770.755815513054 3.096 0.019000000000000128 1.0092605300040418 0.004051453608772818 1.0 1.0071835515431844 1.0071835515431844 0.002076978460857415
59770.755831456474 3.096 0.019000000000000128 1.0098020156955776 0.0040584424030315315 1.0 1.007183378039435 1.007183378039435 0.002618637656142564
59770.755847399894 3.096 0.019000000000000128 "" "" 1.0 1.0071832045356857 1.0071832045356857 ""
59770.75586334331 3.096 0.019000000000000128 1.0089649034749957 0.004048106777267337 1.0 1.0071830310320156 1.0071830310320156 0.0017818724429801147
