eureka_custom_plots/data/stage5_lcfit_results/S5_wasp39b_ap4_bg8_Table_Save_ch46.txt
# %ECSV 1.0
# ---
# datatype:
# - {name: time, datatype: float64}
# - {name: wavelength, datatype: float64}
# - {name: bin_width, datatype: float64}
# - {name: lcdata, datatype: float64}
# - {name: lcerr, datatype: float64}
# - {name: transit, datatype: float64}
# - {name: polynom, datatype: float64}
# - {name: model, datatype: float64}
# - {name: residuals, datatype: float64}
# schema: astropy-2.0
time wavelength bin_width lcdata lcerr transit polynom model residuals
[from data line 4010]
59770.70795336533 4.7825 0.01949999999999985 0.9990979002534298 0.009677411558487276 1.0 1.0070405697343783 1.0070405697343783 -0.007942669480948461
59770.70796930876 4.7825 0.01949999999999985 1.0034067044949155 0.009648031100623634 1.0 1.0070404927690764 1.0070404927690764 -0.003633788274160832
59770.70798525218 4.7825 0.01949999999999985 1.0063814845794017 0.009729003167684824 1.0 1.0070404158038093 1.0070404158038093 -0.0006589312244076329
59770.7080011956 4.7825 0.01949999999999985 1.014570582001369 0.009738920599184634 1.0 1.0070403388385425 1.0070403388385425 0.007530243162826578
59770.70801713902 4.7825 0.01949999999999985 1.0109381679849423 0.009720354645572239 1.0 1.0070402618732754 1.0070402618732754 0.003897906111666849
59770.70803308244 4.7825 0.01949999999999985 1.0268903364625102 0.009773244324966826 1.0 1.0070401849080086 1.0070401849080086 0.01985015155450154
59770.70804902586 4.7825 0.01949999999999985 1.0030270259137044 0.009700212165061336 1.0 1.0070401079427418 1.0070401079427418 -0.004013082029037385
59770.70806496927 4.7825 0.01949999999999985 1.0301039781712684 0.009795578202091006 1.0 1.0070400309775098 1.0070400309775098 0.023063947193758594
59770.7080809127 4.7825 0.01949999999999985 1.016436566122734 0.009788629480303252 1.0 1.007039954012208 1.007039954012208 0.009396612110526004
59770.70809685612 4.7825 0.01949999999999985 1.0124750946685688 0.009761644422730073 1.0 1.0070398770469409 1.0070398770469409 0.005435217621627908
59770.70811279954 4.7825 0.01949999999999985 1.0198771283419172 0.009738965244822876 1.0 1.007039800081674 1.007039800081674 0.012837328260243197
59770.70812874296 4.7825 0.01949999999999985 1.0200029316114547 0.009784664580170027 1.0 1.007039723116407 1.007039723116407 0.012963208495047729
59770.70814468638 4.7825 0.01949999999999985 1.0069274296333193 0.009738016268807926 1.0 1.0070396461511402 1.0070396461511402 -0.00011221651782089559
59770.7081606298 4.7825 0.01949999999999985 1.019670022118228 0.009750880853832274 1.0 1.0070395691858733 1.0070395691858733 0.012630452932354652
59770.70817657322 4.7825 0.01949999999999985 1.0120449697779408 0.00975074683106673 1.0 1.0070394922206063 1.0070394922206063 0.005005477557334492
59770.70819251664 4.7825 0.01949999999999985 1.021319498917166 0.009740801609942437 1.0 1.0070394152553395 1.0070394152553395 0.014280083661826426
59770.70820846007 4.7825 0.01949999999999985 1.0105761142119827 0.009779970350993265 1.0 1.0070393382900373 1.0070393382900373 0.0035367759219453454
59770.70822440348 4.7825 0.01949999999999985 0.994925124304981 0.00968256051468337 1.0 1.0070392613248056 1.0070392613248056 -0.012114137019824556
59770.7082403469 4.7825 0.01949999999999985 1.0021604909823278 0.009692641910836592 1.0 1.0070391843595385 1.0070391843595385 -0.004878693377210697
59770.70825629032 4.7825 0.01949999999999985 0.997550266521221 0.009733488219159928 1.0 1.0070391073942717 1.0070391073942717 -0.009488840873050686
59770.70827223374 4.7825 0.01949999999999985 1.0011163657160742 0.009727366778914585 1.0 1.0070390304290049 1.0070390304290049 -0.005922664712930681
59770.70828817717 4.7825 0.01949999999999985 1.0114102147497908 0.009776086955300613 1.0 1.0070389534637028 1.0070389534637028 0.004371261286088002
59770.708304120584 4.7825 0.01949999999999985 0.9904477935896352 0.009703764548990296 1.0 1.007038876498471 1.007038876498471 -0.01659108290883582
59770.70832006401 4.7825 0.01949999999999985 0.9937672523094677 0.009678489962408731 1.0 1.0070387995331689 1.0070387995331689 -0.013271547223701163
59770.708336007425 4.7825 0.01949999999999985 0.9930803137477451 0.009702216421866978 1.0 1.0070387225679371 1.0070387225679371 -0.013958408820192059
59770.708351950845 4.7825 0.01949999999999985 0.996493527158815 0.009718560539979413 1.0 1.00703864560267 1.00703864560267 -0.010545118443855084
59770.708367894265 4.7825 0.01949999999999985 0.9955625595393444 0.009672202737243852 1.0 1.0070385686374033 1.0070385686374033 -0.011476009098058904
59770.70838383769 4.7825 0.01949999999999985 1.0235132251936472 0.009751828017637543 1.0 1.0070384916721011 1.0070384916721011 0.016474733521546048
59770.70839978111 4.7825 0.01949999999999985 0.9916305214541418 0.009736145799799163 1.0 1.0070384147068343 1.0070384147068343 -0.01540789325269254
59770.708415724526 4.7825 0.01949999999999985 1.0000187972797163 0.009716599476859301 1.0 1.0070383377416026 1.0070383377416026 -0.007019540461886242
59770.708431667954 4.7825 0.01949999999999985 1.0148682923768504 0.009712793725272872 1.0 1.0070382607763004 1.0070382607763004 0.007830031600549958
59770.70844761137 4.7825 0.01949999999999985 1.0094539656535655 0.009718230818572425 1.0 1.0070381838110687 1.0070381838110687 0.0024157818424968003
59770.708463554794 4.7825 0.01949999999999985 1.0229901302935767 0.009775996637274973 1.0 1.0070381068457666 1.0070381068457666 0.015952023447810104
59770.708479498215 4.7825 0.01949999999999985 1.0029621512584663 0.009690919818449351 1.0 1.0070380298804997 1.0070380298804997 -0.004075878622033402
59770.708495441635 4.7825 0.01949999999999985 1.0034217086043873 0.009736683620512311 1.0 1.0070379529152327 1.0070379529152327 -0.0036162443108453957
59770.708511385055 4.7825 0.01949999999999985 0.9954436011422962 0.009675796539812135 1.0 1.0070378759499659 1.0070378759499659 -0.011594274807669613
59770.70852732847 4.7825 0.01949999999999985 1.0144132451736516 0.009742223565033821 1.0 1.0070377989847341 1.0070377989847341 0.0073754461889175005
59770.708543271896 4.7825 0.01949999999999985 1.0078313186897196 0.00973147290301663 1.0 1.007037722019432 1.007037722019432 0.0007935966702876662
59770.70855921531 4.7825 0.01949999999999985 0.9958145210879604 0.00967542064131269 1.0 1.0070376450542002 1.0070376450542002 -0.011223123966239812
59770.70857515874 4.7825 0.01949999999999985 1.0078122311636657 0.009717643551138393 1.0 1.007037568088898 1.007037568088898 0.0007746630747675898
59770.70859110216 4.7825 0.01949999999999985 0.9976509782999293 0.009709239942301901 1.0 1.0070374911236313 1.0070374911236313 -0.009386512823701954
59770.70860704558 4.7825 0.01949999999999985 0.9984204916748994 0.00965154702582987 1.0 1.0070374141583642 1.0070374141583642 -0.008616922483464795
59770.708622989 4.7825 0.01949999999999985 0.995629485218046 0.00969087328652431 1.0 1.0070373371930974 1.0070373371930974 -0.011407851975051453
59770.70863893241 4.7825 0.01949999999999985 0.9998526331528335 0.009734895446725188 1.0 1.0070372602278657 1.0070372602278657 -0.007184627075032202
59770.70865487584 4.7825 0.01949999999999985 1.0265916883058872 0.009771750363210178 1.0 1.0070371832625635 1.0070371832625635 0.019554505043323678
59770.70867081926 4.7825 0.01949999999999985 1.0079326873320176 0.00972549264408583 1.0 1.0070371062972967 1.0070371062972967 0.0008955810347208715
59770.70868676268 4.7825 0.01949999999999985 1.006965271362247 0.009739656659614496 1.0 1.0070370293320297 1.0070370293320297 -7.17579697826487e-05
59770.7087027061 4.7825 0.01949999999999985 1.0002132159578712 0.009730554686834087 1.0 1.0070369523667628 1.0070369523667628 -0.0068237364088916674
59770.70871864952 4.7825 0.01949999999999985 1.0065948068337396 0.009715288833449931 1.0 1.0070368754014958 1.0070368754014958 -0.0004420685677561931
59770.70873459294 4.7825 0.01949999999999985 1.0169786129847374 0.00973855317157371 1.0 1.007036798436229 1.007036798436229 0.009941814548508399
59770.70875053636 4.7825 0.01949999999999985 0.9809575288920928 0.009621602736192504 1.0 1.007036721470962 1.007036721470962 -0.026079192578869148
59770.70876647978 4.7825 0.01949999999999985 1.0161553003484798 0.009739165530645398 1.0 1.007036644505695 1.007036644505695 0.009118655842784706
59770.7087824232 4.7825 0.01949999999999985 0.9975287677294005 0.009680424908978944 1.0 1.0070365675404283 1.0070365675404283 -0.009507799811027784
59770.70879836662 4.7825 0.01949999999999985 1.0071146681477863 0.009776632252687658 1.0 1.0070364905751612 1.0070364905751612 7.817757262507108e-05
59770.70881431004 4.7825 0.01949999999999985 1.00552283589703 0.010844030510540772 1.0 1.0070364136098944 1.0070364136098944 -0.0015135777128643113
59770.70883025346 4.7825 0.01949999999999985 1.020320311440382 0.009750594184125345 1.0 1.0070363366446273 1.0070363366446273 0.013283974795754716
59770.70884619688 4.7825 0.01949999999999985 1.0078093336766927 0.009722148322759704 1.0 1.0070362596793605 1.0070362596793605 0.0007730739973321743
59770.7088621403 4.7825 0.01949999999999985 0.9981303811642872 0.009689705510291392 1.0 1.0070361827140935 1.0070361827140935 -0.008905801549806247
59770.70887808372 4.7825 0.01949999999999985 1.0090740651108203 0.009743927729034018 1.0 1.0070361057488266 1.0070361057488266 0.002037959361993691
59770.70889402715 4.7825 0.01949999999999985 0.992843865154951 0.009686626192336604 1.0 1.0070360287835245 1.0070360287835245 -0.014192163628573451
59770.70890997056 4.7825 0.01949999999999985 0.9951199376128776 0.009735340193382534 1.0 1.0070359518182928 1.0070359518182928 -0.011916014205415104
59770.70892591399 4.7825 0.01949999999999985 0.9909992001865248 0.009682801205296469 1.0 1.0070358748529906 1.0070358748529906 -0.016036674666465855
59770.7089418574 4.7825 0.01949999999999985 1.0079708477752625 0.009730504240948085 1.0 1.0070357978877589 1.0070357978877589 0.0009350498875035917
59770.70895780083 4.7825 0.01949999999999985 1.0142429172388931 0.00974330813637016 1.0 1.007035720922457 1.007035720922457 0.007207196316436182
59770.708973744244 4.7825 0.01949999999999985 0.9946505701043099 0.009706127299230465 1.0 1.007035643957225 1.007035643957225 -0.012385073852915096
59770.708989687664 4.7825 0.01949999999999985 1.0032281416560072 0.009691654220073963 1.0 1.0070355669919582 1.0070355669919582 -0.00380742533595102
59770.70900563109 4.7825 0.01949999999999985 1.011643701882956 0.009727376617335784 1.0 1.007035490026656 1.007035490026656 0.004608211856300004
59770.709021574505 4.7825 0.01949999999999985 1.0036516983951198 0.009733491305348873 1.0 1.0070354130614243 1.0070354130614243 -0.0033837146663044937
59770.70903751793 4.7825 0.01949999999999985 1.0025937487698786 0.009706656823768107 1.0 1.0070353360961222 1.0070353360961222 -0.004441587326243557
59770.709053461345 4.7825 0.01949999999999985 1.0050017222464982 0.009724868094256387 1.0 1.0070352591308904 1.0070352591308904 -0.0020335368843922286
59770.70906940477 4.7825 0.01949999999999985 1.0104423232541595 0.009719977037705094 1.0 1.0070351821655885 1.0070351821655885 0.0034071410885709863
59770.709085348186 4.7825 0.01949999999999985 0.9952482791252204 0.009709389348397537 1.0 1.0070351052003566 1.0070351052003566 -0.011786826075136148
59770.709101291606 4.7825 0.01949999999999985 0.9949303623962813 0.009646440415580741 1.0 1.0070350282350897 1.0070350282350897 -0.012104665838808426
59770.709117235034 4.7825 0.01949999999999985 1.0134366829072805 0.009757413747944081 1.0 1.0070349512697876 1.0070349512697876 0.006401731637492913
59770.709133178454 4.7825 0.01949999999999985 1.0100963444938755 0.009733150274201303 1.0 1.0070348743045208 1.0070348743045208 0.0030614701893547647
59770.709149121874 4.7825 0.01949999999999985 1.0038429020593782 0.009730470580240118 1.0 1.0070347973392537 1.0070347973392537 -0.003191895279875512
59770.70916506529 4.7825 0.01949999999999985 1.0143441439397718 0.009741832441703131 1.0 1.007034720374022 1.007034720374022 0.0073094235657498174
59770.709181008715 4.7825 0.01949999999999985 1.0090955151894105 0.00968110125639388 1.0 1.00703464340872 1.00703464340872 0.0020608717806904764
59770.70919695213 4.7825 0.01949999999999985 0.9891837168395482 0.010777027773354677 1.0 1.007034566443488 1.007034566443488 -0.0178508496039399
59770.709212895556 4.7825 0.01949999999999985 1.0158046364267255 0.009680187416396589 1.0 1.0070344894781862 1.0070344894781862 0.008770146948539281
59770.709228838976 4.7825 0.01949999999999985 1.0119175407784509 0.009761955060325164 1.0 1.0070344125129191 1.0070344125129191 0.004883128265531722
59770.709244782396 4.7825 0.01949999999999985 0.9969025666421649 0.009747464114594817 1.0 1.0070343355476523 1.0070343355476523 -0.010131768905487393
59770.70926072582 4.7825 0.01949999999999985 0.9943121406595027 0.009713414959820822 1.0 1.0070342585823853 1.0070342585823853 -0.012722117922882581
59770.70927666923 4.7825 0.01949999999999985 1.011988285128503 0.009734251565703142 1.0 1.0070341816171535 1.0070341816171535 0.004954103511349395
59770.70929261266 4.7825 0.01949999999999985 1.0163697979238036 0.009736234941945534 1.0 1.0070341046518516 1.0070341046518516 0.00933569327195194
59770.70930855608 4.7825 0.01949999999999985 0.9970644881456993 0.009703858172465897 1.0 1.0070340276865846 1.0070340276865846 -0.009969539540885308
59770.7093244995 4.7825 0.01949999999999985 1.0184696035408247 0.009757861111108573 1.0 1.0070339507213177 1.0070339507213177 0.01143565281950698
59770.70934044292 4.7825 0.01949999999999985 1.0162194258152375 0.009744368612077085 1.0 1.0070338737560507 1.0070338737560507 0.009185552059186808
59770.70935638634 4.7825 0.01949999999999985 1.0035835455300177 0.0097126046871029 1.0 1.0070337967907839 1.0070337967907839 -0.003450251260766146
59770.70937232976 4.7825 0.01949999999999985 1.0155002616487712 0.009736719627893775 1.0 1.0070337198255168 1.0070337198255168 0.008466541823254348
59770.70938827318 4.7825 0.01949999999999985 1.0095661189802305 0.009723122944135257 1.0 1.00703364286025 1.00703364286025 0.0025324761199805312
59770.7094042166 4.7825 0.01949999999999985 1.0057584779661075 0.00973651746395399 1.0 1.0070335658949832 1.0070335658949832 -0.0012750879288756511
59770.70942016003 4.7825 0.01949999999999985 1.0068433069645932 0.009721282396415572 1.0 1.007033488929681 1.007033488929681 -0.00019018196508779894
59770.70943610344 4.7825 0.01949999999999985 0.9947174199422211 0.009713643032975738 1.0 1.0070334119644493 1.0070334119644493 -0.012315992022228217
59770.70945204686 4.7825 0.01949999999999985 1.0094881063193872 0.00972609913799002 1.0 1.0070333349991822 1.0070333349991822 0.002454771320204996
59770.70946799028 4.7825 0.01949999999999985 1.0169235279917268 0.00978870481469326 1.0 1.0070332580339154 1.0070332580339154 0.009890269957811393
59770.7094839337 4.7825 0.01949999999999985 1.0128040364952111 0.009784120905225065 1.0 1.0070331810686484 1.0070331810686484 0.005770855426562749
59770.70949987712 4.7825 0.01949999999999985 0.9954787547795323 0.009726582956928168 1.0 1.0070331041033815 1.0070331041033815 -0.011554349323849245
59770.70951582054 4.7825 0.01949999999999985 1.0091873683445207 0.009752800011425498 1.0 1.0070330271381147 1.0070330271381147 0.0021543412064060075
59770.70953176397 4.7825 0.01949999999999985 1.0269958483912773 0.009803965711136363 1.0 1.0070329501728126 1.0070329501728126 0.019962898218464753
59770.70954770738 4.7825 0.01949999999999985 0.9962376584712801 0.009700044001067408 1.0 1.0070328732075808 1.0070328732075808 -0.01079521473630074
59770.7095636508 4.7825 0.01949999999999985 1.0111350838667448 0.009753076088220044 1.0 1.0070327962423138 1.0070327962423138 0.004102287624430989
59770.70957959422 4.7825 0.01949999999999985 1.0030778959254778 0.009748743156396743 1.0 1.007032719277047 1.007032719277047 -0.003954823351569159
59770.70959553765 4.7825 0.01949999999999985 1.0023953904270562 0.009758609369599736 1.0 1.0070326423117448 1.0070326423117448 -0.0046372518846886646
59770.70961148106 4.7825 0.01949999999999985 1.0041302186240237 0.009700576606278167 1.0 1.007032565346513 1.007032565346513 -0.0029023467224893462
59770.70962742448 4.7825 0.01949999999999985 1.0183413359016622 0.009762488981465667 1.0 1.0070324883812463 1.0070324883812463 0.011308847520415943
59770.70964336791 4.7825 0.01949999999999985 1.0042732497877462 0.009741918674043771 1.0 1.0070324114159441 1.0070324114159441 -0.0027591616281978926
