eureka_custom_plots/data/stage5_lcfit_results/S5_wasp39b_ap4_bg8_Table_Save_ch53.txt
# %ECSV 1.0
# ---
# datatype:
# - {name: time, datatype: float64}
# - {name: wavelength, datatype: float64}
# - {name: bin_width, datatype: float64}
# - {name: lcdata, datatype: float64}
# - {name: lcerr, datatype: float64}
# - {name: transit, datatype: float64}
# - {name: polynom, datatype: float64}
# - {name: model, datatype: float64}
# - {name: residuals, datatype: float64}
# schema: astropy-2.0
time wavelength bin_width lcdata lcerr transit polynom model residuals
[from data line 3035]
59770.6924085303 5.051 0.019000000000000128 1.0077693439108353 0.011700885461366939 1.0 1.006641048760252 1.006641048760252 0.001128295150583325
59770.692424473724 5.051 0.019000000000000128 1.0032336404634954 0.011680477630468469 1.0 1.0066410007897262 1.0066410007897262 -0.0034073603262307905
59770.692440417144 5.051 0.019000000000000128 1.0076253893400013 0.011670819741649331 1.0 1.0066409528192004 1.0066409528192004 0.0009844365208009354
59770.692456360564 5.051 0.019000000000000128 1.0328500203574045 0.011753207732259095 1.0 1.0066409048486746 1.0066409048486746 0.02620911550872984
59770.69247230399 5.051 0.019000000000000128 1.0212900631558162 0.011776910434072743 1.0 1.0066408568781269 1.0066408568781269 0.014649206277689286
59770.692488247405 5.051 0.019000000000000128 1.009513075869459 0.011710284430482623 1.0 1.006640808907623 1.006640808907623 0.0028722669618359564
59770.69250419083 5.051 0.019000000000000128 1.027822329892876 0.011741017632173877 1.0 1.0066407609370753 1.0066407609370753 0.02118156895580059
59770.692520134246 5.051 0.019000000000000128 1.006844139659934 0.011634033565170569 1.0 1.0066407129665715 1.0066407129665715 0.00020342669336237407
59770.692536077666 5.051 0.019000000000000128 1.0111058702613922 0.011648621452792116 1.0 1.0066406649960458 1.0066406649960458 0.004465205265346439
59770.69255202109 5.051 0.019000000000000128 1.002423031169706 0.011657692577697496 1.0 1.006640617025498 1.006640617025498 -0.0042175858557920165
59770.69256796451 5.051 0.019000000000000128 0.9984871405069028 0.01171368937934811 1.0 1.0066405690549942 1.0066405690549942 -0.008153428548091424
59770.692583907934 5.051 0.019000000000000128 1.0168558907239118 0.011674680813362747 1.0 1.0066405210844465 1.0066405210844465 0.010215369639465344
59770.69259985135 5.051 0.019000000000000128 0.9972306369098195 0.011667010608567091 1.0 1.0066404731139424 1.0066404731139424 -0.009409836204122946
59770.692615794775 5.051 0.019000000000000128 1.0101286608510796 0.011675458225562914 1.0 1.006640425143395 1.006640425143395 0.0034882357076846393
59770.692631738195 5.051 0.019000000000000128 0.9844409538178178 0.011588185132426664 1.0 1.0066403771728691 1.0066403771728691 -0.022199423355051318
59770.69264768161 5.051 0.019000000000000128 0.9879549928462072 0.011652223035972645 1.0 1.0066403292023651 1.0066403292023651 -0.018685336356157878
59770.692663625035 5.051 0.019000000000000128 1.0098987365166443 0.011665895741215966 1.0 1.0066402812318176 1.0066402812318176 0.003258455284826711
59770.692679568456 5.051 0.019000000000000128 0.997072328753652 0.011605334204300216 1.0 1.0066402332612918 1.0066402332612918 -0.00956790450763978
59770.692695511876 5.051 0.019000000000000128 0.9913883545518033 0.01164311527192032 1.0 1.006640185290766 1.006640185290766 -0.015251830738962746
59770.6927114553 5.051 0.019000000000000128 0.9979032453162373 0.01159963095917127 1.0 1.0066401373202403 1.0066401373202403 -0.00873689200400296
59770.69272739872 5.051 0.019000000000000128 1.0065551074032641 0.011695720097124468 1.0 1.0066400893497145 1.0066400893497145 -8.498194645034651e-05
59770.69274334214 5.051 0.019000000000000128 1.0252218298744296 0.011716949564883103 1.0 1.0066400413791887 1.0066400413791887 0.018581788495240836
59770.69275928556 5.051 0.019000000000000128 1.0041841247479804 0.011707488140367851 1.0 1.006639993408663 1.006639993408663 -0.002455868660682592
59770.69277522898 5.051 0.019000000000000128 0.9980947482190234 0.01163058160787743 1.0 1.0066399454381372 1.0066399454381372 -0.008545197219113732
59770.6927911724 5.051 0.019000000000000128 0.9948425944752027 0.011626375548381907 1.0 1.0066398974676114 1.0066398974676114 -0.011797302992408665
59770.69280711582 5.051 0.019000000000000128 0.9967520509869693 0.011640554437889198 1.0 1.0066398494970856 1.0066398494970856 -0.009887798510116341
59770.69282305924 5.051 0.019000000000000128 1.0015205577375281 0.011674144561983693 1.0 1.0066398015265599 1.0066398015265599 -0.005119243789031724
59770.69283900266 5.051 0.019000000000000128 0.9937909944483663 0.011580369369512617 1.0 1.006639753556034 1.006639753556034 -0.012848759107667806
59770.692854946086 5.051 0.019000000000000128 1.0119028309143503 0.011694385247973673 1.0 1.0066397055854863 1.0066397055854863 0.005263125328863971
59770.6928708895 5.051 0.019000000000000128 0.9921696409253994 0.011633943992592778 1.0 1.0066396576149825 1.0066396576149825 -0.014470016689583143
59770.69288683292 5.051 0.019000000000000128 1.0085404731605538 0.011699136479208621 1.0 1.0066396096444568 1.0066396096444568 0.0019008635160970844
59770.69290277635 5.051 0.019000000000000128 0.9990415726013102 0.011672232200068515 1.0 1.006639561673909 1.006639561673909 -0.0075979890725987875
59770.69291871976 5.051 0.019000000000000128 1.0072472566992623 0.011706913884010439 1.0 1.006639513703405 1.006639513703405 0.0006077429958573077
59770.69293466319 5.051 0.019000000000000128 1.0271593024119958 0.011715701069505233 1.0 1.0066394657328575 1.0066394657328575 0.02051983667913837
59770.6929506066 5.051 0.019000000000000128 1.0117152396050382 0.011738832404885054 1.0 1.0066394177623534 1.0066394177623534 0.005075821842684736
59770.69296655003 5.051 0.019000000000000128 0.9989208192055501 0.011641533731636147 1.0 1.006639369791806 1.006639369791806 -0.007718550586255812
59770.69298249345 5.051 0.019000000000000128 1.00510704318959 0.01166151518767361 1.0 1.0066393218212801 1.0066393218212801 -0.0015322786316900316
59770.69299843686 5.051 0.019000000000000128 1.0209173742789317 0.011704546456249892 1.0 1.0066392738507761 1.0066392738507761 0.014278100428155582
59770.69301438029 5.051 0.019000000000000128 1.0162454015399014 0.01171036492802073 1.0 1.0066392258802286 1.0066392258802286 0.009606175659672811
59770.6930303237 5.051 0.019000000000000128 1.0143929297404661 0.01177111074685538 1.0 1.0066391779097246 1.0066391779097246 0.007753751830741562
59770.69304626713 5.051 0.019000000000000128 1.019369457711132 0.01172719028695935 1.0 1.006639129939177 1.006639129939177 0.012730327771955041
59770.69306221055 5.051 0.019000000000000128 0.9895401139837757 0.011599405167650035 1.0 1.0066390819686513 1.0066390819686513 -0.017098967984875535
59770.69307815397 5.051 0.019000000000000128 1.0006269425048382 0.011658709889351068 1.0 1.0066390339981255 1.0066390339981255 -0.006012091493287297
59770.69309409739 5.051 0.019000000000000128 1.0208109939729149 0.011685301748130155 1.0 1.0066389860275997 1.0066389860275997 0.014172007945315146
59770.693110040804 5.051 0.019000000000000128 1.0203725577952165 0.011735994557019897 1.0 1.0066389380570957 1.0066389380570957 0.013733619738120817
59770.69312598423 5.051 0.019000000000000128 1.0141712300873782 0.011718572606557537 1.0 1.0066388900865482 1.0066388900865482 0.007532340000830029
59770.69314192766 5.051 0.019000000000000128 0.9860975383687965 0.011608407317500815 1.0 1.0066388421160004 1.0066388421160004 -0.020541303747203865
59770.69315787107 5.051 0.019000000000000128 1.018525980522604 0.011729587204499221 1.0 1.0066387941454966 1.0066387941454966 0.011887186377107284
59770.69317381449 5.051 0.019000000000000128 1.0042585278555674 0.01168743956805824 1.0 1.0066387461749708 1.0066387461749708 -0.002380218319403493
59770.69318975791 5.051 0.019000000000000128 1.0095243194977073 0.01173049449421109 1.0 1.006638698204445 1.006638698204445 0.002885621293262197
59770.69320570133 5.051 0.019000000000000128 1.01810735560908 0.011701334756491807 1.0 1.0066386502339193 1.0066386502339193 0.01146870537516076
59770.69322164476 5.051 0.019000000000000128 0.9942293971960504 0.011666065132137592 1.0 1.0066386022633715 1.0066386022633715 -0.012409205067321127
59770.69323758817 5.051 0.019000000000000128 1.0121767661849428 0.011688487412451973 1.0 1.0066385542928675 1.0066385542928675 0.005538211892075262
59770.6932535316 5.051 0.019000000000000128 1.0035648310490548 0.01165878960050081 1.0 1.00663850632232 1.00663850632232 -0.003073675273265186
59770.693269475014 5.051 0.019000000000000128 1.0329367765035424 0.011676133320735907 1.0 1.006638458351816 1.006638458351816 0.026298318151726452
59770.693285418434 5.051 0.019000000000000128 1.0328621365409552 0.011797858282653863 1.0 1.0066384103812902 1.0066384103812902 0.02622372615966495
59770.69330136186 5.051 0.019000000000000128 1.0180039909835021 0.011702589308570257 1.0 1.0066383624107427 1.0066383624107427 0.011365628572759467
59770.69331730528 5.051 0.019000000000000128 1.007230774817361 0.011693602360317502 1.0 1.006638314440217 1.006638314440217 0.0005924603771441106
59770.6933332487 5.051 0.019000000000000128 0.9981277483524184 0.011625671597578413 1.0 1.0066382664696911 1.0066382664696911 -0.00851051811727277
59770.693349192115 5.051 0.019000000000000128 1.0254101892553533 0.011705449052649699 1.0 1.006638218499187 1.006638218499187 0.018771970756166212
59770.69336513554 5.051 0.019000000000000128 1.023614675755855 0.011730480127060567 1.0 1.0066381705286396 1.0066381705286396 0.0169765052272155
59770.693381078956 5.051 0.019000000000000128 1.0133641325054916 0.011715223738062448 1.0 1.0066381225581356 1.0066381225581356 0.00672600994735606
59770.69339702238 5.051 0.019000000000000128 1.002907741966072 0.011648175523388038 1.0 1.006638074587588 1.006638074587588 -0.0037303326215161192
59770.693412965804 5.051 0.019000000000000128 1.0154505551469262 0.011682590946907287 1.0 1.0066380266170623 1.0066380266170623 0.008812528529863917
59770.693428909224 5.051 0.019000000000000128 1.0108703785419337 0.011724722885444952 1.0 1.0066379786465365 1.0066379786465365 0.004232399895397254
59770.693444852644 5.051 0.019000000000000128 1.0212723983879513 0.011771325747610053 1.0 1.0066379306760107 1.0066379306760107 0.014634467711940546
59770.69346079606 5.051 0.019000000000000128 1.0162430438929762 0.011728780067841851 1.0 1.0066378827055067 1.0066378827055067 0.009605161187469458
59770.693476739485 5.051 0.019000000000000128 0.9898422038896303 0.011662719458192916 1.0 1.0066378347349592 1.0066378347349592 -0.01679563084532887
59770.693492682905 5.051 0.019000000000000128 1.0077482554570676 0.01167713428254 1.0 1.0066377867644334 1.0066377867644334 0.0011104686926342033
59770.693508626326 5.051 0.019000000000000128 0.9947353337822854 0.011632595507890057 1.0 1.0066377387939076 1.0066377387939076 -0.011902405011622208
59770.693524569746 5.051 0.019000000000000128 0.9949452376204914 0.011680118066693567 1.0 1.0066376908233818 1.0066376908233818 -0.011692453202890474
59770.693540513166 5.051 0.019000000000000128 1.012813479079978 0.011694440342639785 1.0 1.0066376428528558 1.0066376428528558 0.0061758362271222556
59770.69355645659 5.051 0.019000000000000128 0.9871749372854608 0.011571979974934596 1.0 1.00663759488233 1.00663759488233 -0.01946265759686927
59770.69357240001 5.051 0.019000000000000128 0.9966161722850739 0.013054708108034272 1.0 1.0066375469118043 1.0066375469118043 -0.010021374626730362
59770.69358834343 5.051 0.019000000000000128 1.0123209823169683 0.011732660435427972 1.0 1.0066374989412785 1.0066374989412785 0.005683483375689802
59770.693604286855 5.051 0.019000000000000128 0.9896720821463273 0.011689437115699367 1.0 1.006637450970731 1.006637450970731 -0.016965368824403693
59770.69362023027 5.051 0.019000000000000128 1.0094563361236397 0.011702993892934062 1.0 1.006637403000227 1.006637403000227 0.002818933123412748
59770.69363617369 5.051 0.019000000000000128 0.9899501384650534 0.011625468479233713 1.0 1.0066373550297012 1.0066373550297012 -0.016687216564647778
59770.693652117116 5.051 0.019000000000000128 0.9916927108217062 0.011614745263151023 1.0 1.0066373070591537 1.0066373070591537 -0.014944596237447483
59770.69366806053 5.051 0.019000000000000128 1.00574958307294 0.01166208122945886 1.0 1.0066372590886496 1.0066372590886496 -0.0008876760157097152
59770.693684003956 5.051 0.019000000000000128 1.0132909807349555 0.011678542655676166 1.0 1.0066372111181021 1.0066372111181021 0.006653769616853378
59770.69369994737 5.051 0.019000000000000128 0.9903133629116742 0.01161163735166697 1.0 1.006637163147598 1.006637163147598 -0.016323800235923946
59770.6937158908 5.051 0.019000000000000128 1.0162850198976634 0.01173967703728078 1.0 1.0066371151770506 1.0066371151770506 0.009647904720612832
59770.69373183422 5.051 0.019000000000000128 1.011688746496561 0.011708655813886113 1.0 1.0066370672065248 1.0066370672065248 0.005051679290036137
59770.69374777763 5.051 0.019000000000000128 1.033310348947114 0.01324035641879689 1.0 1.0066370192360208 1.0066370192360208 0.026673329711093263
59770.69376372106 5.051 0.019000000000000128 0.9977265277778409 0.011692161560018864 1.0 1.0066369712654732 1.0066369712654732 -0.008910443487632369
59770.69377966447 5.051 0.019000000000000128 0.9828790014593346 0.011630851905017309 1.0 1.0066369232949692 1.0066369232949692 -0.023757921835634632
59770.6937956079 5.051 0.019000000000000128 1.0311656257052466 0.011755109166970396 1.0 1.0066368753244217 1.0066368753244217 0.024528750380824915
59770.69381155132 5.051 0.019000000000000128 1.0004607893937494 0.011644959604777535 1.0 1.006636827353896 1.006636827353896 -0.006176037960146541
59770.69382749474 5.051 0.019000000000000128 1.0137944808052102 0.011737454626680495 1.0 1.0066367793833702 1.0066367793833702 0.007157701421840024
59770.69384343816 5.051 0.019000000000000128 1.0112260362544556 0.011719230223594938 1.0 1.0066367314128444 1.0066367314128444 0.004589304841611241
59770.69385938158 5.051 0.019000000000000128 0.9926581750862087 0.011633462551695459 1.0 1.0066366834423184 1.0066366834423184 -0.013978508356109698
59770.693875325 5.051 0.019000000000000128 1.0187769826515232 0.011732652735766437 1.0 1.0066366354717926 1.0066366354717926 0.01214034717973056
59770.69389126843 5.051 0.019000000000000128 0.9860838551363127 0.011632514446106601 1.0 1.006636587501245 1.006636587501245 -0.02055273236493238
59770.69390721184 5.051 0.019000000000000128 1.0156675517237448 0.011708571995425458 1.0 1.006636539530741 1.006636539530741 0.009031012193003729
59770.69392315526 5.051 0.019000000000000128 1.0133200691453172 0.01166231978898344 1.0 1.0066364915602153 1.0066364915602153 0.006683577585101963
59770.69393909868 5.051 0.019000000000000128 1.004343914408348 0.01167591404061208 1.0 1.0066364435896895 1.0066364435896895 -0.002292529181341596
59770.6939550421 5.051 0.019000000000000128 0.9899689289385248 0.011624419229705083 1.0 1.0066363956191637 1.0066363956191637 -0.016667466680638898
59770.69397098552 5.051 0.019000000000000128 0.9960293919692467 0.011657913400669835 1.0 1.006636347648638 1.006636347648638 -0.010606955679391294
59770.69398692894 5.051 0.019000000000000128 1.0136794423181867 0.011716102073139209 1.0 1.0066362996781122 1.0066362996781122 0.007043142640074551
59770.69400287237 5.051 0.019000000000000128 1.0005464487033489 0.011660517840855162 1.0 1.0066362517075647 1.0066362517075647 -0.006089803004215799
59770.69401881578 5.051 0.019000000000000128 1.0125075441157994 0.01168888413014382 1.0 1.0066362037370606 1.0066362037370606 0.00587134037873871
59770.6940347592 5.051 0.019000000000000128 0.9783432665329975 0.011589045542679702 1.0 1.0066361557665349 1.0066361557665349 -0.028292889233537344
59770.69405070262 5.051 0.019000000000000128 1.0043883817641757 0.011679059995177068 1.0 1.006636107796009 1.006636107796009 -0.0022477260318334302
59770.69406664605 5.051 0.019000000000000128 1.0139720465236846 0.011660846175612008 1.0 1.0066360598254616 1.0066360598254616 0.007335986698222996
59770.69408258947 5.051 0.019000000000000128 1.0031251129479863 0.011644260079191534 1.0 1.0066360118549358 1.0066360118549358 -0.0035108989069494445
59770.694098532884 5.051 0.019000000000000128 1.0111925701658873 0.01168856571118766 1.0 1.0066359638844318 1.0066359638844318 0.004556606281455489
