eureka_custom_plots/data/stage5_lcfit_results/S5_wasp39b_ap4_bg8_Table_Save_ch59.txt
# %ECSV 1.0
# ---
# datatype:
# - {name: time, datatype: float64}
# - {name: wavelength, datatype: float64}
# - {name: bin_width, datatype: float64}
# - {name: lcdata, datatype: float64}
# - {name: lcerr, datatype: float64}
# - {name: transit, datatype: float64}
# - {name: polynom, datatype: float64}
# - {name: model, datatype: float64}
# - {name: residuals, datatype: float64}
# schema: astropy-2.0
time wavelength bin_width lcdata lcerr transit polynom model residuals
[from data line 5639]
59770.73392519713 5.281 0.019000000000000128 1.0238195864289357 0.013422567701373624 1.0 1.0065147866227955 1.0065147866227955 0.017304799806140192
59770.733941140556 5.281 0.019000000000000128 0.9819080150408774 0.013290944055807434 1.0 1.006514727027192 1.006514727027192 -0.024606711986314478
59770.733957083976 5.281 0.019000000000000128 1.009443855737921 0.013373221496526604 1.0 1.0065146674316159 1.0065146674316159 0.002929188306305175
59770.733973027396 5.281 0.019000000000000128 1.0016780551364224 0.013335395551628501 1.0 1.0065146078360396 1.0065146078360396 -0.004836552699617247
59770.73398897082 5.281 0.019000000000000128 1.0073583401804762 0.013318290391233003 1.0 1.0065145482404634 1.0065145482404634 0.000843791940012828
59770.73400491424 5.281 0.019000000000000128 1.0212864955097078 0.01338200829954093 1.0 1.0065144886448874 1.0065144886448874 0.014772006864820497
59770.73402085766 5.281 0.019000000000000128 1.0051863003811876 0.013406943139917464 1.0 1.006514429049311 1.006514429049311 -0.001328128668123485
59770.73403680108 5.281 0.019000000000000128 0.982460702652295 0.013273234310516892 1.0 1.0065143694537348 1.0065143694537348 -0.024053666801439832
59770.7340527445 5.281 0.019000000000000128 1.0252791840998918 0.013403426138694706 1.0 1.0065143098581586 1.0065143098581586 0.01876487424173323
59770.73406868792 5.281 0.019000000000000128 1.0170182886712755 0.01339155551191834 1.0 1.0065142502625826 1.0065142502625826 0.010504038408692962
59770.73408463134 5.281 0.019000000000000128 0.998699694265632 0.013309946436982394 1.0 1.0065141906670063 1.0065141906670063 -0.007814496401374327
59770.73410057475 5.281 0.019000000000000128 1.0121629703067316 0.013369324137065569 1.0 1.0065141310714574 1.0065141310714574 0.005648839235274261
59770.73411651818 5.281 0.019000000000000128 1.037470531087738 0.013403219437027266 1.0 1.006514071475854 1.006514071475854 0.03095645961188387
59770.73413246159 5.281 0.019000000000000128 1.0159046449524687 0.01338134363671454 1.0 1.006514011880305 1.006514011880305 0.00939063307216359
59770.73414840502 5.281 0.019000000000000128 1.0303035830845872 0.013441694416571982 1.0 1.0065139522847015 1.0065139522847015 0.02378963079988572
59770.73416434844 5.281 0.019000000000000128 0.9840226847086728 0.01329707397837339 1.0 1.0065138926891255 1.0065138926891255 -0.022491207980452677
59770.73418029186 5.281 0.019000000000000128 0.9970919121734482 0.013338652961219331 1.0 1.0065138330935492 1.0065138330935492 -0.009421920920101079
59770.73419623528 5.281 0.019000000000000128 1.027506153534148 0.013449219562344118 1.0 1.006513773497973 1.006513773497973 0.020992380036175096
59770.73421217869 5.281 0.019000000000000128 1.0035864928262717 0.013368874664667813 1.0 1.006513713902424 1.006513713902424 -0.0029272210761523976
59770.73422812212 5.281 0.019000000000000128 0.9950712269870851 0.013331138777238634 1.0 1.0065136543068207 1.0065136543068207 -0.01144242731973566
59770.73424406554 5.281 0.019000000000000128 1.0075894978855071 0.013292250094588762 1.0 1.0065135947112445 1.0065135947112445 0.001075903174262649
59770.73426000896 5.281 0.019000000000000128 0.9940402983806791 0.013364248165696745 1.0 1.0065135351156682 1.0065135351156682 -0.012473236734989124
59770.734275952374 5.281 0.019000000000000128 1.0176561787151568 0.013409126021945737 1.0 1.0065134755201193 1.0065134755201193 0.011142703195037518
59770.7342918958 5.281 0.019000000000000128 1.0142064472189374 0.013362347092998788 1.0 1.006513415924516 1.006513415924516 0.0076930312944214485
59770.73430783922 5.281 0.019000000000000128 1.0237739331760118 0.013402186388331194 1.0 1.0065133563289397 1.0065133563289397 0.017260576847072162
59770.73432378264 5.281 0.019000000000000128 1.0120635675190275 0.013361066339370443 1.0 1.0065132967333636 1.0065132967333636 0.005550270785663836
59770.73433972606 5.281 0.019000000000000128 1.002082332579058 0.013287435407227757 1.0 1.0065132371377874 1.0065132371377874 -0.004430904558729409
59770.73435566948 5.281 0.019000000000000128 0.99717223459245 0.013304315030425395 1.0 1.0065131775422111 1.0065131775422111 -0.009340942949761177
59770.7343716129 5.281 0.019000000000000128 1.0060858576333278 0.013359737768844852 1.0 1.0065131179466351 1.0065131179466351 -0.0004272603133073094
59770.73438755632 5.281 0.019000000000000128 1.015494811755226 0.013400984245218796 1.0 1.006513058351086 1.006513058351086 0.008981753404140091
59770.734403499744 5.281 0.019000000000000128 0.9921871601277493 0.013315970725760243 1.0 1.0065129987554826 1.0065129987554826 -0.01432583862773329
59770.73441944316 5.281 0.019000000000000128 1.0153265572504466 0.013396051555816512 1.0 1.0065129391599337 1.0065129391599337 0.008813618090512954
59770.734435386585 5.281 0.019000000000000128 1.0180603599857214 0.013365574415682483 1.0 1.0065128795643303 1.0065128795643303 0.011547480421391088
59770.73445133 5.281 0.019000000000000128 1.012582486989672 0.01338639486261836 1.0 1.0065128199687814 1.0065128199687814 0.006069667020890623
59770.734467273425 5.281 0.019000000000000128 0.9946708593021478 0.01332168014867909 1.0 1.0065127603731778 1.0065127603731778 -0.011841901071030003
59770.734483216846 5.281 0.019000000000000128 1.0015983029226956 0.01330640244742476 1.0 1.0065127007776018 1.0065127007776018 -0.004914397854906216
59770.734499160266 5.281 0.019000000000000128 1.0224862042871166 0.01331687949008047 1.0 1.0065126411820255 1.0065126411820255 0.015973563105091015
59770.734515103686 5.281 0.019000000000000128 1.0181527584895866 0.01338940781520361 1.0 1.0065125815864493 1.0065125815864493 0.011640176903137345
59770.73453104711 5.281 0.019000000000000128 0.9890627725870135 0.013322782924476733 1.0 1.0065125219908733 1.0065125219908733 -0.017449749403859793
59770.73454699053 5.281 0.019000000000000128 0.9851807082303957 0.013289895664281666 1.0 1.006512462395297 1.006512462395297 -0.021331754164901295
59770.73456293394 5.281 0.019000000000000128 1.0017133781213787 0.013322202983974924 1.0 1.006512402799748 1.006512402799748 -0.004799024678369346
59770.73457887737 5.281 0.019000000000000128 1.0063343161114986 0.013347796693204511 1.0 1.0065123432041447 1.0065123432041447 -0.00017802709264613803
59770.73459482078 5.281 0.019000000000000128 1.013905881411587 0.013387437481437238 1.0 1.0065122836085956 1.0065122836085956 0.007393597802991536
59770.73461076421 5.281 0.019000000000000128 0.9901498557003778 0.013265804523112913 1.0 1.0065122240129922 1.0065122240129922 -0.016362368312614395
59770.73462670762 5.281 0.019000000000000128 1.0063417210602326 0.01334776326583301 1.0 1.0065121644174433 1.0065121644174433 -0.00017044335721072557
59770.73464265105 5.281 0.019000000000000128 1.0134781739179908 0.013354918292934042 1.0 1.00651210482184 1.00651210482184 0.006966069096150829
59770.73465859447 5.281 0.019000000000000128 1.0228996644562645 0.013381473413294806 1.0 1.0065120452262637 1.0065120452262637 0.01638761923000076
59770.73467453788 5.281 0.019000000000000128 0.9908881920209648 0.013310728263017975 1.0 1.0065119856307148 1.0065119856307148 -0.01562379360974997
59770.73469048131 5.281 0.019000000000000128 1.0138742196310957 0.013355015361986373 1.0 1.0065119260351114 1.0065119260351114 0.007362293595984282
59770.73470642473 5.281 0.019000000000000128 1.0092698716563435 0.01336593735722866 1.0 1.0065118664395352 1.0065118664395352 0.002758005216808357
59770.73472236815 5.281 0.019000000000000128 1.0093625334749312 0.013325715300485909 1.0 1.006511806843959 1.006511806843959 0.0028507266309723
59770.73473831156 5.281 0.019000000000000128 "" "" 1.0 1.00651174724841 1.00651174724841 ""
59770.73475425499 5.281 0.019000000000000128 1.0262763521268932 0.013422358277886615 1.0 1.0065116876528066 1.0065116876528066 0.019764664474086535
59770.7347701984 5.281 0.019000000000000128 1.0183914201434943 0.013373998132855227 1.0 1.0065116280572577 1.0065116280572577 0.011879792086236574
59770.73478614183 5.281 0.019000000000000128 0.9931556761453433 0.013296795886430754 1.0 1.0065115684616543 1.0065115684616543 -0.013355892316311069
59770.73480208525 5.281 0.019000000000000128 0.9952856540187474 0.01329339562870978 1.0 1.006511508866078 1.006511508866078 -0.01122585484733074
59770.73481802867 5.281 0.019000000000000128 0.9842465229221807 0.013276669145885954 1.0 1.0065114492705018 1.0065114492705018 -0.022264926348321112
59770.73483397209 5.281 0.019000000000000128 1.026811683384694 0.013377526372328493 1.0 1.0065113896749258 1.0065113896749258 0.02030029370976827
59770.734849915505 5.281 0.019000000000000128 0.9945445864583173 0.013298871890791744 1.0 1.0065113300793767 1.0065113300793767 -0.011966743621059317
59770.73486585893 5.281 0.019000000000000128 0.9963589380271465 0.0133349205550278 1.0 1.0065112704837733 1.0065112704837733 -0.010152332456626834
59770.734881802346 5.281 0.019000000000000128 0.9979475484449513 0.013342738000473444 1.0 1.0065112108882244 1.0065112108882244 -0.008563662443273112
59770.73489774577 5.281 0.019000000000000128 0.9950161282470981 0.013276594262516353 1.0 1.006511151292621 1.006511151292621 -0.011495023045522967
59770.734913689186 5.281 0.019000000000000128 1.0098220112836427 0.013297589760641833 1.0 1.006511091697072 1.006511091697072 0.003310919586570593
59770.734929632614 5.281 0.019000000000000128 1.011743505892386 0.013394623143129112 1.0 1.0065110321014685 1.0065110321014685 0.005232473790917513
59770.73494557603 5.281 0.019000000000000128 1.0128254923712323 0.013410076273591358 1.0 1.0065109725059196 1.0065109725059196 0.006314519865312729
59770.734961519454 5.281 0.019000000000000128 0.9902746701006143 0.013288052480879699 1.0 1.0065109129103162 1.0065109129103162 -0.01623624280970193
59770.734977462875 5.281 0.019000000000000128 1.008830177019922 0.013347396975303504 1.0 1.00651085331474 1.00651085331474 0.0023193237051819526
59770.734993406295 5.281 0.019000000000000128 0.9697505925790915 0.014823296700980877 1.0 1.006510793719164 1.006510793719164 -0.0367602011400725
59770.735009349715 5.281 0.019000000000000128 0.9851283463047428 0.013292088483808336 1.0 1.0065107341235877 1.0065107341235877 -0.02138238781884494
59770.73502529313 5.281 0.019000000000000128 0.9977913915566207 0.013356586068688961 1.0 1.0065106745280388 1.0065106745280388 -0.008719282971418107
59770.735041236556 5.281 0.019000000000000128 1.008826770312949 0.013342377249745503 1.0 1.0065106149324354 1.0065106149324354 0.0023161553805135515
59770.73505717997 5.281 0.019000000000000128 1.0152958844428026 0.013351111297924231 1.0 1.0065105553368863 1.0065105553368863 0.00878532910591634
59770.7350731234 5.281 0.019000000000000128 1.0098053899743864 0.013344512904558004 1.0 1.006510495741283 1.006510495741283 0.0032948942331034736
59770.73508906681 5.281 0.019000000000000128 0.9948687198390179 0.013291250209673732 1.0 1.006510436145734 1.006510436145734 -0.011641716306716066
59770.73510501024 5.281 0.019000000000000128 1.0002363658855418 0.013333504087925638 1.0 1.0065103765501306 1.0065103765501306 -0.0062740106645888805
59770.73512095365 5.281 0.019000000000000128 1.00970285800033 0.013408788256684788 1.0 1.0065103169545817 1.0065103169545817 0.0031925410457482872
59770.73513689707 5.281 0.019000000000000128 0.9908598782772667 0.014846333906755278 1.0 1.0065102573590055 1.0065102573590055 -0.01565037908173872
59770.7351528405 5.281 0.019000000000000128 1.0079044626328386 0.014960127795660909 1.0 1.0065101977634021 1.0065101977634021 0.0013942648694365012
59770.73516878392 5.281 0.019000000000000128 1.0035386520078293 0.013368174139317054 1.0 1.0065101381678259 1.0065101381678259 -0.002971486159996539
59770.73518472734 5.281 0.019000000000000128 1.0011646029006307 0.013371191393064431 1.0 1.0065100785722496 1.0065100785722496 -0.005345475671618916
59770.73520067075 5.281 0.019000000000000128 1.0252783133032861 0.013427206703073808 1.0 1.0065100189767007 1.0065100189767007 0.018768294326585444
59770.73521661418 5.281 0.019000000000000128 0.9999718264484764 0.014915150326566332 1.0 1.0065099593810973 1.0065099593810973 -0.006538132932620955
59770.73523255759 5.281 0.019000000000000128 0.9953990299670368 0.014820123093972628 1.0 1.0065098997855484 1.0065098997855484 -0.011110869818511615
59770.73524850102 5.281 0.019000000000000128 1.0051188817222898 0.01335399282559108 1.0 1.006509840189945 1.006509840189945 -0.0013909584676552456
59770.73526444443 5.281 0.019000000000000128 1.0212545401183843 0.013407152509923848 1.0 1.0065097805943959 1.0065097805943959 0.01474475952398846
59770.73528038786 5.281 0.019000000000000128 0.9798060729292962 0.013290451959246415 1.0 1.0065097209987925 1.0065097209987925 -0.026703648069496322
59770.73529633128 5.281 0.019000000000000128 0.9833252707207745 0.013319786174136313 1.0 1.0065096614032165 1.0065096614032165 -0.023184390682442046
59770.73531227469 5.281 0.019000000000000128 1.0211125633961888 0.013389362123989485 1.0 1.0065096018076674 1.0065096018076674 0.01460296158852148
59770.73532821812 5.281 0.019000000000000128 1.0172129308214468 0.013417318973091955 1.0 1.006509542212064 1.006509542212064 0.010703388609382802
59770.735344161534 5.281 0.019000000000000128 1.0121968887383634 0.013369294820385914 1.0 1.006509482616515 1.006509482616515 0.005687406121848371
59770.73536010496 5.281 0.019000000000000128 1.010416408439747 0.013396718541843594 1.0 1.0065094230209117 1.0065094230209117 0.003906985418835163
59770.735376048375 5.281 0.019000000000000128 0.9929512481920097 0.013318226072337928 1.0 1.0065093634253628 1.0065093634253628 -0.01355811523335304
59770.7353919918 5.281 0.019000000000000128 1.0067416936668538 0.013353239047204042 1.0 1.0065093038297592 1.0065093038297592 0.00023238983709461536
59770.735407935215 5.281 0.019000000000000128 0.9992470187211614 0.013341113451248499 1.0 1.0065092442342103 1.0065092442342103 -0.007262225513048892
59770.735423878636 5.281 0.019000000000000128 1.000909274003345 0.013355672189484967 1.0 1.006509184638634 1.006509184638634 -0.005599910635289085
59770.735439822056 5.281 0.019000000000000128 1.0124784324570877 0.013359760062292643 1.0 1.006509125043058 1.006509125043058 0.005969307414029679
59770.73545576548 5.281 0.019000000000000128 0.9865427125817681 0.013322724103097745 1.0 1.0065090654474547 1.0065090654474547 -0.0199663528656866
59770.735471708904 5.281 0.019000000000000128 1.014373226041199 0.013363865813364247 1.0 1.0065090058518784 1.0065090058518784 0.007864220189320648
59770.73548765232 5.281 0.019000000000000128 1.0379344965570976 0.01344653440972941 1.0 1.0065089462563295 1.0065089462563295 0.0314255503007681
59770.735503595744 5.281 0.019000000000000128 1.0088999749799077 0.013342539635433442 1.0 1.0065088866607261 1.0065088866607261 0.0023910883191815557
59770.73551953916 5.281 0.019000000000000128 0.9981087046457824 0.013317530492172415 1.0 1.006508827065177 1.006508827065177 -0.008400122419394584
59770.735535482585 5.281 0.019000000000000128 0.9994775545622433 0.013375570575502767 1.0 1.0065087674695736 1.0065087674695736 -0.007031212907330331
59770.735551426 5.281 0.019000000000000128 0.9989266625866726 0.01335047264716316 1.0 1.0065087078740247 1.0065087078740247 -0.007582045287352068
59770.735567369426 5.281 0.019000000000000128 0.9984857439855211 0.01334399650729281 1.0 1.0065086482784213 1.0065086482784213 -0.008022904292900201
59770.73558331284 5.281 0.019000000000000128 0.9938634004161575 0.013372095574460901 1.0 1.0065085886828724 1.0065085886828724 -0.012645188266714902
59770.73559925626 5.281 0.019000000000000128 1.0239832827064086 0.013383831797336173 1.0 1.0065085290872962 1.0065085290872962 0.017474753619112438
59770.73561519968 5.281 0.019000000000000128 1.0026714396044338 0.01339959810876776 1.0 1.00650846949172 1.00650846949172 -0.0038370298872860698
