eureka_custom_plots/data/stage5_lcfit_results/S5_wasp39b_ap4_bg8_Table_Save_ch27.txt
# %ECSV 1.0
# ---
# datatype:
# - {name: time, datatype: float64}
# - {name: wavelength, datatype: float64}
# - {name: bin_width, datatype: float64}
# - {name: lcdata, datatype: float64}
# - {name: lcerr, datatype: float64}
# - {name: transit, datatype: float64}
# - {name: polynom, datatype: float64}
# - {name: model, datatype: float64}
# - {name: residuals, datatype: float64}
# schema: astropy-2.0
time wavelength bin_width lcdata lcerr transit polynom model residuals
[from data line 11936]
59770.83432091209 4.054 0.019000000000000128 0.9754959155096832 0.006299928256369937 0.9777373070797832 1.006323177829358 0.9839197139428463 -0.008423798433163099
59770.83433685551 4.054 0.019000000000000128 0.9791265205861565 0.0063048690013323356 0.9777372779065406 1.0063231180339138 0.9839196261209013 -0.004793105534744879
59770.83435279892 4.054 0.019000000000000128 0.988324012586543 0.00632887945506958 0.9777372490633407 1.0063230582384968 0.9839195386311158 0.004404473955427202
59770.83436874234 4.054 0.019000000000000128 0.9856174773219232 0.006316188262574568 0.9777372205501484 1.0063229984430526 0.9839194514734017 0.0016980258485215227
59770.83438468576 4.054 0.019000000000000128 0.9826444917386997 0.006308271338421807 0.9777371923669691 1.0063229386476085 0.9839193646477904 -0.001274872909090674
59770.83440062919 4.054 0.019000000000000128 0.9951014981354568 0.006337645601587146 0.9777371645137825 1.006322878852137 0.9839192781542351 0.011182219981221708
59770.8344165726 4.054 0.019000000000000128 0.9903662824599166 0.006349015282211482 0.9777371369906166 1.0063228190567202 0.9839191919928438 0.0064470904670728135
59770.83443251602 4.054 0.019000000000000128 0.9775443796570915 0.00628591420545103 0.9777371097974282 1.006322759261276 0.9839191061634932 -0.006374726506401696
59770.83444845944 4.054 0.019000000000000128 0.9808832629573428 0.006299094074287635 0.9777370829342199 1.0063226994658319 0.9839190206662121 -0.0030357577088692134
59770.83446440286 4.054 0.019000000000000128 0.9857355473387881 0.0063252837956027505 0.9777370564009846 1.0063226396703875 0.9839189355009934 0.0018166118377946905
59770.83448034628 4.054 0.019000000000000128 0.9850032994145032 0.006323992233601879 0.977737030197715 1.0063225798749433 0.9839188506678299 0.0010844487466732389
59770.834496289695 4.054 0.019000000000000128 0.9902712307197272 0.006323818176274243 0.977737004324415 1.0063225200795265 0.9839187661667522 0.006352464552975001
59770.83451223312 4.054 0.019000000000000128 0.9787416914422348 0.00631134022910321 0.9777369787810416 1.006322460284055 0.9839186819976367 -0.005176990555401884
59770.834528176536 4.054 0.019000000000000128 0.9762812875098041 0.006299778825075862 0.9777369535676348 1.0063224004886382 0.9839185981606304 -0.00763731065082629
59770.834544119956 4.054 0.019000000000000128 0.9908867900701273 0.006319124654390561 0.9777369286841527 1.006322340693194 0.9839185146556111 0.006968275414516167
59770.83456006338 4.054 0.019000000000000128 0.9809775315834832 0.006299296544920097 0.9777369041305984 1.0063222808977497 0.9839184314826083 -0.002940899899125049
59770.8345760068 4.054 0.019000000000000128 0.9723208427210649 0.006296508082244203 0.9777368799069656 1.0063222211023055 0.9839183486416158 -0.011597505920550866
59770.83459195022 4.054 0.019000000000000128 0.9892524195846518 0.006335326178837139 0.9777368560132472 1.0063221613068614 0.9839182661326265 0.00533415345202537
59770.83460789363 4.054 0.019000000000000128 0.9925724817348203 0.006336588463867004 0.9777368324494473 1.0063221015114445 0.983918183955671 0.008654297779149278
59770.83462383706 4.054 0.019000000000000128 0.9865293799158208 0.006332925183201957 0.9777368092155265 1.006322041715973 0.9839181021106295 0.0026112778051913255
59770.83463978047 4.054 0.019000000000000128 0.9799989727455711 0.006309878476394623 0.9777367863115211 1.0063219819205562 0.9839180205976452 -0.003919047852074087
59770.8346557239 4.054 0.019000000000000128 0.9847837940180437 0.006317101080355449 0.9777367637373827 1.0063219221250848 0.9839179394165628 0.0008658546014809199
59770.83467166731 4.054 0.019000000000000128 0.9819780313445866 0.006315232276936564 0.9777367414931454 1.0063218623296677 0.9839178585675229 -0.0019398272229362856
59770.83468761074 4.054 0.019000000000000128 0.9816909314730273 0.006298721135900368 0.9777367195787621 1.0063218025341962 0.9839177780503718 -0.00222684657734451
59770.83470355415 4.054 0.019000000000000128 0.987392912584951 0.006322061001915305 0.9777366979942671 1.0063217427387794 0.9839176978652505 0.00347521471970047
59770.83471949757 4.054 0.019000000000000128 0.9933008916359072 0.0063323876600282405 0.9777366767396239 1.0063216829433352 0.9839176180120421 0.00938327362386504
59770.83473544099 4.054 0.019000000000000128 0.9814800668548693 0.00630869834794772 0.9777366558148366 1.006321623147891 0.9839175384907773 -0.0024374716359080173
59770.834751384406 4.054 0.019000000000000128 0.9914896055321695 0.006344247112654633 0.9777366352199085 1.0063215633524742 0.9839174593014861 0.007572146230683363
59770.83476732783 4.054 0.019000000000000128 0.9810437854279009 0.006313399480666973 0.9777366149548052 1.0063215035570028 0.9839173804440539 -0.002873595016152919
59770.834783271246 4.054 0.019000000000000128 0.9671807819913759 0.006279142619323965 0.9777365950195586 1.0063214437615857 0.983917301918619 -0.01673651992724312
59770.834799214674 4.054 0.019000000000000128 0.9884214647692137 0.006325228915854639 0.9777365754141264 1.0063213839661143 0.9839172237250328 0.004504241044180901
59770.83481515809 4.054 0.019000000000000128 0.9733333136359983 0.006291487956272087 0.9777365561385382 1.0063213241706974 0.9839171458634312 -0.010583832227432866
59770.83483110151 4.054 0.019000000000000128 0.9805120241150389 0.006315633418763815 0.9777365371927619 1.0063212643752533 0.983917068333702 -0.003405044218663056
59770.83484704493 4.054 0.019000000000000128 0.9891629462468335 0.006331131690635926 0.9777365185768012 1.0063212045798091 0.9839169911358755 0.005245955110958045
59770.834862988355 4.054 0.019000000000000128 0.988406164453559 0.006319040825263219 0.9777365002906422 1.0063211447843377 0.9839169142699109 0.004489250183648097
59770.83487893177 4.054 0.019000000000000128 0.9927809933565903 0.006329122006366828 0.9777364823343049 1.0063210849889208 0.9839168377359085 0.008864155620681768
59770.83489487518 4.054 0.019000000000000128 0.9913897974915014 0.006337361666238443 0.9777364647077669 1.0063210251935037 0.9839167615337919 0.0074730359577094285
59770.83491081861 4.054 0.019000000000000128 0.9737590806305277 0.006300565097102428 0.9777364474110077 1.0063209653980323 0.9839166856634878 -0.010157605032960038
59770.83492676202 4.054 0.019000000000000128 0.9832098800568561 0.0063215345997265715 0.9777364304440537 1.0063209056026154 0.9839166101251288 -0.0007067300682727096
59770.83494270545 4.054 0.019000000000000128 0.9865205523160097 0.006320881490070143 0.9777364138068687 1.006320845807144 0.9839165349185719 0.0026040173974377634
59770.83495864886 4.054 0.019000000000000128 0.9742835103260473 0.006303997659775845 0.9777363974994787 1.0063207860117271 0.98391646004395 -0.009632949717902628
59770.83497459229 4.054 0.019000000000000128 0.9813480966592334 0.006291565210006102 0.977736381521849 1.0063207262162557 0.9839163855011211 -0.002568288841887756
59770.8349905357 4.054 0.019000000000000128 0.9818155655411837 0.006295191179740573 0.9777363658740047 1.0063206664208388 0.9839163112902175 -0.00210074574903385
59770.835006479116 4.054 0.019000000000000128 0.9933673832848344 0.006330242866583504 0.977736350555926 1.0063206066254218 0.9839162374111655 0.009451145873668909
59770.83502242254 4.054 0.019000000000000128 0.9868445434197125 0.006314837144839993 0.9777363355675954 1.0063205468299503 0.9839161638638945 0.002928379555818039
59770.835038365956 4.054 0.019000000000000128 0.9799518461753345 0.0063142114361682935 0.977736320909035 1.0063204870345335 0.9839160906485329 -0.0039642444731984305
59770.835054309384 4.054 0.019000000000000128 0.9732768057692222 0.006290321771882327 0.977736306580215 1.006320427239062 0.9839160177649445 -0.010639211995722375
59770.8350702528 4.054 0.019000000000000128 0.992391306383394 0.006339176257132086 0.9777362925811567 1.0063203674436452 0.983915945213257 0.00847536117013703
59770.835086196224 4.054 0.019000000000000128 0.9956644340380344 0.006352195754614997 0.9777362789118305 1.0063203076481737 0.9839158729933338 0.011748561044700567
59770.83510213964 4.054 0.019000000000000128 0.9717805347661634 0.006298024462025927 0.9777362655722577 1.0063202478527569 0.9839158011053033 -0.01213526633913986
59770.83511808306 4.054 0.019000000000000128 0.979858092549425 0.006292860154183214 0.9777362525624158 1.0063201880573125 0.9839157295490623 -0.0040576369996372375
59770.83513402648 4.054 0.019000000000000128 0.9925824219763696 0.006332284496339819 0.9777362398823073 1.0063201282618683 0.9839156583246403 0.008666763651729248
59770.8351499699 4.054 0.019000000000000128 0.9787958878133525 0.006309468188495512 0.9777362275319287 1.0063200684664242 0.9839155874320338 -0.005119699618681306
59770.83516591332 4.054 0.019000000000000128 0.979159167408977 0.006278478926283887 0.977736215511276 1.00632000867098 0.9839155168712385 -0.004756349462261444
59770.83518185673 4.054 0.019000000000000128 0.9768183129571274 0.0062890880088739744 0.9777362038203512 1.0063199488755632 0.983915446642283 -0.007097133685155632
59770.83519780016 4.054 0.019000000000000128 0.9838592781480534 0.006318886444435038 0.9777361924591351 1.0063198890800917 0.9839153767450681 -5.6098597014719864e-05
59770.83521374357 4.054 0.019000000000000128 0.9662242198259788 0.006275164919728887 0.9777361814276453 1.006319829284675 0.983915307179718 -0.017691087353739143
59770.835229687 4.054 0.019000000000000128 0.9828446522591837 0.006320450658191964 0.9777361707258583 1.0063197694892034 0.9839152379461021 -0.0010705856869184238
59770.83524563041 4.054 0.019000000000000128 0.9878617291364883 0.00632869542802329 0.9777361603537907 1.0063197096937864 0.9839151690443441 0.0039465600921442245
59770.83526157383 4.054 0.019000000000000128 0.9777617748931638 0.006296711482269041 0.9777361503114251 1.0063196498983422 0.9839151004743463 -0.006153325581182423
59770.83527751725 4.054 0.019000000000000128 0.9756909988924661 0.006286588108349524 0.9777361405987636 1.006319590102898 0.9839150322361373 -0.008224033343671167
59770.83529346067 4.054 0.019000000000000128 0.9830811017558001 0.006307511403868972 0.9777361312158072 1.0063195303074812 0.9839149643297449 -0.0008338625739447991
59770.835309404094 4.054 0.019000000000000128 0.9923230109704481 0.0063577631915614176 0.9777361221625405 1.0063194705120098 0.9839148967550734 0.008408114215374685
59770.835325347514 4.054 0.019000000000000128 0.9849919793395838 0.006326311166917276 0.9777361134389738 1.0063194107165656 0.9839148295122133 0.001077149827370505
59770.835341290935 4.054 0.019000000000000128 0.9916754952659432 0.00632639274414602 0.9777361050451002 1.0063193509211215 0.9839147626011306 0.007760732664812586
59770.83535723435 4.054 0.019000000000000128 0.9920544706108926 0.0063351097148723725 0.9777360969809212 1.0063192911257044 0.9839146960218537 0.008139774589038917
59770.835373177775 4.054 0.019000000000000128 0.9838708491291691 0.006316413825077081 0.9777360892464235 1.006319231330233 0.9839146297742889 -4.378064511978419e-05
59770.83538912119 4.054 0.019000000000000128 0.9773824732575815 0.006318113357937415 0.9777360818416186 1.006319171534816 0.9839145638585548 -0.0065320906009732616
59770.83540506461 4.054 0.019000000000000128 0.9809701684058758 0.0063139594732046465 0.9777360747664948 1.006319111739372 0.9839144982745592 -0.0029443298686834263
59770.83542100803 4.054 0.019000000000000128 0.9699918759348679 0.0062980344384038454 0.9777360680210527 1.0063190519439278 0.9839144330223295 -0.013922557087461596
59770.83543695145 4.054 0.019000000000000128 0.9903763716850691 0.006342987982990919 0.9777360616052908 1.0063189921484836 0.983914368101864 0.006462003583205145
59770.83545289487 4.054 0.019000000000000128 0.9769354527808615 0.006298934001273131 0.9777360555192072 1.0063189323530393 0.9839143035131604 -0.00697885073229898
59770.83546883828 4.054 0.019000000000000128 0.9881863436369459 0.006334987083564476 0.9777360497628025 1.0063188725576224 0.9839142392562468 0.004272104380699138
59770.83548478171 4.054 0.019000000000000128 0.9903939292030861 0.00635049817932824 0.9777360443360675 1.006318812762151 0.9839141753310333 0.006479753872052796
59770.83550072512 4.054 0.019000000000000128 0.9789321709118984 0.00630903198955766 0.9777360392390106 1.0063187529667341 0.983914111737635 -0.004981940825736553
59770.83551666854 4.054 0.019000000000000128 0.9886974545822769 0.006320410132866852 0.9777360344716234 1.00631869317129 0.9839140484759633 0.004783406106313559
59770.83553261196 4.054 0.019000000000000128 0.9861901615159198 0.006315987788185953 0.9777360300339063 1.0063186333758458 0.9839139855460455 0.0022761759698742834
59770.835548555384 4.054 0.019000000000000128 0.975996336519252 0.006301292558584746 0.9777360259258585 1.0063185735804017 0.9839139229478806 -0.007917586428628609
59770.835564498804 4.054 0.019000000000000128 0.9714752012181488 0.0062920499969291235 0.9777360221474786 1.0063185137849573 0.9839138606814667 -0.012438659463317903
59770.83558044222 4.054 0.019000000000000128 0.9768588912910093 0.006299988371772788 0.9777360186987671 1.0063184539895405 0.9839137987468317 -0.007054907455822379
59770.835596385645 4.054 0.019000000000000128 0.9834181305905718 0.006312396529089436 0.9777360155797185 1.006318394194069 0.9839137371438895 -0.0004956065533177068
59770.835612329065 4.054 0.019000000000000128 0.9875376927412836 0.006315340214337243 0.9777360127903362 1.0063183343986248 0.9839136758727236 0.003624016868559954
59770.835628272485 4.054 0.019000000000000128 0.9799327251176041 0.00630731007414883 0.9777360103306182 1.0063182746031807 0.9839136149333053 -0.003980889815701216
59770.8356442159 4.054 0.019000000000000128 0.9790009884908777 0.006311608574546238 0.9777360082005645 1.0063182148077638 0.9839135543256612 -0.0049125658347835
59770.83566015932 4.054 0.019000000000000128 0.9849554756581989 0.006326873046992631 0.9777360064001727 1.0063181550123197 0.9839134940497354 0.0010419816084634714
59770.83567610274 4.054 0.019000000000000128 0.9792637216412576 0.0063185195649588435 0.9777360049294431 1.0063180952168753 0.9839134341055547 -0.004649712464297018
59770.83569204616 4.054 0.019000000000000128 0.9886891469845198 0.006326800527930915 0.9777360037883753 1.0063180354214312 0.9839133744931189 0.004775772491400931
59770.83570798958 4.054 0.019000000000000128 0.9803002812878895 0.006303845942421231 0.9777360029769693 1.006317975625987 0.9839133152124278 -0.003613033924538267
59770.835723933 4.054 0.019000000000000128 0.9880008346035037 0.006322863754292306 0.9777360024952245 1.0063179158305429 0.9839132562634808 0.004087578340022935
59770.83573987642 4.054 0.019000000000000128 0.9915802662524051 0.006335491823864151 0.977736002343141 1.0063178560350987 0.9839131976462778 0.007667068606127314
59770.83575581983 4.054 0.019000000000000128 0.9812551066835777 0.0063072739871428566 0.9777360025207184 1.0063177962396819 0.9839131393608453 -0.0026580326772676077
59770.83577176326 4.054 0.019000000000000128 0.9828121477573812 0.006311509528940089 0.9777360030279574 1.0063177364442104 0.9839130814071038 -0.0011009336497225242
59770.835787706674 4.054 0.019000000000000128 0.9899807893178769 0.006324423588469692 0.9777360038648569 1.0063176766487933 0.9839130237851584 0.006067765532718483
59770.835803650094 4.054 0.019000000000000128 0.9837104202347039 0.006308419438046118 0.9777360050314186 1.0063176168533492 0.9839129664949313 -0.00020254626022742084
59770.835819593514 4.054 0.019000000000000128 0.9807818049775142 0.0063058770573385155 0.9777360065276421 1.006317557057905 0.9839129095364487 -0.0031311045589345055
59770.835835536935 4.054 0.019000000000000128 0.9843309769877922 0.0063089542603739154 0.977736008353528 1.006317497262461 0.9839128529097109 0.0004181240780812834
59770.835851480355 4.054 0.019000000000000128 0.9756591932904596 0.0063008106851142115 0.9777360105090768 1.0063174374670167 0.9839127966147183 -0.00825360332425873
