eureka_custom_plots/data/stage5_lcfit_results/S5_wasp39b_ap4_bg8_Table_Save_ch08.txt
# %ECSV 1.0
# ---
# datatype:
# - {name: time, datatype: float64}
# - {name: wavelength, datatype: float64}
# - {name: bin_width, datatype: float64}
# - {name: lcdata, datatype: float64}
# - {name: lcerr, datatype: float64}
# - {name: transit, datatype: float64}
# - {name: polynom, datatype: float64}
# - {name: model, datatype: float64}
# - {name: residuals, datatype: float64}
# schema: astropy-2.0
time wavelength bin_width lcdata lcerr transit polynom model residuals
[from data line 8212]
59770.77494761708 3.326 0.019000000000000128 0.9993165805586391 0.004527552357391682 1.0 1.0066900225162618 1.0066900225162618 -0.007373441957622684
59770.7749635605 3.326 0.019000000000000128 1.0067991920444719 0.004543045761749055 1.0 1.006689913020279 1.006689913020279 0.00010927902419277657
59770.77497950392 3.326 0.019000000000000128 0.9991084195901954 0.0045297227951224175 1.0 1.0066898035242964 1.0066898035242964 -0.007581383934101016
59770.77499544734 3.326 0.019000000000000128 1.0121979939730834 0.0045415396883187195 1.0 1.0066896940283137 1.0066896940283137 0.005508299944769757
59770.77501139076 3.326 0.019000000000000128 1.0089231326706487 0.004540543952560914 1.0 1.006689584532331 1.006689584532331 0.0022335481383177758
59770.77502733417 3.326 0.019000000000000128 0.9998958281574462 0.004522610464424344 1.0 1.0066894750363982 1.0066894750363982 -0.006793646878952009
59770.7750432776 3.326 0.019000000000000128 0.9999767567220313 0.004533148342675084 1.0 1.0066893655403655 1.0066893655403655 -0.0067126088183341315
59770.77505922102 3.326 0.019000000000000128 1.0103058687299438 0.004549629413246709 1.0 1.0066892560443828 1.0066892560443828 0.003616612685561016
59770.77507516444 3.326 0.019000000000000128 1.0102043860502627 0.004542669073754968 1.0 1.0066891465484 1.0066891465484 0.0035152395018627214
59770.77509110786 3.326 0.019000000000000128 1.0100855291978739 0.004546302424385337 1.0 1.0066890370524173 1.0066890370524173 0.0033964921454565644
59770.77510705128 3.326 0.019000000000000128 1.0091009563277724 0.004544802919715879 1.0 1.0066889275564344 1.0066889275564344 0.0024120287713380595
59770.7751229947 3.326 0.019000000000000128 0.9996762136183368 0.004524429055350165 1.0 1.0066888180604516 1.0066888180604516 -0.007012604442114823
59770.77513893812 3.326 0.019000000000000128 1.0043950118377953 0.00453768197682199 1.0 1.006688708564469 1.006688708564469 -0.0022936967266735664
59770.77515488154 3.326 0.019000000000000128 1.01167284949003 0.004552040367390721 1.0 1.0066885990684862 1.0066885990684862 0.004984250421543823
59770.77517082496 3.326 0.019000000000000128 1.0026417680804665 0.004529740665329701 1.0 1.0066884895725035 1.0066884895725035 -0.004046721492036998
59770.775186768384 3.326 0.019000000000000128 1.007807367542983 0.004540650535757311 1.0 1.0066883800765207 1.0066883800765207 0.001118987466462329
59770.7752027118 3.326 0.019000000000000128 1.012306923052098 0.004555650877209222 1.0 1.006688270580588 1.006688270580588 0.005618652471510055
59770.775218655224 3.326 0.019000000000000128 1.0121087202973673 0.00454803871837694 1.0 1.0066881610845553 1.0066881610845553 0.005420559212812037
59770.77523459864 3.326 0.019000000000000128 1.0051403436261475 0.004539769561160138 1.0 1.0066880515886225 1.0066880515886225 -0.0015477079624750534
59770.775250542065 3.326 0.019000000000000128 1.004363928635407 0.004538851347882317 1.0 1.0066879420925898 1.0066879420925898 -0.0023240134571829163
59770.77526648548 3.326 0.019000000000000128 1.0163785691396345 0.004551488881776803 1.0 1.006687832596657 1.006687832596657 0.009690736542977474
59770.775282428905 3.326 0.019000000000000128 1.0082558005593858 0.004546096442470022 1.0 1.0066877231006244 1.0066877231006244 0.0015680774587614188
59770.77529837232 3.326 0.019000000000000128 1.0067419557552193 0.004542743620520187 1.0 1.0066876136046916 1.0066876136046916 5.434215052768643e-05
59770.77531431574 3.326 0.019000000000000128 1.0093302063461227 0.004549283128292205 1.0 1.0066875041087089 1.0066875041087089 0.0026427022374138076
59770.77533025916 3.326 0.019000000000000128 1.0058304033062972 0.004538920761670523 1.0 1.0066873946127262 1.0066873946127262 -0.0008569913064289114
59770.77534620259 3.326 0.019000000000000128 1.0109672924762878 0.004552381292127041 1.0 1.0066872851166935 1.0066872851166935 0.004280007359594329
59770.775362146 3.326 0.019000000000000128 1.0043387949598426 0.004538919275181268 1.0 1.0066871756207607 1.0066871756207607 -0.002348380660918137
59770.77537808942 3.326 0.019000000000000128 1.014200226884752 0.004555286429302508 1.0 1.0066870661247778 1.0066870661247778 0.007513160759974324
59770.77539403284 3.326 0.019000000000000128 1.0101138063761028 0.004548777694361199 1.0 1.006686956628795 1.006686956628795 0.003426849747307781
59770.77540997626 3.326 0.019000000000000128 1.0043930010354518 0.004530985394687484 1.0 1.0066868471328123 1.0066868471328123 -0.002293846097360497
59770.77542591968 3.326 0.019000000000000128 1.0110100886467268 0.004546061494989295 1.0 1.0066867376368296 1.0066867376368296 0.004323351009897225
59770.7754418631 3.326 0.019000000000000128 1.0052218036902492 0.004530980791007242 1.0 1.0066866281408469 1.0066866281408469 -0.0014648244505977015
59770.77545780652 3.326 0.019000000000000128 1.0037853144420568 0.00453652793773736 1.0 1.0066865186448641 1.0066865186448641 -0.0029012042028073726
59770.77547374994 3.326 0.019000000000000128 1.0038849447707767 0.004542159954511709 1.0 1.0066864091488814 1.0066864091488814 -0.00280146437810469
59770.775489693355 3.326 0.019000000000000128 1.008100160049471 0.00454803006817104 1.0 1.0066862996529486 1.0066862996529486 0.0014138603965223595
59770.77550563678 3.326 0.019000000000000128 1.0093846641398445 0.004539900617706144 1.0 1.006686190156916 1.006686190156916 0.002698473982928551
59770.775521580195 3.326 0.019000000000000128 1.000962600698271 0.004527203240751153 1.0 1.0066860806609832 1.0066860806609832 -0.0057234799627121635
59770.77553752362 3.326 0.019000000000000128 1.005653207389051 0.00454218339495069 1.0 1.0066859711649505 1.0066859711649505 -0.001032763775899559
59770.775553467036 3.326 0.019000000000000128 1.01227653695677 0.00455248870844296 1.0 1.0066858616690177 1.0066858616690177 0.005590675287752145
59770.77556941046 3.326 0.019000000000000128 1.0023842838913086 0.004530719558774899 1.0 1.006685752172985 1.006685752172985 -0.004301468281676435
59770.77558535388 3.326 0.019000000000000128 1.0110184589566729 0.004547861636981797 1.0 1.0066856426770523 1.0066856426770523 0.004332816279620566
59770.775601297304 3.326 0.019000000000000128 1.0012323966852423 0.004535826718601364 1.0 1.0066855331810196 1.0066855331810196 -0.005453136495777278
59770.77561724072 3.326 0.019000000000000128 1.0014879150990936 0.004526521102547465 1.0 1.0066854236850868 1.0066854236850868 -0.005197508585993216
59770.775633184145 3.326 0.019000000000000128 1.0085023420627233 0.004545728212120193 1.0 1.0066853141890542 1.0066853141890542 0.0018170278736691081
59770.77564912756 3.326 0.019000000000000128 1.016156030897101 0.004554311700140283 0.99999934124218 1.0066852046931214 1.0066845415313705 0.00947148936573039
59770.77566507098 3.326 0.019000000000000128 1.0029648100696749 0.004533815310841633 0.9999980279772402 1.0066850951971384 1.0066831099912188 -0.0037182999215439327
59770.7756810144 3.326 0.019000000000000128 1.008645154533483 0.004543801008100657 0.9999963068378082 1.0066849857011557 1.0066812678502275 0.0019638866832554225
59770.77569695782 3.326 0.019000000000000128 1.0132428535102411 0.004556395961568545 0.9999942570801093 1.006684876205173 1.0066790948945736 0.006563758615667492
59770.77571290124 3.326 0.019000000000000128 1.016100120497173 0.004548918041625214 0.9999919238462761 1.0066847667091903 1.006676636568263 0.009423483928910015
59770.77572884466 3.326 0.019000000000000128 1.0067603021799256 0.0045475279214716845 0.9999893374019646 1.0066846572132075 1.0066739233393593 8.637884056628131e-05
59770.77574478808 3.326 0.019000000000000128 1.0066011280258147 0.004539290345829257 0.9999865198926747 1.0066845477172248 1.0066709775014788 -6.984947566412991e-05
59770.7757607315 3.326 0.019000000000000128 1.013597686336551 0.004545369288389098 0.9999834884462531 1.006684438221242 1.0066678162970342 0.006929870039516839
59770.77577667491 3.326 0.019000000000000128 1.0128731962154776 0.004559866552795157 0.9999802568319429 1.0066843287253093 1.006664453587427 0.006208742628050601
59770.77579261834 3.326 0.019000000000000128 1.0096130949399227 0.004541034670132002 0.9999768364303537 1.0066842192292766 1.0066609008292526 0.0029521941106700478
59770.77580856176 3.326 0.019000000000000128 1.0075420752285535 0.004538216138416803 0.9999732368693434 1.006684109733294 1.0066571677149352 0.0008849075136183604
59770.77582450518 3.326 0.019000000000000128 0.9993488537597611 0.004531554778250894 0.9999694664233987 1.0066840002373112 1.0066532625742766 -0.0073044088145154396
59770.775840448594 3.326 0.019000000000000128 0.9991766874851087 0.0045303521231064795 0.9999655323132746 1.0066838907413784 1.0066491926764007 -0.007472505191292056
59770.77585639202 3.326 0.019000000000000128 1.0101620459949172 0.004546258005956648 0.9999614409037212 1.0066837812453457 1.0066449644285025 0.003517081566414726
59770.775872335435 3.326 0.019000000000000128 1.002874737176938 0.004537743894404069 0.9999571978797711 1.006683671749413 1.0066405835538623 -0.003765846376924342
59770.77588827886 3.326 0.019000000000000128 1.0083430324043983 0.004539405549316235 0.9999528083367671 1.0066835622533803 1.0066360551817284 0.001706977222669881
59770.775904222275 3.326 0.019000000000000128 0.9973957442334785 0.004526151645853387 0.9999482769027376 1.0066834527574475 1.0066313839713081 -0.009235639737829593
59770.7759201657 3.326 0.019000000000000128 1.0098219352245899 0.0045444247375615605 0.9999436077786953 1.0066833432614148 1.006626574151538 0.003195361073051961
59770.775936109116 3.326 0.019000000000000128 1.005554932423739 0.004536960172135288 0.9999388048306398 1.006683233765482 1.0066216296144996 -0.0010666971907606904
59770.775952052536 3.326 0.019000000000000128 1.0089818737200789 0.004545535417896081 0.9999338716036664 1.0066831242694991 1.0066165539288752 0.0023653197912036905
59770.775967995956 3.326 0.019000000000000128 1.0107029216830985 0.004547013428322277 0.9999288113850883 1.0066830147735164 1.0066113504040395 0.004091571279059014
59770.77598393938 3.326 0.019000000000000128 1.009508106747282 0.004545979152172963 0.9999236272261229 1.0066829052775337 1.006606022111643 0.002902084635638902
59770.7759998828 3.326 0.019000000000000128 1.0085315197083502 0.004541155958439738 0.9999183219701929 1.006682795781551 1.0066005719141509 0.0019309477941993336
59770.77601582622 3.326 0.019000000000000128 1.0054041752421952 0.00453704413484607 0.9999128982761728 1.0066826862855682 1.0065950024882457 -0.0011908272460505742
59770.77603176964 3.326 0.019000000000000128 1.006045402081292 0.004540669588852301 0.9999073586383141 1.0066825767895855 1.0065893163448862 -0.0005439142635943472
59770.77604771306 3.326 0.019000000000000128 1.002092379087865 0.004529744480521161 0.9999017054020034 1.0066824672936028 1.00658351584517 -0.004491136757304837
59770.77606365647 3.326 0.019000000000000128 1.0140345600084562 0.004548432395449389 0.9998959407813034 1.00668235779767 1.006577603218042 0.007456956790414138
59770.7760795999 3.326 0.019000000000000128 1.0060934123554761 0.004535356544560956 0.9998900668585531 1.0066822483016373 1.0065715805596427 -0.0004781682041665736
59770.77609554332 3.326 0.019000000000000128 1.0089035819075958 0.004545241576073115 0.9998840856212177 1.0066821388056546 1.0065654498709036 0.0023381320366921976
59770.77611148674 3.326 0.019000000000000128 1.0031394636863211 0.004526856397747624 0.9998779989452303 1.0066820293096719 1.0065592130402785 -0.003419749353957391
59770.77612743015 3.326 0.019000000000000128 1.0111221455864339 0.004550258870212921 0.9998718086194809 1.0066819198137391 1.0065528718686945 0.004569273717739408
59770.77614337358 3.326 0.019000000000000128 1.0100479422437503 0.004539832090496185 0.9998655163369039 1.0066818103177064 1.0065464280602827 0.003501514183467558
59770.77615931699 3.326 0.019000000000000128 1.0042410171682554 0.004536892561969274 0.9998591237319474 1.0066817008217737 1.0065398832606451 -0.0022988660923897175
59770.77617526042 3.326 0.019000000000000128 1.0055633675373765 0.004544825154886387 0.9998526323434641 1.006681591325741 1.0065332390187496 -0.0009698714813730636
59770.77619120383 3.326 0.019000000000000128 0.9980048377055741 0.004526829005294228 0.9998460436670057 1.0066814818298082 1.0065264968403724 -0.008521659134798298
59770.77620714726 3.326 0.019000000000000128 1.0109560320929414 0.004542281011726357 0.9998393591123502 1.0066813723337755 1.0065196581445432 0.004436373948398131
59770.776223090674 3.326 0.019000000000000128 1.0025801573586284 0.004537542476283792 0.999832580055258 1.0066812628378425 1.0065127243164453 -0.003932566957816963
59770.776239034094 3.326 0.019000000000000128 1.0096633901481467 0.004542973303038467 0.9998257077966681 1.0066811533418598 1.0065056966655912 0.003157693482555457
59770.776254977514 3.326 0.019000000000000128 1.0118596597994418 0.004552540344523343 0.9998187435990719 1.006681043845877 1.006498576462987 0.005361083336454797
59770.77627092094 3.326 0.019000000000000128 1.0038341150985144 0.004534835725817637 0.9998116886716591 1.0066809343498444 1.0064913649258815 -0.0026572498273671474
59770.776286864355 3.326 0.019000000000000128 1.0096410320111289 0.004546333112748492 0.9998045441924174 1.0066808248539116 1.0064840632403118 0.003156968770817059
59770.776302807775 3.326 0.019000000000000128 1.0070635338157972 0.004537452683229884 0.9997973112788104 1.006680715357929 1.0064766725310867 0.000586861284710416
59770.776318751196 3.326 0.019000000000000128 1.008273173511715 0.004538434860205421 0.9997899910218535 1.0066806058619462 1.0064691938965893 0.0018039796151256837
59770.776334694616 3.326 0.019000000000000128 1.0021807843672517 0.004531254119514451 0.9997825844725755 1.0066804963659635 1.0064616283948982 -0.004280844027646502
59770.776350638036 3.326 0.019000000000000128 1.0085243924961356 0.004542062494299903 0.9997750926480458 1.0066803868699807 1.0064539770499055 0.0020704154462301005
59770.77636658146 3.326 0.019000000000000128 1.0113563709214253 0.0045490535348467155 0.99976751653201 1.006680277373998 1.006446240851957 0.004910130069468277
59770.77638252488 3.326 0.019000000000000128 1.0092682107262028 0.004548745402355969 0.9997598570775232 1.0066801678780153 1.0064384207605017 0.002829789965701046
59770.7763984683 3.326 0.019000000000000128 0.9993437880043351 0.004529290401622741 0.9997521152081635 1.0066800583820326 1.0064305177053146 -0.007086729700979455
59770.77641441171 3.326 0.019000000000000128 1.0056504807354893 0.0045363793936878775 0.9997442918240909 1.0066799488860998 1.006422532592646 -0.0007720518571565638
59770.77643035514 3.326 0.019000000000000128 0.9963700267342763 0.004524802879227827 0.9997363877839187 1.006679839390067 1.0064144662867212 -0.010044439552444828
59770.77644629855 3.326 0.019000000000000128 1.004024683662953 0.004531715126350871 0.9997284039468048 1.0066797298941343 1.0064063196526636 -0.00238163598971064
59770.77646224198 3.326 0.019000000000000128 1.002433906035557 0.004535619960553792 0.9997203411194148 1.0066796203981017 1.006398093502353 -0.003964187466796165
59770.77647818539 3.326 0.019000000000000128 1.0035094504702433 0.004533690313551597 0.9997122001147962 1.006679510902169 1.0063897886544944 -0.002880338184251041
59770.77649412882 3.326 0.019000000000000128 1.0008023308402865 0.004530883815246479 0.999703981694434 1.006679401406136 1.0063814058754834 -0.005579075035196945
59770.77651007223 3.326 0.019000000000000128 1.0094642584714082 0.0045447116414381525 0.9996956866302358 1.0066792919102032 1.00637294594261 0.003091312528798129
59770.77652601565 3.326 0.019000000000000128 1.0157600556609658 0.004560802705532843 0.9996873156470977 1.0066791824142205 1.0063644095854871 0.009395646075478714
59770.77654195907 3.326 0.019000000000000128 1.0120893546096823 0.004550022163373229 0.9996788694664307 1.0066790729182378 1.0063557975304185 0.005733557079263818
59770.7765579025 3.326 0.019000000000000128 1.003564850907271 0.004539560647913266 0.9996703487846634 1.006678963422205 1.0063471104784592 -0.0027822595711881615
