eureka_custom_plots/data/stage5_lcfit_results/S5_wasp39b_ap4_bg8_Table_Save_ch13.txt
# %ECSV 1.0
# ---
# datatype:
# - {name: time, datatype: float64}
# - {name: wavelength, datatype: float64}
# - {name: bin_width, datatype: float64}
# - {name: lcdata, datatype: float64}
# - {name: lcerr, datatype: float64}
# - {name: transit, datatype: float64}
# - {name: polynom, datatype: float64}
# - {name: model, datatype: float64}
# - {name: residuals, datatype: float64}
# schema: astropy-2.0
time wavelength bin_width lcdata lcerr transit polynom model residuals
[from data line 14672]
59770.87794210729 3.5175 0.01949999999999985 0.9875005419547614 0.0043617495356747405 0.980025299214211 1.0060675297870472 0.9859716319092531 0.0015289100455083693
59770.87795805071 3.5175 0.01949999999999985 0.9841513743068261 0.00435903175321902 0.980037472996386 1.0060674539752088 0.9859838052577715 -0.0018324309509454295
59770.87797399413 3.5175 0.01949999999999985 0.9795098965479595 0.004355890150933576 0.9800497163085876 1.0060673781633707 0.9859960485563359 -0.0064861520083764335
59770.87798993755 3.5175 0.01949999999999985 0.982164461729941 0.004358348149297535 0.9800620285012942 1.0060673023515323 0.9860083611514676 -0.003843899421526631
59770.87800588097 3.5175 0.01949999999999985 0.9823171057045162 0.004358917391107323 0.9800744089377459 1.0060672265396942 0.986020742402528 -0.0037036366980117696
59770.878021824385 3.5175 0.01949999999999985 0.9928745202758349 0.004373322106458862 0.9800868569897794 1.0060671507278904 0.9860331916775608 0.006841328598274132
59770.87803776781 3.5175 0.01949999999999985 0.9873371124072263 0.0043621687907376 0.9800993720648027 1.0060670749160177 0.9860457083802617 0.0012914040269645932
59770.878053711225 3.5175 0.01949999999999985 0.9857950558126563 0.0043626449747298035 0.9801119535420817 1.006066999104214 0.9860582918862508 -0.0002632360735945749
59770.878069654646 3.5175 0.01949999999999985 0.9816050585302828 0.004353067526038962 0.9801246008537422 1.0060669232923758 0.9860709416240923 -0.004465883093809464
59770.878085598066 3.5175 0.01949999999999985 0.9932574233468718 0.0043749408917706616 0.9801373134190706 1.0060668474805374 0.9860836570095678 0.007173766337304044
59770.878101541486 3.5175 0.01949999999999985 0.9861928268917682 0.0043548922835083504 0.9801500906753495 1.0060667716686993 0.9860964374765318 9.638941523648636e-05
59770.87811748491 3.5175 0.01949999999999985 0.986112515540888 0.00437210023407219 0.9801629320701972 1.006066695856861 0.9861092824692361 3.2330716518425007e-06
59770.87813342832 3.5175 0.01949999999999985 0.986623413324922 0.004365492868539912 0.9801758370559677 1.0060666200450574 0.9861221914367323 0.0005012218881896846
59770.87814937175 3.5175 0.01949999999999985 0.9866875849548893 0.004369123529890045 0.9801888051174573 1.0060665442331844 0.9861351638605745 0.0005524210943147478
59770.87816531516 3.5175 0.01949999999999985 0.9848487466930624 0.004359135870486698 0.980201835709801 1.006066468421381 0.9861481991927141 -0.0012994524996516876
59770.87818125858 3.5175 0.01949999999999985 0.9894801705437304 0.004366914401389108 0.9802149283369012 1.0060663926095426 0.9861612969339274 0.003318873609802986
59770.878197202 3.5175 0.01949999999999985 0.9875102906525266 0.004368975525207923 0.98022808248916 1.0060663167977044 0.9861744565715457 0.0013358340809809244
59770.87821314542 3.5175 0.01949999999999985 0.9965135791336271 0.004386288114631012 0.9802412976713897 1.006066240985866 0.9861876776073624 0.01032590152626478
59770.87822908884 3.5175 0.01949999999999985 0.9898454680303721 0.004369135425619089 0.980254573397279 1.006066165174028 0.9862009595521031 0.0036445084782690262
59770.878245032254 3.5175 0.01949999999999985 0.9864600537975861 0.004369820736008375 0.9802679091814144 1.0060660893622242 0.9862143019174295 0.0002457518801565195
59770.878260975674 3.5175 0.01949999999999985 0.9828164449115852 0.004361680593942546 0.980281304566038 1.006066013550386 0.9862277042427258 -0.0034112593311406147
59770.878276919095 3.5175 0.01949999999999985 0.9858038889497138 0.004367316986366642 0.9802947590822546 1.0060659377385477 0.9862411660562722 -0.0004372771065583869
59770.878292862515 3.5175 0.01949999999999985 0.9899013986115105 0.004372166803122517 0.9803082722752262 1.0060658619267095 0.9862546869004589 0.0036467117110515757
59770.87830880593 3.5175 0.01949999999999985 0.9843603274016703 0.0043539532143130975 0.9803218436899432 1.0060657861149058 0.9862682663175366 -0.0019079389158662696
59770.878324749356 3.5175 0.01949999999999985 0.9875211536113601 0.0043658148621266235 0.9803354729048177 1.006065710303033 0.9862819038832452 0.001239249728114844
59770.87834069277 3.5175 0.01949999999999985 0.9894590335154638 0.004369165783160251 0.9803491594606426 1.0060656344912293 0.9862955991357147 0.003163434379749086
59770.87835663619 3.5175 0.01949999999999985 0.9885692557730114 0.004365648891820402 0.9803629029490823 1.0060655586793912 0.9863093516640183 0.002259904108993016
59770.87837257961 3.5175 0.01949999999999985 0.9968125716401544 0.004377972021224647 0.9803767029434115 1.0060654828675528 0.9863231610388626 0.010489410601291715
59770.87838852303 3.5175 0.01949999999999985 0.9866587473007421 0.004368177559226056 0.9803905590283468 1.0060654070557147 0.9863370268424334 0.0003217204583086941
59770.87840446645 3.5175 0.01949999999999985 0.9865415361309768 0.004365943515492911 0.9804044707959398 1.0060653312438763 0.9863509486642945 0.00019058746668232374
59770.87842040986 3.5175 0.01949999999999985 0.9900697863417989 0.004370264758485279 0.98041843783735 1.0060652554320726 0.9863649260931472 0.003704860248651687
59770.87843635329 3.5175 0.01949999999999985 0.9844387846048159 0.0043633519135865715 0.980432459775448 1.0060651796201998 0.9863789587494605 -0.0019401741446445353
59770.8784522967 3.5175 0.01949999999999985 0.9903184367905885 0.004370270185447826 0.9804465361938062 1.006065103808396 0.9863930462144039 0.003925390576184573
59770.878468240124 3.5175 0.01949999999999985 0.9862058950625607 0.004366380914711287 0.9804606667257346 1.006065027996558 0.9864071881189501 -0.00020129305638938444
59770.878484183544 3.5175 0.01949999999999985 0.980151614537174 0.004361691851345625 0.9804748509851368 1.0060649521847196 0.9864213840746817 -0.006269769537507686
59770.878500126964 3.5175 0.01949999999999985 0.9824441015423564 0.004352895318844617 0.980489088597247 1.0060648763728814 0.9864356337045486 -0.0039915321621921684
59770.878516070385 3.5175 0.01949999999999985 0.9864706574448657 0.004358547357147515 0.9805033791923966 1.0060648005610433 0.9864499366366275 2.0720808238228194e-05
59770.8785320138 3.5175 0.01949999999999985 0.9879980946486311 0.004357562907807697 0.9805177223996603 1.0060647247492396 0.9864642924977656 0.0015338021508655153
59770.87854795722 3.5175 0.01949999999999985 0.9895664747913129 0.004367660849266844 0.9805321178716379 1.0060646489374012 0.9864787009383759 0.0030877738529370147
59770.87856390064 3.5175 0.01949999999999985 0.9919165891446718 0.004377496023387578 0.9805465652470065 1.006064573125563 0.9864931615949666 0.005423427549705262
59770.87857984406 3.5175 0.01949999999999985 0.9855904192857259 0.004359918964238692 0.9805610641752701 1.0060644973137247 0.9865076741149041 -0.0009172548291782601
59770.87859578748 3.5175 0.01949999999999985 0.987916266169258 0.0043693070202608965 0.980575614310858 1.0060644215018866 0.9865222381505104 0.0013940280187475507
59770.8786117309 3.5175 0.01949999999999985 0.9909878869790286 0.004366672924319736 0.9805902153113332 1.0060643456900482 0.9865368533572599 0.004451033621768685
59770.87862767431 3.5175 0.01949999999999985 0.9915911555193232 0.00437759545296335 0.9806048668330242 1.0060642698782447 0.9865515193894199 0.005039636129903324
59770.87864361774 3.5175 0.01949999999999985 0.9913279307962123 0.004372208097144846 0.9806195685631929 1.006064194066372 0.986566235932242 0.004761694863970267
59770.87865956115 3.5175 0.01949999999999985 0.9806459461478793 0.004360645610051597 0.9806343201456201 1.0060641182545682 0.9865810026274713 -0.005935056479592027
59770.87867550457 3.5175 0.01949999999999985 0.9919602757266259 0.004375618267245072 0.9806491212761618 1.0060640424427298 0.9865958191690062 0.005364456557619746
59770.87869144799 3.5175 0.01949999999999985 0.9889269002798973 0.005045967838964389 0.9806639716260477 1.0060639666308917 0.9866106852261057 0.002316215053791537
59770.878707391406 3.5175 0.01949999999999985 0.9814103179208392 0.004358733822262135 0.9806788708715248 1.006063890819088 0.9866256004730762 -0.005215282552237022
59770.878723334834 3.5175 0.01949999999999985 0.9916409201157309 0.004367114774010962 0.9806938187197636 1.0060638150072152 0.9866405646151997 0.0050003555005312394
59770.87873927825 3.5175 0.01949999999999985 0.9835050454633975 0.004354907018019727 0.9807088148336512 1.0060637391954115 0.9866555773134436 -0.003150531850046101
59770.87875522167 3.5175 0.01949999999999985 0.9930888303280135 0.004377931905200075 0.9807238589267905 1.0060636633835733 0.9866706382795616 0.006418192048451954
59770.87877116509 3.5175 0.01949999999999985 0.9877768439581359 0.004373926095067078 0.9807389506898734 1.006063587571735 0.9866857472023929 0.0010910967557430373
59770.87878710851 3.5175 0.01949999999999985 0.9863376610779742 0.004367319010383064 0.9807540898235061 1.0060635117598968 0.9867009037807178 -0.0003632427027436824
59770.87880305193 3.5175 0.01949999999999985 0.9914470495226897 0.004373945706712244 0.9807692760316489 1.0060634359480585 0.9867161077166905 0.0047309418059992
59770.87881899534 3.5175 0.01949999999999985 0.9882890644250766 0.004371969392898264 0.9807845090149158 1.006063360136255 0.9867313587091332 0.0015577057159433805
59770.87883493876 3.5175 0.01949999999999985 0.9813347928673402 0.004354397448080426 0.980799788496969 1.0060632843244166 0.9867466564799539 -0.005411863612613699
59770.87885088219 3.5175 0.01949999999999985 0.987502325742466 0.0043693574600867854 0.980815114191897 1.0060632085125438 0.986762000741497 0.0007403250009689888
59770.8788668256 3.5175 0.01949999999999985 0.9924224906897756 0.004374238276289828 0.980830485795061 1.00606313270074 0.9867773911873678 0.005645099502407769
59770.87888276902 3.5175 0.01949999999999985 0.9845486976998852 0.004362940927974799 0.9808459030474465 1.006063056888902 0.9867928275568696 -0.0022441298569844115
59770.87889871244 3.5175 0.01949999999999985 0.9828713984951876 0.00436229340348673 0.9808613656650325 1.0060629810770636 0.9868083095642823 -0.003936911069094773
59770.878914655856 3.5175 0.01949999999999985 0.9855729310307797 0.004362954299157951 0.9808768733652666 1.00606290526526 0.9868238369253648 -0.001250905894585097
59770.87893059928 3.5175 0.01949999999999985 0.9871353659453198 0.004365123936805751 0.9808924258985195 1.006062829453387 0.9868394093888614 0.000295956556458421
59770.878946542696 3.5175 0.01949999999999985 0.9890062585030733 0.004375737497637069 0.9809080229671511 1.0060627536415836 0.9868550266554538 0.0021512318476195613
59770.878962486124 3.5175 0.01949999999999985 0.9813608201014445 0.004358578874880143 0.9809236643339002 1.0060626778297106 0.9868706884862958 -0.005509868384851235
59770.87897842954 3.5175 0.01949999999999985 0.9846625422700683 0.004360967419767234 0.9809393497068201 1.006062602017907 0.9868863945877971 -0.002223852317728814
59770.87899437295 3.5175 0.01949999999999985 0.9868664346019781 0.004366157558139632 0.9809550788386229 1.0060625262061034 0.9869021447110922 -3.571010911407324e-05
59770.87901031638 3.5175 0.01949999999999985 0.9854081750129312 0.004361259715930282 0.9809708514861176 1.0060624503942306 0.9869179386114384 -0.0015097635985071856
59770.87902625979 3.5175 0.01949999999999985 0.9900840472620193 0.004367819422384717 0.9809866673643746 1.0060623745824269 0.986933776002304 0.0031502712597152316
59770.87904220321 3.5175 0.01949999999999985 0.9871001784380151 0.004366722493726337 0.9810025262425135 1.0060622987705887 0.986949656651298 0.00015052178671715044
59770.87905814663 3.5175 0.01949999999999985 0.985513266828712 0.004365007598685813 0.9810184278614716 1.0060622229587504 0.9869655802978107 -0.0014523134690986872
59770.87907409005 3.5175 0.01949999999999985 0.9896448201536264 0.004372700877583762 0.9810343719732589 1.0060621471469122 0.9869815466923394 0.00266327346128703
59770.87909003347 3.5175 0.01949999999999985 0.9900005611460065 0.0043697465761066995 0.9810503583317634 1.0060620713350739 0.9869975555872703 0.003003005558736227
59770.879105976885 3.5175 0.01949999999999985 0.9877707227003857 0.004364938238249195 0.9810663866862082 1.0060619955232704 0.987013606730331 0.0007571159700546781
59770.879121920305 3.5175 0.01949999999999985 0.9801650975097977 0.004350821567800809 0.9810824568089415 1.006061919711432 0.9870296998924117 -0.0068646023826139935
59770.87913786373 3.5175 0.01949999999999985 0.9874956455834587 0.004364964939280872 0.9810985684611374 1.0060618438995592 0.9870458348332298 0.00044981075022887396
59770.879153807145 3.5175 0.01949999999999985 0.9872049682519735 0.0043677962093482455 0.9811147213832375 1.0060617680877555 0.9870620112917455 0.0001429569602279246
59770.879169750566 3.5175 0.01949999999999985 0.9907276800182385 0.004373077530679555 0.9811309153626007 1.0060616922759174 0.9870782290539178 0.0036494509643206774
59770.879185693986 3.5175 0.01949999999999985 0.9876817492533944 0.004367708403483809 0.9811471501588295 1.006061616464079 0.9870944878779164 0.0005872613754779321
59770.8792016374 3.5175 0.01949999999999985 0.9860504088138266 0.004363492224942817 0.9811634255339831 1.0060615406522753 0.987110787524383 -0.00106037871055642
59770.87921758083 3.5175 0.01949999999999985 0.9762717613466558 0.0043441698891769406 0.9811797412808956 1.0060614648404025 0.987127127784785 -0.010855366438129121
59770.87923352424 3.5175 0.01949999999999985 0.9850541524657359 0.004358588000886294 0.9811960971429875 1.0060613890285988 0.987143508401114 -0.0020893559353780677
59770.87924946767 3.5175 0.01949999999999985 0.9967420633670124 0.00438628296398371 0.9812124929256312 1.006061313216726 0.9871599291774179 0.009582134189594527
59770.87926541108 3.5175 0.01949999999999985 0.9788893479483644 0.004349662348882635 0.9812289283759891 1.0060612374049225 0.9871763898594537 -0.00828704191108931
59770.87928135449 3.5175 0.01949999999999985 0.9895272508869855 0.004370334322182195 0.9812454032871818 1.0060611615931188 0.9871928902390104 0.002334360647975098
59770.87929729792 3.5175 0.01949999999999985 0.9870036399611514 0.0043687208758959 0.9812619174557625 1.006061085781246 0.9872094301113318 -0.00020579015018040714
59770.87931324134 3.5175 0.01949999999999985 0.9829855511303541 0.004348316377993418 0.981278470641446 1.0060610099694076 0.9872260092347689 -0.004240458104414757
59770.87932918476 3.5175 0.01949999999999985 0.9859674066751959 0.0043609583532014115 0.9812950626362696 1.0060609341575695 0.9872426274000561 -0.0012752207248601932
59770.879345128174 3.5175 0.01949999999999985 0.9824418446228992 0.004356096149223465 0.9813116932191863 1.0060608583457658 0.9872592843848313 -0.004817439761932163
59770.879361071595 3.5175 0.01949999999999985 0.9957329413157038 0.00438940514246425 0.9813283621925373 1.0060607825339274 0.9872759799901614 0.008456961325542411
59770.879377015015 3.5175 0.01949999999999985 0.9829151453041799 0.0043619431515155285 0.9813450693387472 1.0060607067220892 0.9872927139971777 -0.004377568692997769
59770.879392958435 3.5175 0.01949999999999985 0.9834545656229233 0.0043609259831981955 0.9813618144491266 1.006060630910251 0.9873094861959171 -0.0038549205729937475
59770.87940890185 3.5175 0.01949999999999985 0.9949822611972622 0.004381563674555096 0.9813785973093563 1.0060605550984474 0.9873262963707866 0.00765596482647557
59770.879424845276 3.5175 0.01949999999999985 0.9869699396368024 0.004367566273229339 0.9813954177358994 1.0060604792865746 0.9873431443370271 -0.0003732047002247274
59770.87944078869 3.5175 0.01949999999999985 0.9895934657705344 0.004368759842044669 0.9814122754957777 1.0060604034747709 0.9873600298603751 0.0022334359101593426
59770.87945673211 3.5175 0.01949999999999985 0.9769209929405914 0.004346150909499548 0.9814291704086869 1.0060603276629325 0.9873769527593236 -0.010455959818732152
59770.87947267553 3.5175 0.01949999999999985 0.9911705733081937 0.0043726392618063685 0.9814461022666645 1.0060602518510944 0.9873939128246755 0.0037766604835182127
