eureka_custom_plots/data/stage5_lcfit_results/S5_wasp39b_ap4_bg8_Table_Save_ch36.txt
# %ECSV 1.0
# ---
# datatype:
# - {name: time, datatype: float64}
# - {name: wavelength, datatype: float64}
# - {name: bin_width, datatype: float64}
# - {name: lcdata, datatype: float64}
# - {name: lcerr, datatype: float64}
# - {name: transit, datatype: float64}
# - {name: polynom, datatype: float64}
# - {name: model, datatype: float64}
# - {name: residuals, datatype: float64}
# schema: astropy-2.0
time wavelength bin_width lcdata lcerr transit polynom model residuals
[from data line 17695]
59770.926139062736 4.399 0.019000000000000128 1.0051534916108265 0.007554580411723108 1.0 1.0062785612270269 1.0062785612270269 -0.0011250696162004026
59770.92615500616 4.399 0.019000000000000128 0.9972636381887487 0.007538070757268878 1.0 1.0062784921825083 1.0062784921825083 -0.009014853993759564
59770.92617094958 4.399 0.019000000000000128 1.0026484303046435 0.007543808691892342 1.0 1.0062784231379898 1.0062784231379898 -0.003629992833346307
59770.926186893 4.399 0.019000000000000128 1.0140413216986832 0.0075757264665384134 1.0 1.0062783540934712 1.0062783540934712 0.007762967605212001
59770.92620283642 4.399 0.019000000000000128 0.9972073828735843 0.007559708829567608 1.0 1.0062782850489527 1.0062782850489527 -0.009070902175368323
59770.92621877983 4.399 0.019000000000000128 0.9933275510586109 0.007536121628058162 1.0 1.0062782160044657 1.0062782160044657 -0.012950664945854728
59770.92623472325 4.399 0.019000000000000128 1.0085395263667343 0.007559825523160981 1.0 1.006278146959947 1.006278146959947 0.0022613794067871673
59770.92625066667 4.399 0.019000000000000128 1.0017481096457381 0.007540374191486918 1.0 1.0062780779154286 1.0062780779154286 -0.004529968269690432
59770.92626661009 4.399 0.019000000000000128 1.006802605407503 0.007559917932649268 1.0 1.00627800887091 1.00627800887091 0.0005245965365929806
59770.926282553504 4.399 0.019000000000000128 1.014618858328907 0.007573597744436826 1.0 1.0062779398264228 1.0062779398264228 0.008340918502484307
59770.92629849693 4.399 0.019000000000000128 1.0023064439551306 0.007559625808318266 1.0 1.0062778707818727 1.0062778707818727 -0.003971426826742119
59770.926314440345 4.399 0.019000000000000128 1.0101957283489942 0.0075599889917099625 1.0 1.0062778017373857 1.0062778017373857 0.003917926611608502
59770.92633038376 4.399 0.019000000000000128 1.0015197608395587 0.00755235863297487 1.0 1.0062777326928987 1.0062777326928987 -0.004757971853339926
59770.926346327185 4.399 0.019000000000000128 1.0050370724044573 0.007564316416855368 1.0 1.0062776636483486 1.0062776636483486 -0.0012405912438913091
59770.9263622706 4.399 0.019000000000000128 0.9958053741690482 0.007532892977024137 1.0 1.0062775946038616 1.0062775946038616 -0.010472220434813329
59770.92637821402 4.399 0.019000000000000128 1.00460314037323 0.007533772985560114 1.0 1.006277525559343 1.006277525559343 -0.0016743851861129588
59770.92639415744 4.399 0.019000000000000128 0.9981551636373162 0.007535980050075104 1.0 1.0062774565148245 1.0062774565148245 -0.00812229287750832
59770.92641010086 4.399 0.019000000000000128 1.0164237222781303 0.007591523596828876 1.0 1.006277387470306 1.006277387470306 0.010146334807824342
59770.92642604427 4.399 0.019000000000000128 1.0146198945047677 0.007564534250703667 1.0 1.006277318425819 1.006277318425819 0.008342576078948838
59770.9264419877 4.399 0.019000000000000128 1.0092426493659168 0.007553461043719958 1.0 1.0062772493812688 1.0062772493812688 0.002965399984647954
59770.92645793111 4.399 0.019000000000000128 1.0046112075949951 0.007563270161124712 1.0 1.0062771803367816 1.0062771803367816 -0.0016659727417864811
59770.92647387453 4.399 0.019000000000000128 0.9963706957089697 0.007532059581287869 1.0 1.006277111292263 1.006277111292263 -0.009906415583293304
59770.92648981795 4.399 0.019000000000000128 1.0028004590178488 0.00757060743732088 1.0 1.0062770422477445 1.0062770422477445 -0.0034765832298957466
59770.92650576137 4.399 0.019000000000000128 1.0180566507137185 0.007577081367351618 1.0 1.0062769732032575 1.0062769732032575 0.01177967751046105
59770.92652170479 4.399 0.019000000000000128 1.016293090329775 0.007587050276179515 1.0 1.006276904158739 1.006276904158739 0.010016186171036168
59770.92653764821 4.399 0.019000000000000128 1.004951503261333 0.007569365443729001 1.0 1.0062768351142204 1.0062768351142204 -0.0013253318528874125
59770.92655359163 4.399 0.019000000000000128 1.0183989319601012 0.0075943714310696435 1.0 1.0062767660697018 1.0062767660697018 0.012122165890399383
59770.92656953505 4.399 0.019000000000000128 1.0188116979714088 0.007594367655805882 1.0 1.0062766970251833 1.0062766970251833 0.012535000946225505
59770.92658547847 4.399 0.019000000000000128 1.0069373088990636 0.0075762553301989295 1.0 1.0062766279806648 1.0062766279806648 0.0006606809183988815
59770.92660142188 4.399 0.019000000000000128 1.0036749076272218 0.007549865396371854 1.0 1.0062765589361777 1.0062765589361777 -0.0026016513089559545
59770.9266173653 4.399 0.019000000000000128 1.012669438686454 0.007575036933772009 1.0 1.0062764898916592 1.0062764898916592 0.006392948794794906
59770.92663330872 4.399 0.019000000000000128 0.9949084859333027 0.0075518563678281915 1.0 1.0062764208471404 1.0062764208471404 -0.011367934913837696
59770.92664925214 4.399 0.019000000000000128 1.0018312973711014 0.007547996613996324 1.0 1.0062763518026219 1.0062763518026219 -0.004445054431520434
59770.92666519556 4.399 0.019000000000000128 1.0174240910256438 0.007585967353952321 1.0 1.0062762827581033 1.0062762827581033 0.011147808267540471
59770.926681138975 4.399 0.019000000000000128 1.0090653267817074 0.007561308045460146 1.0 1.0062762137136163 1.0062762137136163 0.0027891130680910425
59770.926697082396 4.399 0.019000000000000128 1.0026170583112757 0.008425109461649326 1.0 1.0062761446690978 1.0062761446690978 -0.0036590863578220834
59770.926713025816 4.399 0.019000000000000128 1.0070124481737266 0.007560598828516666 1.0 1.0062760756245792 1.0062760756245792 0.0007363725491473794
59770.926728969236 4.399 0.019000000000000128 1.0183590867349555 0.0075980405811795736 1.0 1.0062760065800607 1.0062760065800607 0.012083080154894787
59770.92674491265 4.399 0.019000000000000128 1.0086433486718203 0.007550418351596878 1.0 1.0062759375355737 1.0062759375355737 0.002367411136246611
59770.92676085608 4.399 0.019000000000000128 1.0139203375725652 0.007563298663476645 1.0 1.0062758684910236 1.0062758684910236 0.007644469081541594
59770.92677679949 4.399 0.019000000000000128 1.0183804775228353 0.007569496170251378 1.0 1.0062757994465366 1.0062757994465366 0.01210467807629878
59770.9267927429 4.399 0.019000000000000128 0.9994082685776663 0.007537070826451008 1.0 1.0062757304020493 1.0062757304020493 -0.0068674618243830254
59770.92680868633 4.399 0.019000000000000128 1.0108370757324352 0.007574918564743438 1.0 1.0062756613574992 1.0062756613574992 0.004561414374935957
59770.92682462974 4.399 0.019000000000000128 1.0114626879808895 0.007567820406108936 1.0 1.0062755923130122 1.0062755923130122 0.005187095667877228
59770.926840573164 4.399 0.019000000000000128 1.0143848990829152 0.007574260723113741 1.0 1.0062755232684937 1.0062755232684937 0.008109375814421504
59770.926856516584 4.399 0.019000000000000128 1.0008926038274755 0.007559995752047479 1.0 1.0062754542239751 1.0062754542239751 -0.005382850396499661
59770.926872460004 4.399 0.019000000000000128 1.011972122573851 0.0075683675143331675 1.0 1.0062753851794566 1.0062753851794566 0.005696737394394358
59770.92688840342 4.399 0.019000000000000128 0.9937747135097974 0.0075437044109540495 1.0 1.0062753161349696 1.0062753161349696 -0.012500602625172164
59770.92690434684 4.399 0.019000000000000128 0.9940112286822594 0.007526388423088443 1.0 1.006275247090451 1.006275247090451 -0.01226401840819158
59770.92692029026 4.399 0.019000000000000128 0.9916410932004719 0.007527788310500266 1.0 1.0062751780459325 1.0062751780459325 -0.014634084845460582
59770.92693623368 4.399 0.019000000000000128 1.0116752547163377 0.0075766468336270305 1.0 1.006275109001414 1.006275109001414 0.005400145714923754
59770.9269521771 4.399 0.019000000000000128 1.0192058562588808 0.007582094235922493 1.0 1.0062750399568954 1.0062750399568954 0.012930816301985448
59770.92696812051 4.399 0.019000000000000128 1.0027040019860824 0.007520418824204436 1.0 1.0062749709124081 1.0062749709124081 -0.0035709689263256905
59770.92698406393 4.399 0.019000000000000128 1.0002168599011692 0.007556336547107996 1.0 1.0062749018678896 1.0062749018678896 -0.00605804196672044
59770.92700000735 4.399 0.019000000000000128 1.00131936322291 0.007559435476116197 1.0 1.006274832823371 1.006274832823371 -0.004955469600461004
59770.92701595077 4.399 0.019000000000000128 0.9907076439573661 0.007508476851242949 1.0 1.0062747637788525 1.0062747637788525 -0.015567119821486397
59770.927031894185 4.399 0.019000000000000128 1.0066462301888894 0.007558032338309325 1.0 1.0062746947343655 1.0062746947343655 0.0003715354545239524
59770.92704783761 4.399 0.019000000000000128 0.9915163204778837 0.007526479812969287 1.0 1.0062746256898154 1.0062746256898154 -0.014758305211931666
59770.927063781026 4.399 0.019000000000000128 1.0009760311444116 0.007562412943474717 1.0 1.0062745566453284 1.0062745566453284 -0.005298525500916806
59770.92707972444 4.399 0.019000000000000128 1.008733025392544 0.0075743296905527975 1.0 1.0062744876008414 1.0062744876008414 0.0024585377917025752
59770.92709566787 4.399 0.019000000000000128 1.0032398473042177 0.007556566606779976 1.0 1.0062744185562913 1.0062744185562913 -0.0030345712520736257
59770.92711161129 4.399 0.019000000000000128 1.0026521486131559 0.007539615151508197 1.0 1.0062743495117727 1.0062743495117727 -0.0036222008986168674
59770.9271275547 4.399 0.019000000000000128 1.0096399501547602 0.007566221323753826 1.0 1.0062742804672857 1.0062742804672857 0.0033656696874744263
59770.92714349812 4.399 0.019000000000000128 1.0030387611225475 0.007552150618380847 1.0 1.006274211422767 1.006274211422767 -0.0032354503002194335
59770.92715944154 4.399 0.019000000000000128 1.00965115817537 0.007582646303209039 1.0 1.0062741423782484 1.0062741423782484 0.003377015797121574
59770.92717538495 4.399 0.019000000000000128 1.0082116977045055 0.007556667898705094 1.0 1.0062740733337614 1.0062740733337614 0.0019376243707440732
59770.92719132838 4.399 0.019000000000000128 1.0148636511212044 0.007601432509786086 1.0 1.0062740042892113 1.0062740042892113 0.008589646831993036
59770.927207271794 4.399 0.019000000000000128 1.0004781855735652 0.00754954409752482 1.0 1.0062739352447243 1.0062739352447243 -0.005795749671159145
59770.927223215214 4.399 0.019000000000000128 1.0090580515515728 0.007563831268535506 1.0 1.0062738662002058 1.0062738662002058 0.002784185351367041
59770.927239158635 4.399 0.019000000000000128 1.0080616959240143 0.0075713758020850815 1.0 1.0062737971556872 1.0062737971556872 0.0017878987683270786
59770.92725510205 4.399 0.019000000000000128 0.9904632899876952 0.0075274623684893046 1.0 1.0062737281112002 1.0062737281112002 -0.015810438123505022
59770.92727104547 4.399 0.019000000000000128 0.998604374906007 0.007533884538427792 1.0 1.0062736590666816 1.0062736590666816 -0.007669284160674694
59770.92728698889 4.399 0.019000000000000128 1.0103529615606894 0.007578572748526829 1.0 1.006273590022163 1.006273590022163 0.004079371538526333
59770.92730293231 4.399 0.019000000000000128 0.9990211014978928 0.007534331002455491 1.0 1.0062735209776446 1.0062735209776446 -0.007252419479751748
59770.92731887572 4.399 0.019000000000000128 0.9927904850443313 0.007517395018213498 1.0 1.0062734519331573 1.0062734519331573 -0.013482966888825998
59770.92733481915 4.399 0.019000000000000128 1.0103841994825884 0.007579667554327848 1.0 1.0062733828886072 1.0062733828886072 0.004110816593981159
59770.92735076256 4.399 0.019000000000000128 1.0020257555215148 0.0075495410849325305 1.0 1.0062733138441202 1.0062733138441202 -0.0042475583226053715
59770.927366705975 4.399 0.019000000000000128 0.9996109402399865 0.0075650235058503665 1.0 1.0062732447996332 1.0062732447996332 -0.00666230455964667
59770.9273826494 4.399 0.019000000000000128 1.0232173987970723 0.0075824514438306906 1.0 1.0062731757550831 1.0062731757550831 0.01694422304198917
59770.92739859282 4.399 0.019000000000000128 1.0117721899641359 0.007568275226086797 1.0 1.0062731067105646 1.0062731067105646 0.005499083253571291
59770.927414536236 4.399 0.019000000000000128 1.0001229904590057 0.007556126850726324 1.0 1.0062730376660776 1.0062730376660776 -0.006150047207071907
59770.927430479656 4.399 0.019000000000000128 1.0140998433950135 0.007568589584539757 1.0 1.006272968621559 1.006272968621559 0.00782687477345445
59770.92744642308 4.399 0.019000000000000128 1.0112939931236395 0.007564938988609082 1.0 1.0062728995770405 1.0062728995770405 0.005021093546599076
59770.92746236649 4.399 0.019000000000000128 1.0037531113183344 0.0075512983449957235 1.0 1.0062728305325535 1.0062728305325535 -0.0025197192142190072
59770.92747830992 4.399 0.019000000000000128 1.0138234617416018 0.007578621122898969 1.0 1.0062727614880034 1.0062727614880034 0.007550700253598386
59770.92749425333 4.399 0.019000000000000128 1.0092724509655921 0.007567559884343866 1.0 1.0062726924435161 1.0062726924435161 0.0029997585220760126
59770.92751019675 4.399 0.019000000000000128 1.0212039630069314 0.007584565579266699 1.0 1.0062726233989976 1.0062726233989976 0.014931339607933802
59770.92752614017 4.399 0.019000000000000128 0.9995210996922415 0.007554561203316532 1.0 1.006272554354479 1.006272554354479 -0.006751454662237588
59770.927542083584 4.399 0.019000000000000128 1.014889547233293 0.007586663281196038 1.0 1.006272485309992 1.006272485309992 0.008617061923301028
59770.927558027004 4.399 0.019000000000000128 1.0007858570806618 0.007548512282548699 1.0 1.0062724162654735 1.0062724162654735 -0.005486559184811668
59770.927573970424 4.399 0.019000000000000128 1.0227368685453813 0.007591385674454066 1.0 1.006272347220955 1.006272347220955 0.01646452132442633
59770.927589913845 4.399 0.019000000000000128 1.0211660807303107 0.007589040094362654 1.0 1.0062722781764364 1.0062722781764364 0.014893802553874291
59770.927605857265 4.399 0.019000000000000128 1.0002558915812936 0.007549221226675244 1.0 1.0062722091319178 1.0062722091319178 -0.006016317550624262
59770.927621800685 4.399 0.019000000000000128 0.9967184122270835 0.007542532511082314 1.0 1.0062721400873993 1.0062721400873993 -0.00955372786031583
59770.9276377441 4.399 0.019000000000000128 1.0087494260490146 0.007563731818446606 1.0 1.0062720710429123 1.0062720710429123 0.0024773550061023553
59770.927653687526 4.399 0.019000000000000128 1.0057612119184327 0.007565833284668495 1.0 1.0062720019983622 1.0062720019983622 -0.0005107900799294907
59770.92766963094 4.399 0.019000000000000128 1.0075502293764214 0.007546049768343613 1.0 1.006271932953875 1.006271932953875 0.0012782964225463989
59770.92768557436 4.399 0.019000000000000128 1.0073746533667303 0.007571352432315162 1.0 1.0062718639093564 1.0062718639093564 0.001102789457373854
59770.92770151778 4.399 0.019000000000000128 0.9944296708209603 0.0075361172126450545 1.0 1.0062717948648379 1.0062717948648379 -0.011842124043877522
59770.92771746119 4.399 0.019000000000000128 0.9934360719530555 0.007512404452996957 1.0 1.0062717258203508 1.0062717258203508 -0.012835653867295349
59770.92773340461 4.399 0.019000000000000128 1.0095736230160228 0.007557055558356044 1.0 1.0062716567758323 1.0062716567758323 0.0033019662401905236
59770.92774934803 4.399 0.019000000000000128 1.0030652987045 0.007562584557883163 1.0 1.0062715877313138 1.0062715877313138 -0.0032062890268138577
59770.92776529145 4.399 0.019000000000000128 1.0075574454831089 0.007557571217961992 1.0 1.0062715186867952 1.0062715186867952 0.0012859267963136745
59770.92778123487 4.399 0.019000000000000128 1.004561954238992 0.007567438336103736 1.0 1.0062714496423082 1.0062714496423082 -0.001709495403316108
59770.927797178294 4.399 0.019000000000000128 1.0155906390903886 0.0075786708198307745 1.0 1.0062713805977581 1.0062713805977581 0.009319258492630489
59770.92781312171 4.399 0.019000000000000128 1.0055615255998527 0.007556111787824301 1.0 1.006271311553271 1.006271311553271 -0.0007097859534184181
