eureka_custom_plots/data/stage5_lcfit_results/S5_wasp39b_ap4_bg8_Table_Save_ch09.txt
# %ECSV 1.0
# ---
# datatype:
# - {name: time, datatype: float64}
# - {name: wavelength, datatype: float64}
# - {name: bin_width, datatype: float64}
# - {name: lcdata, datatype: float64}
# - {name: lcerr, datatype: float64}
# - {name: transit, datatype: float64}
# - {name: polynom, datatype: float64}
# - {name: model, datatype: float64}
# - {name: residuals, datatype: float64}
# schema: astropy-2.0
time wavelength bin_width lcdata lcerr transit polynom model residuals
[from data line 19073]
59770.94810909365 3.364 0.018999999999999906 1.0048583238427646 0.005470722205993216 1.0 1.0053262347987704 1.0053262347987704 -0.00046791095600573485
59770.948125037066 3.364 0.018999999999999906 1.0059349908200657 0.005450116978866458 1.0 1.0053261220544503 1.0053261220544503 0.000608868765615389
59770.94814098049 3.364 0.018999999999999906 1.004557053731281 0.005451127780470234 1.0 1.0053260093100789 1.0053260093100789 -0.0007689555787979696
59770.94815692391 3.364 0.018999999999999906 1.0097652540554087 0.005468006434190462 1.0 1.0053258965657073 1.0053258965657073 0.004439357489701479
59770.94817286733 3.364 0.018999999999999906 1.0176981866470702 0.006710009156550672 1.0 1.0053257838213359 1.0053257838213359 0.012372402825734374
59770.94818881074 3.364 0.018999999999999906 1.009365721351645 0.005469958069137664 1.0 1.005325671077016 1.005325671077016 0.004040050274628948
59770.94820475417 3.364 0.018999999999999906 0.9974141801732457 0.005438291243195223 1.0 1.005325558332593 1.005325558332593 -0.007911378159347393
59770.94822069758 3.364 0.018999999999999906 1.0098965110111628 0.005469835645450756 1.0 1.005325445588273 1.005325445588273 0.004571065422889875
59770.948236641 3.364 0.018999999999999906 1.027321170720406 0.006730988583823372 1.0 1.0053253328439016 1.0053253328439016 0.021995837876504387
59770.94825258442 3.364 0.018999999999999906 1.027458366242345 0.006737273597585065 1.0 1.00532522009953 1.00532522009953 0.02213314614281514
59770.948268527834 3.364 0.018999999999999906 1.0249274397515358 0.006719591012108391 1.0 1.00532510735521 1.00532510735521 0.019602332396325695
59770.948284471255 3.364 0.018999999999999906 1.0269912049624719 0.006734867980683166 1.0 1.0053249946108385 1.0053249946108385 0.021666210351633408
59770.948300414675 3.364 0.018999999999999906 1.0142974300643417 0.005469472988915849 1.0 1.005324881866467 1.005324881866467 0.00897254819787463
59770.948316358095 3.364 0.018999999999999906 1.0200394625799687 0.006716560760668985 1.0 1.0053247691220957 1.0053247691220957 0.014714693457873018
59770.94833230151 3.364 0.018999999999999906 1.0303884136033092 0.006747498133517435 1.0 1.0053246563777756 1.0053246563777756 0.025063757225533667
59770.948348244936 3.364 0.018999999999999906 1.0135414915980683 0.006693882880428358 1.0 1.0053245436333527 1.0053245436333527 0.008216947964715615
59770.94836418835 3.364 0.018999999999999906 1.0255588416406707 0.006733671450499309 1.0 1.0053244308890328 1.0053244308890328 0.0202344107516379
59770.94838013176 3.364 0.018999999999999906 1.0204671540521313 0.006721261530799643 1.0 1.0053243181447127 1.0053243181447127 0.015142835907418606
59770.94839607518 3.364 0.018999999999999906 1.0258436541621279 0.005500270307312125 1.0 1.0053242054003413 1.0053242054003413 0.020519448761786574
59770.94841201861 3.364 0.018999999999999906 "" "" 1.0 1.0053240926559184 1.0053240926559184 ""
59770.94842796202 3.364 0.018999999999999906 1.009632001798217 0.005468363731962367 1.0 1.0053239799115983 1.0053239799115983 0.004308021886618718
59770.948443905436 3.364 0.018999999999999906 "" "" 1.0 1.0053238671672784 1.0053238671672784 ""
59770.94845984886 3.364 0.018999999999999906 1.003011471906392 0.005452163048151268 1.0 1.0053237544228555 1.0053237544228555 -0.0023122825164634264
59770.94847579228 3.364 0.018999999999999906 0.9982429016627591 0.005435656808778307 1.0 1.0053236416785354 1.0053236416785354 -0.007080740015776299
59770.9484917357 3.364 0.018999999999999906 1.023079708983146 0.006725293024922138 1.0 1.005323528934164 1.005323528934164 0.01775618004898205
59770.94850767912 3.364 0.018999999999999906 1.0050665325186325 0.005462514263932289 1.0 1.0053234161897924 1.0053234161897924 -0.00025688367115983546
59770.94852362254 3.364 0.018999999999999906 1.0047836823970973 0.005452147035658774 1.0 1.005323303445421 1.005323303445421 -0.000539621048323724
59770.94853956595 3.364 0.018999999999999906 1.0025411572426945 0.005455413025846826 1.0 1.005323190701101 1.005323190701101 -0.002782033458406552
59770.94855550937 3.364 0.018999999999999906 1.012616585968219 0.00546924816286001 1.0 1.0053230779567295 1.0053230779567295 0.007293508011489536
59770.94857145279 3.364 0.018999999999999906 1.0074933733599498 0.005454312318840485 1.0 1.005322965212358 1.005322965212358 0.002170408147591729
59770.948587396204 3.364 0.018999999999999906 1.004590071441312 0.005445343012877841 1.0 1.005322852468038 1.005322852468038 -0.0007327810267259149
59770.94860333963 3.364 0.018999999999999906 1.0107364613412508 0.005471942536532531 1.0 1.005322739723615 1.005322739723615 0.005413721617635758
59770.948619283045 3.364 0.018999999999999906 "" "" 1.0 1.0053226269792952 1.0053226269792952 ""
59770.948635226465 3.364 0.018999999999999906 1.00751944914269 0.005467350791951906 1.0 1.0053225142349236 1.0053225142349236 0.0021969349077664013
59770.948651169885 3.364 0.018999999999999906 1.0080547126715171 0.005472561393243264 1.0 1.0053224014905522 1.0053224014905522 0.0027323111809649525
59770.9486671133 3.364 0.018999999999999906 0.9998938564409985 0.0054402867391426775 1.0 1.0053222887462323 1.0053222887462323 -0.005428432305233821
59770.94868305672 3.364 0.018999999999999906 0.9958005981293718 0.005432347493901914 1.0 1.0053221760018607 1.0053221760018607 -0.009521577872488862
59770.94869900014 3.364 0.018999999999999906 0.9993540640803182 0.005447752096422986 1.0 1.0053220632574893 1.0053220632574893 -0.005967999177171057
59770.94871494356 3.364 0.018999999999999906 1.0005481280611936 0.005451311926805714 1.0 1.005321950513118 1.005321950513118 -0.004773822451924259
59770.94873088697 3.364 0.018999999999999906 1.0070560840939287 0.005469194574179493 1.0 1.0053218377687978 1.0053218377687978 0.0017342463251308615
59770.94874683039 3.364 0.018999999999999906 1.0138886444088564 0.005490732775001921 1.0 1.0053217250244264 1.0053217250244264 0.008566919384429994
59770.94876277381 3.364 0.018999999999999906 "" "" 1.0 1.0053216122800548 1.0053216122800548 ""
59770.94877871723 3.364 0.018999999999999906 "" "" 1.0 1.0053214995356834 1.0053214995356834 ""
59770.948794660646 3.364 0.018999999999999906 1.0024800264670106 0.005451382166919691 1.0 1.0053213867913635 1.0053213867913635 -0.002841360324352893
59770.94881060407 3.364 0.018999999999999906 1.0045910490820646 0.005456739316673552 1.0 1.0053212740469406 1.0053212740469406 -0.0007302249648759584
59770.94882654749 3.364 0.018999999999999906 0.9976722725647302 0.0054333198723480304 1.0 1.0053211613026205 1.0053211613026205 -0.007648888737890269
59770.9488424909 3.364 0.018999999999999906 1.0023407379208 0.00544926789660329 1.0 1.0053210485583004 1.0053210485583004 -0.002980310637500372
59770.94885843433 3.364 0.018999999999999906 0.9980434076187502 0.005442382694456998 1.0 1.0053209358138775 1.0053209358138775 -0.007277528195127281
59770.94887437775 3.364 0.018999999999999906 1.008114278708402 0.0054638781756383035 1.0 1.005320823069506 1.005320823069506 0.002793455638895992
59770.94889032116 3.364 0.018999999999999906 0.9974043316631662 0.005447234485592649 1.0 1.005320710325186 1.005320710325186 -0.007916378662019774
59770.94890626458 3.364 0.018999999999999906 1.0174063237073687 0.005480198609837433 1.0 1.0053205975808146 1.0053205975808146 0.01208572612655412
59770.948922208 3.364 0.018999999999999906 1.0072856259309169 0.005468314311551757 1.0 1.0053204848364432 1.0053204848364432 0.0019651410944736547
59770.948938151414 3.364 0.018999999999999906 1.0061879248353487 0.0054579278236827995 1.0 1.005320372092123 1.005320372092123 0.0008675527432255858
59770.94895409484 3.364 0.018999999999999906 1.0042390083224986 0.005448558546422975 1.0 1.0053202593477002 1.0053202593477002 -0.0010812510252016239
59770.948970038255 3.364 0.018999999999999906 1.0021836164175926 0.005446125460165942 1.0 1.0053201466033803 1.0053201466033803 -0.003136530185787745
59770.948985981675 3.364 0.018999999999999906 1.0033869519805692 0.005451486762393447 1.0 1.0053200338590087 1.0053200338590087 -0.0019330818784395465
59770.94900192509 3.364 0.018999999999999906 0.9972854560725117 0.005446424204297788 1.0 1.0053199211146888 1.0053199211146888 -0.008034465042177086
59770.94901786851 3.364 0.018999999999999906 0.9985995382047909 0.0054394506543600655 1.0 1.0053198083703174 1.0053198083703174 -0.006720270165526565
59770.94903381193 3.364 0.018999999999999906 0.9990127790377948 0.005447041621568293 1.0 1.0053196956259458 1.0053196956259458 -0.006306916588150968
59770.94904975534 3.364 0.018999999999999906 1.0033205050231886 0.005449691111753927 1.0 1.005319582881626 1.005319582881626 -0.001999077858437337
59770.94906569877 3.364 0.018999999999999906 1.001286054317023 0.005441312158444886 1.0 1.005319470137203 1.005319470137203 -0.00403341582018002
59770.94908164218 3.364 0.018999999999999906 1.0049913519613936 0.005457983889906356 1.0 1.005319357392883 1.005319357392883 -0.00032800543148936434
59770.9490975856 3.364 0.018999999999999906 1.0090067506441596 0.005457972921522934 1.0 1.0053192446485115 1.0053192446485115 0.003687505995648044
59770.94911352902 3.364 0.018999999999999906 1.0050604371038616 0.005453494728560613 1.0 1.00531913190414 1.00531913190414 -0.00025869480027829184
59770.949129472436 3.364 0.018999999999999906 1.0026213325496474 0.005444027028623002 1.0 1.00531901915982 1.00531901915982 -0.002697686610172667
59770.949145415856 3.364 0.018999999999999906 1.001429214537973 0.005448406689857374 1.0 1.0053189064154486 1.0053189064154486 -0.003889691877475565
59770.94916135928 3.364 0.018999999999999906 1.0215941536207025 0.006732524434950619 1.0 1.0053187936710257 1.0053187936710257 0.01627535994967677
59770.9491773027 3.364 0.018999999999999906 1.0080029543552276 0.00546015211403004 1.0 1.0053186809267056 1.0053186809267056 0.002684273428521955
59770.94919324611 3.364 0.018999999999999906 1.0152939338841067 0.005477175823651936 1.0 1.0053185681823855 1.0053185681823855 0.009975365701721195
59770.94920918954 3.364 0.018999999999999906 1.0124073432122127 0.005462485023056798 1.0 1.0053184554379626 1.0053184554379626 0.007088887774250097
59770.94922513295 3.364 0.018999999999999906 1.0077218925187452 0.00545851103100488 1.0 1.0053183426936427 1.0053183426936427 0.002403549825102491
59770.94924107637 3.364 0.018999999999999906 1.0066150634495696 0.005462939847227842 1.0 1.0053182299492711 1.0053182299492711 0.001296833500298522
59770.94925701978 3.364 0.018999999999999906 "" "" 1.0 1.0053181172049512 1.0053181172049512 ""
59770.94927296321 3.364 0.018999999999999906 1.0215343766436449 0.006706618423442659 1.0 1.0053180044605283 1.0053180044605283 0.016216372183116556
59770.949288906624 3.364 0.018999999999999906 1.0010307237911438 0.005451875529357263 1.0 1.0053178917162082 1.0053178917162082 -0.00428716792506445
59770.94930485004 3.364 0.018999999999999906 1.0182503002340724 0.006710933580676829 1.0 1.0053177789718883 1.0053177789718883 0.012932521262184027
59770.949320793465 3.364 0.018999999999999906 1.0016099161787617 0.005451480883096665 1.0 1.0053176662274654 1.0053176662274654 -0.0037077500487037174
59770.94933673688 3.364 0.018999999999999906 1.0064482077234251 0.0054580561025062285 1.0 1.0053175534831453 1.0053175534831453 0.0011306542402798048
59770.9493526803 3.364 0.018999999999999906 1.005294053703359 0.005459520252526888 1.0 1.005317440738774 1.005317440738774 -2.3387035414934587e-05
59770.94936862372 3.364 0.018999999999999906 1.018182210039413 0.00671815132736762 1.0 1.0053173279944023 1.0053173279944023 0.012864882045010573
59770.94938456714 3.364 0.018999999999999906 0.9952552377244485 0.005432662817220677 1.0 1.005317215250031 1.005317215250031 -0.010061977525582466
59770.94940051055 3.364 0.018999999999999906 1.001280083869929 0.005449992959153406 1.0 1.005317102505711 1.005317102505711 -0.004037018635782097
59770.94941645398 3.364 0.018999999999999906 1.0120785887743498 0.005468946463309143 1.0 1.0053169897612881 1.0053169897612881 0.006761599013061614
59770.94943239739 3.364 0.018999999999999906 1.00366686774935 0.005457687944676109 1.0 1.005316877016968 1.005316877016968 -0.0016500092676179356
59770.94944834081 3.364 0.018999999999999906 1.0056413295798476 0.005451689435140936 1.0 1.0053167642725966 1.0053167642725966 0.0003245653072510013
59770.94946428423 3.364 0.018999999999999906 1.0038996355965462 0.005453348830961052 1.0 1.005316651528225 1.005316651528225 -0.0014170159316788666
59770.949480227646 3.364 0.018999999999999906 1.0002561806850057 0.005444528849477982 1.0 1.0053165387839051 1.0053165387839051 -0.005060358098899487
59770.949496171066 3.364 0.018999999999999906 1.0090665071517906 0.005460883215856803 1.0 1.0053164260395338 1.0053164260395338 0.003750081112256831
59770.94951211449 3.364 0.018999999999999906 1.0038544357910621 0.005450667706148858 1.0 1.0053163132951621 1.0053163132951621 -0.0014618775040999843
59770.94952805791 3.364 0.018999999999999906 1.0040549073032767 0.005457163734577763 1.0 1.0053162005507907 1.0053162005507907 -0.001261293247514006
59770.94954400132 3.364 0.018999999999999906 1.0091693564381303 0.0054671206858452155 1.0 1.0053160878064706 1.0053160878064706 0.00385326863165969
59770.94955994474 3.364 0.018999999999999906 1.0021533294597875 0.005447544848734412 1.0 1.0053159750620992 1.0053159750620992 -0.00316264560231172
59770.94957588816 3.364 0.018999999999999906 "" "" 1.0 1.0053158623177278 1.0053158623177278 ""
59770.94959183157 3.364 0.018999999999999906 1.0038306170131703 0.005450830930770474 1.0 1.0053157495734077 1.0053157495734077 -0.0014851325602374121
59770.94960777499 3.364 0.018999999999999906 1.010920424375818 0.00547085758846183 1.0 1.0053156368290364 1.0053156368290364 0.005604787546781731
59770.94962371842 3.364 0.018999999999999906 1.0082345729827815 0.005462302378859707 1.0 1.0053155240846134 1.0053155240846134 0.002919048898168075
59770.949639661834 3.364 0.018999999999999906 1.002573521317209 0.005458642810394677 1.0 1.0053154113402933 1.0053154113402933 -0.002741890023084448
59770.94965560525 3.364 0.018999999999999906 1.0008690496084247 0.005461642303244192 1.0 1.0053152985959735 1.0053152985959735 -0.004446248987548751
59770.949671548675 3.364 0.018999999999999906 0.9983747422683934 0.005438725684820671 1.0 1.0053151858515506 1.0053151858515506 -0.006940443583157152
59770.94968749209 3.364 0.018999999999999906 1.0115507911210952 0.005472392498546347 1.0 1.0053150731072305 1.0053150731072305 0.006235718013864799
59770.94970343551 3.364 0.018999999999999906 1.0028620293611497 0.005456729257809868 1.0 1.005314960362859 1.005314960362859 -0.002452931001709402
59770.94971937893 3.364 0.018999999999999906 1.0138754374542118 0.005472263104133018 1.0 1.0053148476184874 1.0053148476184874 0.008560589835724386
59770.94973532235 3.364 0.018999999999999906 0.995287251707189 0.0054328829949604205 1.0 1.005314734874116 1.005314734874116 -0.010027483166927031
59770.94975126576 3.364 0.018999999999999906 1.0075992375283072 0.0054599246078027895 1.0 1.0053146221297962 1.0053146221297962 0.002284615398510992
59770.94976720918 3.364 0.018999999999999906 1.0089399366210627 0.005470666326246838 1.0 1.0053145093854245 1.0053145093854245 0.00362542723563819
59770.9497831526 3.364 0.018999999999999906 1.0002118020516515 0.005442348705267146 1.0 1.0053143966410532 1.0053143966410532 -0.0051025945894016544
59770.949799096015 3.364 0.018999999999999906 1.0132175398202095 0.0054740817803535895 1.0 1.005314283896733 1.005314283896733 0.007903255923476404
59770.949815039436 3.364 0.018999999999999906 1.0085780915493086 0.0054624172017226835 1.0 1.0053141711523617 1.0053141711523617 0.0032639203969468955
59770.949830982856 3.364 0.018999999999999906 0.9996558224516339 0.005443459033633982 1.0 1.0053140584079903 1.0053140584079903 -0.005658235956356394
59770.949846926276 3.364 0.018999999999999906 0.9908996002237106 0.00542765841514831 1.0 1.0053139456636186 1.0053139456636186 -0.01441434543990805
