eureka_custom_plots/data/stage5_lcfit_results/S5_wasp39b_ap4_bg8_Table_Save_ch20.txt
# %ECSV 1.0
# ---
# datatype:
# - {name: time, datatype: float64}
# - {name: wavelength, datatype: float64}
# - {name: bin_width, datatype: float64}
# - {name: lcdata, datatype: float64}
# - {name: lcerr, datatype: float64}
# - {name: transit, datatype: float64}
# - {name: polynom, datatype: float64}
# - {name: model, datatype: float64}
# - {name: residuals, datatype: float64}
# schema: astropy-2.0
time wavelength bin_width lcdata lcerr transit polynom model residuals
[from data line 17497]
59770.92298226582 3.786 0.019000000000000128 1.0080915234319394 0.006142877740942471 1.0 1.0058161312650042 1.0058161312650042 0.002275392166935175
59770.922998209244 3.786 0.019000000000000128 1.0149508587200136 0.006155384185650386 1.0 1.0058160622707795 1.0058160622707795 0.009134796449234095
59770.92301415266 3.786 0.019000000000000128 0.9999834217330935 0.006128339972671277 1.0 1.005815993276586 1.005815993276586 -0.005832571543492482
59770.923030096084 3.786 0.019000000000000128 1.0027290773094197 0.006136081332898008 1.0 1.0058159242823297 1.0058159242823297 -0.0030868469729099512
59770.9230460395 3.786 0.019000000000000128 1.0073531721972964 0.006138019092867065 1.0 1.0058158552881364 1.0058158552881364 0.0015373169091599248
59770.92306198292 3.786 0.019000000000000128 1.0205498827678416 0.0061608283597883225 1.0 1.0058157862939114 1.0058157862939114 0.014734096473930203
59770.92307792634 3.786 0.019000000000000128 0.991146284560999 0.006107126208589936 1.0 1.0058157172996867 1.0058157172996867 -0.014669432738687704
59770.92309386975 3.786 0.019000000000000128 0.9971668718951134 0.0060988103561537416 1.0 1.0058156483054932 1.0058156483054932 -0.008648776410379755
59770.92310981318 3.786 0.019000000000000128 1.0007113816370272 0.006116414515543202 1.0 1.0058155793112369 1.0058155793112369 -0.005104197674209665
59770.9231257566 3.786 0.019000000000000128 1.005098310754316 0.006139747934745895 1.0 1.005815510317012 1.005815510317012 -0.0007171995626960026
59770.92314170001 3.786 0.019000000000000128 1.0073570354058758 0.006138372918020021 1.0 1.0058154413228186 1.0058154413228186 0.0015415940830572072
59770.92315764343 3.786 0.019000000000000128 1.0030441132367907 0.0061302971137460905 1.0 1.0058153723285939 1.0058153723285939 -0.002771259091803202
59770.92317358685 3.786 0.019000000000000128 0.9910211687480557 0.006100610228547988 1.0 1.0058153033343689 1.0058153033343689 -0.014794134586313179
59770.923189530266 3.786 0.019000000000000128 1.0112199155036599 0.006142749092482293 1.0 1.0058152343401756 1.0058152343401756 0.005404681163484248
59770.92320547369 3.786 0.019000000000000128 1.009523709665494 0.006129152712799485 1.0 1.0058151653459193 1.0058151653459193 0.0037085443195747914
59770.923221417106 3.786 0.019000000000000128 1.0000551329081309 0.006123364977696029 1.0 1.0058150963517258 1.0058150963517258 -0.005759963443594973
59770.92323736053 3.786 0.019000000000000128 "" "" 1.0 1.005815027357501 1.005815027357501 ""
59770.92325330395 3.786 0.019000000000000128 1.0169498046512897 0.0061682011305184276 1.0 1.005814958363276 1.005814958363276 0.011134846288013645
59770.92326924736 3.786 0.019000000000000128 1.0087431368685547 0.0061285548020053185 1.0 1.0058148893690828 1.0058148893690828 0.0029282474994718477
59770.92328519078 3.786 0.019000000000000128 1.0114216091552302 0.006133812533292806 1.0 1.0058148203748578 1.0058148203748578 0.0056067887803723515
59770.92330113421 3.786 0.019000000000000128 1.0060359064393465 0.006125891031673529 1.0 1.0058147513806015 1.0058147513806015 0.00022115505874498176
59770.92331707762 3.786 0.019000000000000128 1.0114680851788609 0.006152016518892175 1.0 1.005814682386408 1.005814682386408 0.005653402792452855
59770.92333302103 3.786 0.019000000000000128 1.005323687173318 0.00612519286891413 1.0 1.0058146133922148 1.0058146133922148 -0.0004909262188967922
59770.92334896446 3.786 0.019000000000000128 1.0020905097213837 0.006125688843943256 1.0 1.0058145443979585 1.0058145443979585 -0.0037240346765747834
59770.923364907874 3.786 0.019000000000000128 1.0120132941656075 0.006159925127479231 1.0 1.005814475403765 1.005814475403765 0.006198818761842473
59770.923380851294 3.786 0.019000000000000128 1.0101183807474532 0.006136460206887095 1.0 1.0058144064095402 1.0058144064095402 0.004303974337912964
59770.923396794715 3.786 0.019000000000000128 1.011811170858282 0.006157889585335642 1.0 1.0058143374153152 1.0058143374153152 0.005996833442966754
59770.923412738135 3.786 0.019000000000000128 0.9999445204497116 0.006119353116823665 1.0 1.0058142684210905 1.0058142684210905 -0.005869747971378847
59770.92342868155 3.786 0.019000000000000128 1.0136088794741642 0.006149520332000628 1.0 1.005814199426897 1.005814199426897 0.007794680047267244
59770.92344462497 3.786 0.019000000000000128 1.010276688872254 0.006158168846877618 1.0 1.0058141304326722 1.0058141304326722 0.004462558439581876
59770.92346056839 3.786 0.019000000000000128 1.0071401864643523 0.0061299119439167165 1.0 1.0058140614384472 1.0058140614384472 0.0013261250259051227
59770.9234765118 3.786 0.019000000000000128 1.0013351217202329 0.0061189666656646146 1.0 1.005813992444254 1.005813992444254 -0.004478870724021089
59770.92349245523 3.786 0.019000000000000128 1.008955801612718 0.0061437277849442804 1.0 1.0058139234499976 1.0058139234499976 0.0031418781627203796
59770.92350839864 3.786 0.019000000000000128 1.0073967102349854 0.006136213712224459 1.0 1.0058138544558042 1.0058138544558042 0.0015828557791812692
59770.92352434206 3.786 0.019000000000000128 1.0068623385026256 0.00612310617889264 1.0 1.0058137854615794 1.0058137854615794 0.0010485530410462296
59770.92354028548 3.786 0.019000000000000128 1.0147833662756223 0.006147966580404767 1.0 1.0058137164673544 1.0058137164673544 0.008969649808267866
59770.923556228896 3.786 0.019000000000000128 1.0156182103683506 0.0061503876560184256 1.0 1.0058136474731612 1.0058136474731612 0.009804562895189495
59770.923572172316 3.786 0.019000000000000128 1.0071373740182765 0.0061453779478759405 1.0 1.0058135784789362 1.0058135784789362 0.0013237955393403666
59770.923588115744 3.786 0.019000000000000128 0.9962740449797766 0.006121095346826155 1.0 1.0058135094846798 1.0058135094846798 -0.009539464504903283
59770.92360405916 3.786 0.019000000000000128 1.0090140103818772 0.006140456672665385 1.0 1.0058134404904866 1.0058134404904866 0.0032005698913906144
59770.92362000257 3.786 0.019000000000000128 1.000100301252647 0.006110021772651908 1.0 1.0058133714962931 1.0058133714962931 -0.00571307024364609
59770.923635946 3.786 0.019000000000000128 1.0010402628507196 0.006110907721719247 1.0 1.0058133025020368 1.0058133025020368 -0.004773039651317257
59770.92365188941 3.786 0.019000000000000128 1.0043439949297195 0.006126641734417385 1.0 1.0058132335078434 1.0058132335078434 -0.001469238578123866
59770.92366783284 3.786 0.019000000000000128 0.9942164030138724 0.006114548956194011 1.0 1.005813164513587 1.005813164513587 -0.01159676149971467
59770.92368377625 3.786 0.019000000000000128 1.0075530822716927 0.006130990095459439 1.0 1.0058130955193936 1.0058130955193936 0.0017399867522991386
59770.92369971967 3.786 0.019000000000000128 1.0051405058316154 0.006137394880444052 1.0 1.0058130265251688 1.0058130265251688 -0.0006725206935533912
59770.92371566309 3.786 0.019000000000000128 0.9948015130483631 0.006109062827226063 1.0 1.005812957530944 1.005812957530944 -0.011011444482580957
59770.923731606505 3.786 0.019000000000000128 1.005834177909922 0.0061360073494150565 1.0 1.0058128885367505 1.0058128885367505 2.1289373171473613e-05
59770.923747549925 3.786 0.019000000000000128 1.0083874064220661 0.0061306396102260245 1.0 1.0058128195425258 1.0058128195425258 0.002574586879540375
59770.92376349335 3.786 0.019000000000000128 1.01304812458093 0.006144405269283538 1.0 1.0058127505482692 1.0058127505482692 0.007235374032660724
59770.923779436765 3.786 0.019000000000000128 1.0096482031707692 0.006149609516796327 1.0 1.005812681554076 1.005812681554076 0.003835521616693205
59770.92379538018 3.786 0.019000000000000128 0.9956380631840805 0.006108306331421531 1.0 1.0058126125598825 1.0058126125598825 -0.010174549375801978
59770.923811323606 3.786 0.019000000000000128 1.0012206224786042 0.006114319709024801 1.0 1.0058125435656262 1.0058125435656262 -0.0045919210870219995
59770.92382726702 3.786 0.019000000000000128 1.0053319283850488 0.0061263736704377375 1.0 1.0058124745714327 1.0058124745714327 -0.0004805461863839344
59770.92384321044 3.786 0.019000000000000128 1.007836910026092 0.006139438008196266 1.0 1.005812405577208 1.005812405577208 0.0020245044488840236
59770.92385915386 3.786 0.019000000000000128 0.9941811797312249 0.0074796920036292345 1.0 1.0058123365829832 1.0058123365829832 -0.011631156851758306
59770.92387509728 3.786 0.019000000000000128 1.0155666599079856 0.006159573813626597 1.0 1.0058122675887582 1.0058122675887582 0.009754392319227367
59770.92389104069 3.786 0.019000000000000128 0.994950316045092 0.006117911252088744 1.0 1.005812198594565 1.005812198594565 -0.010861882549472957
59770.92390698411 3.786 0.019000000000000128 1.004164314451668 0.006134600216920923 1.0 1.00581212960034 1.00581212960034 -0.0016478151486718495
59770.92392292753 3.786 0.019000000000000128 0.9994350024540755 0.006128505912709805 1.0 1.0058120606061152 1.0058120606061152 -0.006377058152039705
59770.92393887095 3.786 0.019000000000000128 1.0004317932123485 0.006117202968734991 1.0 1.0058119916119217 1.0058119916119217 -0.005380198399573155
59770.923954814374 3.786 0.019000000000000128 1.0050986211981254 0.006124570252426861 1.0 1.0058119226176654 1.0058119226176654 -0.0007133014195399578
59770.92397075779 3.786 0.019000000000000128 1.004447954846811 0.006142456060582781 1.0 1.005811853623472 1.005811853623472 -0.0013638987766608768
59770.92398670121 3.786 0.019000000000000128 1.0099160734210306 0.00614094657603043 1.0 1.0058117846292471 1.0058117846292471 0.004104288791783484
59770.92400264463 3.786 0.019000000000000128 1.0148875239516397 0.006167439048356802 1.0 1.0058117156350224 1.0058117156350224 0.009075808316617362
59770.92401858804 3.786 0.019000000000000128 1.0078468485087346 0.006142077699491869 1.0 1.005811646640829 1.005811646640829 0.0020352018679057338
59770.92403453146 3.786 0.019000000000000128 1.002204190768041 0.006123517915950158 1.0 1.0058115776466041 1.0058115776466041 -0.0036073868785631014
59770.92405047489 3.786 0.019000000000000128 1.0083737615818584 0.0061404644598517764 1.0 1.0058115086523478 1.0058115086523478 0.0025622529295106222
59770.9240664183 3.786 0.019000000000000128 1.0143442974883436 0.006157148788851054 1.0 1.0058114396581543 1.0058114396581543 0.008532857830189311
59770.924082361715 3.786 0.019000000000000128 "" "" 1.0 1.0058113706639609 1.0058113706639609 ""
59770.92409830514 3.786 0.019000000000000128 1.0061260872820807 0.006144720857036742 1.0 1.0058113016697046 1.0058113016697046 0.0003147856123761894
59770.924114248555 3.786 0.019000000000000128 1.0022517512649896 0.006129440428496377 1.0 1.0058112326755113 1.0058112326755113 -0.0035594814105217587
59770.924130191976 3.786 0.019000000000000128 1.0062290408822545 0.006154782066334243 1.0 1.0058111636812863 1.0058111636812863 0.00041787720096819747
59770.924146135396 3.786 0.019000000000000128 1.000233266362942 0.006126762422565256 1.0 1.0058110946870615 1.0058110946870615 -0.00557782832411946
59770.924162078816 3.786 0.019000000000000128 1.007237651683354 0.006145145986689465 1.0 1.0058110256928365 1.0058110256928365 0.0014266259905175716
59770.92417802223 3.786 0.019000000000000128 1.011650928884017 0.006139466340675873 1.0 1.0058109566986433 1.0058109566986433 0.0058399721853736875
59770.92419396565 3.786 0.019000000000000128 1.0062070160077985 0.0061347317941188575 1.0 1.0058108877044183 1.0058108877044183 0.00039612830338020544
59770.92420990907 3.786 0.019000000000000128 1.0004672225994033 0.006121427840371676 1.0 1.0058108187101935 1.0058108187101935 -0.005343596110790161
59770.92422585248 3.786 0.019000000000000128 1.0083233219234986 0.006133374036692683 1.0 1.005810749716 1.005810749716 0.0025125722074985646
59770.92424179591 3.786 0.019000000000000128 0.9958752217693151 0.006109929778798859 1.0 1.0058106807217437 1.0058106807217437 -0.009935458952428644
59770.92425773932 3.786 0.019000000000000128 1.0198720721217207 0.0061653533950089875 1.0 1.0058106117275505 1.0058106117275505 0.014061460394170222
59770.924273682744 3.786 0.019000000000000128 1.0117160731296955 0.0061485756485211325 1.0 1.0058105427333255 1.0058105427333255 0.0059055303963699846
59770.924289626164 3.786 0.019000000000000128 1.0061249013303182 0.00614178666360022 1.0 1.0058104737391007 1.0058104737391007 0.0003144275912174699
59770.924305569584 3.786 0.019000000000000128 1.0031987242985363 0.006135324973644859 1.0 1.0058104047448757 1.0058104047448757 -0.002611680446339415
59770.924321513005 3.786 0.019000000000000128 1.0101510602090817 0.006134266456717318 1.0 1.005810335750651 1.005810335750651 0.004340724458430811
59770.924337456425 3.786 0.019000000000000128 0.9972168353834128 0.006120713285695139 1.0 1.0058102667564262 1.0058102667564262 -0.008593431373013383
59770.92435339984 3.786 0.019000000000000128 0.998752260967492 0.006111774228032798 1.0 1.0058101977622327 1.0058101977622327 -0.007057936794740649
59770.92436934326 3.786 0.019000000000000128 0.9922305458786355 0.006100150972789234 1.0 1.005810128768008 1.005810128768008 -0.013579582889372444
59770.92438528668 3.786 0.019000000000000128 1.0030508477841997 0.006132861163282812 1.0 1.005810059773783 1.005810059773783 -0.002759211989583177
59770.92440123009 3.786 0.019000000000000128 0.9990841712352752 0.006113639712841294 1.0 1.0058099907795897 1.0058099907795897 -0.006725819544314504
59770.92441717352 3.786 0.019000000000000128 0.9959465886425564 0.006118015197187767 1.0 1.0058099217853331 1.0058099217853331 -0.009863333142776765
59770.92443311693 3.786 0.019000000000000128 1.0164747670779493 0.006157313026674301 1.0 1.0058098527911399 1.0058098527911399 0.01066491428680938
59770.92444906035 3.786 0.019000000000000128 1.0071122469961509 0.006137050085302605 1.0 1.0058097837969149 1.0058097837969149 0.0013024631992359925
59770.92446500377 3.786 0.019000000000000128 1.003759225523613 0.006140759593288225 1.0 1.00580971480269 1.00580971480269 -0.002050489279077139
59770.924480947186 3.786 0.019000000000000128 1.013367971710905 0.0061540772306914225 1.0 1.0058096458084969 1.0058096458084969 0.007558325902408125
59770.924496890606 3.786 0.019000000000000128 1.011385475396027 0.006144823287943401 1.0 1.0058095768142719 1.0058095768142719 0.005575898581755112
59770.92451283403 3.786 0.019000000000000128 1.007576695297185 0.006144567889718676 1.0 1.0058095078200155 1.0058095078200155 0.0017671874771694185
59770.92452877745 3.786 0.019000000000000128 1.0046410098627012 0.0061282886637282616 1.0 1.005809438825822 1.005809438825822 -0.00116842896312086
59770.92454472086 3.786 0.019000000000000128 1.0113700455831582 0.006141778718286479 1.0 1.0058093698316288 1.0058093698316288 0.005560675751529409
59770.92456066429 3.786 0.019000000000000128 1.0105970190866422 0.006137813919965168 1.0 1.0058093008373725 1.0058093008373725 0.004787718249269712
59770.9245766077 3.786 0.019000000000000128 1.0007366550954078 0.006110148245333391 1.0 1.005809231843179 1.005809231843179 -0.005072576747771285
59770.92459255112 3.786 0.019000000000000128 1.0020638393865542 0.006129571462568046 1.0 1.0058091628489543 1.0058091628489543 -0.0037453234624000853
59770.92460849454 3.786 0.019000000000000128 0.9964084290584476 0.006109098817544943 1.0 1.0058090938547293 1.0058090938547293 -0.009400664796281655
59770.92462443796 3.786 0.019000000000000128 1.0048266879387202 0.006136286449124415 1.0 1.0058090248605045 1.0058090248605045 -0.0009823369217842881
59770.924640381374 3.786 0.019000000000000128 1.0043916758311005 0.006125341992845336 1.0 1.005808955866311 1.005808955866311 -0.0014172800352105774
59770.924656324794 3.786 0.019000000000000128 1.0143330589790875 0.006153975771664176 1.0 1.0058088868720862 1.0058088868720862 0.008524172107001293
59770.924672268215 3.786 0.019000000000000128 1.008769890928845 0.006147964705132702 1.0 1.0058088178778612 1.0058088178778612 0.002961073050983698
