eureka_custom_plots/data/stage5_lcfit_results/S5_wasp39b_ap4_bg8_Table_Save_ch57.txt
# %ECSV 1.0
# ---
# datatype:
# - {name: time, datatype: float64}
# - {name: wavelength, datatype: float64}
# - {name: bin_width, datatype: float64}
# - {name: lcdata, datatype: float64}
# - {name: lcerr, datatype: float64}
# - {name: transit, datatype: float64}
# - {name: polynom, datatype: float64}
# - {name: model, datatype: float64}
# - {name: residuals, datatype: float64}
# schema: astropy-2.0
time wavelength bin_width lcdata lcerr transit polynom model residuals
[from data line 3903]
59770.706247419344 5.204 0.019000000000000128 1.0109641236781683 0.01178372212065497 1.0 1.0068281227199918 1.0068281227199918 0.004136000958176567
59770.706263362765 5.204 0.019000000000000128 0.9992391754964941 0.01177351819885877 1.0 1.0068280636865485 1.0068280636865485 -0.0075888881900544325
59770.706279306185 5.204 0.019000000000000128 1.0095322787824885 0.011769788351982823 1.0 1.0068280046531053 1.0068280046531053 0.002704274129383233
59770.706295249605 5.204 0.019000000000000128 1.0293901508674987 0.011835419421780622 1.0 1.0068279456196623 1.0068279456196623 0.022562205247836475
59770.706311193026 5.204 0.019000000000000128 0.9978113100542195 0.011722570799294443 1.0 1.006827886586219 1.006827886586219 -0.009016576531999498
59770.706327136446 5.204 0.019000000000000128 1.0288049671739203 0.011858560941271646 1.0 1.006827827552776 1.006827827552776 0.021977139621144337
59770.706343079866 5.204 0.019000000000000128 1.0130391203329967 0.011790633673545811 1.0 1.0068277685193328 1.0068277685193328 0.006211351813663946
59770.706359023294 5.204 0.019000000000000128 1.0119705871147515 0.011818640598993874 1.0 1.0068277094858626 1.0068277094858626 0.0051428776288888756
59770.70637496671 5.204 0.019000000000000128 0.9868529968340504 0.011699507335908488 1.0 1.0068276504524465 1.0068276504524465 -0.01997465361839612
59770.70639091013 5.204 0.019000000000000128 0.9929697357504808 0.011739931047584013 1.0 1.0068275914190032 1.0068275914190032 -0.01385785566852249
59770.70640685355 5.204 0.019000000000000128 0.9980128439280995 0.011754668753406331 1.0 1.0068275323855602 1.0068275323855602 -0.008814688457460695
59770.70642279697 5.204 0.019000000000000128 0.996836305796632 0.0118140574387517 1.0 1.006827473352117 1.006827473352117 -0.009991167555485014
59770.70643874039 5.204 0.019000000000000128 1.0150896811029082 0.011824965931536407 1.0 1.006827414318674 1.006827414318674 0.008262266784234251
59770.70645468381 5.204 0.019000000000000128 1.0151065665643821 0.01180550258170848 1.0 1.0068273552852307 1.0068273552852307 0.008279211279151433
59770.706470627236 5.204 0.019000000000000128 0.9938970830883197 0.011716118021487415 1.0 1.0068272962517606 1.0068272962517606 -0.012930213163440896
59770.70648657065 5.204 0.019000000000000128 0.9940227346714358 0.011723916033511639 1.0 1.0068272372183444 1.0068272372183444 -0.01280450254690868
59770.70650251407 5.204 0.019000000000000128 1.007919834612508 0.011787080853045818 1.0 1.0068271781849012 1.0068271781849012 0.0010926564276068085
59770.70651845749 5.204 0.019000000000000128 1.0156009729427695 0.011821034804220547 1.0 1.0068271191514582 1.0068271191514582 0.008773853791311348
59770.70653440092 5.204 0.019000000000000128 0.9987409894713932 0.011721938433294513 1.0 1.006827060117988 1.006827060117988 -0.008086070646594834
59770.70655034433 5.204 0.019000000000000128 1.028968644676265 0.01184781646885241 1.0 1.006827001084572 1.006827001084572 0.022141643591693017
59770.70656628775 5.204 0.019000000000000128 1.0018865966775496 0.011716730492357991 1.0 1.0068269420511287 1.0068269420511287 -0.004940345373579014
59770.70658223118 5.204 0.019000000000000128 1.0146189261476344 0.01181997123797379 1.0 1.0068268830176585 1.0068268830176585 0.007792043129975834
59770.70659817459 5.204 0.019000000000000128 1.0078420446948262 0.011755236874062894 1.0 1.0068268239842424 1.0068268239842424 0.0010152207105837974
59770.70661411802 5.204 0.019000000000000128 0.9977130925121436 0.011729729683910855 1.0 1.0068267649507723 1.0068267649507723 -0.009113672438628706
59770.70663006143 5.204 0.019000000000000128 1.0100199402589698 0.011731525244794441 1.0 1.0068267059173561 1.0068267059173561 0.003193234341613671
59770.70664600486 5.204 0.019000000000000128 0.9906450397591176 0.011744095303627534 1.0 1.006826646883886 1.006826646883886 -0.01618160712476846
59770.70666194828 5.204 0.019000000000000128 1.008230037471455 0.011761553559914015 1.0 1.0068265878504428 1.0068265878504428 0.0014034496210122427
59770.70667789169 5.204 0.019000000000000128 1.0158231286094035 0.01179959258156932 1.0 1.0068265288170266 1.0068265288170266 0.00899659979237688
59770.70669383512 5.204 0.019000000000000128 1.0160380009912358 0.011803608022900331 1.0 1.0068264697835565 1.0068264697835565 0.009211531207679258
59770.70670977854 5.204 0.019000000000000128 1.0208192993715375 0.011816302204341963 1.0 1.0068264107501135 1.0068264107501135 0.013992888621424004
59770.70672572196 5.204 0.019000000000000128 1.0051374755634577 0.011755687179407526 1.0 1.0068263517166702 1.0068263517166702 -0.0016888761532125596
59770.70674166537 5.204 0.019000000000000128 1.0099573500891768 0.011758348583122176 1.0 1.006826292683254 1.006826292683254 0.003131057405922677
59770.7067576088 5.204 0.019000000000000128 0.9969576731389241 0.011767551282136288 1.0 1.006826233649784 1.006826233649784 -0.009868560510859825
59770.70677355222 5.204 0.019000000000000128 1.0104659013788935 0.011803766738914059 1.0 1.0068261746163407 1.0068261746163407 0.003639726762552753
59770.70678949564 5.204 0.019000000000000128 1.0064254093450258 0.011809215906382047 1.0 1.0068261155828977 1.0068261155828977 -0.0004007062378719173
59770.70680543906 5.204 0.019000000000000128 1.0045029492335895 0.011770016994103518 1.0 1.0068260565494545 1.0068260565494545 -0.0023231073158649362
59770.70682138248 5.204 0.019000000000000128 1.0003147797096843 0.011735563927679247 1.0 1.0068259975160114 1.0068259975160114 -0.00651121780632713
59770.7068373259 5.204 0.019000000000000128 1.0092503378705322 0.011785972941721337 1.0 1.0068259384825682 1.0068259384825682 0.0024243993879640158
59770.706853269316 5.204 0.019000000000000128 1.0067521199018898 0.011799299107734574 1.0 1.006825879449152 1.006825879449152 -7.375954726218659e-05
59770.70686921274 5.204 0.019000000000000128 0.9718109330113056 0.011682859814367097 1.0 1.006825820415682 1.006825820415682 -0.035014887404376305
59770.70688515616 5.204 0.019000000000000128 0.9889286376692944 0.011771744398578487 1.0 1.0068257613822387 1.0068257613822387 -0.017897123712944274
59770.706901099584 5.204 0.019000000000000128 1.021758556497072 0.011809823005371877 1.0 1.0068257023487956 1.0068257023487956 0.014932854148276276
59770.706917043004 5.204 0.019000000000000128 1.0096121073049975 0.01181257718952582 1.0 1.0068256433153524 1.0068256433153524 0.002786463989645105
59770.706932986424 5.204 0.019000000000000128 1.0039136614935673 0.01177138340222696 1.0 1.0068255842819094 1.0068255842819094 -0.0029119227883420695
59770.706948929845 5.204 0.019000000000000128 1.001578921329537 0.011753784903857931 1.0 1.0068255252484661 1.0068255252484661 -0.005246603918929171
59770.706964873265 5.204 0.019000000000000128 1.0024270056300346 0.011784076922162661 1.0 1.0068254662150231 1.0068254662150231 -0.004398460584988495
59770.706980816685 5.204 0.019000000000000128 1.0132151704931993 0.011815222993079485 1.0 1.0068254071815799 1.0068254071815799 0.006389763311619445
59770.70699676011 5.204 0.019000000000000128 1.0018743015765625 0.011752860971059785 1.0 1.0068253481481098 1.0068253481481098 -0.004951046571547213
59770.707012703526 5.204 0.019000000000000128 1.0176808739832817 0.011786799661904018 1.0 1.0068252891146936 1.0068252891146936 0.010855584868588064
59770.707028646946 5.204 0.019000000000000128 1.0195877884548399 0.011813174016130539 1.0 1.0068252300812504 1.0068252300812504 0.012762558373589528
59770.70704459037 5.204 0.019000000000000128 1.0259168155134004 0.011867466099150355 1.0 1.0068251710478073 1.0068251710478073 0.019091644465593083
59770.70706053379 5.204 0.019000000000000128 0.9998053475690025 0.011787606543720873 1.0 1.006825112014364 1.006825112014364 -0.007019764445361565
59770.707076477214 5.204 0.019000000000000128 0.986944791680738 0.011743551643168116 1.0 1.006825052980894 1.006825052980894 -0.019880261300155966
59770.70709242063 5.204 0.019000000000000128 0.9991849559790507 0.011756006718396276 1.0 1.0068249939474778 1.0068249939474778 -0.00764003796842716
59770.707108364055 5.204 0.019000000000000128 1.0110375438885904 0.011799254200164071 1.0 1.0068249349140077 1.0068249349140077 0.004212608974582643
59770.70712430747 5.204 0.019000000000000128 0.9969390000854302 0.011743046212079286 1.0 1.0068248758805916 1.0068248758805916 -0.009885875795161314
59770.70714025089 5.204 0.019000000000000128 1.0049792876475374 0.011791760814249388 1.0 1.0068248168471483 1.0068248168471483 -0.0018455291996108958
59770.707156194316 5.204 0.019000000000000128 0.9902043580993741 0.011724417577452234 1.0 1.0068247578136782 1.0068247578136782 -0.016620399714304068
59770.70717213773 5.204 0.019000000000000128 0.9911946677919609 0.011702223319760003 1.0 1.006824698780262 1.006824698780262 -0.01563003098830118
59770.707188081156 5.204 0.019000000000000128 1.0147405606444773 0.011786383999093415 1.0 1.006824639746792 1.006824639746792 0.007915920897685336
59770.70720402457 5.204 0.019000000000000128 1.0093597258553608 0.011779883090245382 1.0 1.0068245807133758 1.0068245807133758 0.0025351451419850513
59770.707219968 5.204 0.019000000000000128 1.0088130701890683 0.011803724075537361 1.0 1.0068245216799057 1.0068245216799057 0.0019885485091626354
59770.70723591141 5.204 0.019000000000000128 0.9912018504098352 0.011720132575899555 1.0 1.0068244626464895 1.0068244626464895 -0.015622612236654287
59770.70725185484 5.204 0.019000000000000128 1.0067414264559724 0.011762532804336177 1.0 1.0068244036130194 1.0068244036130194 -8.297715704697062e-05
59770.70726779826 5.204 0.019000000000000128 1.0132838813488652 0.011832410216233043 1.0 1.0068243445795761 1.0068243445795761 0.006459536769289009
59770.70728374168 5.204 0.019000000000000128 1.0280727140624628 0.011808658249839073 1.0 1.0068242855461331 1.0068242855461331 0.021248428516329687
59770.7072996851 5.204 0.019000000000000128 0.9960496067921961 0.011735612158013492 1.0 1.0068242265126899 1.0068242265126899 -0.010774619720493761
59770.70731562851 5.204 0.019000000000000128 1.028453192465343 0.011835447501097296 1.0 1.0068241674792737 1.0068241674792737 0.021629024986069334
59770.70733157194 5.204 0.019000000000000128 1.0218660365263956 0.011824224384309872 1.0 1.0068241084458036 1.0068241084458036 0.015041928080592015
59770.70734751535 5.204 0.019000000000000128 0.9977353187958443 0.011700066692077158 1.0 1.0068240494123875 1.0068240494123875 -0.00908873061654314
59770.70736345878 5.204 0.019000000000000128 1.0026003205291718 0.011782327843030533 1.0 1.0068239903789173 1.0068239903789173 -0.004223669849745537
59770.7073794022 5.204 0.019000000000000128 1.0232174308868809 0.011821476839727589 1.0 1.006823931345474 1.006823931345474 0.016393499541406786
59770.70739534562 5.204 0.019000000000000128 1.0030991620697707 0.011730575128567778 1.0 1.006823872312031 1.006823872312031 -0.0037247102422603984
59770.70741128904 5.204 0.019000000000000128 1.014714226536832 0.011805378392382678 1.0 1.0068238132785878 1.0068238132785878 0.007890413258244244
59770.70742723245 5.204 0.019000000000000128 0.994777266884413 0.011743681727970754 1.0 1.0068237542451717 1.0068237542451717 -0.01204648736075864
59770.70744317588 5.204 0.019000000000000128 1.0239767863702254 0.011819114970069102 1.0 1.0068236952117016 1.0068236952117016 0.017153091158523814
59770.70745911931 5.204 0.019000000000000128 1.0135911838400256 0.011741455013051924 1.0 1.0068236361782315 1.0068236361782315 0.006767547661794104
59770.70747506272 5.204 0.019000000000000128 0.9917599574725344 0.011682501060632509 1.0 1.0068235771448153 1.0068235771448153 -0.01506361967228087
59770.70749100614 5.204 0.019000000000000128 0.978904158689931 0.011676344270646493 1.0 1.006823518111372 1.006823518111372 -0.02791935942144108
59770.70750694956 5.204 0.019000000000000128 1.0147084907814448 0.01182034049412435 1.0 1.006823459077929 1.006823459077929 0.007885031703515732
59770.70752289298 5.204 0.019000000000000128 1.0115755489384344 0.0117939355760675 1.0 1.0068234000444858 1.0068234000444858 0.004752148893948593
59770.7075388364 5.204 0.019000000000000128 1.0106926386625699 0.01176895740483956 1.0 1.0068233410110428 1.0068233410110428 0.003869297651527104
59770.70755477982 5.204 0.019000000000000128 1.0053707685207602 0.011746812848979712 1.0 1.0068232819775995 1.0068232819775995 -0.0014525134568392772
59770.70757072325 5.204 0.019000000000000128 1.0048587676767395 0.011815044370091244 1.0 1.0068232229441294 1.0068232229441294 -0.001964455267389864
59770.707586666664 5.204 0.019000000000000128 1.0148880963817468 0.011802885085266506 1.0 1.0068231639107132 1.0068231639107132 0.00806493247103357
59770.707602610084 5.204 0.019000000000000128 0.998894978260394 0.011756396866720783 1.0 1.00682310487727 1.00682310487727 -0.00792812661687603
59770.707618553504 5.204 0.019000000000000128 0.9842122863084788 0.01171971161908475 1.0 1.006823045843827 1.006823045843827 -0.02261075953534819
59770.707634496925 5.204 0.019000000000000128 "" "" 1.0 1.0068229868103837 1.0068229868103837 ""
59770.707650440345 5.204 0.019000000000000128 1.0120705005888972 0.011795593255195887 1.0 1.0068229277769407 1.0068229277769407 0.005247572811956536
59770.707666383765 5.204 0.019000000000000128 1.0225844794255057 0.011853575739788035 1.0 1.0068228687434975 1.0068228687434975 0.01576161068200821
59770.70768232719 5.204 0.019000000000000128 1.0102020997595147 0.011753620872367865 1.0 1.0068228097100274 1.0068228097100274 0.003379290049487338
59770.707698270606 5.204 0.019000000000000128 1.0112726452526526 0.011772465961272034 1.0 1.0068227506766112 1.0068227506766112 0.004449894576041391
59770.70771421403 5.204 0.019000000000000128 0.9960080285050164 0.011727711211052936 1.0 1.006822691643141 1.006822691643141 -0.010814663138124736
59770.707730157446 5.204 0.019000000000000128 0.9951694343653987 0.011735796316922715 1.0 1.006822632609725 1.006822632609725 -0.011653198244326202
59770.707746100874 5.204 0.019000000000000128 1.0112338026791958 0.011757207992392169 1.0 1.0068225735762548 1.0068225735762548 0.0044112291029410056
59770.70776204429 5.204 0.019000000000000128 1.0015294814777453 0.011764673451126424 1.0 1.0068225145428387 1.0068225145428387 -0.005293033065093322
59770.70777798771 5.204 0.019000000000000128 1.0203260974336816 0.01178930904699792 1.0 1.0068224555093954 1.0068224555093954 0.013503641924286214
59770.707793931135 5.204 0.019000000000000128 1.0140201212367015 0.011816701250653538 1.0 1.0068223964759253 1.0068223964759253 0.007197724760776181
59770.70780987455 5.204 0.019000000000000128 1.0121289205552313 0.011769976890713147 1.0 1.0068223374425092 1.0068223374425092 0.005306583112722141
59770.707825817975 5.204 0.019000000000000128 0.9872979829132084 0.011744498938925286 1.0 1.006822278409039 1.006822278409039 -0.01952429549583068
59770.70784176139 5.204 0.019000000000000128 0.999068423958669 0.011759890579361465 1.0 1.0068222193756229 1.0068222193756229 -0.007753795416953868
59770.707857704816 5.204 0.019000000000000128 1.0053418033134869 0.011780796410234926 1.0 1.0068221603421528 1.0068221603421528 -0.0014803570286658907
59770.707873648236 5.204 0.019000000000000128 1.0236415678417672 0.011816514617068887 1.0 1.0068221013087095 1.0068221013087095 0.01681946653305766
59770.70788959165 5.204 0.019000000000000128 1.008495999040772 0.011786574914616724 1.0 1.0068220422752934 1.0068220422752934 0.001673956765478657
59770.70790553508 5.204 0.019000000000000128 1.0013639908370162 0.011737431041793854 1.0 1.0068219832418233 1.0068219832418233 -0.005457992404807044
59770.7079214785 5.204 0.019000000000000128 1.0303982459502188 0.011875349333894199 1.0 1.0068219242083802 1.0068219242083802 0.023576321741838546
59770.70793742192 5.204 0.019000000000000128 1.0038539082036095 0.011739571664465572 1.0 1.006821865174937 1.006821865174937 -0.0029679569713274567
