eureka_custom_plots/data/stage5_lcfit_results/S5_wasp39b_ap4_bg8_Table_Save_ch48.txt
# %ECSV 1.0
# ---
# datatype:
# - {name: time, datatype: float64}
# - {name: wavelength, datatype: float64}
# - {name: bin_width, datatype: float64}
# - {name: lcdata, datatype: float64}
# - {name: lcerr, datatype: float64}
# - {name: transit, datatype: float64}
# - {name: polynom, datatype: float64}
# - {name: model, datatype: float64}
# - {name: residuals, datatype: float64}
# schema: astropy-2.0
time wavelength bin_width lcdata lcerr transit polynom model residuals
[from data line 2600]
59770.68547314233 4.859 0.019000000000000128 1.0067986814215424 0.010828340745281195 1.0 1.0068933346330753 1.0068933346330753 -9.46532115329024e-05
59770.68548908575 4.859 0.019000000000000128 1.00898750162734 0.010841248665931284 1.0 1.0068932742391157 1.0068932742391157 0.00209422738822429
59770.68550502917 4.859 0.019000000000000128 1.017658552612264 0.01083705616964588 1.0 1.006893213845156 1.006893213845156 0.010765338767107835
59770.68552097259 4.859 0.019000000000000128 1.004707172497636 0.01075508227765969 1.0 1.0068931534511965 1.0068931534511965 -0.0021859809535604846
59770.68553691601 4.859 0.019000000000000128 1.005177146036514 0.01081482505407707 1.0 1.0068930930572368 1.0068930930572368 -0.0017159470207228633
59770.68555285943 4.859 0.019000000000000128 1.0029625432729108 0.010824580816387748 1.0 1.0068930326632772 1.0068930326632772 -0.003930489390366443
59770.68556880285 4.859 0.019000000000000128 1.010512752224444 0.010817147472547594 1.0 1.0068929722693176 1.0068929722693176 0.003619779955126301
59770.68558474627 4.859 0.019000000000000128 0.9998623250324981 0.01081749970347714 1.0 1.006892911875358 1.006892911875358 -0.007030586842859954
59770.68560068969 4.859 0.019000000000000128 0.998278729075828 0.010784019229314344 1.0 1.0068928514813984 1.0068928514813984 -0.008614122405570357
59770.68561663311 4.859 0.019000000000000128 1.016834195106279 0.010830616022877994 1.0 1.0068927910874388 1.0068927910874388 0.009941404018840139
59770.68563257654 4.859 0.019000000000000128 1.0042559442505932 0.010810208121279022 1.0 1.0068927306934516 1.0068927306934516 -0.002636786442858474
59770.68564851995 4.859 0.019000000000000128 1.0219961476166295 0.010861371692226217 1.0 1.0068926702995196 1.0068926702995196 0.015103477317109926
59770.68566446337 4.859 0.019000000000000128 0.9963398569699575 0.010816393353494417 1.0 1.00689260990556 1.00689260990556 -0.010552752935602427
59770.685680406794 4.859 0.019000000000000128 0.9967509009752517 0.01077283786103117 1.0 1.0068925495116001 1.0068925495116001 -0.010141648536348469
59770.68569635022 4.859 0.019000000000000128 1.0186671598664205 0.010862309647270444 1.0 1.006892489117613 1.006892489117613 0.011774670748807559
59770.68571229364 4.859 0.019000000000000128 1.0013876321365305 0.010806434056515471 1.0 1.0068924287236534 1.0068924287236534 -0.005504796587122884
59770.685728237055 4.859 0.019000000000000128 1.0078355327371813 0.010838261938565045 1.0 1.0068923683297213 1.0068923683297213 0.0009431644074600065
59770.68574418048 4.859 0.019000000000000128 0.9969369221443256 0.010770820556758683 1.0 1.0068923079357341 1.0068923079357341 -0.009955385791408533
59770.685760123895 4.859 0.019000000000000128 1.0240751443808385 0.010852006296871032 1.0 1.006892247541802 1.006892247541802 0.0171828968390364
59770.68577606732 4.859 0.019000000000000128 1.003619136580075 0.010769451911638576 1.0 1.006892187147815 1.006892187147815 -0.0032730505677398547
59770.68579201074 4.859 0.019000000000000128 1.0146275296367255 0.01083407527533625 1.0 1.0068921267538553 1.0068921267538553 0.007735402882870224
59770.68580795416 4.859 0.019000000000000128 1.0139984277196248 0.010830221168080753 1.0 1.0068920663598957 1.0068920663598957 0.007106361359729085
59770.685823897584 4.859 0.019000000000000128 1.0104019513505267 0.010832533854265296 1.0 1.006892005965936 1.006892005965936 0.003509945384590596
59770.685839841 4.859 0.019000000000000128 1.0136068687320805 0.010828274603002305 1.0 1.006891945572004 1.006891945572004 0.006714923160076491
59770.685855784424 4.859 0.019000000000000128 1.0131024374410833 0.010817569001284858 1.0 1.0068918851780169 1.0068918851780169 0.006210552263066438
59770.685871727845 4.859 0.019000000000000128 1.0010628769667944 0.010812130253487035 1.0 1.006891824784057 1.006891824784057 -0.00582894781726262
59770.685887671265 4.859 0.019000000000000128 1.0180586874108364 0.010831181495517822 1.0 1.0068917643900974 1.0068917643900974 0.011166923020738961
59770.685903614685 4.859 0.019000000000000128 1.0106456891449611 0.01083288539386838 1.0 1.0068917039961378 1.0068917039961378 0.0037539851488233023
59770.685919558106 4.859 0.019000000000000128 1.0170405301092782 0.010848936839115177 1.0 1.0068916436021782 1.0068916436021782 0.010148886507099997
59770.685935501526 4.859 0.019000000000000128 1.0083383084379711 0.01084885985953368 1.0 1.0068915832082186 1.0068915832082186 0.0014467252297525324
59770.685951444946 4.859 0.019000000000000128 0.9865482677972467 0.010766999620177709 1.0 1.006891522814259 1.006891522814259 -0.020343255017012285
59770.68596738837 4.859 0.019000000000000128 0.9995203086280519 0.010807880880399943 1.0 1.0068914624202994 1.0068914624202994 -0.007371153792247509
59770.685983331794 4.859 0.019000000000000128 1.0152517347156398 0.01085646146813006 1.0 1.0068914020263122 1.0068914020263122 0.008360332689327565
59770.68599927521 4.859 0.019000000000000128 1.0043158145338438 0.010830631781776949 1.0 1.0068913416323801 1.0068913416323801 -0.0025755270985363676
59770.68601521863 4.859 0.019000000000000128 1.0162047274777761 0.01083743912712481 1.0 1.0068912812384205 1.0068912812384205 0.009313446239355594
59770.686031162055 4.859 0.019000000000000128 1.0045977146988496 0.010804982052181472 1.0 1.0068912208444334 1.0068912208444334 -0.002293506145583768
59770.68604710547 4.859 0.019000000000000128 1.0037521704430958 0.010826595134114289 1.0 1.0068911604505013 1.0068911604505013 -0.0031389900074054733
59770.686063048895 4.859 0.019000000000000128 1.013113205658757 0.010813982512068514 1.0 1.0068911000565142 1.0068911000565142 0.0062221056022429
59770.68607899231 4.859 0.019000000000000128 1.0033928290009362 0.010814357763070773 1.0 1.006891039662582 1.006891039662582 -0.0034982106616459063
59770.686094935736 4.859 0.019000000000000128 1.0076871137341665 0.010811577878663228 1.0 1.0068909792685947 1.0068909792685947 0.0007961344655718072
59770.686110879156 4.859 0.019000000000000128 1.0156544560089045 0.010832005876710557 1.0 1.006890918874635 1.006890918874635 0.008763537134269361
59770.68612682257 4.859 0.019000000000000128 1.0116937346739736 0.010786324748035434 1.0 1.006890858480703 1.006890858480703 0.004802876193270578
59770.686142766 4.859 0.019000000000000128 0.9996119417999568 0.010793587229699588 1.0 1.0068907980867159 1.0068907980867159 -0.007278856286759061
59770.68615870942 4.859 0.019000000000000128 1.0065324936815752 0.010791204724438203 1.0 1.0068907376927563 1.0068907376927563 -0.00035824401118111915
59770.68617465284 4.859 0.019000000000000128 0.9948438136235777 0.010776531875738687 1.0 1.0068906772987967 1.0068906772987967 -0.01204686367521901
59770.68619059626 4.859 0.019000000000000128 0.9967417919850855 0.010810645603518984 1.0 1.006890616904837 1.006890616904837 -0.010148824919751553
59770.68620653968 4.859 0.019000000000000128 0.9981173998124117 0.010792446288864152 1.0 1.0068905565108774 1.0068905565108774 -0.00877315669846579
59770.6862224831 4.859 0.019000000000000128 1.0025603032316417 0.01078891218102599 1.0 1.0068904961169178 1.0068904961169178 -0.004330192885276141
59770.68623842652 4.859 0.019000000000000128 1.0113467769012474 0.010835891561946356 1.0 1.0068904357229582 1.0068904357229582 0.0044563411782891915
59770.68625436994 4.859 0.019000000000000128 1.0129459520447923 0.010811395585545277 1.0 1.0068903753289986 1.0068903753289986 0.006055576715793709
59770.68627031337 4.859 0.019000000000000128 1.0127072037082174 0.010808244095761638 1.0 1.0068903149350112 1.0068903149350112 0.005816888773206186
59770.68628625678 4.859 0.019000000000000128 0.9941838631278076 0.01077714007457184 1.0 1.0068902545410794 1.0068902545410794 -0.01270639141327179
59770.6863022002 4.859 0.019000000000000128 1.0243341870991773 0.010875523416869577 1.0 1.0068901941471196 1.0068901941471196 0.017443992952057785
59770.68631814362 4.859 0.019000000000000128 1.00378698268143 0.010830639511694426 1.0 1.00689013375316 1.00689013375316 -0.0031031510717298705
59770.68633408704 4.859 0.019000000000000128 0.9915537620018634 0.010768363650426277 1.0 1.0068900733592003 1.0068900733592003 -0.01533631135733693
59770.68635003047 4.859 0.019000000000000128 1.0082843858339183 0.010816577312510595 1.0 1.0068900129652132 1.0068900129652132 0.0013943728687051404
59770.68636597388 4.859 0.019000000000000128 0.9884133225153053 0.010752045917539033 1.0 1.006889952571281 1.006889952571281 -0.018476630055975773
59770.68638191731 4.859 0.019000000000000128 1.0127790608173612 0.010843353055397315 1.0 1.006889892177294 1.006889892177294 0.005889168640067277
59770.68639786072 4.859 0.019000000000000128 1.0097893954983994 0.010858318027676468 1.0 1.0068898317833619 1.0068898317833619 0.002899563715037523
59770.68641380414 4.859 0.019000000000000128 1.0026813831889914 0.010811094266355717 1.0 1.0068897713894023 1.0068897713894023 -0.0042083882004109174
59770.68642974757 4.859 0.019000000000000128 1.0043411454966558 0.01079498766179811 1.0 1.0068897109954151 1.0068897109954151 -0.0025485654987593698
59770.68644569099 4.859 0.019000000000000128 1.0202201923268335 0.010885324576190148 1.0 1.0068896506014555 1.0068896506014555 0.013330541725377953
59770.68646163441 4.859 0.019000000000000128 1.0025002355824797 0.010790499587663921 1.0 1.006889590207496 1.006889590207496 -0.004389354625016217
59770.68647757782 4.859 0.019000000000000128 1.0177425586613622 0.010866656285147226 1.0 1.0068895298135638 1.0068895298135638 0.010853028847798374
59770.68649352125 4.859 0.019000000000000128 0.9892763039116594 0.010803504348892061 1.0 1.0068894694195767 1.0068894694195767 -0.01761316550791725
59770.68650946467 4.859 0.019000000000000128 1.0084401709694946 0.010855506082769117 1.0 1.0068894090256169 1.0068894090256169 0.0015507619438777098
59770.68652540809 4.859 0.019000000000000128 1.0107354389575933 0.010817147864646763 1.0 1.0068893486316572 1.0068893486316572 0.00384609032593608
59770.68654135151 4.859 0.019000000000000128 0.9993500589220498 0.010772336891573545 1.0 1.0068892882376976 1.0068892882376976 -0.007539229315647877
59770.68655729493 4.859 0.019000000000000128 1.0043990831329026 0.012057387505908923 1.0 1.006889227843738 1.006889227843738 -0.002490144710835418
59770.68657323835 4.859 0.019000000000000128 1.0047358706704275 0.010850689625899078 1.0 1.0068891674497784 1.0068891674497784 -0.002153296779350944
59770.68658918177 4.859 0.019000000000000128 1.0266921029561 0.010878462098975016 1.0 1.0068891070558188 1.0068891070558188 0.01980299590028123
59770.68660512519 4.859 0.019000000000000128 1.0108654845437643 0.010825481037519267 1.0 1.0068890466618592 1.0068890466618592 0.003976437881905159
59770.68662106862 4.859 0.019000000000000128 0.991594845565784 0.010735826597600539 1.0 1.006888986267872 1.006888986267872 -0.01529414070208801
59770.68663701203 4.859 0.019000000000000128 1.026653263991634 0.010836849080003555 1.0 1.00688892587394 1.00688892587394 0.019764338117693958
59770.68665295545 4.859 0.019000000000000128 0.996142025140037 0.010798521787878934 1.0 1.0068888654799804 1.0068888654799804 -0.010746840339943331
59770.68666889888 4.859 0.019000000000000128 1.021489932705085 0.010813913630905487 1.0 1.0068888050859932 1.0068888050859932 0.014601127619091825
59770.686684842294 4.859 0.019000000000000128 0.9968046620963372 0.010802131722010763 1.0 1.0068887446920611 1.0068887446920611 -0.010084082595723909
59770.68670078572 4.859 0.019000000000000128 1.001172821019745 0.01080530338679259 1.0 1.0068886842980738 1.0068886842980738 -0.005715863278328737
59770.686716729135 4.859 0.019000000000000128 1.008604533737662 0.010829373785293533 1.0 1.006888623904142 1.006888623904142 0.0017159098335199907
59770.68673267256 4.859 0.019000000000000128 1.0069083031450845 0.010790304172332213 1.0 1.0068885635101545 1.0068885635101545 1.973963492996056e-05
59770.68674861598 4.859 0.019000000000000128 0.9933669295513988 0.010749192392678337 1.0 1.006888503116195 1.006888503116195 -0.013521573564796108
59770.686764559396 4.859 0.019000000000000128 1.0134643759809083 0.012094139148420469 1.0 1.0068884427222629 1.0068884427222629 0.006575933258645472
59770.68678050282 4.859 0.019000000000000128 1.017679301605662 0.01082721218994137 1.0 1.0068883823282757 1.0068883823282757 0.01079091927738629
59770.68679644624 4.859 0.019000000000000128 0.9979614410863695 0.010765788894739841 1.0 1.006888321934316 1.006888321934316 -0.008926880847946572
59770.686812389664 4.859 0.019000000000000128 1.002026792843581 0.010788985226894946 1.0 1.0068882615403565 1.0068882615403565 -0.004861468696775395
59770.686828333084 4.859 0.019000000000000128 1.0081451718218137 0.010844013000790525 1.0 1.0068882011463969 1.0068882011463969 0.0012569706754168575
59770.686844276504 4.859 0.019000000000000128 0.991122988466343 0.010762807548930548 1.0 1.0068881407524373 1.0068881407524373 -0.01576515228609432
59770.686860219925 4.859 0.019000000000000128 1.0153132296925451 0.010823095967807169 1.0 1.0068880803584777 1.0068880803584777 0.008425149334067461
59770.686876163345 4.859 0.019000000000000128 1.0210606628173415 0.010869973275093094 1.0 1.006888019964518 1.006888019964518 0.014172642852823492
59770.686892106765 4.859 0.019000000000000128 1.0130109999011347 0.010835644178522548 1.0 1.0068879595705584 1.0068879595705584 0.006123040330576313
59770.68690805019 4.859 0.019000000000000128 1.002692751134627 0.010796561546114433 1.0 1.006887899176571 1.006887899176571 -0.004195148041943986
59770.686923993606 4.859 0.019000000000000128 1.0100272875594312 0.010851131758953124 1.0 1.006887838782639 1.006887838782639 0.0031394487767921753
59770.686939937026 4.859 0.019000000000000128 1.0156083344765243 0.010833069014918232 1.0 1.0068877783886794 1.0068877783886794 0.008720556087844944
59770.686955880454 4.859 0.019000000000000128 1.0094032361833363 0.010792606221896088 1.0 1.0068877179946922 1.0068877179946922 0.002515518188644039
59770.68697182387 4.859 0.019000000000000128 1.003458504411598 0.010765946840437541 1.0 1.0068876576007602 1.0068876576007602 -0.0034291531891621485
59770.686987767294 4.859 0.019000000000000128 0.9882109306928287 0.010755603251062612 1.0 1.006887597206773 1.006887597206773 -0.018676666513944284
59770.68700371071 4.859 0.019000000000000128 0.9948098548545867 0.010793645104310445 1.0 1.006887536812841 1.006887536812841 -0.012077681958254205
59770.687019654135 4.859 0.019000000000000128 0.9937793847445923 0.010780964163971663 1.0 1.0068874764188538 1.0068874764188538 -0.013108091674261524
59770.687035597555 4.859 0.019000000000000128 0.9928647796793784 0.010742739646418153 1.0 1.0068874160248942 1.0068874160248942 -0.014022636345515815
59770.68705154097 4.859 0.019000000000000128 0.9851458446814673 0.010742686638926736 1.0 1.006887355630962 1.006887355630962 -0.021741510949494836
59770.687067484396 4.859 0.019000000000000128 1.0064258243854172 0.010810946567883067 1.0 1.006887295236975 1.006887295236975 -0.0004614708515577881
59770.68708342781 4.859 0.019000000000000128 1.0041144038952976 0.01081218952948058 1.0 1.0068872348430429 1.0068872348430429 -0.002772830947745275
59770.68709937124 4.859 0.019000000000000128 1.0051711986884224 0.01082894449100579 1.0 1.0068871744490557 1.0068871744490557 -0.0017159757606333148
59770.68711531466 4.859 0.019000000000000128 1.00039322814371 0.010777517655935407 1.0 1.0068871140550961 1.0068871140550961 -0.00649388591138611
59770.68713125808 4.859 0.019000000000000128 0.9957394688280973 0.010793213594156425 1.0 1.0068870536611363 1.0068870536611363 -0.011147584833039015
59770.6871472015 4.859 0.019000000000000128 1.010788324223402 0.01078296832784766 1.0 1.0068869932671767 1.0068869932671767 0.0039013309562252463
59770.68716314492 4.859 0.019000000000000128 1.007236448595583 0.010853353048725221 1.0 1.006886932873217 1.006886932873217 0.00034951572236585626
59770.68717908834 4.859 0.019000000000000128 1.0037435097133671 0.010810727767813586 1.0 1.0068868724792575 1.0068868724792575 -0.003143362765890334
