eureka_custom_plots/data/stage5_lcfit_results/S5_wasp39b_ap4_bg8_Table_Save_ch17.txt
# %ECSV 1.0
# ---
# datatype:
# - {name: time, datatype: float64}
# - {name: wavelength, datatype: float64}
# - {name: bin_width, datatype: float64}
# - {name: lcdata, datatype: float64}
# - {name: lcerr, datatype: float64}
# - {name: transit, datatype: float64}
# - {name: polynom, datatype: float64}
# - {name: model, datatype: float64}
# - {name: residuals, datatype: float64}
# schema: astropy-2.0
time wavelength bin_width lcdata lcerr transit polynom model residuals
[from data line 11498]
59770.82733769434 3.6710000000000003 0.018999999999999906 0.986024226913775 0.0066331816012642365 0.9779257375377424 1.0061212896420244 0.9839119042256013 0.00211232268817374
59770.82735363777 3.6710000000000003 0.018999999999999906 1.0008045589704202 0.006686101608743548 0.9779256413964075 1.0061212367164558 0.9839117557384868 0.01689280323193343
59770.82736958118 3.6710000000000003 0.018999999999999906 0.9840027454440602 0.006636372546101201 0.9779255454640409 1.0061211837909356 0.9839116074616773 9.113798238291615e-05
59770.8273855246 3.6710000000000003 0.018999999999999906 0.9820647307905567 0.0066212505406656776 0.9779254497403986 1.0061211308653915 0.9839114593948564 -0.0018467286042996855
59770.82740146802 3.6710000000000003 0.018999999999999906 0.9841150282048174 0.0066163541795721805 0.9779253542254154 1.006121077939847 0.9839113115379817 0.0002037166668357182
59770.82741741144 3.6710000000000003 0.018999999999999906 0.9859335904442079 0.006640754278288156 0.977925258918981 1.006121025014303 0.9839111638909427 0.002022426553265233
59770.82743335486 3.6710000000000003 0.018999999999999906 0.994319947153971 0.006668070688388093 0.9779251638209862 1.0061209720887585 0.983911016453629 0.01040893070034199
59770.827449298275 3.6710000000000003 0.018999999999999906 0.9769990274795303 0.006610001325331955 0.9779250689313651 1.0061209191632383 0.9839108692259982 -0.006911841746467973
59770.8274652417 3.6710000000000003 0.018999999999999906 0.9773533445802309 0.006612959810895267 0.9779249742498775 1.00612086623767 0.9839107222077378 -0.006557377627506855
59770.827481185115 3.6710000000000003 0.018999999999999906 0.9903509299871119 0.006647002070198856 0.9779248797765893 1.0061208133121498 0.9839105753990083 0.006440354588103658
59770.82749712854 3.6710000000000003 0.018999999999999906 0.9854218904263891 0.006637159383791762 0.9779247855112201 1.0061207603865812 0.983910428799433 0.0015114616269560344
59770.827513071956 3.6710000000000003 0.018999999999999906 0.9881568321964739 0.006636618583938546 0.9779246914538303 1.006120707461061 0.9839102824091676 0.00424654978730632
59770.82752901538 3.6710000000000003 0.018999999999999906 0.9879360825372718 0.006629131451931187 0.9779245976041406 1.0061206545354926 0.9839101362278362 0.004025946309435646
59770.827544958796 3.6710000000000003 0.018999999999999906 0.9849229427443941 0.006639483187738866 0.977924503962217 1.0061206016099724 0.9839099902555996 0.0010129524887945163
59770.82756090222 3.6710000000000003 0.018999999999999906 0.9777985049734517 0.0066151412318207255 0.9779244105278214 1.0061205486844282 0.9839098444921477 -0.006111339518696024
59770.82757684564 3.6710000000000003 0.018999999999999906 0.9794854398453635 0.006638752181634717 0.9779243173008901 1.0061204957588838 0.9839096989374396 -0.0044242590920761105
59770.82759278905 3.6710000000000003 0.018999999999999906 0.9881652419076332 0.006624721183379241 0.9779242242813588 1.0061204428333637 0.9839095535914344 0.004255688316198825
59770.82760873248 3.6710000000000003 0.018999999999999906 0.9710803569482229 0.006601264515609619 0.9779241314689918 1.0061203899077953 0.9839094084538241 -0.012829051505601208
59770.82762467589 3.6710000000000003 0.018999999999999906 0.9756603722181212 0.006584317568316777 0.9779240388638542 1.006120336982275 0.9839092635247684 -0.008248891306647188
59770.82764061932 3.6710000000000003 0.018999999999999906 0.9886548789376924 0.006640425294528591 0.9779239464656707 1.0061202840567065 0.9839091188038961 0.004745760133796351
59770.82765656273 3.6710000000000003 0.018999999999999906 0.9840219317596672 0.006634095872883803 0.9779238542745011 1.0061202311311865 0.9839089742913618 0.00011295746830541908
59770.82767250615 3.6710000000000003 0.018999999999999906 0.9798212366493236 0.00662671400126927 0.977923762290114 1.0061201782056421 0.9839088299868616 -0.0040875933375379425
59770.82768844957 3.6710000000000003 0.018999999999999906 0.9727919390485668 0.006611545079889648 0.9779236705124466 1.0061201252800978 0.9839086858903557 -0.011116746841788983
59770.827704393 3.6710000000000003 0.018999999999999906 0.9837408339651553 0.006630443036749243 0.9779235789413508 1.0061200723545294 0.9839085420016722 -0.00016770803651688926
59770.82772033641 3.6710000000000003 0.018999999999999906 0.98855194756389 0.006636878367571802 0.977923487576849 1.0061200194290092 0.9839083983209037 0.004643549242986267
59770.827736279825 3.6710000000000003 0.018999999999999906 0.9779350241672946 0.006607341939197772 0.9779233964187509 1.006119966503489 0.9839082548478119 -0.00597323068051725
59770.82775222325 3.6710000000000003 0.018999999999999906 0.984109988568934 0.006617167821442543 0.9779233054668681 1.0061199135779206 0.9839081115821598 0.0002018769867740966
59770.827768166666 3.6710000000000003 0.018999999999999906 0.9889057469916815 0.006634595524935789 0.9779232147212645 1.0061198606524004 0.9839079685241061 0.004997778467575431
59770.82778411009 3.6710000000000003 0.018999999999999906 0.9842187574786445 0.0066034842932534855 0.9779231241816707 1.0061198077268318 0.9839078256732853 0.00031093180535923803
59770.82780005351 3.6710000000000003 0.018999999999999906 0.9917584552750962 0.006636576639502722 0.9779230338481423 1.0061197548013119 0.9839076830298479 0.007850772245248328
59770.827815996934 3.6710000000000003 0.018999999999999906 0.9782511573476327 0.006619418199034444 0.9779229437204189 1.0061197018757433 0.9839075405934371 -0.005656383245804419
59770.82783194035 3.6710000000000003 0.018999999999999906 0.9868315756777559 0.00662519436458667 0.9779228537985561 1.006119648950223 0.9839073983642037 0.002924177313552212
59770.82784788377 3.6710000000000003 0.018999999999999906 0.97489024034589 0.00659908279386939 0.9779227640823286 1.006119596024679 0.9839072563418498 -0.009017015995959832
59770.82786382719 3.6710000000000003 0.018999999999999906 0.9869010747768393 0.006651892615797637 0.9779226745716748 1.0061195430991345 0.9839071145263371 0.002993960250502248
59770.8278797706 3.6710000000000003 0.018999999999999906 0.9985784133503748 0.008148653368519077 0.9779225852665334 1.0061194901736144 0.9839069729176275 0.014671440432747263
59770.82789571403 3.6710000000000003 0.018999999999999906 0.9770836401210484 0.0066219550285097715 0.9779224961666783 1.006119437248046 0.9839068315154227 -0.006823191394374262
59770.82791165744 3.6710000000000003 0.018999999999999906 0.9806489072076533 0.006631914514245219 0.977922407272172 1.0061193843225258 0.98390669031988 -0.0032577831122266865
59770.82792760087 3.6710000000000003 0.018999999999999906 0.9930285420754332 0.0081495282974104 0.9779223185827479 1.0061193313969572 0.9839065493306365 0.009121992744796747
59770.82794354428 3.6710000000000003 0.018999999999999906 0.9915378824070201 0.00666039199995913 0.9779222300984688 1.0061192784714372 0.9839064085478503 0.007631473859169846
59770.82795948771 3.6710000000000003 0.018999999999999906 0.9798761024670597 0.006627120692953432 0.9779221418190718 1.0061192255458686 0.9839062679711617 -0.004030165504101957
59770.82797543112 3.6710000000000003 0.018999999999999906 0.9850277855727164 0.006637601054421325 0.9779220537446139 1.0061191726203484 0.9839061276007229 0.0011216579719934838
59770.82799137455 3.6710000000000003 0.018999999999999906 0.9938976618696013 0.0066442331982168945 0.9779219658748339 1.00611911969478 0.9839059874361766 0.009991674433424635
59770.82800731796 3.6710000000000003 0.018999999999999906 0.9805099446258982 0.006631020682675729 0.9779218782097935 1.0061190667692599 0.9839058474776793 -0.003395902851781041
59770.82802326138 3.6710000000000003 0.018999999999999906 0.9820396339287886 0.006632174439046241 0.9779217907492704 1.0061190138437155 0.9839057077249362 -0.0018660737961476714
59770.828039204804 3.6710000000000003 0.018999999999999906 0.974107360166394 0.006611625608433203 0.977921703493205 1.0061189609181713 0.9839055681779114 -0.009798208011517429
59770.82805514822 3.6710000000000003 0.018999999999999906 0.9926578421342874 0.006639550205297746 0.9779216164415374 1.0061189079926511 0.9839054288365678 0.008752413297719586
59770.828071091644 3.6710000000000003 0.018999999999999906 0.9857855455638337 0.006638777093800626 0.9779215295940473 1.0061188550670825 0.983905289700613 0.0018802558632207145
59770.82808703506 3.6710000000000003 0.018999999999999906 0.9943847281607923 0.006654222897215524 0.9779214429507959 1.0061188021415626 0.9839051507702031 0.010479577390589134
59770.828102978485 3.6710000000000003 0.018999999999999906 0.9834382964314514 0.006600046551992896 0.9779213565115259 1.006118749215994 0.9839050120449846 -0.00046671561353317514
59770.8281189219 3.6710000000000003 0.018999999999999906 0.9661051593583393 0.00658895427578224 0.9779212702762908 1.0061186962904738 0.9839048735251058 -0.01779971416676651
59770.82813486532 3.6710000000000003 0.018999999999999906 0.9796107856960081 0.006617115136334608 0.9779211842448822 1.0061186433649296 0.9839047352102862 -0.004293949514278084
59770.82815080874 3.6710000000000003 0.018999999999999906 0.9818356622369068 0.006614457826394902 0.9779210984172336 1.0061185904393852 0.9839045971004824 -0.002068934863575622
59770.828166752166 3.6710000000000003 0.018999999999999906 0.9863408638870282 0.006628193775197573 0.9779210127932099 1.0061185375138169 0.9839044591955349 0.00243640469149331
59770.82818269558 3.6710000000000003 0.018999999999999906 0.9796661272151108 0.006613696391805135 0.9779209273728315 1.0061184845882967 0.983904321495535 -0.004238194280424157
59770.82819863899 3.6710000000000003 0.018999999999999906 0.987096003746157 0.006642695832174345 0.9779208421559216 1.0061184316627765 0.9839041840002574 0.00319181974589966
59770.82821458242 3.6710000000000003 0.018999999999999906 0.9945062656993933 0.0066544894360601485 0.9779207571423036 1.0061183787372079 0.9839040467094774 0.010602218989915868
59770.82823052583 3.6710000000000003 0.018999999999999906 0.9812858518351577 0.006619124050894739 0.9779206723320378 1.006118325811688 0.9839039096233502 -0.0026180577881924627
59770.82824646926 3.6710000000000003 0.018999999999999906 0.9782564107416446 0.006619771661677066 0.97792058772487 1.0061182728861193 0.983903772741525 -0.005647361999880363
59770.82826241267 3.6710000000000003 0.018999999999999906 0.970616186078829 0.0066137402030522225 0.9779205033208599 1.0061182199605991 0.9839036360641568 -0.013287449985327715
59770.8282783561 3.6710000000000003 0.018999999999999906 0.9755817605096107 0.006602060687998572 0.9779204191197571 1.0061181670350308 0.9839034995908991 -0.008321739081288415
59770.828294299514 3.6710000000000003 0.018999999999999906 0.9838947743349788 0.00662772858692679 0.9779203351216161 1.0061181141095106 0.983903363321901 -8.58898692213117e-06
59770.828310242934 3.6710000000000003 0.018999999999999906 0.9818996972693181 0.006630961637597335 0.9779202513262266 1.0061180611839662 0.9839032272568801 -0.002003529987561925
59770.828326186354 3.6710000000000003 0.018999999999999906 0.9893585646526869 0.006644576667274127 0.9779201677335316 1.006118008258422 0.9839030913958028 0.0054554732568841136
59770.82834212977 3.6710000000000003 0.018999999999999906 0.9882854742139066 0.00664502017436949 0.9779200843434738 1.0061179553329018 0.9839029557386347 0.004382518475271824
59770.828358073195 3.6710000000000003 0.018999999999999906 0.9836719497409172 0.006633640492570882 0.9779200011558422 1.0061179024073332 0.9839028202850929 -0.00023087054417569863
59770.82837401661 3.6710000000000003 0.018999999999999906 0.9842688816287131 0.006633286601076162 0.9779199181706958 1.0061178494818133 0.9839026850353313 0.00036619659338177346
59770.828389960036 3.6710000000000003 0.018999999999999906 0.9852401525988035 0.0066280422471184895 0.9779198353877858 1.0061177965562447 0.9839025499890046 0.0013376026097988714
59770.82840590345 3.6710000000000003 0.018999999999999906 0.9945772727709125 0.006646161331682866 0.9779197528071706 1.0061177436307245 0.9839024151462663 0.01067485762464615
59770.82842184687 3.6710000000000003 0.018999999999999906 0.9800406358180008 0.006621716206447318 0.9779196704286413 1.0061176907051803 0.9839022805068356 -0.0038616446888347644
59770.82843779029 3.6710000000000003 0.018999999999999906 0.9800224579964972 0.0066193055440488995 0.9779195882521416 1.006117637779636 0.9839021460706789 -0.0038796880741817086
59770.82845373372 3.6710000000000003 0.018999999999999906 0.9847125083007261 0.006649563243975601 0.9779195062775422 1.0061175848540675 0.9839020118376429 0.0008104964630831768
59770.82846967713 3.6710000000000003 0.018999999999999906 0.9719424209025824 0.00658937090369019 0.9779194245048582 1.0061175319285474 0.9839018778078134 -0.011959456905230925
59770.82848562054 3.6710000000000003 0.018999999999999906 0.9798638701695981 0.006620595746689064 0.9779193429339224 1.0061174790030272 0.9839017439809747 -0.004037873811376658
59770.82850156397 3.6710000000000003 0.018999999999999906 0.9841672073942298 0.006640531819969879 0.9779192615645662 1.0061174260774586 0.9839016103569104 0.00026559703731943163
59770.82851750738 3.6710000000000003 0.018999999999999906 0.9893620028718589 0.006640036900157369 0.9779191803968474 1.0061173731519386 0.9839014769357729 0.005460525936086036
59770.82853345081 3.6710000000000003 0.018999999999999906 0.9901006011743135 0.006635849097587394 0.977919099430523 1.00611732022637 0.9839013437172229 0.006199257457090601
59770.828549394224 3.6710000000000003 0.018999999999999906 0.9760499242906087 0.0066091792862756245 0.97791901866565 1.0061172673008498 0.9839012107014126 -0.007851286410803904
59770.82856533765 3.6710000000000003 0.018999999999999906 0.973483127631043 0.006604046339363912 0.9779189381019868 1.0061172143752815 0.9839010778880043 -0.01041795025696124
59770.828581281065 3.6710000000000003 0.018999999999999906 0.9818133834727605 0.006645454846881533 0.9779188577395903 1.0061171614497613 0.9839009452771496 -0.002087561804389071
59770.828597224485 3.6710000000000003 0.018999999999999906 0.9791579148124683 0.006591715559425355 0.977918777578257 1.0061171085242169 0.9839008128685727 -0.004742898056104394
59770.828613167905 3.6710000000000003 0.018999999999999906 0.9859391569317695 0.00662994734239907 0.9779186976179347 1.0061170555986727 0.9839006806622452 0.0020384762695242475
59770.828629111325 3.6710000000000003 0.018999999999999906 0.9784506137603891 0.006612754520443218 0.9779186178585274 1.0061170026731283 0.98390054865807 -0.005449934897680864
59770.828645054746 3.6710000000000003 0.018999999999999906 0.9818786980211948 0.006626967307441766 0.9779185382999465 1.0061169497475841 0.9839004168559582 -0.0020217188347634307
59770.82866099816 3.6710000000000003 0.018999999999999906 0.9843791247624596 0.00663681454025111 0.9779184589421374 1.006116896822064 0.9839002852558782 0.0004788395065813411
59770.828676941586 3.6710000000000003 0.018999999999999906 0.977124155617418 0.006624702144091901 0.9779183797848997 1.0061168438964954 0.9839001538575576 -0.006775998240139525
59770.828692885 3.6710000000000003 0.018999999999999906 0.983360895316495 0.006628036559179312 0.9779183008282893 1.0061167909709752 0.9839000226611472 -0.0005391273446522238
59770.82870882843 3.6710000000000003 0.018999999999999906 0.9927244591264373 0.006638366767243554 0.9779182220720698 1.0061167380454068 0.9838998916663146 0.008824567460122612
59770.82872477184 3.6710000000000003 0.018999999999999906 0.9751719020395886 0.006610432553751735 0.9779181435162971 1.0061166851198866 0.9838997608732104 -0.008727858833621815
59770.82874071527 3.6710000000000003 0.018999999999999906 0.9858752799238151 0.0066527798016912726 0.9779180651607384 1.0061166321943182 0.983899630281506 0.0019756496423091185
59770.82875665868 3.6710000000000003 0.018999999999999906 0.9917609971543973 0.006646143587240686 0.9779179870054446 1.006116579268798 0.9838994998913468 0.00786149726305041
