eureka_custom_plots/data/stage5_lcfit_results/S5_wasp39b_ap4_bg8_Table_Save_ch16.txt
# %ECSV 1.0
# ---
# datatype:
# - {name: time, datatype: float64}
# - {name: wavelength, datatype: float64}
# - {name: bin_width, datatype: float64}
# - {name: lcdata, datatype: float64}
# - {name: lcerr, datatype: float64}
# - {name: transit, datatype: float64}
# - {name: polynom, datatype: float64}
# - {name: model, datatype: float64}
# - {name: residuals, datatype: float64}
# schema: astropy-2.0
time wavelength bin_width lcdata lcerr transit polynom model residuals
[from data line 13977]
59770.86686143097 3.6325000000000003 0.019500000000000073 0.9851920147115902 0.004787531140219041 0.9783602037134682 1.0061918719955936 0.9844180848604449 0.0007739298511453274
59770.866877374385 3.6325000000000003 0.019500000000000073 0.9903353649977567 0.004812007292845737 0.978361135853855 1.0061918046719291 0.9844189569056688 0.0059164080920878215
59770.86689331781 3.6325000000000003 0.019500000000000073 0.9784518088147723 0.004779498461669942 0.978362069151739 1.006191737348203 0.9844198301153709 -0.005968021300598592
59770.866909261225 3.6325000000000003 0.019500000000000073 0.9887043652105107 0.004796655625969072 0.9783630036072665 1.0061916700245384 0.9844207044898189 0.004283660720691862
59770.866925204646 3.6325000000000003 0.019500000000000073 0.9842774583447778 0.0047862566750315055 0.9783639392235863 1.006191602700843 0.9844215800320906 -0.00014412168731281483
59770.866941148066 3.6325000000000003 0.019500000000000073 0.9840596075704341 0.004786810508302217 0.9783648760022041 1.0061915353771478 0.9844224567437305 -0.0003628491732964312
59770.866957091486 3.6325000000000003 0.019500000000000073 0.982401094977007 0.004796772838146467 0.9783658139449822 1.0061914680534525 0.9844233346266127 -0.002022239649605684
59770.86697303491 3.6325000000000003 0.019500000000000073 0.9891591367731815 0.004804880819049657 0.9783667530538142 1.0061914007297572 0.9844242136826418 0.004734923090539689
59770.86698897832 3.6325000000000003 0.019500000000000073 0.9859496716515773 0.004792555772503699 0.978367693330164 1.0061913334060928 0.984425093913321 0.0015245777382563164
59770.86700492174 3.6325000000000003 0.019500000000000073 0.978335330561252 0.0047838277915075895 0.9783686347767784 1.0061912660823975 0.9844259753213535 -0.00609064476010146
59770.86702086516 3.6325000000000003 0.019500000000000073 0.9758656782370425 0.004769260739215683 0.9783695773951862 1.0061911987587022 0.9844268579083072 -0.008561179671264685
59770.86703680858 3.6325000000000003 0.019500000000000073 0.9774726365358524 0.004782054277127595 0.9783705211872742 1.006191131435007 0.9844277416760808 -0.006955105140228457
59770.867052752 3.6325000000000003 0.019500000000000073 0.9921851077695736 0.004809105502215264 0.9783714661549343 1.0061910641113117 0.9844286266265775 0.007756481142996097
59770.86706869542 3.6325000000000003 0.019500000000000073 0.9824702369781138 0.0047889231840566125 0.9783724123001456 1.0061909967876164 0.9844295127617883 -0.0019592757836744967
59770.867084638834 3.6325000000000003 0.019500000000000073 0.987266252223443 0.00479125747980517 0.9783733596243713 1.0061909294639517 0.9844304000832153 0.002835852140227746
59770.867100582254 3.6325000000000003 0.019500000000000073 0.9893428212158776 0.00479740722382304 0.9783743081304228 1.0061908621402564 0.984431288593627 0.004911532622250525
59770.867116525675 3.6325000000000003 0.019500000000000073 0.9914807843774366 0.004816210463961099 0.9783752578197745 1.0061907948165612 0.9844321782945369 0.0070486060828997
59770.8671324691 3.6325000000000003 0.019500000000000073 0.9881814449911734 0.004802729956609095 0.9783762086948659 1.0061907274928352 0.984433069188369 0.0037483758028044045
59770.867148412515 3.6325000000000003 0.019500000000000073 0.9825540035032727 0.004789991432025526 0.9783771607562998 1.0061906601691706 0.98443396127582 -0.001879957772547236
59770.86716435593 3.6325000000000003 0.019500000000000073 0.9893511017726137 0.004805126542485562 0.9783781140069102 1.006190592845506 0.9844348545596809 0.004916247212932712
59770.867180299356 3.6325000000000003 0.019500000000000073 0.9797969723305401 0.004789795957899233 0.9783790684495143 1.00619052552178 0.9844357490427263 -0.0046387767121862655
59770.86719624277 3.6325000000000003 0.019500000000000073 0.9822821116655989 0.0047863673721392 0.9783800240843663 1.0061904581981154 0.9844366447253317 -0.0021545330597327883
59770.8672121862 3.6325000000000003 0.019500000000000073 0.9821180510783672 0.004781925119329673 0.9783809809151789 1.0061903908743894 0.9844375416111124 -0.002319490532745161
59770.86722812961 3.6325000000000003 0.019500000000000073 0.9801449158073487 0.004793265586601184 0.9783819389421575 1.0061903235507248 0.9844384397003949 -0.004293523893046158
59770.86724407303 3.6325000000000003 0.019500000000000073 0.974934677371101 0.004770315928244231 0.9783828981685847 1.0061902562270295 0.9844393389963919 -0.009504661625290955
59770.86726001645 3.6325000000000003 0.019500000000000073 0.9844206483150432 0.0047889789151187205 0.9783838585960608 1.0061901889033342 0.9844402395007434 -1.959118570027396e-05
59770.86727595986 3.6325000000000003 0.019500000000000073 0.9882105464773664 0.004794118573536886 0.9783848202261051 1.0061901215796696 0.9844411412150078 0.0037694052623585828
59770.86729190329 3.6325000000000003 0.019500000000000073 0.9849069197559055 0.004801756590485321 0.9783857830620508 1.0061900542559437 0.9844420441424488 0.00046487561345665007
59770.8673078467 3.6325000000000003 0.019500000000000073 0.9846194938645001 0.004793082748872055 0.9783867471041197 1.006189986932279 0.9844429482834092 0.00017654558109092555
59770.867323790124 3.6325000000000003 0.019500000000000073 0.9855609313294333 0.004796285487064564 0.9783877123556298 1.0061899196085837 0.9844438536411373 0.0011170776882960531
59770.867339733544 3.6325000000000003 0.019500000000000073 0.988496442088215 0.004799074679493232 0.9783886788182053 1.0061898522848884 0.9844447602172972 0.004051681870917756
59770.867355676965 3.6325000000000003 0.019500000000000073 0.9935057659538421 0.00481037438787537 0.9783896464938381 1.0061897849611932 0.9844456680138928 0.00906009793994933
59770.867371620385 3.6325000000000003 0.019500000000000073 0.9899973537982123 0.004809898938646511 0.978390615384525 1.0061897176374979 0.9844465770329329 0.005550776765279375
59770.8673875638 3.6325000000000003 0.019500000000000073 0.987383618721938 0.004799562687121929 0.9783915854919041 1.0061896503138335 0.9844474872760961 0.0029361314458419274
59770.867403507225 3.6325000000000003 0.019500000000000073 0.9862400558173349 0.004795985466508522 0.9783925568193306 1.0061895829901073 0.9844483987466671 0.0017916570706677515
59770.867419450646 3.6325000000000003 0.019500000000000073 0.9810661572486814 0.004793397107526817 0.9783935293674992 1.006189515666412 0.9844493114454356 -0.003383154196754168
59770.86743539406 3.6325000000000003 0.019500000000000073 0.9868999721340316 0.004799760895134417 0.9783945031384275 1.0061894483427476 0.9844502253744309 0.002449746759600635
59770.86745133748 3.6325000000000003 0.019500000000000073 0.9923743120106477 0.004805109232783894 0.9783954781351256 1.0061893810190523 0.9844511405366217 0.007923171474025992
59770.8674672809 3.6325000000000003 0.019500000000000073 0.9912754802081832 0.004807058560286751 0.9783964543591741 1.006189313695357 0.9844520569336281 0.006823423274555096
59770.86748322432 3.6325000000000003 0.019500000000000073 0.987754137554595 0.00479479263222977 0.9783974318126372 1.0061892463716617 0.9844529745675267 0.0033011629870682846
59770.86749916774 3.6325000000000003 0.019500000000000073 0.9853686082780303 0.004799536335038765 0.9783984104975565 1.0061891790479665 0.9844538934403716 0.0009147148376587033
59770.86751511115 3.6325000000000003 0.019500000000000073 0.9906183466421182 0.004805549933771121 0.9783993904156106 1.0061891117243018 0.9844548135538816 0.0061635330882365835
59770.86753105458 3.6325000000000003 0.019500000000000073 0.9811750357200911 0.005526295362322321 0.9784003715702138 1.0061890444005759 0.9844557349114017 -0.0032806991913105765
59770.86754699799 3.6325000000000003 0.019500000000000073 0.9872692723424216 0.004795096991478278 0.9784013539616373 1.0061889770769112 0.9844566575133248 0.0028126148290967823
59770.867562941414 3.6325000000000003 0.019500000000000073 "" "" 0.9784023375933083 1.006188909753216 0.9844575813630089 ""
59770.867578884834 3.6325000000000003 0.019500000000000073 0.985785063269607 0.004795690102565322 0.9784033224669284 1.0061888424295207 0.9844585064621957 0.0013265568074113387
59770.867594828254 3.6325000000000003 0.019500000000000073 0.9874870939349367 0.004799454463837563 0.9784043085845735 1.0061887751058254 0.984459432812974 0.0030276611219627325
59770.867610771675 3.6325000000000003 0.019500000000000073 0.9843652385282944 0.004790588180147644 0.9784052959483542 1.00618870778213 0.9844603604174671 -9.512188917271125e-05
59770.86762671509 3.6325000000000003 0.019500000000000073 0.9876414684168225 0.00479677556402771 0.9784062845599006 1.0061886404584655 0.9844612892773449 0.003180179139477657
59770.867642658515 3.6325000000000003 0.019500000000000073 0.9833240953552949 0.0047969197339736815 0.9784072744227647 1.0061885731347395 0.9844622193960911 -0.0011381240407962734
59770.86765860193 3.6325000000000003 0.019500000000000073 0.9764711811718046 0.004784891705570314 0.9784082655372143 1.0061885058110749 0.9844631507740951 -0.007991969602290427
59770.86767454535 3.6325000000000003 0.019500000000000073 0.9821760001578604 0.004788075683691638 0.9784092579067583 1.0061884384873796 0.984464083414797 -0.002288083256936524
59770.86769048877 3.6325000000000003 0.019500000000000073 0.9929828116629945 0.004810418782552409 0.9784102515330495 1.0061883711636843 0.9844650173198898 0.008517794343104734
59770.86770643219 3.6325000000000003 0.019500000000000073 0.9904380469949264 0.004806150547292547 0.9784112464182914 1.006188303839989 0.9844659524915901 0.005972094503336356
59770.86772237561 3.6325000000000003 0.019500000000000073 0.9902130460070071 0.0048085756849873635 0.9784122425646076 1.0061882365162937 0.9844668889320347 0.005746157074972391
59770.86773831902 3.6325000000000003 0.019500000000000073 0.988732080143082 0.004805019925152329 0.9784132399736942 1.006188169192629 0.9844678266429598 0.0042642535001221615
59770.86775426244 3.6325000000000003 0.019500000000000073 0.9796665020944545 0.004785167703382307 0.9784142386486092 1.0061881018689338 0.9844687656273822 -0.004802263532927675
59770.86777020586 3.6325000000000003 0.019500000000000073 0.9819783901190122 0.004790803539724442 0.9784152385911193 1.0061880345452385 0.984469705887109 -0.0024913157680968023
59770.86778614928 3.6325000000000003 0.019500000000000073 0.9858208097772592 0.004794515440713513 0.9784162398033723 1.0061879672215432 0.9844706474243012 0.0013501623529579287
59770.867802092704 3.6325000000000003 0.019500000000000073 0.9818835609374913 0.0047897971685100125 0.9784172422875506 1.006187899897848 0.9844715902411544 -0.0025880293036630864
59770.867818036124 3.6325000000000003 0.019500000000000073 0.984052197666271 0.00478382280167576 0.9784182460458134 1.0061878325741527 0.984472534339841 -0.00042033667357010973
59770.86783397954 3.6325000000000003 0.019500000000000073 0.983416818935158 0.004795256824125634 0.9784192510799485 1.0061877652504883 0.9844734797221898 -0.0010566607870318157
59770.86784992296 3.6325000000000003 0.019500000000000073 0.9813228613940934 0.004792384458387989 0.9784202573930582 1.006187697926793 0.9844744263912614 -0.003151564997167955
59770.86786586638 3.6325000000000003 0.019500000000000073 0.9820001665044827 0.004787643747108933 0.9784212649868846 1.0061876306030977 0.984475374348839 -0.0024752078443562864
59770.867881809805 3.6325000000000003 0.019500000000000073 0.9820662519568146 0.004791066599121041 0.9784222738640797 1.0061875632793715 0.9844763235975602 -0.0024100716407455813
59770.86789775322 3.6325000000000003 0.019500000000000073 0.9836773309931672 0.004796784317605831 0.9784232840255196 1.0061874959557071 0.9844772741383971 -0.0007999431452299088
59770.86791369663 3.6325000000000003 0.019500000000000073 0.9810574205679957 0.004791570648897436 0.9784242954743351 1.0061874286320425 0.9844782259744389 -0.0034208054064431836
59770.86792964006 3.6325000000000003 0.019500000000000073 0.9808636099388318 0.0047846839242998785 0.978425308213696 1.0061873613083165 0.9844791791088151 -0.0036155691699832904
59770.86794558347 3.6325000000000003 0.019500000000000073 0.97836494501923 0.004788767346092408 0.9784263222439377 1.006187293984652 0.9844801335419826 -0.006115188522752613
59770.8679615269 3.6325000000000003 0.019500000000000073 0.9817489762301272 0.004792917672490313 0.9784273375692409 1.0061872266609257 0.9844810892780279 -0.002732113047900664
59770.86797747031 3.6325000000000003 0.019500000000000073 0.9812211574551727 0.00479163585274243 0.9784283541899491 1.0061871593372613 0.9844820463174166 -0.0032608888622439602
59770.86799341373 3.6325000000000003 0.019500000000000073 0.9923196175818942 0.004801422255523783 0.9784293721097304 1.006187092013566 0.9844830046637489 0.007836612918145303
59770.86800935715 3.6325000000000003 0.019500000000000073 0.9806004677021343 0.004787375591768813 0.9784303913303499 1.0061870246898708 0.9844839643188307 -0.0038834966166964024
59770.868025300566 3.6325000000000003 0.019500000000000073 0.9945425406302637 0.004810864652257722 0.9784314118536654 1.0061869573662061 0.9844849252845609 0.01005761534570282
59770.86804124399 3.6325000000000003 0.019500000000000073 0.9854252313023167 0.004793876446504789 0.9784324336833427 1.0061868900424802 0.9844858875645378 0.0009393437377789304
59770.86805718741 3.6325000000000003 0.019500000000000073 0.9824992763291368 0.004792720306754598 0.9784334568197749 1.0061868227188155 0.9844868511592767 -0.0019875748301398932
59770.86807313083 3.6325000000000003 0.019500000000000073 0.9892892535157487 0.004803144867171871 0.9784344812666423 1.0061867553951203 0.9844878160723904 0.0048014374433582585
59770.86808907425 3.6325000000000003 0.019500000000000073 0.9854487346289175 0.004794919908931745 0.9784355070258288 1.006186688071425 0.9844887823058042 0.0009599523231133
59770.86810501767 3.6325000000000003 0.019500000000000073 0.9787490740227752 0.004781426638930046 0.9784365340996092 1.0061866207477297 0.9844897498618066 -0.005740675839031373
59770.86812096109 3.6325000000000003 0.019500000000000073 0.989245381056347 0.00479358347777177 0.978437562490294 1.0061865534240344 0.9844907187427222 0.004754662313624758
59770.86813690451 3.6325000000000003 0.019500000000000073 0.987692326252682 0.004798000738091894 0.9784385922001712 1.0061864861003391 0.9844916889508529 0.003200637301829068
59770.86815284792 3.6325000000000003 0.019500000000000073 0.9894037272312796 0.004793676923274559 0.9784396232311472 1.0061864187766745 0.9844926604881467 0.004911066743132908
59770.86816879135 3.6325000000000003 0.019500000000000073 0.9826873821632245 0.004790216091279259 0.9784406555869554 1.0061863514529485 0.9844936333582697 -0.0018062511950451832
59770.86818473476 3.6325000000000003 0.019500000000000073 0.9836842997893932 0.004788304575729463 0.9784416892680232 1.006186284129284 0.9844946075617718 -0.0008103077723785601
59770.86820067818 3.6325000000000003 0.019500000000000073 0.9837719089240882 0.004790515666328332 0.978442724278099 1.0061862168055886 0.9844955831023341 -0.0007236741782459255
59770.8682166216 3.6325000000000003 0.019500000000000073 0.9858142731222017 0.004796573018655141 0.9784437606191168 1.0061861494818933 0.9844965599819324 0.0013177131402692943
59770.868232565015 3.6325000000000003 0.019500000000000073 0.9865075824330746 0.004798145807266423 0.9784447982929242 1.006186082158229 0.9844975382024559 0.0020100442306186794
59770.86824850844 3.6325000000000003 0.019500000000000073 0.982198278714783 0.0047885078689294935 0.978445837303328 1.0061860148345028 0.9844985177676439 -0.0023002390528608085
59770.868264451856 3.6325000000000003 0.019500000000000073 0.9906688446927643 0.004809043326962334 0.9784468776507477 1.0061859475108383 0.9844994986780389 0.0061693460147254076
59770.86828039528 3.6325000000000003 0.019500000000000073 0.9804513513966019 0.004787203895776108 0.978447919339548 1.0061858801871122 0.9845004809379116 -0.0040491295413097594
