eureka_custom_plots/data/stage5_lcfit_results/S5_wasp39b_ap4_bg8_Table_Save_ch27.txt
# %ECSV 1.0
# ---
# datatype:
# - {name: time, datatype: float64}
# - {name: wavelength, datatype: float64}
# - {name: bin_width, datatype: float64}
# - {name: lcdata, datatype: float64}
# - {name: lcerr, datatype: float64}
# - {name: transit, datatype: float64}
# - {name: polynom, datatype: float64}
# - {name: model, datatype: float64}
# - {name: residuals, datatype: float64}
# schema: astropy-2.0
time wavelength bin_width lcdata lcerr transit polynom model residuals
[from data line 5291]
59770.72837688687 4.054 0.019000000000000128 0.9991801185319956 0.006368431803177642 1.0 1.0067205185460344 1.0067205185460344 -0.007540400014038773
59770.728392830286 4.054 0.019000000000000128 1.005188166861435 0.00637675706798616 1.0 1.0067204587506176 1.0067204587506176 -0.0015322918891824688
59770.72840877371 4.054 0.019000000000000128 1.0162289080159255 0.006412367781547239 1.0 1.006720398955146 1.006720398955146 0.00950850906077938
59770.728424717134 4.054 0.019000000000000128 1.0107317593369176 0.006384875812811006 1.0 1.006720339159702 1.006720339159702 0.004011420177215674
59770.72844066055 4.054 0.019000000000000128 1.0083670631327024 0.0063833159128091855 1.0 1.006720279364285 1.006720279364285 0.0016467837684173148
59770.728456603974 4.054 0.019000000000000128 1.0104518370379896 0.006398605516799041 1.0 1.0067202195688136 1.0067202195688136 0.0037316174691759407
59770.728472547395 4.054 0.019000000000000128 1.0134515327153557 0.006395837702218171 1.0 1.0067201597733695 1.0067201597733695 0.0067313729419862245
59770.728488490815 4.054 0.019000000000000128 1.005122639816545 0.006373995509219417 1.0 1.006720099977925 1.006720099977925 -0.001597460161380182
59770.72850443423 4.054 0.019000000000000128 1.0078739652008166 0.007382229596273647 1.0 1.0067200401825083 1.0067200401825083 0.001153925018308355
59770.728520377656 4.054 0.019000000000000128 0.9976504313496801 0.006356219446984629 1.0 1.0067199803870368 1.0067199803870368 -0.009069549037356683
59770.72853632107 4.054 0.019000000000000128 1.005809663351944 0.006382635730552147 1.0 1.00671992059162 1.00671992059162 -0.0009102572396759712
59770.728552264496 4.054 0.019000000000000128 1.0072505786271153 0.006388746775640666 1.0 1.0067198607961485 1.0067198607961485 0.0005307178309668092
59770.72856820792 4.054 0.019000000000000128 1.0028491947202751 0.0063589249530225725 1.0 1.0067198010007044 1.0067198010007044 -0.003870606280429234
59770.72858415134 4.054 0.019000000000000128 1.0047426052223474 0.00637847687844689 1.0 1.0067197412052602 1.0067197412052602 -0.0019771359829128254
59770.72860009476 4.054 0.019000000000000128 0.9976033509130257 0.006364160888606702 1.0 1.006719681409816 1.006719681409816 -0.009116330496790392
59770.72861603817 4.054 0.019000000000000128 1.003820495438362 0.006371549346934081 1.0 1.006719621614399 1.006719621614399 -0.002899126176036937
59770.7286319816 4.054 0.019000000000000128 1.0051669961867786 0.006367272163333925 1.0 1.0067195618189275 1.0067195618189275 -0.0015525656321488945
59770.72864792501 4.054 0.019000000000000128 1.010613065646868 0.006392770685777116 1.0 1.0067195020235107 1.0067195020235107 0.0038935636233572435
59770.72866386844 4.054 0.019000000000000128 1.0059685823852569 0.006377057479499405 1.0 1.0067194422280392 1.0067194422280392 -0.0007508598427823365
59770.72867981185 4.054 0.019000000000000128 1.0136052698638651 0.0064060834708769 1.0 1.0067193824326224 1.0067193824326224 0.006885887431242743
59770.72869575528 4.054 0.019000000000000128 1.00489903148045 0.006385372693635341 1.0 1.006719322637151 1.006719322637151 -0.001820291156700904
59770.7287116987 4.054 0.019000000000000128 1.0120014803750244 0.006390411458022793 1.0 1.0067192628417068 1.0067192628417068 0.00528221753331759
59770.72872764211 4.054 0.019000000000000128 1.0082368472750782 0.006370172738700834 1.0 1.0067192030462897 1.0067192030462897 0.0015176442287885283
59770.72874358554 4.054 0.019000000000000128 1.005039914453818 0.006382476448844662 1.0 1.0067191432508182 1.0067191432508182 -0.0016792287970002207
59770.72875952896 4.054 0.019000000000000128 1.0085967270562493 0.006388807599229676 1.0 1.006719083455374 1.006719083455374 0.0018776436008751674
59770.72877547238 4.054 0.019000000000000128 1.0083078356782742 0.006396584686624792 1.0 1.00671902365993 1.00671902365993 0.0015888120183442656
59770.72879141579 4.054 0.019000000000000128 1.0103108346273642 0.006384098067204437 1.0 1.006718963864513 1.006718963864513 0.003591870762851057
59770.72880735922 4.054 0.019000000000000128 1.0103759950493163 0.006382084688775191 1.0 1.0067189040690416 1.0067189040690416 0.0036570909802746687
59770.728823302634 4.054 0.019000000000000128 1.004012336044697 0.00638011876848881 1.0 1.0067188442736248 1.0067188442736248 -0.0027065082289277065
59770.72883924606 4.054 0.019000000000000128 1.003893138915151 0.006367724423843899 1.0 1.0067187844781533 1.0067187844781533 -0.0028256455630022437
59770.72885518948 4.054 0.019000000000000128 0.9956881238602144 0.006351561338943823 1.0 1.006718724682709 1.006718724682709 -0.011030600822494518
59770.7288711329 4.054 0.019000000000000128 1.0127835260165752 0.006391322430278003 1.0 1.0067186648872648 1.0067186648872648 0.006064861129310373
59770.72888707632 4.054 0.019000000000000128 1.0112215698562854 0.006381521432494523 1.0 1.0067186050918207 1.0067186050918207 0.0045029647644647675
59770.728903019735 4.054 0.019000000000000128 1.0103960855301999 0.006393826644291013 1.0 1.0067185452964038 1.0067185452964038 0.0036775402337960728
59770.72891896316 4.054 0.019000000000000128 1.0105841760229934 0.006384085164573281 1.0 1.0067184855009323 1.0067184855009323 0.0038656905220610938
59770.72893490658 4.054 0.019000000000000128 1.019881848864765 0.006400516996259203 1.0 1.0067184257054882 1.0067184257054882 0.013163423159276766
59770.72895085 4.054 0.019000000000000128 1.0140144861954141 0.006388850005215133 1.0 1.006718365910044 1.006718365910044 0.007296120285370078
59770.72896679342 4.054 0.019000000000000128 1.0067343229442134 0.006375820449303585 1.0 1.006718306114627 1.006718306114627 1.6016829586407155e-05
59770.728982736844 4.054 0.019000000000000128 1.0093243266237764 0.006388143314905213 1.0 1.0067182463191555 1.0067182463191555 0.002606080304620839
59770.728998680264 4.054 0.019000000000000128 1.001156567204049 0.006377462644368584 1.0 1.0067181865237114 1.0067181865237114 -0.00556161931966237
59770.729014623685 4.054 0.019000000000000128 0.993298582950028 0.006359409043364235 1.0 1.0067181267282672 1.0067181267282672 -0.013419543778239174
59770.729030567105 4.054 0.019000000000000128 1.0160397073023233 0.006397048309587996 1.0 1.006718066932823 1.006718066932823 0.009321640369500228
59770.729046510525 4.054 0.019000000000000128 1.0037455421337647 0.006352275464544145 1.0 1.006718007137379 1.006718007137379 -0.0029724650036142553
59770.729062453946 4.054 0.019000000000000128 1.0247531062364157 0.007413238362760515 1.0 1.0067179473419348 1.0067179473419348 0.01803515889448093
59770.72907839736 4.054 0.019000000000000128 0.9945116521500803 0.0063406388731880895 1.0 1.0067178875465177 1.0067178875465177 -0.012206235396437393
59770.729094340786 4.054 0.019000000000000128 1.0104396635812432 0.006396298794929478 1.0 1.0067178277510462 1.0067178277510462 0.003721835830196918
59770.7291102842 4.054 0.019000000000000128 1.0056723193084582 0.0063776094244227055 1.0 1.0067177679556294 1.0067177679556294 -0.0010454486471711544
59770.72912622763 4.054 0.019000000000000128 1.010685923979889 0.006391352733621467 1.0 1.006717708160158 1.006717708160158 0.003968215819731169
59770.72914217105 4.054 0.019000000000000128 1.003776979588173 0.006372980428152591 1.0 1.0067176483647138 1.0067176483647138 -0.0029406687765407558
59770.72915811447 4.054 0.019000000000000128 1.0005107919191354 0.006379743861006255 1.0 1.0067175885692696 1.0067175885692696 -0.006206796650134239
59770.72917405789 4.054 0.019000000000000128 1.0161028421907519 0.006396427280319771 1.0 1.0067175287738255 1.0067175287738255 0.009385313416926389
59770.7291900013 4.054 0.019000000000000128 1.0133376358835575 0.00640174933493212 1.0 1.0067174689784086 1.0067174689784086 0.006620166905148883
59770.72920594473 4.054 0.019000000000000128 1.020070683812025 0.006413459356879745 1.0 1.0067174091829372 1.0067174091829372 0.013353274629087863
59770.72922188815 4.054 0.019000000000000128 1.0042095589234248 0.006373281547123101 1.0 1.0067173493874928 1.0067173493874928 -0.002507790464068016
59770.72923783157 4.054 0.019000000000000128 1.0101514290930134 0.006392149302482205 1.0 1.0067172895920486 1.0067172895920486 0.003434139500964717
59770.72925377498 4.054 0.019000000000000128 1.0013485239143012 0.006375110404860182 1.0 1.0067172297966318 1.0067172297966318 -0.005368705882330627
59770.72926971841 4.054 0.019000000000000128 0.9936064174928081 0.006354298907986186 1.0 1.0067171700011603 1.0067171700011603 -0.013110752508352252
59770.72928566183 4.054 0.019000000000000128 0.9991838759339078 0.006364855000734444 1.0 1.0067171102057162 1.0067171102057162 -0.007533234271808409
59770.72930160525 4.054 0.019000000000000128 1.01087422465221 0.006388460119417069 1.0 1.006717050410272 1.006717050410272 0.004157174241937955
59770.72931754867 4.054 0.019000000000000128 1.0023995155208405 0.0063659441184963595 1.0 1.006716990614828 1.006716990614828 -0.0043174750939873885
59770.72933349209 4.054 0.019000000000000128 0.9923033987979583 0.00634515109510332 1.0 1.0067169308193835 1.0067169308193835 -0.014413532021425257
59770.72934943551 4.054 0.019000000000000128 0.9945603258530624 0.006344387647456775 1.0 1.0067168710239394 1.0067168710239394 -0.012156545170876942
59770.729365378924 4.054 0.019000000000000128 1.0139594962616374 0.006389968905782238 1.0 1.0067168112285225 1.0067168112285225 0.007242685033114871
59770.72938132235 4.054 0.019000000000000128 1.0040319155189492 0.006370081141258437 1.0 1.006716751433051 1.006716751433051 -0.0026848359141018463
59770.729397265764 4.054 0.019000000000000128 0.9972813747302482 0.006356476265581326 1.0 1.0067166916376342 1.0067166916376342 -0.009435316907385971
59770.72941320919 4.054 0.019000000000000128 1.0085425290873606 0.006388208960170544 1.0 1.0067166318421628 1.0067166318421628 0.0018258972451978828
59770.72942915261 4.054 0.019000000000000128 0.9921870726994858 0.00633837846966057 1.0 1.0067165720467186 1.0067165720467186 -0.0145294993472328
59770.72944509603 4.054 0.019000000000000128 1.016461650801184 0.006408259062365331 1.0 1.0067165122512745 1.0067165122512745 0.009745138549909438
59770.72946103945 4.054 0.019000000000000128 1.0194377003905248 0.006410989984518216 1.0 1.00671645245583 1.00671645245583 0.012721247934694757
59770.72947698287 4.054 0.019000000000000128 0.999776060552613 0.006366965777779209 1.0 1.006716392660386 1.006716392660386 -0.006940332107772895
59770.72949292629 4.054 0.019000000000000128 1.005101208539391 0.006382751938882169 1.0 1.0067163328649418 1.0067163328649418 -0.0016151243255508874
59770.729508869714 4.054 0.019000000000000128 1.005104856607245 0.006378894187644466 1.0 1.0067162730694976 1.0067162730694976 -0.0016114164622527127
59770.729524813134 4.054 0.019000000000000128 1.0015354614214038 0.00637774964393524 1.0 1.0067162132740535 1.0067162132740535 -0.0051807518526496565
59770.72954075655 4.054 0.019000000000000128 0.9992070097666091 0.006352672547018399 1.0 1.0067161534786366 1.0067161534786366 -0.007509143712027488
59770.729556699975 4.054 0.019000000000000128 1.0042578808587839 0.0063723691274270924 1.0 1.0067160936831652 1.0067160936831652 -0.0024582128243813006
59770.729572643395 4.054 0.019000000000000128 1.01138993403423 0.006382557201576574 1.0 1.006716033887721 1.006716033887721 0.004673900146509036
59770.729588586815 4.054 0.019000000000000128 1.0122448544704166 0.0063929034687576596 1.0 1.0067159740922766 1.0067159740922766 0.005528880378139922
59770.729604530236 4.054 0.019000000000000128 1.0169922005826604 0.006399002801991344 1.0 1.0067159142968325 1.0067159142968325 0.010276286285827885
59770.729620473656 4.054 0.019000000000000128 1.0126040966101146 0.006385531473290837 1.0 1.0067158545013883 1.0067158545013883 0.005888242108726294
59770.729636417076 4.054 0.019000000000000128 1.005443592918052 0.006374297788355557 1.0 1.0067157947059442 1.0067157947059442 -0.0012722017878921132
59770.72965236049 4.054 0.019000000000000128 1.0027574665311247 0.0063696567120726305 1.0 1.0067157349105273 1.0067157349105273 -0.0039582683794026075
59770.72966830392 4.054 0.019000000000000128 1.0139166629758831 0.006401130078571663 1.0 1.0067156751150559 1.0067156751150559 0.007200987860827235
59770.72968424734 4.054 0.019000000000000128 1.0047767083615675 0.006385896343091442 1.0 1.0067156153196117 1.0067156153196117 -0.0019389069580442175
59770.72970019076 4.054 0.019000000000000128 1.0105592029654908 0.006396477407370575 1.0 1.0067155555241674 1.0067155555241674 0.0038436474413234833
59770.72971613418 4.054 0.019000000000000128 1.0043959419968562 0.006370967015718765 1.0 1.0067154957287232 1.0067154957287232 -0.0023195537318669857
59770.7297320776 4.054 0.019000000000000128 0.9958053476315469 0.0063540163505754685 1.0 1.006715435933279 1.006715435933279 -0.010910088301732124
59770.72974802102 4.054 0.019000000000000128 1.0057796048963692 0.006386822272999742 1.0 1.006715376137835 1.006715376137835 -0.0009357712414657104
59770.72976396444 4.054 0.019000000000000128 1.0066601939518913 0.006368805993687411 1.0 1.0067153163423908 1.0067153163423908 -5.512239049942913e-05
59770.72977990786 4.054 0.019000000000000128 1.0092657011155406 0.006375192166005975 1.0 1.0067152565469466 1.0067152565469466 0.0025504445685939903
59770.72979585128 4.054 0.019000000000000128 1.0158397874146203 0.006408109403762746 1.0 1.0067151967515025 1.0067151967515025 0.009124590663117882
59770.7298117947 4.054 0.019000000000000128 1.003595376754104 0.0063794628129579985 1.0 1.0067151369560583 1.0067151369560583 -0.003119760201954369
59770.72982773811 4.054 0.019000000000000128 1.000127442734114 0.0063739394678651775 1.0 1.0067150771606412 1.0067150771606412 -0.006587634426527211
59770.72984368154 4.054 0.019000000000000128 1.0197033921510625 0.006404211001716651 1.0 1.0067150173651698 1.0067150173651698 0.012988374785892765
59770.72985962496 4.054 0.019000000000000128 1.0014052033449135 0.00636321869148732 1.0 1.0067149575697256 1.0067149575697256 -0.005309754224812169
59770.72987556838 4.054 0.019000000000000128 1.0092700609114709 0.006387141681840349 1.0 1.0067148977742815 1.0067148977742815 0.002555163137189398
59770.7298915118 4.054 0.019000000000000128 1.018676314793574 0.006399786323310852 1.0 1.0067148379788373 1.0067148379788373 0.011961476814736693
59770.72990745522 4.054 0.019000000000000128 1.0056459578719317 0.006380981086394573 1.0 1.0067147781833932 1.0067147781833932 -0.0010688203114614936
59770.72992339864 4.054 0.019000000000000128 1.0006179389611918 0.006370882979824047 1.0 1.006714718387949 1.006714718387949 -0.006096779426757237
59770.729939342054 4.054 0.019000000000000128 1.0184422391919314 0.006408280918459948 1.0 1.006714658592532 1.006714658592532 0.01172758059939949
59770.72995528548 4.054 0.019000000000000128 1.0065920955413712 0.00637495114681029 1.0 1.0067145987970605 1.0067145987970605 -0.0001225032556892991
59770.7299712289 4.054 0.019000000000000128 1.0113745094421236 0.006393097968155883 1.0 1.0067145390016163 1.0067145390016163 0.004659970440507255
59770.72998717232 4.054 0.019000000000000128 1.007815500752847 0.006382549698704047 1.0 1.0067144792061722 1.0067144792061722 0.0011010215466749074
59770.73000311574 4.054 0.019000000000000128 1.0058310289651757 0.006380371407471263 1.0 1.006714419410728 1.006714419410728 -0.0008833904455523012
59770.73001905916 4.054 0.019000000000000128 1.0003841229337864 0.006374704536308561 1.0 1.0067143596152839 1.0067143596152839 -0.006330236681497459
59770.73003500258 4.054 0.019000000000000128 0.9965782786657799 0.006357476558500389 1.0 1.0067142998198397 1.0067142998198397 -0.010136021154059871
59770.730050946004 4.054 0.019000000000000128 1.004035659580228 0.006369465302127414 1.0 1.0067142400243956 1.0067142400243956 -0.0026785804441675776
59770.730066889424 4.054 0.019000000000000128 1.0065577077378929 0.0063668220928292584 1.0 1.0067141802289512 1.0067141802289512 -0.00015647249105832373
