eureka_custom_plots/data/stage5_lcfit_results/S5_wasp39b_ap4_bg8_Table_Save_ch09.txt
# %ECSV 1.0
# ---
# datatype:
# - {name: time, datatype: float64}
# - {name: wavelength, datatype: float64}
# - {name: bin_width, datatype: float64}
# - {name: lcdata, datatype: float64}
# - {name: lcerr, datatype: float64}
# - {name: transit, datatype: float64}
# - {name: polynom, datatype: float64}
# - {name: model, datatype: float64}
# - {name: residuals, datatype: float64}
# schema: astropy-2.0
time wavelength bin_width lcdata lcerr transit polynom model residuals
[from data line 12146]
59770.837669030174 3.364 0.018999999999999906 0.9897016418699083 0.005409035345663146 0.9776264928153481 1.0061072149969574 0.9835970679936928 0.006104573876215436
59770.837684973594 3.364 0.018999999999999906 0.9807253363986821 0.0053971540121151695 0.9776265291145323 1.006107102252586 0.9835969942926756 -0.0028716578939934623
59770.83770091701 3.364 0.018999999999999906 0.9840327698947992 0.005404285231030678 0.9776265656944028 1.0061069895082662 0.9835969208741008 0.0004358490206983756
59770.83771686043 3.364 0.018999999999999906 0.9784490186086995 0.005392525558488945 0.9776266025550203 1.0061068767638945 0.9835968477379288 -0.005147829129229287
59770.83773280385 3.364 0.018999999999999906 0.973142993282207 0.005382246924606827 0.9776266396963963 1.0061067640195231 0.9835967748842216 -0.0104537816020146
59770.837748747275 3.364 0.018999999999999906 0.9761553520687459 0.005379726371907822 0.9776266771185732 1.0061066512751002 0.9835967023129714 -0.007441350244225431
59770.83776469069 3.364 0.018999999999999906 "" "" 0.9776267148215273 1.0061065385307801 0.983596630024305 ""
59770.83778063411 3.364 0.018999999999999906 0.9954190012705576 0.005419566383434769 0.9776267528053387 1.0061064257864087 0.9835965580181523 0.011822443252405335
59770.83779657753 3.364 0.018999999999999906 0.9854613785228837 0.005405632240569089 0.9776267910700178 1.0061063130420373 0.9835964862945737 0.001864892228309989
59770.83781252094 3.364 0.018999999999999906 "" "" 0.977626829615576 1.0061062002977172 0.983596414853631 ""
59770.83782846437 3.364 0.018999999999999906 0.9892810693866042 0.005408694201295673 0.977626868442093 1.0061060875532943 0.9835963436952534 0.0056847256913508115
59770.83784440778 3.364 0.018999999999999906 0.9926801326889055 0.005415416715184258 0.9776269075495266 1.0061059748089745 0.9835962728195996 0.009083859869305932
59770.83786035121 3.364 0.018999999999999906 1.0003379042045433 0.0066463456391985054 0.9776269469379779 1.0061058620645515 0.9835962022265698 0.016741701977973422
59770.83787629462 3.364 0.018999999999999906 0.9808482465444994 0.005400076056707248 0.9776269866074043 1.0061057493202314 0.9835961319163224 -0.0027478853718230223
59770.83789223804 3.364 0.018999999999999906 0.9831323214503155 0.005391960267655977 0.9776270265578874 1.00610563657586 0.9835960618887885 -0.0004637404384729704
59770.837908181464 3.364 0.018999999999999906 0.9865768400105087 0.005407421090915804 0.9776270667894392 1.0061055238314884 0.9835959921440303 0.0029808478664784532
59770.837924124884 3.364 0.018999999999999906 0.9858957444571963 0.005408386506192717 0.9776271073020896 1.006105411087117 0.983595922682078 0.002299821775118338
59770.837940068304 3.364 0.018999999999999906 0.9810483177956847 0.0053956862993383165 0.9776271480958681 1.0061052983427456 0.983595853502961 -0.0025475357072762828
59770.83795601172 3.364 0.018999999999999906 "" "" 0.9776271891707872 1.0061051855984255 0.9835957846067419 ""
59770.837971955145 3.364 0.018999999999999906 0.9807815371865427 0.0054015813676953715 0.9776272305269316 1.0061050728540026 0.9835957159933553 -0.0028141788068125617
59770.83798789856 3.364 0.018999999999999906 0.9861196568373743 0.005404247502392119 0.9776272721642563 1.0061049601096828 0.983595647662957 0.0025240091744173077
59770.838003841985 3.364 0.018999999999999906 0.9767807984873618 0.005387634959714096 0.9776273140828693 1.0061048473652598 0.9835955796154542 -0.0068147811280924175
59770.8380197854 3.364 0.018999999999999906 0.984914388276077 0.005399554220806392 0.9776273562827236 1.0061047346209397 0.9835955118510005 0.001318876425076554
59770.838035728826 3.364 0.018999999999999906 0.976794694112983 0.0053945912923349755 0.9776273987639283 1.0061046218765168 0.9835954443695049 -0.006800750256521826
59770.83805167224 3.364 0.018999999999999906 0.9823100320458981 0.005396446926446521 0.9776274415264374 1.0061045091321967 0.9835953771711217 -0.0012853451252236026
59770.83806761565 3.364 0.018999999999999906 0.9790890239634369 0.005400423315203846 0.977627484570319 1.0061043963878769 0.9835953102558191 -0.0045062862923822555
59770.83808355908 3.364 0.018999999999999906 0.9894453884837143 0.005414086879568277 0.9776275278956462 1.006104283643454 0.98359524362357 0.005850144860144346
59770.83809950249 3.364 0.018999999999999906 0.9949794602398061 0.0066479814630701385 0.977627571502372 1.0061041708991338 0.9835951772745277 0.01138428296527838
59770.83811544592 3.364 0.018999999999999906 0.9802610388201642 0.005388915176947634 0.9776276153906065 1.006104058154711 0.9835951112086021 -0.0033340723884378587
59770.83813138933 3.364 0.018999999999999906 0.99072201690569 0.005418529920424045 0.9776276595603021 1.006103945410391 0.9835950454259466 0.007126971479743394
59770.83814733276 3.364 0.018999999999999906 0.9810761859781632 0.005395504404902321 0.9776277040115731 1.0061038326659681 0.9835949799264744 -0.0025187939483112265
59770.838163276174 3.364 0.018999999999999906 0.9951544505942138 0.00542536635743884 0.9776277487443698 1.006103719921648 0.9835949147103367 0.011559535883877148
59770.83817921959 3.364 0.018999999999999906 0.9876162570465037 0.005406045638118763 0.9776277937587676 1.006103607177328 0.9835948497775089 0.004021407268994803
59770.838195163014 3.364 0.018999999999999906 0.9834945247278483 0.005402163483389765 0.9776278390548389 1.006103494432905 0.9835947851279631 -0.00010026040011479331
59770.838211106435 3.364 0.018999999999999906 0.9804607298149923 0.005396593306560513 0.9776278846325557 1.0061033816885336 0.9835947207618219 -0.0031339909468295346
59770.838227049855 3.364 0.018999999999999906 0.9818298325181148 0.00540427851037473 0.9776279304919723 1.0061032689441622 0.9835946566790895 -0.0017648241609746762
59770.83824299327 3.364 0.018999999999999906 0.9908931231405255 0.005412365227583145 0.9776279766331026 1.0061031561998421 0.9835945928798301 0.0072985302606953795
59770.838258936696 3.364 0.018999999999999906 0.9789454238710346 0.005397230088890177 0.9776280230560419 1.0061030434554192 0.9835945293639885 -0.004649105492953942
59770.83827488011 3.364 0.018999999999999906 0.9792284564487602 0.005390204081104928 0.97762806976074 1.0061029307110994 0.9835944661317156 -0.0043660096829554185
59770.838290823536 3.364 0.018999999999999906 "" "" 0.9776281167473175 1.0061028179666764 0.9835944031829311 ""
59770.83830676695 3.364 0.018999999999999906 0.9753029904755429 0.005389373638116232 0.9776281640157222 1.0061027052223563 0.9835943405177836 -0.008291350042240686
59770.83832271037 3.364 0.018999999999999906 0.9945081963829324 0.005420996952703192 0.9776282115660553 1.006102592477985 0.9835942781362241 0.010913918246708287
59770.83833865379 3.364 0.018999999999999906 0.9819528535739457 0.005400888016395015 0.9776282593983278 1.0061024797336133 0.9835942160383138 -0.001641362464368079
59770.8383545972 3.364 0.018999999999999906 0.9892787092556252 0.005413750177647283 0.9776283075125536 1.0061023669892935 0.983594154224117 0.0056845550315082205
59770.83837054063 3.364 0.018999999999999906 0.9791250415233567 0.005392587645660628 0.977628355908835 1.0061022542448705 0.9835940926935856 -0.004469051170228888
59770.83838648404 3.364 0.018999999999999906 0.9813977170586119 0.005396246893685869 0.9776284045871199 1.0061021415005504 0.9835940314468679 -0.00219631438825596
59770.83840242747 3.364 0.018999999999999906 0.9872743293129747 0.005407119665751504 0.9776284535475309 1.0061020287561275 0.9835939704838864 0.003680358829088237
59770.838418370884 3.364 0.018999999999999906 0.9809811124749449 0.005390786333129552 0.9776285027900151 1.0061019160118077 0.983593909804789 -0.0026127973298440965
59770.838434314304 3.364 0.018999999999999906 0.982375375202968 0.005397145779735767 0.9776285523146769 1.006101803267436 0.9835938494095294 -0.001218474206561404
59770.838450257725 3.364 0.018999999999999906 0.9911450344417924 0.005413965714095657 0.9776286021215301 1.0061016905230646 0.983593789298172 0.007551245143620378
59770.83846620114 3.364 0.018999999999999906 0.9839163409816793 0.005408819738601206 0.9776286522105896 1.0061015777787445 0.9835937294707817 0.0003226115108976302
59770.838482144565 3.364 0.018999999999999906 0.9848809508704497 0.00540496143714389 0.9776287025819587 1.0061014650343216 0.9835936699273117 0.0012872809431380139
59770.838498087985 3.364 0.018999999999999906 0.9890988981435911 0.005412857610262229 0.9776287532356066 1.0061013522899502 0.9835936106678819 0.00550528747570922
59770.838514031406 3.364 0.018999999999999906 0.9792015926957733 0.005389435164458324 0.9776288041715939 1.0061012395455788 0.9835935516925026 -0.004391958996729284
59770.83852997482 3.364 0.018999999999999906 0.9794058701520806 0.005393655485894869 0.9776288553899357 1.0061011268012587 0.9835934930012391 -0.004187622849158523
59770.83854591824 3.364 0.018999999999999906 0.9835798210505867 0.0054037923943650945 0.9776289068907141 1.0061010140568873 0.9835934345940738 -1.3613543487056567e-05
59770.83856186166 3.364 0.018999999999999906 0.9850423690152381 0.005407100725763015 0.977628958673945 1.006100901312516 0.9835933764710724 0.0014489925441657503
59770.83857780508 3.364 0.018999999999999906 0.9853685970620767 0.0054066618951672096 0.9776290107396663 1.0061007885681443 0.9835933186322732 0.0017752784298035174
59770.8385937485 3.364 0.018999999999999906 0.9942918870599982 0.00542672358659924 0.9776290630879166 1.006100675823773 0.9835932610777148 0.010698625982283327
59770.83860969192 3.364 0.018999999999999906 0.983713940235244 0.005399762301187845 0.9776291157187345 1.0061005630794015 0.9835932038074362 0.00012073642780785487
59770.83862563534 3.364 0.018999999999999906 0.9861374568199988 0.005407319501763422 0.9776291686321601 1.00610045033503 0.9835931468214771 0.002544309998521621
59770.83864157875 3.364 0.018999999999999906 0.9827521449258234 0.005396756128787444 0.9776292218282047 1.00610033759071 0.9835930901198999 -0.0008409451940765145
59770.83865752218 3.364 0.018999999999999906 0.9885395007388291 0.005409029715818223 0.9776292753069832 1.0061002248462871 0.9835930337026685 0.00494646703616064
59770.8386734656 3.364 0.018999999999999906 0.9921116030593916 0.005414551524167757 0.9776293290684607 1.0061001121019155 0.9835929775698987 0.008518625489492893
59770.838689409014 3.364 0.018999999999999906 0.9857806975291243 0.005413635156100256 0.9776293831126783 1.0060999993575956 0.9835929217216323 0.002187775807492076
59770.838705352435 3.364 0.018999999999999906 0.9848325972528588 0.005404148991038289 0.9776294374397225 1.0060998866132242 0.983592866157855 0.0012397310950037488
59770.838721295855 3.364 0.018999999999999906 0.9895554267379444 0.005411866053788208 0.97762949204961 1.0060997738688526 0.9835928108786339 0.0059626158593104606
59770.838737239275 3.364 0.018999999999999906 0.9800105980418576 0.005389557421539911 0.9776295469423812 1.0060996611244812 0.9835927558840099 -0.0035821578421522116
59770.838753182696 3.364 0.018999999999999906 0.9806897849841479 0.005396002465623988 0.9776296021180761 1.0060995483801098 0.9835927011740229 -0.0029029161898749267
59770.838769126116 3.364 0.018999999999999906 0.9882699648433197 0.005409577365202162 0.9776296575767376 1.0060994356357382 0.9835926467487157 0.004677318094604033
59770.838785069536 3.364 0.018999999999999906 0.982619876761346 0.005408118291616412 0.977629713318403 1.0060993228913668 0.9835925926081263 -0.0009727158467802699
59770.83880101295 3.364 0.018999999999999906 0.9836180547414386 0.0054084749788209764 0.977629769343089 1.006099210147047 0.9835925387523216 2.5515989117042004e-05
59770.83881695637 3.364 0.018999999999999906 0.9833567378630174 0.005405911693719775 0.977629825650889 1.0060990974026753 0.9835924851812943 -0.0002357473182769132
59770.83883289979 3.364 0.018999999999999906 "" "" 0.9776298822418199 1.006098984658304 0.9835924318951123 ""
59770.83884884321 3.364 0.018999999999999906 0.978659400362692 0.005390692805094632 0.9776299391159204 1.0060988719139325 0.9835923788938141 -0.0049329785311221785
59770.83886478663 3.364 0.018999999999999906 0.987276109345043 0.005413674691443065 0.9776299962732341 1.006098759169561 0.9835923261774433 0.0036837831675996524
59770.83888073005 3.364 0.018999999999999906 0.983673811824734 0.005402550352000498 0.9776300537138032 1.0060986464251895 0.9835922737460427 8.153807869126783e-05
59770.83889667347 3.364 0.018999999999999906 0.9754735532303452 0.005389415799359464 0.9776301114376698 1.0060985336808181 0.9835922215996544 -0.00811866836930919
59770.838912616884 3.364 0.018999999999999906 0.9744394414884512 0.005386882527074996 0.9776301694448515 1.006098420936498 0.9835921697383461 -0.009152728249894881
59770.838928560304 3.364 0.018999999999999906 0.9826158817893028 0.005399413095710918 0.9776302277354411 1.0060983081921266 0.9835921181621108 -0.0009762363728079704
59770.838944503725 3.364 0.018999999999999906 0.9860745151963942 0.005405081738745316 0.9776302863094568 1.0060981954477553 0.9835920668710167 0.002482448325377473
59770.83896044715 3.364 0.018999999999999906 0.9849427087892011 0.005412582059311026 0.977630345166969 1.0060980827033321 0.9835920158650843 0.0013506929241168253
59770.838976390565 3.364 0.018999999999999906 0.9786010539973212 0.005387738631722243 0.9776304043079409 1.0060979699590122 0.9835919651444277 -0.00499091114710648
59770.838992333986 3.364 0.018999999999999906 0.9942375386601785 0.005421907563654575 0.9776304637324947 1.0060978572146408 0.9835919147090186 0.010645623951159866
59770.839008277406 3.364 0.018999999999999906 0.9853511414477338 0.005399749300826636 0.9776305234406487 1.0060977444702692 0.9835918645589253 0.001759276888808503
59770.839024220826 3.364 0.018999999999999906 0.9766775730069793 0.005383390047887513 0.9776305834324467 1.0060976317258978 0.9835918146941924 -0.006914241687213107
59770.83904016425 3.364 0.018999999999999906 0.983921717771365 0.005405043944663494 0.9776306437079331 1.0060975189815264 0.9835917651148641 0.0003299526565008204
59770.83905610766 3.364 0.018999999999999906 0.9836554931314204 0.005407049941874712 0.977630704267126 1.0060974062372063 0.9835917158210088 6.377731041162793e-05
59770.83907205109 3.364 0.018999999999999906 0.9888337916719627 0.005416711295185363 0.977630765110151 1.0060972934927834 0.983591666812602 0.005242124859360708
59770.8390879945 3.364 0.018999999999999906 "" "" 0.977630826236942 1.0060971807484635 0.9835916180897784 ""
59770.83910393792 3.364 0.018999999999999906 0.9764436358794649 0.005393502451484931 0.9776308876476288 1.006097068004092 0.9835915696525172 -0.0071479337730522285
59770.83911988134 3.364 0.018999999999999906 0.9906249883665179 0.005419438741874747 0.9776309493422305 1.0060969552597205 0.9835915215008881 0.007033466865629778
59770.83913582477 3.364 0.018999999999999906 0.9832008042135519 0.005398624773619172 0.9776310113208173 1.0060968425152976 0.9835914736349115 -0.0003906694213595685
59770.83915176818 3.364 0.018999999999999906 0.9799784478764066 0.00539506280740435 0.9776310735833511 1.0060967297709775 0.9835914260546994 -0.0036129781782927584
59770.839167711594 3.364 0.018999999999999906 0.9828332944017906 0.005402877223172935 0.9776311361299347 1.0060966170266576 0.9835913787602552 -0.0007580843584645836
59770.83918365502 3.364 0.018999999999999906 0.9870155698778165 0.005410916554622311 0.9776311989606726 1.0060965042822347 0.9835913317515826 0.003424238126233825
59770.839199598435 3.364 0.018999999999999906 0.985694436952945 0.005400360942809782 0.977631262075497 1.0060963915379146 0.9835912850288149 0.002103151924130131
59770.83921554186 3.364 0.018999999999999906 0.9835366366512025 0.005399068374926929 0.9776313254745673 1.0060962787934917 0.9835912385919111 -5.4601940708609575e-05
59770.839231485275 3.364 0.018999999999999906 0.9865702536305516 0.005403354249426981 0.9776313891578151 1.0060961660491718 0.9835911924410037 0.002979061189547938
