eureka_custom_plots/data/stage5_lcfit_results/S5_wasp39b_ap4_bg8_Table_Save_ch16.txt
# %ECSV 1.0
# ---
# datatype:
# - {name: time, datatype: float64}
# - {name: wavelength, datatype: float64}
# - {name: bin_width, datatype: float64}
# - {name: lcdata, datatype: float64}
# - {name: lcerr, datatype: float64}
# - {name: transit, datatype: float64}
# - {name: polynom, datatype: float64}
# - {name: model, datatype: float64}
# - {name: residuals, datatype: float64}
# schema: astropy-2.0
time wavelength bin_width lcdata lcerr transit polynom model residuals
[from data line 6764]
59770.751861544864 3.6325000000000003 0.019500000000000073 1.0112066836221698 0.004861866740298692 1.0 1.006677477790823 1.006677477790823 0.004529205831346861
59770.75187748828 3.6325000000000003 0.019500000000000073 1.009902856367823 0.004849427525901996 1.0 1.0066774104671585 1.0066774104671585 0.0032254459006644254
59770.751893431705 3.6325000000000003 0.019500000000000073 1.0134593165223467 0.004856775941991098 1.0 1.0066773431434324 1.0066773431434324 0.0067819733789142855
59770.751909375125 3.6325000000000003 0.019500000000000073 1.0055869950958594 0.0048378951716244855 1.0 1.006677275819737 1.006677275819737 -0.0010902807238777346
59770.751925318546 3.6325000000000003 0.019500000000000073 1.0044873553730105 0.004841671396403885 1.0 1.0066772084960418 1.0066772084960418 -0.0021898531230313267
59770.75194126196 3.6325000000000003 0.019500000000000073 1.0094649821130557 0.00484844311542489 1.0 1.0066771411723774 1.0066771411723774 0.002787840940678299
59770.751957205386 3.6325000000000003 0.019500000000000073 1.008580680949456 0.004839008836602074 1.0 1.0066770738486512 1.0066770738486512 0.0019036071008047273
59770.7519731488 3.6325000000000003 0.019500000000000073 1.000909394366726 0.004829157457280514 1.0 1.0066770065249868 1.0066770065249868 -0.005767612158260826
59770.75198909223 3.6325000000000003 0.019500000000000073 1.011857135009104 0.004846805863904662 1.0 1.0066769392012607 1.0066769392012607 0.005180195807843235
59770.75200503565 3.6325000000000003 0.019500000000000073 1.0016987334687035 0.0048249403036748195 1.0 1.0066768718775654 1.0066768718775654 -0.004978138408861854
59770.75202097907 3.6325000000000003 0.019500000000000073 1.0055491897691893 0.004840539267271742 1.0 1.00667680455387 1.00667680455387 -0.0011276147846808193
59770.75203692249 3.6325000000000003 0.019500000000000073 0.9993786579133754 0.004834791777945825 1.0 1.0066767372301748 1.0066767372301748 -0.007298079316799377
59770.7520528659 3.6325000000000003 0.019500000000000073 1.0020449112967704 0.004832721739617901 1.0 1.0066766699065104 1.0066766699065104 -0.0046317586097399666
59770.75206880933 3.6325000000000003 0.019500000000000073 1.0008747126289428 0.004830455738137434 1.0 1.0066766025827842 1.0066766025827842 -0.005801889953841455
59770.75208475274 3.6325000000000003 0.019500000000000073 1.0089316802260713 0.004849409460837959 1.0 1.0066765352591196 1.0066765352591196 0.002255144966951672
59770.75210069617 3.6325000000000003 0.019500000000000073 1.001673383244679 0.00483295659546234 1.0 1.0066764679353937 1.0066764679353937 -0.005003084690714754
59770.75211663958 3.6325000000000003 0.019500000000000073 1.0059282097496924 0.004840756405717954 1.0 1.006676400611729 1.006676400611729 -0.0007481908620365907
59770.75213258301 3.6325000000000003 0.019500000000000073 1.007063066509206 0.0048430607662115115 1.0 1.006676333288003 1.006676333288003 0.0003867332212028618
59770.75214852642 3.6325000000000003 0.019500000000000073 "" "" 1.0 1.0066762659643385 1.0066762659643385 ""
59770.75216446984 3.6325000000000003 0.019500000000000073 1.0034671953426946 0.004844843490694534 1.0 1.0066761986406432 1.0066761986406432 -0.0032090032979485983
59770.75218041326 3.6325000000000003 0.019500000000000073 1.0046725976166504 0.0048375968517226225 1.0 1.0066761313169479 1.0066761313169479 -0.0020035337002974885
59770.75219635669 3.6325000000000003 0.019500000000000073 1.0014254710588353 0.004832320434653779 1.0 1.006676063993222 1.006676063993222 -0.0052505929343866775
59770.7522123001 3.6325000000000003 0.019500000000000073 1.0011179747064491 0.004832164172971271 1.0 1.0066759966695573 1.0066759966695573 -0.005558021963108173
59770.752228243524 3.6325000000000003 0.019500000000000073 1.0086862868493587 0.004844722585466071 1.0 1.006675929345862 1.006675929345862 0.0020103575034966514
59770.752244186944 3.6325000000000003 0.019500000000000073 1.0059275891416635 0.00483310233422086 1.0 1.0066758620221667 1.0066758620221667 -0.0007482728805032757
59770.752260130364 3.6325000000000003 0.019500000000000073 1.009699371137322 0.004850829901312482 1.0 1.0066757946984715 1.0066757946984715 0.0030235764388506503
59770.75227607379 3.6325000000000003 0.019500000000000073 0.9993983964537704 0.004830868944649984 1.0 1.0066757273747455 1.0066757273747455 -0.007277330920975156
59770.752292017205 3.6325000000000003 0.019500000000000073 1.0006931830171255 0.004835602362254471 1.0 1.006675660051081 1.006675660051081 -0.00598247703395538
59770.75230796063 3.6325000000000003 0.019500000000000073 1.0141729536915947 0.0048531467228315976 1.0 1.006675592727355 1.006675592727355 0.0074973609642396966
59770.752323904046 3.6325000000000003 0.019500000000000073 1.011556411578513 0.004849625419728794 1.0 1.0066755254036903 1.0066755254036903 0.0048808861748226295
59770.752339847466 3.6325000000000003 0.019500000000000073 0.9980240164762022 0.004826425663805115 1.0 1.006675458079995 1.006675458079995 -0.008651441603792831
59770.752355790886 3.6325000000000003 0.019500000000000073 1.0109264399857423 0.004838095348923086 1.0 1.0066753907562997 1.0066753907562997 0.004251049229442527
59770.752371734314 3.6325000000000003 0.019500000000000073 1.0168365722304773 0.004855587066131666 1.0 1.0066753234325738 1.0066753234325738 0.010161248797903477
59770.75238767773 3.6325000000000003 0.019500000000000073 1.0072551536779573 0.004839747994211638 1.0 1.0066752561089092 1.0066752561089092 0.0005798975690480823
59770.75240362115 3.6325000000000003 0.019500000000000073 1.0064988744834598 0.004839871856595738 1.0 1.006675188785214 1.006675188785214 -0.00017631430175413243
59770.75241956457 3.6325000000000003 0.019500000000000073 1.0092514355349325 0.00485764700317189 1.0 1.0066751214615186 1.0066751214615186 0.0025763140734138545
59770.75243550799 3.6325000000000003 0.019500000000000073 1.0062592466743467 0.004832383308717587 1.0 1.0066750541378233 1.0066750541378233 -0.0004158074634765807
59770.75245145141 3.6325000000000003 0.019500000000000073 1.0124175150176251 0.004855401934744085 1.0 1.006674986814128 1.006674986814128 0.005742528203497077
59770.75246739483 3.6325000000000003 0.019500000000000073 1.0035162230971708 0.004836220859055528 1.0 1.0066749194904328 1.0066749194904328 -0.0031586963932619394
59770.75248333825 3.6325000000000003 0.019500000000000073 1.0048288938265248 0.004841880946614894 1.0 1.0066748521667375 1.0066748521667375 -0.0018459583402126167
59770.75249928167 3.6325000000000003 0.019500000000000073 1.0068028661775272 0.004845139164808223 1.0 1.0066747848430422 1.0066747848430422 0.00012808133448505288
59770.75251522508 3.6325000000000003 0.019500000000000073 1.006565329633801 0.004839825529027282 1.0 1.0066747175193775 1.0066747175193775 -0.00010938788557646184
59770.75253116851 3.6325000000000003 0.019500000000000073 1.0030911989016795 0.004831999719774448 1.0 1.0066746501956516 1.0066746501956516 -0.003583451293972084
59770.75254711193 3.6325000000000003 0.019500000000000073 1.0037794369930035 0.004832036673581109 1.0 1.0066745828719563 1.0066745828719563 -0.0028951458789527873
59770.75256305535 3.6325000000000003 0.019500000000000073 1.0044908479660675 0.004844654459379063 1.0 1.006674515548261 1.006674515548261 -0.0021836675821935714
59770.75257899877 3.6325000000000003 0.019500000000000073 1.0078401431449713 0.00484048099394827 1.0 1.0066744482245658 1.0066744482245658 0.0011656949204055245
59770.75259494219 3.6325000000000003 0.019500000000000073 1.015395957594621 0.004858975894571127 1.0 1.0066743809008705 1.0066743809008705 0.00872157669375051
59770.75261088561 3.6325000000000003 0.019500000000000073 1.008925220528074 0.004847321917546212 1.0 1.0066743135771752 1.0066743135771752 0.002250906950898912
59770.752626829024 3.6325000000000003 0.019500000000000073 1.0117946628748116 0.004846231361770886 1.0 1.0066742462535105 1.0066742462535105 0.005120416621301027
59770.75264277245 3.6325000000000003 0.019500000000000073 1.0032489328326017 0.005585669829673805 1.0 1.0066741789297846 1.0066741789297846 -0.0034252460971828658
59770.75265871587 3.6325000000000003 0.019500000000000073 1.001912892409747 0.004832571666033948 1.0 1.0066741116060893 1.0066741116060893 -0.0047612191963424255
59770.75267465929 3.6325000000000003 0.019500000000000073 1.0058055900836351 0.0048367155326982355 1.0 1.006674044282394 1.006674044282394 -0.0008684541987589167
59770.752690602705 3.6325000000000003 0.019500000000000073 1.0030935923777535 0.004838246455914617 1.0 1.0066739769587294 1.0066739769587294 -0.0035803845809758705
59770.75270654613 3.6325000000000003 0.019500000000000073 1.0036592918391773 0.004840224003230301 1.0 1.0066739096350035 1.0066739096350035 -0.0030146177958261244
59770.752722489546 3.6325000000000003 0.019500000000000073 1.0151826199510983 0.004848374627740699 1.0 1.0066738423113388 1.0066738423113388 0.008508777639759435
59770.75273843297 3.6325000000000003 0.019500000000000073 1.0155664383940652 0.004853551821175386 1.0 1.006673774987613 1.006673774987613 0.008892663406452339
59770.752754376386 3.6325000000000003 0.019500000000000073 1.010191399287485 0.004849604697021536 1.0 1.0066737076639483 1.0066737076639483 0.003517691623536656
59770.752770319814 3.6325000000000003 0.019500000000000073 1.0100411647086702 0.004852178794111198 1.0 1.0066736403402223 1.0066736403402223 0.003367524368447894
59770.75278626323 3.6325000000000003 0.019500000000000073 1.0032685909850918 0.004837773950546375 1.0 1.0066735730165577 1.0066735730165577 -0.0034049820314658863
59770.75280220665 3.6325000000000003 0.019500000000000073 1.009710389668759 0.004846000167619756 1.0 1.0066735056928624 1.0066735056928624 0.0030368839758965205
59770.752818150075 3.6325000000000003 0.019500000000000073 1.0041763101666024 0.004832792339285397 1.0 1.0066734383691365 1.0066734383691365 -0.0024971282025341157
59770.75283409349 3.6325000000000003 0.019500000000000073 0.9987180922137515 0.005584058090485073 1.0 1.0066733710454718 1.0066733710454718 -0.007955278831720314
59770.752850036915 3.6325000000000003 0.019500000000000073 1.0156096359890128 0.004855782913318306 1.0 1.006673303721746 1.006673303721746 0.008936332267266867
59770.75286598033 3.6325000000000003 0.019500000000000073 1.008461184710724 0.004842526790014302 1.0 1.0066732363980813 1.0066732363980813 0.0017879483126428397
59770.752881923756 3.6325000000000003 0.019500000000000073 1.0001185119949596 0.004828286466965631 1.0 1.0066731690743551 1.0066731690743551 -0.0065546570793955095
59770.75289786717 3.6325000000000003 0.019500000000000073 1.0047072480957737 0.004839729606491008 1.0 1.0066731017506907 1.0066731017506907 -0.0019658536549169714
59770.7529138106 3.6325000000000003 0.019500000000000073 1.0028086140866421 0.004832699305341713 1.0 1.0066730344269645 1.0066730344269645 -0.0038644203403224164
59770.75292975401 3.6325000000000003 0.019500000000000073 1.0043080089562173 0.004834112047834958 1.0 1.0066729671033001 1.0066729671033001 -0.0023649581470828185
59770.75294569744 3.6325000000000003 0.019500000000000073 1.0107871726491766 0.005603138873059789 1.0 1.006672899779574 1.006672899779574 0.004114272869602642
59770.75296164085 3.6325000000000003 0.019500000000000073 1.0120678593578123 0.004852706061731957 1.0 1.0066728324559095 1.0066728324559095 0.005395026901902744
59770.75297758427 3.6325000000000003 0.019500000000000073 1.0092332286103427 0.004844478727204652 1.0 1.0066727651322143 1.0066727651322143 0.0025604634781284386
59770.75299352769 3.6325000000000003 0.019500000000000073 0.9987367796743161 0.00483524847048174 1.0 1.006672697808519 1.006672697808519 -0.007935918134202913
59770.75300947111 3.6325000000000003 0.019500000000000073 1.0083902429475395 0.004845238683406528 1.0 1.0066726304848237 1.0066726304848237 0.0017176124627158451
59770.75302541453 3.6325000000000003 0.019500000000000073 1.010822136650076 0.004849554619047132 1.0 1.0066725631611284 1.0066725631611284 0.004149573488947622
59770.75304135795 3.6325000000000003 0.019500000000000073 1.000227427401044 0.00483430336037905 1.0 1.0066724958374331 1.0066724958374331 -0.006445068436389034
59770.75305730137 3.6325000000000003 0.019500000000000073 1.0045687658697573 0.0048436818882188325 1.0 1.0066724285137378 1.0066724285137378 -0.0021036626439805417
59770.75307324479 3.6325000000000003 0.019500000000000073 1.0104233509039073 0.004846939052276084 1.0 1.0066723611900426 1.0066723611900426 0.003750989713864783
59770.75308918821 3.6325000000000003 0.019500000000000073 1.0049048341936182 0.004839295642166616 1.0 1.0066722938663473 1.0066722938663473 -0.001767459672729066
59770.75310513163 3.6325000000000003 0.019500000000000073 1.0005067533275873 0.00482807563188859 1.0 1.006672226542652 1.006672226542652 -0.006165473215064665
59770.75312107506 3.6325000000000003 0.019500000000000073 1.004320282050303 0.004845866340897594 1.0 1.0066721592189258 1.0066721592189258 -0.00235187716862284
59770.75313701847 3.6325000000000003 0.019500000000000073 1.0067700822560748 0.004839962570761828 1.0 1.0066720918952614 1.0066720918952614 9.799036081337142e-05
59770.753152961894 3.6325000000000003 0.019500000000000073 1.0111554751180363 0.004848809087253347 1.0 1.0066720245715661 1.0066720245715661 0.004483450546470147
59770.753168905314 3.6325000000000003 0.019500000000000073 1.0061785074586305 0.004844574133557626 1.0 1.0066719572478708 1.0066719572478708 -0.0004934497892403744
59770.753184848734 3.6325000000000003 0.019500000000000073 1.0046520687968974 0.004840902688130801 1.0 1.0066718899241753 1.0066718899241753 -0.002019821127277943
59770.753200792155 3.6325000000000003 0.019500000000000073 0.9949996159946343 0.004822189165630091 1.0 1.00667182260048 1.00667182260048 -0.01167220660584578
59770.753216735575 3.6325000000000003 0.019500000000000073 1.0178186910468552 0.0056101667988751325 1.0 1.0066717552767848 1.0066717552767848 0.01114693577007042
59770.753232678995 3.6325000000000003 0.019500000000000073 1.0080648762199869 0.004849773064810525 1.0 1.0066716879530895 1.0066716879530895 0.0013931882668973827
59770.753248622415 3.6325000000000003 0.019500000000000073 1.012780245550137 0.004848704201248947 1.0 1.0066716206293942 1.0066716206293942 0.006108624920742711
59770.75326456583 3.6325000000000003 0.019500000000000073 1.0116236097609856 0.004852116243257783 1.0 1.0066715533057298 1.0066715533057298 0.004952056455255871
59770.753280509256 3.6325000000000003 0.019500000000000073 1.0034669866189054 0.0048344469246505185 1.0 1.0066714859820036 1.0066714859820036 -0.00320449936309819
59770.75329645267 3.6325000000000003 0.019500000000000073 1.0094453983444822 0.0048445712827765745 1.0 1.0066714186583392 1.0066714186583392 0.0027739796861430133
59770.7533123961 3.6325000000000003 0.019500000000000073 1.0014618857743671 0.004828181940736513 1.0 1.006671351334613 1.006671351334613 -0.0052094655602459294
59770.75332833951 3.6325000000000003 0.019500000000000073 0.9966100178814349 0.0048192898777707814 1.0 1.0066712840109486 1.0066712840109486 -0.010061266129513746
59770.75334428294 3.6325000000000003 0.019500000000000073 1.0096089814596982 0.004845199111203951 1.0 1.0066712166872225 1.0066712166872225 0.0029377647724757594
59770.75336022635 3.6325000000000003 0.019500000000000073 1.0051678728040931 0.00484055812935224 1.0 1.006671149363558 1.006671149363558 -0.0015032765594649167
59770.75337616978 3.6325000000000003 0.019500000000000073 1.0090399546874165 0.004845531311229581 1.0 1.006671082039832 1.006671082039832 0.0023688726475845634
59770.7533921132 3.6325000000000003 0.019500000000000073 1.0041226994389287 0.00483618325563505 1.0 1.0066710147161366 1.0066710147161366 -0.002548315277207891
59770.75340805662 3.6325000000000003 0.019500000000000073 1.013047360464689 0.004859002801034311 1.0 1.0066709473924413 1.0066709473924413 0.0063764130722476775
59770.75342400004 3.6325000000000003 0.019500000000000073 1.0072427986895884 0.004841418558178376 1.0 1.006670880068746 1.006670880068746 0.0005719186208423821
