eureka_custom_plots/data/stage5_lcfit_results/S5_wasp39b_ap4_bg8_Table_Save_ch47.txt
# %ECSV 1.0
# ---
# datatype:
# - {name: time, datatype: float64}
# - {name: wavelength, datatype: float64}
# - {name: bin_width, datatype: float64}
# - {name: lcdata, datatype: float64}
# - {name: lcerr, datatype: float64}
# - {name: transit, datatype: float64}
# - {name: polynom, datatype: float64}
# - {name: model, datatype: float64}
# - {name: residuals, datatype: float64}
# schema: astropy-2.0
time wavelength bin_width lcdata lcerr transit polynom model residuals
[from data line 21007]
59770.97894366494 4.821 0.019000000000000128 1.0148429428797459 0.010554101697222169 1.0 1.0058063681912577 1.0058063681912577 0.009036574688488175
59770.97895960835 4.821 0.019000000000000128 1.008519748653337 0.010558882652680002 1.0 1.0058063153925059 1.0058063153925059 0.0027134332608311773
59770.97897555176 4.821 0.019000000000000128 1.0003127731836665 0.010521420893003708 1.0 1.005806262593754 1.005806262593754 -0.0054934894100875375
59770.97899149519 4.821 0.019000000000000128 1.0181215334851648 0.01055589590033305 1.0 1.005806209794954 1.005806209794954 0.012315323690210711
59770.97900743861 4.821 0.019000000000000128 1.0173111630723581 0.010596124247380212 1.0 1.005806156996178 1.005806156996178 0.011505006076180102
59770.979023382024 4.821 0.019000000000000128 1.0078977803093772 0.010530825489037995 1.0 1.0058061041974262 1.0058061041974262 0.0020916761119509353
59770.979039325444 4.821 0.019000000000000128 1.0061089136991308 0.010551224219339133 1.0 1.0058060513986502 1.0058060513986502 0.0003028623004805997
59770.979055268865 4.821 0.019000000000000128 1.0095518064445035 0.010554305534871956 1.0 1.0058059985998744 1.0058059985998744 0.003745807844629079
59770.97907121228 4.821 0.019000000000000128 1.0096386374932385 0.01054471325694089 1.0 1.0058059458011226 1.0058059458011226 0.003832691692115864
59770.9790871557 4.821 0.019000000000000128 1.003172858395873 0.01056273745472245 1.0 1.0058058930023466 1.0058058930023466 -0.002633034606473572
59770.97910309912 4.821 0.019000000000000128 1.0161326922386467 0.010564325573934998 1.0 1.0058058402035706 1.0058058402035706 0.010326852035076106
59770.97911904254 4.821 0.019000000000000128 1.0087607436437118 0.010535391590199481 1.0 1.0058057874047948 1.0058057874047948 0.0029549562389170614
59770.97913498595 4.821 0.019000000000000128 1.01263632525293 0.010571195946414771 1.0 1.005805734606043 1.005805734606043 0.006830590646887069
59770.97915092937 4.821 0.019000000000000128 1.0161872909722014 0.010568757880545388 1.0 1.005805681807267 1.005805681807267 0.010381609164934469
59770.97916687279 4.821 0.019000000000000128 1.008861306588856 0.010546985150198999 1.0 1.005805629008491 1.005805629008491 0.0030556775803651792
59770.979182816205 4.821 0.019000000000000128 1.011067391622151 0.01055886255853064 1.0 1.005805576209739 1.005805576209739 0.0052618154124119965
59770.979198759625 4.821 0.019000000000000128 1.0127712278199021 0.010586426207483344 1.0 1.005805523410963 1.005805523410963 0.006965704408939066
59770.979214703046 4.821 0.019000000000000128 0.9987325825828166 0.010529118178248866 1.0 1.0058054706121873 1.0058054706121873 -0.007072888029370672
59770.979230646466 4.821 0.019000000000000128 1.0059764158703393 0.010554576730327387 1.0 1.0058054178134113 1.0058054178134113 0.00017099805692799563
59770.97924658988 4.821 0.019000000000000128 1.0063387538690562 0.010512707901000553 1.0 1.0058053650146594 1.0058053650146594 0.0005333888543967991
59770.9792625333 4.821 0.019000000000000128 1.0050765942900122 0.010567386052763507 1.0 1.0058053122158834 1.0058053122158834 -0.0007287179258712584
59770.97927847672 4.821 0.019000000000000128 1.024057263346586 0.010606771129154246 1.0 1.0058052594171076 1.0058052594171076 0.018252003929478455
59770.97929442014 4.821 0.019000000000000128 1.0063885032831588 0.010525645645908223 1.0 1.0058052066183316 1.0058052066183316 0.0005832966648271487
59770.97931036355 4.821 0.019000000000000128 1.014032680183517 0.010560652052558017 1.0 1.0058051538195798 1.0058051538195798 0.00822752636393731
59770.97932630697 4.821 0.019000000000000128 1.0060637270640083 0.010536833689962137 1.0 1.0058051010208038 1.0058051010208038 0.00025862604320447957
59770.97934225039 4.821 0.019000000000000128 1.0036038712981237 0.010544663627728766 1.0 1.005805048222028 1.005805048222028 -0.0022011769239043133
59770.97935819381 4.821 0.019000000000000128 1.0094391951440576 0.010543952910281852 1.0 1.0058049954232762 1.0058049954232762 0.0036341997207813836
59770.979374137234 4.821 0.019000000000000128 0.9986893984526118 0.01049488547411091 1.0 1.005804942624476 1.005804942624476 -0.007115544171864108
59770.97939008065 4.821 0.019000000000000128 0.9951801285703017 0.010496943925964983 1.0 1.0058048898257241 1.0058048898257241 -0.010624761255422444
59770.97940602407 4.821 0.019000000000000128 1.0004926192910861 0.010537090136076973 1.0 1.0058048370269483 1.0058048370269483 -0.0053122177358622125
59770.97942196748 4.821 0.019000000000000128 0.997354374350762 0.010511929459308495 1.0 1.0058047842281965 1.0058047842281965 -0.008450409877434506
59770.9794379109 4.821 0.019000000000000128 0.9972502184467076 0.01053382645107919 1.0 1.0058047314294205 1.0058047314294205 -0.008554512982712925
59770.97945385432 4.821 0.019000000000000128 1.0089934111615704 0.010586562594245594 1.0 1.0058046786306445 1.0058046786306445 0.0031887325309258863
59770.97946979774 4.821 0.019000000000000128 0.9958924180429419 0.010509009580194177 1.0 1.0058046258318687 1.0058046258318687 -0.009912207788926763
59770.979485741154 4.821 0.019000000000000128 1.0128453556809105 0.01053660532039828 1.0 1.0058045730331167 1.0058045730331167 0.007040782647793842
59770.979501684575 4.821 0.019000000000000128 0.9799615274866424 0.01046648472518813 1.0 1.0058045202343409 1.0058045202343409 -0.025842992747698412
59770.979517627995 4.821 0.019000000000000128 1.0063759619202814 0.01055106017784521 1.0 1.0058044674355648 1.0058044674355648 0.0005714944847166059
59770.97953357141 4.821 0.019000000000000128 1.0147135997910677 0.010532084387612958 1.0 1.005804414636813 1.005804414636813 0.00890918515425465
59770.979549514836 4.821 0.019000000000000128 0.9977428887468377 0.010499217001402066 1.0 1.005804361838013 1.005804361838013 -0.00806147309117533
59770.97956545825 4.821 0.019000000000000128 1.022523621090397 0.010589013346659766 1.0 1.0058043090392612 1.0058043090392612 0.01671931205113575
59770.97958140167 4.821 0.019000000000000128 0.9937764675860153 0.010504520858012257 1.0 1.0058042562404852 1.0058042562404852 -0.012027788654469851
59770.97959734508 4.821 0.019000000000000128 1.0018128983352077 0.010518293462993157 1.0 1.0058042034417334 1.0058042034417334 -0.003991305106525678
59770.9796132885 4.821 0.019000000000000128 0.9982723909709762 0.010540034778891729 1.0 1.0058041506429574 1.0058041506429574 -0.007531759671981164
59770.97962923192 4.821 0.019000000000000128 1.028608038346793 0.010567113128315984 1.0 1.0058040978441816 1.0058040978441816 0.022803940502611475
59770.979645175335 4.821 0.019000000000000128 1.0165500323325942 0.01057383052048857 1.0 1.0058040450454298 1.0058040450454298 0.010745987287164471
59770.97966111876 4.821 0.019000000000000128 0.9977001178257027 0.010516806784938203 1.0 1.0058039922466295 1.0058039922466295 -0.00810387442092686
59770.979677062176 4.821 0.019000000000000128 1.0320529571812933 0.010586648846666283 1.0 1.0058039394478777 1.0058039394478777 0.02624901773341559
59770.979693005596 4.821 0.019000000000000128 0.9839377142892243 0.012144869508477438 1.0 1.005803886649102 1.005803886649102 -0.021866172359877645
59770.97970894901 4.821 0.019000000000000128 1.0010109670589902 0.010538199307053107 1.0 1.00580383385035 1.00580383385035 -0.004792866791359929
59770.97972489243 4.821 0.019000000000000128 1.0033568400027364 0.010542080548926818 1.0 1.005803781051574 1.005803781051574 -0.002446941048837692
59770.97974083585 4.821 0.019000000000000128 0.9982164172642645 0.010511955196715102 1.0 1.005803728252798 1.005803728252798 -0.007587310988533602
59770.97975677927 4.821 0.019000000000000128 0.9939172523590221 0.01053420722297599 1.0 1.0058036754540223 1.0058036754540223 -0.01188642309500021
59770.97977272269 4.821 0.019000000000000128 1.0111290838741565 0.010546438639742103 1.0 1.0058036226552463 1.0058036226552463 0.005325461218910199
59770.9797886661 4.821 0.019000000000000128 1.0002012168798953 0.010511213676340257 1.0 1.0058035698564944 1.0058035698564944 -0.0056023529765991675
59770.979804609524 4.821 0.019000000000000128 0.9989062639556137 0.01051807770960916 1.0 1.0058035170577184 1.0058035170577184 -0.006897253102104761
59770.97982055294 4.821 0.019000000000000128 1.0181442960130822 0.01059034908581185 1.0 1.0058034642589666 1.0058034642589666 0.0123408317541156
59770.979836496364 4.821 0.019000000000000128 0.9813863063107681 0.010458873822778844 1.0 1.0058034114601666 1.0058034114601666 -0.024417105149398544
59770.97985243978 4.821 0.019000000000000128 0.996284857529484 0.010518542004749212 1.0 1.0058033586614148 1.0058033586614148 -0.009518501131930757
59770.9798683832 4.821 0.019000000000000128 1.008888834233873 0.010552023325904976 1.0 1.0058033058626388 1.0058033058626388 0.003085528371234325
59770.97988432662 4.821 0.019000000000000128 1.0049596353872148 0.010525610232600003 1.0 1.0058032530638628 1.0058032530638628 -0.0008436176766479786
59770.97990027003 4.821 0.019000000000000128 1.0164185805942931 0.010553022459351033 1.0 1.005803200265111 1.005803200265111 0.010615380329182189
59770.97991621345 4.821 0.019000000000000128 0.9916930650316219 0.010501816944007168 1.0 1.0058031474663351 1.0058031474663351 -0.014110082434713234
59770.979932156864 4.821 0.019000000000000128 0.9873045508153062 0.010488873536772476 1.0 1.0058030946675833 1.0058030946675833 -0.018498543852277116
59770.97994810029 4.821 0.019000000000000128 1.0183905426622757 0.010567269580866978 1.0 1.005803041868783 1.005803041868783 0.012587500793492579
59770.979964043705 4.821 0.019000000000000128 0.9891244086820818 0.010473467149690531 1.0 1.0058029890700313 1.0058029890700313 -0.01667858038794945
59770.979979987125 4.821 0.019000000000000128 1.0023280627925795 0.010512888060390128 1.0 1.0058029362712555 1.0058029362712555 -0.0034748734786760327
59770.97999593054 4.821 0.019000000000000128 1.0104844323750903 0.010544850343543879 1.0 1.0058028834725037 1.0058028834725037 0.004681548902586652
59770.980011873966 4.821 0.019000000000000128 1.003895328859919 0.010524756009215801 1.0 1.0058028306737035 1.0058028306737035 -0.0019075018137844069
59770.98002781738 4.821 0.019000000000000128 1.0118906570529758 0.010544718989777258 1.0 1.0058027778749516 1.0058027778749516 0.006087879178024114
59770.9800437608 4.821 0.019000000000000128 0.9908428174832913 0.010522724202454588 1.0 1.0058027250761759 1.0058027250761759 -0.01495990759288457
59770.98005970422 4.821 0.019000000000000128 1.0093508426971456 0.010533029461455333 1.0 1.0058026722773998 1.0058026722773998 0.0035481704197457553
59770.98007564763 4.821 0.019000000000000128 0.9997848766135088 0.010521355794092203 1.0 1.005802619478648 1.005802619478648 -0.006017742865139231
59770.98009159105 4.821 0.019000000000000128 1.0039683981593621 0.010565126991940267 1.0 1.005802566679872 1.005802566679872 -0.0018341685205098823
59770.980107534466 4.821 0.019000000000000128 1.008239650440086 0.010559077046513276 1.0 1.0058025138811202 1.0058025138811202 0.0024371365589657135
59770.98012347789 4.821 0.019000000000000128 1.0070942282224686 0.010559490403026894 1.0 1.0058024610823202 1.0058024610823202 0.0012917671401484476
59770.98013942131 4.821 0.019000000000000128 1.0030354461762323 0.010565485567116858 1.0 1.0058024082835684 1.0058024082835684 -0.0027669621073360684
59770.98015536473 4.821 0.019000000000000128 1.0087267059435496 0.010553025661792267 1.0 1.0058023554847924 1.0058023554847924 0.0029243504587572744
59770.98017130815 4.821 0.019000000000000128 0.9996474656255456 0.010506019937140693 1.0 1.0058023026860163 1.0058023026860163 -0.006154837060470708
59770.98018725156 4.821 0.019000000000000128 1.0228737888229293 0.010567276766057732 1.0 1.0058022498872645 1.0058022498872645 0.01707153893566482
59770.98020319498 4.821 0.019000000000000128 1.0037808346997967 0.010529988669939865 1.0 1.0058021970884887 1.0058021970884887 -0.002021362388691994
59770.9802191384 4.821 0.019000000000000128 0.9894529791256795 0.010484940040313952 1.0 1.0058021442897127 1.0058021442897127 -0.016349165164033175
59770.98023508182 4.821 0.019000000000000128 1.0044714465493647 0.01053898549718272 1.0 1.0058020914909367 1.0058020914909367 -0.001330644941571979
59770.980251025234 4.821 0.019000000000000128 1.0098627804958347 0.010540743525455382 1.0 1.0058020386921849 1.0058020386921849 0.004060741803649792
59770.980266968654 4.821 0.019000000000000128 1.0087621845192207 0.010557742083610567 1.0 1.005801985893409 1.005801985893409 0.0029601986258116497
59770.980282912074 4.821 0.019000000000000128 0.9958430333766944 0.010509151694052716 1.0 1.005801933094633 1.005801933094633 -0.009958899717938619
59770.980298855495 4.821 0.019000000000000128 0.9997413596820495 0.010535459957299015 1.0 1.005801880295857 1.005801880295857 -0.006060520613807574
59770.98031479891 4.821 0.019000000000000128 1.0000339656007207 0.010537963246968329 1.0 1.0058018274971052 1.0058018274971052 -0.005767861896384563
59770.98033074233 4.821 0.019000000000000128 1.005444172842515 0.010534380981152412 1.0 1.0058017746983294 1.0058017746983294 -0.00035760185581446
59770.98034668575 4.821 0.019000000000000128 1.0230235786292992 0.010584351097472392 1.0 1.0058017218995534 1.0058017218995534 0.017221856729745744
59770.98036262916 4.821 0.019000000000000128 1.003391515469108 0.010547746065859648 1.0 1.0058016691008016 1.0058016691008016 -0.0024101536316936123
59770.98037857258 4.821 0.019000000000000128 1.0010927415599253 0.010528106828579784 1.0 1.0058016163020256 1.0058016163020256 -0.004708874742100244
59770.980394515995 4.821 0.019000000000000128 1.031390141383807 0.01059376317575438 1.0 1.0058015635032738 1.0058015635032738 0.025588577880533148
59770.98041045942 4.821 0.019000000000000128 0.9901638040930069 0.010486346353552686 1.0 1.0058015107044738 1.0058015107044738 -0.015637706611466906
59770.980426402835 4.821 0.019000000000000128 1.0195107266791694 0.010588778655006893 1.0 1.005801457905722 1.005801457905722 0.01370926877344747
59770.980442346256 4.821 0.019000000000000128 1.0361713873471654 0.010598143734666771 1.0 1.005801405106946 1.005801405106946 0.030369982240219473
59770.980458289676 4.821 0.019000000000000128 1.0014210019488257 0.01052738646602885 1.0 1.00580135230817 1.00580135230817 -0.004380350359344254
59770.980474233096 4.821 0.019000000000000128 1.007559364492351 0.010538797049475766 1.0 1.0058012995093941 1.0058012995093941 0.0017580649829569417
59770.98049017651 4.821 0.019000000000000128 1.0084326885524986 0.010567949195823078 1.0 1.0058012467106423 1.0058012467106423 0.0026314418418562635
59770.98050611993 4.821 0.019000000000000128 1.0117494897141197 0.0105634594992324 1.0 1.0058011939118663 1.0058011939118663 0.005948295802253423
59770.98052206335 4.821 0.019000000000000128 0.9912657706965438 0.010510054921193423 1.0 1.0058011411130903 1.0058011411130903 -0.014535370416546511
59770.98053800676 4.821 0.019000000000000128 1.0011283130984818 0.010520696872259172 1.0 1.0058010883143385 1.0058010883143385 -0.004672775215856628
59770.98055395018 4.821 0.019000000000000128 0.9988037036695941 0.010499891376563441 1.0 1.0058010355155627 1.0058010355155627 -0.006997331845968513
59770.9805698936 4.821 0.019000000000000128 1.0062648118304127 0.010532604593820428 1.0 1.0058009827167866 1.0058009827167866 0.0004638291136260797
59770.980585837024 4.821 0.019000000000000128 0.9915398888898861 0.010480794760151978 1.0 1.0058009299180106 1.0058009299180106 -0.014261041028124533
59770.98060178044 4.821 0.019000000000000128 1.0141327148862636 0.010536595353704993 1.0 1.0058008771192588 1.0058008771192588 0.008331837767004746
59770.98061772386 4.821 0.019000000000000128 1.0123818525569948 0.010555145366478927 1.0 1.005800824320483 1.005800824320483 0.006581028236511743
59770.98063366728 4.821 0.019000000000000128 0.9939280744926179 0.010549457651766861 1.0 1.005800771521707 1.005800771521707 -0.011872697029089108
