eureka_custom_plots/data/stage5_lcfit_results/S5_wasp39b_ap4_bg8_Table_Save_ch14.txt
# %ECSV 1.0
# ---
# datatype:
# - {name: time, datatype: float64}
# - {name: wavelength, datatype: float64}
# - {name: bin_width, datatype: float64}
# - {name: lcdata, datatype: float64}
# - {name: lcerr, datatype: float64}
# - {name: transit, datatype: float64}
# - {name: polynom, datatype: float64}
# - {name: model, datatype: float64}
# - {name: residuals, datatype: float64}
# schema: astropy-2.0
time wavelength bin_width lcdata lcerr transit polynom model residuals
[from data line 2916]
59770.69051126325 3.556 0.019000000000000128 1.0160541761709048 0.005252011816260104 1.0 1.0070376391449842 1.0070376391449842 0.009016537025920535
59770.69052720667 3.556 0.019000000000000128 1.0101464173095867 0.0052315671311961975 1.0 1.0070375564450775 1.0070375564450775 0.003108860864509122
59770.69054315009 3.556 0.019000000000000128 1.0093087259974194 0.005236448119408978 1.0 1.0070374737451708 1.0070374737451708 0.0022712522522485568
59770.69055909351 3.556 0.019000000000000128 1.0099687084530622 0.005240201730404888 1.0 1.0070373910452644 1.0070373910452644 0.00293131740779784
59770.69057503693 3.556 0.019000000000000128 1.007043042131389 0.005233721744559681 1.0 1.0070373083453577 1.0070373083453577 5.733786031303367e-06
59770.69059098035 3.556 0.019000000000000128 1.0014976970303793 0.0052169761975367 1.0 1.007037225645451 1.007037225645451 -0.005539528615071676
59770.690606923774 3.556 0.019000000000000128 1.006611955436546 0.005233652210966795 1.0 1.0070371429455443 1.0070371429455443 -0.000425187508998226
59770.690622867194 3.556 0.019000000000000128 1.0002805076969168 0.005216102394798562 1.0 1.0070370602456378 1.0070370602456378 -0.006756552548720984
59770.690638810614 3.556 0.019000000000000128 1.0033029257362465 0.005222939679746447 1.0 1.007036977545731 1.007036977545731 -0.0037340518094846065
59770.69065475404 3.556 0.019000000000000128 1.0034367769058143 0.005230330104678761 1.0 1.0070368948457866 1.0070368948457866 -0.0036001179399722805
59770.690670697455 3.556 0.019000000000000128 1.0083946848264735 0.005232402893717652 1.0 1.007036812145918 1.007036812145918 0.0013578726805556496
59770.690686640875 3.556 0.019000000000000128 1.0144464985984083 0.005248627369978558 1.0 1.0070367294460112 1.0070367294460112 0.007409769152397105
59770.690702584296 3.556 0.019000000000000128 0.9999733189949422 0.005222467116243708 1.0 1.0070366467461045 1.0070366467461045 -0.007063327751162252
59770.69071852772 3.556 0.019000000000000128 0.9942347878764892 0.00520915546823725 1.0 1.0070365640461603 1.0070365640461603 -0.012801776169671042
59770.69073447114 3.556 0.019000000000000128 1.0042153414359065 0.005223658356584401 1.0 1.0070364813462536 1.0070364813462536 -0.002821139910347048
59770.69075041456 3.556 0.019000000000000128 0.9983060740398546 0.005216959164068147 1.0 1.0070363986463846 1.0070363986463846 -0.008730324606530004
59770.690766357984 3.556 0.019000000000000128 1.0080102557005186 0.0052274804586746985 1.0 1.0070363159464404 1.0070363159464404 0.0009739397540782235
59770.6907823014 3.556 0.019000000000000128 1.016097645095996 0.005252486992030122 1.0 1.0070362332465714 1.0070362332465714 0.00906141184942455
59770.690798244825 3.556 0.019000000000000128 0.9999878123014998 0.005216937164750992 1.0 1.007036150546627 1.007036150546627 -0.007048338245127184
59770.690814188245 3.556 0.019000000000000128 1.0105838972039467 0.005243571483238492 1.0 1.0070360678467205 1.0070360678467205 0.0035478293572261954
59770.690830131665 3.556 0.019000000000000128 1.0110744212699176 0.005244498665995488 1.0 1.0070359851468138 1.0070359851468138 0.004038436123103839
59770.690846075086 3.556 0.019000000000000128 1.0045876718842564 0.005228116095631606 1.0 1.007035902446907 1.007035902446907 -0.002448230562650755
59770.6908620185 3.556 0.019000000000000128 1.0126100236527187 0.0052483057002594485 1.0 1.0070358197470384 1.0070358197470384 0.005574203905680308
59770.690877961926 3.556 0.019000000000000128 1.0040064604393464 0.005230797489470161 1.0 1.007035737047094 1.007035737047094 -0.003029276607747544
59770.69089390535 3.556 0.019000000000000128 1.0052416283384007 0.005226707340551701 1.0 1.0070356543471872 1.0070356543471872 -0.0017940260087865312
59770.69090984877 3.556 0.019000000000000128 1.0096913607073412 0.005237518928062629 1.0 1.0070355716472805 1.0070355716472805 0.002655789060060698
59770.69092579219 3.556 0.019000000000000128 0.9971391452385174 0.005211830738305103 1.0 1.007035488947374 1.007035488947374 -0.009896343708856614
59770.69094173561 3.556 0.019000000000000128 1.003685727233993 0.005221965943839478 1.0 1.0070354062474673 1.0070354062474673 -0.0033496790134743826
59770.69095767903 3.556 0.019000000000000128 1.011174615402249 0.005250712819176831 1.0 1.0070353235475606 1.0070353235475606 0.0041392918546883095
59770.69097362245 3.556 0.019000000000000128 1.0122547175112726 0.005232170017272262 1.0 1.0070352408476542 1.0070352408476542 0.005219476663618439
59770.69098956587 3.556 0.019000000000000128 1.0115238457125386 0.0052410834414158185 1.0 1.0070351581477475 1.0070351581477475 0.0044886875647911495
59770.691005509296 3.556 0.019000000000000128 1.0130950122290365 0.005240147928319668 1.0 1.007035075447803 1.007035075447803 0.00605993678123351
59770.69102145271 3.556 0.019000000000000128 1.0159618768788565 0.005249815321018799 1.0 1.0070349927479343 1.0070349927479343 0.008926884130922241
59770.69103739613 3.556 0.019000000000000128 1.0064060323079467 0.005236505215230601 1.0 1.0070349100480276 1.0070349100480276 -0.0006288777400809131
59770.69105333956 3.556 0.019000000000000128 1.0067514437754037 0.005235588688164878 1.0 1.0070348273480831 1.0070348273480831 -0.0002833835726794298
59770.69106928297 3.556 0.019000000000000128 1.0066848450318557 0.005236370240582482 1.0 1.0070347446482144 1.0070347446482144 -0.00034989961635867317
59770.6910852264 3.556 0.019000000000000128 1.0122038391265735 0.0052388090300903405 1.0 1.00703466194827 1.00703466194827 0.005169177178303563
59770.69110116981 3.556 0.019000000000000128 1.0044315049663037 0.005237069341991248 1.0 1.007034579248401 1.007034579248401 -0.002603074282097273
59770.69111711324 3.556 0.019000000000000128 1.0061447694828904 0.005234087082803541 1.0 1.0070344965484568 1.0070344965484568 -0.000889727065566337
59770.69113305666 3.556 0.019000000000000128 1.0031586450993863 0.005228684828457954 1.0 1.00703441384855 1.00703441384855 -0.0038757687491637327
59770.69114900007 3.556 0.019000000000000128 1.0031056478710048 0.005217443365662035 1.0 1.0070343311486811 1.0070343311486811 -0.00392868327767637
59770.6911649435 3.556 0.019000000000000128 1.0088998467988495 0.005241256311172306 1.0 1.007034248448737 1.007034248448737 0.001865598350112574
59770.69118088692 3.556 0.019000000000000128 1.0154646370121596 0.005252685520897221 1.0 1.0070341657488302 1.0070341657488302 0.008430471263329409
59770.69119683034 3.556 0.019000000000000128 1.0056528982475512 0.005232576376211365 1.0 1.0070340830489235 1.0070340830489235 -0.0013811848013722816
59770.69121277375 3.556 0.019000000000000128 1.0028470190160796 0.006400022632638193 1.0 1.0070340003490545 1.0070340003490545 -0.004186981332974904
59770.69122871718 3.556 0.019000000000000128 1.0067518458561484 0.005233991483878704 1.0 1.0070339176491103 1.0070339176491103 -0.0002820717929619132
59770.6912446606 3.556 0.019000000000000128 1.0024364988807308 0.005216710681332814 1.0 1.0070338349492036 1.0070338349492036 -0.00459733606847279
59770.69126060402 3.556 0.019000000000000128 1.00385172722096 0.005222689172246406 1.0 1.007033752249297 1.007033752249297 -0.0031820250283369766
59770.69127654744 3.556 0.019000000000000128 1.0018798404218068 0.005232927485471782 1.0 1.0070336695493904 1.0070336695493904 -0.0051538291275836645
59770.69129249086 3.556 0.019000000000000128 1.0072206279923792 0.005237211645029721 1.0 1.0070335868494837 1.0070335868494837 0.00018704114289547213
59770.69130843428 3.556 0.019000000000000128 1.0119045964053883 0.005238884683080978 1.0 1.007033504149577 1.007033504149577 0.004871092255811282
59770.6913243777 3.556 0.019000000000000128 1.0139259330774437 0.0052423612622718285 1.0 1.0070334214496706 1.0070334214496706 0.006892511627773157
59770.69134032112 3.556 0.019000000000000128 1.009016728968817 0.00523874338783886 1.0 1.0070333387497639 1.0070333387497639 0.0019833902190531383
59770.69135626454 3.556 0.019000000000000128 1.0144454059717218 0.0052517164683651635 1.0 1.0070332560498572 1.0070332560498572 0.007412149921864675
59770.69137220796 3.556 0.019000000000000128 1.0117985610907123 0.005244421889742496 1.0 1.0070331733499507 1.0070331733499507 0.0047653877407616285
59770.69138815138 3.556 0.019000000000000128 1.0106500089608597 0.005246245871934682 1.0 1.007033090650044 1.007033090650044 0.0036169183108156755
59770.69140409481 3.556 0.019000000000000128 1.0053341350086131 0.005231065035183219 1.0 1.0070330079500995 1.0070330079500995 -0.0016988729414864068
59770.69142003822 3.556 0.019000000000000128 1.0033302746950001 0.00523081662487607 1.0 1.0070329252502308 1.0070329252502308 -0.0037026505552306688
59770.691435981644 3.556 0.019000000000000128 1.01347196161718 0.005252439624232094 1.0 1.007032842550324 1.007032842550324 0.006439119066855792
59770.691451925064 3.556 0.019000000000000128 1.0024306061143888 0.0052151852401651055 1.0 1.0070327598504174 1.0070327598504174 -0.004602153736028569
59770.69146786849 3.556 0.019000000000000128 0.9972689234471127 0.0052109184475281865 1.0 1.0070326771504732 1.0070326771504732 -0.009763753703360467
59770.69148381191 3.556 0.019000000000000128 1.006479903660545 0.005224134961676827 1.0 1.0070325944505665 1.0070325944505665 -0.000552690790021515
59770.691499755325 3.556 0.019000000000000128 1.0164815961406646 0.005256203772707958 1.0 1.0070325117506975 1.0070325117506975 0.009449084389967055
59770.69151569875 3.556 0.019000000000000128 1.0072323565973726 0.005240843389173805 1.0 1.0070324290507533 1.0070324290507533 0.00019992754661934953
59770.691531642166 3.556 0.019000000000000128 1.0122257830029957 0.005242736949719574 1.0 1.0070323463508843 1.0070323463508843 0.005193436652111361
59770.69154758559 3.556 0.019000000000000128 1.0112217774099685 0.005248716192529409 1.0 1.00703226365094 1.00703226365094 0.004189513759028651
59770.69156352901 3.556 0.019000000000000128 1.0143079397904395 0.0052519344670377485 1.0 1.0070321809510332 1.0070321809510332 0.007275758839406343
59770.691579472434 3.556 0.019000000000000128 1.015908413435421 0.0052453648901477695 1.0 1.0070320982511267 1.0070320982511267 0.008876315184294326
59770.691595415854 3.556 0.019000000000000128 1.0054977841831763 0.005227394462824319 1.0 1.00703201555122 1.00703201555122 -0.0015342313680437591
59770.69161135927 3.556 0.019000000000000128 1.0035111762425812 0.005231878825702484 1.0 1.007031932851351 1.007031932851351 -0.003520756608769826
59770.691627302695 3.556 0.019000000000000128 1.0166308011471483 0.005256413742499344 1.0 1.0070318501514068 1.0070318501514068 0.009598950995741484
59770.69164324612 3.556 0.019000000000000128 1.0042692895130334 0.005235618133123126 1.0 1.0070317674514624 1.0070317674514624 -0.0027624779384289866
59770.691659189535 3.556 0.019000000000000128 1.0047971773775584 0.005223220167003864 1.0 1.0070316847515934 1.0070316847515934 -0.0022345073740350774
59770.691675132955 3.556 0.019000000000000128 1.0090510706934253 0.005234521532180852 1.0 1.007031602051687 1.007031602051687 0.002019468641738298
59770.691691076376 3.556 0.019000000000000128 1.0074925433125725 0.005236299526025198 1.0 1.0070315193517803 1.0070315193517803 0.0004610239607922839
59770.691707019796 3.556 0.019000000000000128 1.004110979782085 0.0052224801124388775 1.0 1.0070314366518736 1.0070314366518736 -0.002920456869788479
59770.69172296322 3.556 0.019000000000000128 1.0026941220307013 0.005224706537340889 1.0 1.0070313539519293 1.0070313539519293 -0.004337231921228035
59770.69173890664 3.556 0.019000000000000128 1.0020820316816788 0.005226315857108301 1.0 1.0070312712520604 1.0070312712520604 -0.004949239570381625
59770.691754850064 3.556 0.019000000000000128 1.0053533306357691 0.005227187294796572 1.0 1.007031188552116 1.007031188552116 -0.001677857916346781
59770.69177079348 3.556 0.019000000000000128 1.0133899689813526 0.005247224517092372 1.0 1.0070311058522472 1.0070311058522472 0.006358863129105385
59770.6917867369 3.556 0.019000000000000128 1.0087273875488825 0.005231385834521192 1.0 1.0070310231523405 1.0070310231523405 0.0016963643965419717
59770.691802680325 3.556 0.019000000000000128 1.0090916652400852 0.0052355107984363046 1.0 1.007030940452396 1.007030940452396 0.00206072478768915
59770.69181862374 3.556 0.019000000000000128 1.0147247586161277 0.005263376894691398 1.0 1.0070308577525273 1.0070308577525273 0.007693900863600334
59770.691834567166 3.556 0.019000000000000128 1.0006361496395881 0.005213554979518564 1.0 1.0070307750525829 1.0070307750525829 -0.006394625412994737
59770.69185051058 3.556 0.019000000000000128 1.0075226099303172 0.005234859261032494 1.0 1.007030692352714 1.007030692352714 0.0004919175776032514
59770.691866454006 3.556 0.019000000000000128 1.013386700419519 0.005247113905639595 1.0 1.0070306096527697 1.0070306096527697 0.006356090766749256
59770.69188239743 3.556 0.019000000000000128 1.0147059057710661 0.0052528198883393966 1.0 1.007030526952863 1.007030526952863 0.007675378818203127
59770.69189834084 3.556 0.019000000000000128 1.007965790053697 0.005231950250689961 1.0 1.007030444252994 1.007030444252994 0.0009353458007028692
59770.69191428427 3.556 0.019000000000000128 0.9954789065209114 0.005214513204235086 1.0 1.0070303615530496 1.0070303615530496 -0.01155145503213817
59770.69193022769 3.556 0.019000000000000128 1.0048919946024415 0.005224143654957032 1.0 1.0070302788531431 1.0070302788531431 -0.0021382842507016164
59770.69194617111 3.556 0.019000000000000128 1.0050633510998155 0.005233068056565619 1.0 1.0070301961532364 1.0070301961532364 -0.001966845053420929
59770.69196211453 3.556 0.019000000000000128 1.0091243223884254 0.005240224214593832 1.0 1.0070301134533297 1.0070301134533297 0.0020942089350957094
59770.69197805795 3.556 0.019000000000000128 0.9945807526801025 0.005205197782645994 1.0 1.0070300307534232 1.0070300307534232 -0.012449278073320746
59770.69199400137 3.556 0.019000000000000128 0.9982357571381049 0.005221214606112365 1.0 1.0070299480535165 1.0070299480535165 -0.00879419091541167
59770.69200994479 3.556 0.019000000000000128 0.9978435418903384 0.005215642462313133 1.0 1.0070298653536098 1.0070298653536098 -0.009186323463271417
59770.69202588821 3.556 0.019000000000000128 1.0010183828939436 0.00522214489334002 1.0 1.0070297826537034 1.0070297826537034 -0.006011399759759728
59770.69204183164 3.556 0.019000000000000128 1.0086601317859611 0.005237422730143133 1.0 1.007029699953759 1.007029699953759 0.0016304318322022393
59770.69205777505 3.556 0.019000000000000128 0.9984182391770744 0.005227261799812498 1.0 1.00702961725389 1.00702961725389 -0.008611378076815557
59770.69207371847 3.556 0.019000000000000128 1.0050889434082448 0.0052315574324432205 1.0 1.0070295345539835 1.0070295345539835 -0.001940591145738635
59770.69208966189 3.556 0.019000000000000128 1.0067030004290813 0.005231240856716081 1.0 1.0070294518540768 1.0070294518540768 -0.0003264514249954331
59770.69210560531 3.556 0.019000000000000128 1.008167343642199 0.005231542494957792 1.0 1.00702936915417 1.00702936915417 0.0011379744880288811
59770.69212154873 3.556 0.019000000000000128 1.0090430478242078 0.005238153233149971 1.0 1.0070292864542636 1.0070292864542636 0.0020137613699442447
59770.69213749215 3.556 0.019000000000000128 1.0088715840150595 0.0052410212348689275 1.0 1.007029203754357 1.007029203754357 0.001842380260702603
59770.69215343558 3.556 0.019000000000000128 1.0047669305068754 0.005221929743327279 1.0 1.0070291210544124 1.0070291210544124 -0.0022621905475370685
59770.69216937899 3.556 0.019000000000000128 1.0061990905259464 0.005230567420696017 1.0 1.0070290383545437 1.0070290383545437 -0.0008299478285973549
59770.69218532242 3.556 0.019000000000000128 1.0082608602819287 0.005238623210664959 1.0 1.0070289556545993 1.0070289556545993 0.001231904627329472
59770.69220126583 3.556 0.019000000000000128 0.998244490386497 0.005216727767072798 1.0 1.0070288729547303 1.0070288729547303 -0.008784382568233329
