eureka_custom_plots/data/stage5_lcfit_results/S5_wasp39b_ap4_bg8_Table_Save_ch36.txt
# %ECSV 1.0
# ---
# datatype:
# - {name: time, datatype: float64}
# - {name: wavelength, datatype: float64}
# - {name: bin_width, datatype: float64}
# - {name: lcdata, datatype: float64}
# - {name: lcerr, datatype: float64}
# - {name: transit, datatype: float64}
# - {name: polynom, datatype: float64}
# - {name: model, datatype: float64}
# - {name: residuals, datatype: float64}
# schema: astropy-2.0
time wavelength bin_width lcdata lcerr transit polynom model residuals
[from data line 20504]
59770.970924125504 4.399 0.019000000000000128 1.0081469049432636 0.0075551645589089075 1.0 1.0060846151953373 1.0060846151953373 0.002062289747926327
59770.97094006892 4.399 0.019000000000000128 1.0026294904696946 0.0075433269751507505 1.0 1.0060845461508503 1.0060845461508503 -0.003455055681155672
59770.97095601233 4.399 0.019000000000000128 1.0119825205303101 0.007564779214291042 1.0 1.0060844771063633 1.0060844771063633 0.0058980434239468416
59770.97097195576 4.399 0.019000000000000128 0.9928235650238518 0.00752080169682671 1.0 1.0060844080618132 1.0060844080618132 -0.013260843037961378
59770.97098789917 4.399 0.019000000000000128 1.0073729121249262 0.007556091646061403 1.0 1.006084339017326 1.006084339017326 0.0012885731076002216
59770.97100384259 4.399 0.019000000000000128 1.0024056799780043 0.007562496854634387 1.0 1.0060842699728074 1.0060842699728074 -0.003678589994803083
59770.97101978601 4.399 0.019000000000000128 1.019134466160967 0.0075850908285792495 1.0 1.0060842009282889 1.0060842009282889 0.013050265232678049
59770.97103572943 4.399 0.019000000000000128 0.9995761685495245 0.007555897494732884 1.0 1.0060841318837703 1.0060841318837703 -0.006507963334245859
59770.971051672845 4.399 0.019000000000000128 0.9964952800924101 0.007515730721622927 1.0 1.0060840628392833 1.0060840628392833 -0.009588782746873248
59770.97106761626 4.399 0.019000000000000128 1.0011014354052947 0.007564927779444661 1.0 1.0060839937947963 1.0060839937947963 -0.004982558389501568
59770.971083559685 4.399 0.019000000000000128 1.009115369995567 0.007565909881079737 1.0 1.0060839247502462 1.0060839247502462 0.0030314452453208407
59770.971099503106 4.399 0.019000000000000128 1.0066884202719617 0.007574511229902698 1.0 1.0060838557057277 1.0060838557057277 0.0006045645662340338
59770.97111544652 4.399 0.019000000000000128 1.012128132377636 0.0075669102849480465 1.0 1.0060837866612407 1.0060837866612407 0.0060443457163954495
59770.97113138994 4.399 0.019000000000000128 1.0196889571422136 0.007613096865047371 1.0 1.006083717616722 1.006083717616722 0.01360523952549153
59770.97114733336 4.399 0.019000000000000128 1.0102846044463707 0.007567936897311178 1.0 1.0060836485722033 1.0060836485722033 0.004200955874167356
59770.97116327677 4.399 0.019000000000000128 1.0204574696970032 0.007587742164754072 1.0 1.0060835795277163 1.0060835795277163 0.014373890169286918
59770.97117922019 4.399 0.019000000000000128 1.0158597635155842 0.007583525097614437 1.0 1.0060835104831978 1.0060835104831978 0.009776253032386384
59770.97119516361 4.399 0.019000000000000128 1.00902676597024 0.007566161314383338 1.0 1.0060834414386792 1.0060834414386792 0.002943324531560876
59770.97121110703 4.399 0.019000000000000128 1.0019491265469216 0.007536574474392732 1.0 1.0060833723941607 1.0060833723941607 -0.004134245847239093
59770.971227050446 4.399 0.019000000000000128 0.9924665980348383 0.0075377129846133295 1.0 1.0060833033496737 1.0060833033496737 -0.013616705314835387
59770.971242993866 4.399 0.019000000000000128 0.9932592521965904 0.007530565425778511 1.0 1.0060832343051551 1.0060832343051551 -0.012823982108564724
59770.97125893729 4.399 0.019000000000000128 0.9990212661824313 0.007544031433547386 1.0 1.0060831652606366 1.0060831652606366 -0.007061899078205314
59770.9712748807 4.399 0.019000000000000128 1.002885610082166 0.007557823143079513 1.0 1.0060830962161496 1.0060830962161496 -0.003197486133983629
59770.97129082412 4.399 0.019000000000000128 0.9986240145656885 0.007556449902757906 1.0 1.006083027171631 1.006083027171631 -0.0074590126059425055
59770.97130676754 4.399 0.019000000000000128 1.0068447612634808 0.007550463125056807 1.0 1.0060829581271122 1.0060829581271122 0.0007618031363685329
59770.97132271096 4.399 0.019000000000000128 1.0182616042571448 0.007576633675540146 1.0 1.0060828890825937 1.0060828890825937 0.012178715174551158
59770.97133865437 4.399 0.019000000000000128 1.0157565288126018 0.007590196503351299 1.0 1.0060828200381067 1.0060828200381067 0.009673708774495138
59770.971354597794 4.399 0.019000000000000128 1.0232085771033494 0.007582096803792025 1.0 1.0060827509935881 1.0060827509935881 0.017125826109761322
59770.971370541214 4.399 0.019000000000000128 1.0040980608055816 0.007540622980983959 1.0 1.0060826819490696 1.0060826819490696 -0.0019846211434879635
59770.971386484634 4.399 0.019000000000000128 0.9953282422646214 0.007540352942346752 1.0 1.006082612904551 1.006082612904551 -0.010754370639929678
59770.97140242805 4.399 0.019000000000000128 1.016985534368984 0.007594053223516723 1.0 1.006082543860064 1.006082543860064 0.010902990508919963
59770.97141837147 4.399 0.019000000000000128 1.0190318340600752 0.007583618541943726 1.0 1.0060824748155455 1.0060824748155455 0.012949359244529779
59770.97143431489 4.399 0.019000000000000128 1.0090985294575099 0.007572456595866284 1.0 1.006082405771027 1.006082405771027 0.0030161236864829633
59770.9714502583 4.399 0.019000000000000128 1.0193408835661513 0.00757951861204265 1.0 1.00608233672654 1.00608233672654 0.013258546839611363
59770.97146620173 4.399 0.019000000000000128 1.0170430589042334 0.00757587992914147 1.0 1.0060822676819898 1.0060822676819898 0.010960791222243582
59770.97148214514 4.399 0.019000000000000128 1.0066140247127304 0.007540511860828895 1.0 1.0060821986375026 1.0060821986375026 0.000531826075227837
59770.97149808856 4.399 0.019000000000000128 0.9971794363344877 0.007525214106962134 1.0 1.006082129592984 1.006082129592984 -0.008902693258496353
59770.97151403198 4.399 0.019000000000000128 1.0094248222299445 0.007558088387614969 1.0 1.0060820605484655 1.0060820605484655 0.0033427616814789562
59770.971529975395 4.399 0.019000000000000128 1.0057969243772322 0.0075536247567157605 1.0 1.0060819915039785 1.0060819915039785 -0.00028506712674625234
59770.971545918816 4.399 0.019000000000000128 1.0106999647485329 0.007599472908733925 1.0 1.00608192245946 1.00608192245946 0.004618042289072921
59770.97156186223 4.399 0.019000000000000128 1.010990183182795 0.007550826077004441 1.0 1.006081853414973 1.006081853414973 0.004908329767822073
59770.971577805656 4.399 0.019000000000000128 1.006374341019753 0.007553156662541074 1.0 1.0060817843704228 1.0060817843704228 0.0002925566493301446
59770.97159374907 4.399 0.019000000000000128 1.0107915428266174 0.007573354072538499 1.0 1.0060817153259358 1.0060817153259358 0.004709827500681607
59770.97160969249 4.399 0.019000000000000128 1.0100553486928239 0.007568825473828995 1.0 1.0060816462814173 1.0060816462814173 0.003973702411406599
59770.97162563591 4.399 0.019000000000000128 1.0053093945576315 0.007568101660229185 1.0 1.0060815772368987 1.0060815772368987 -0.0007721826792672637
59770.97164157933 4.399 0.019000000000000128 1.0182607480537307 0.007576688007605334 1.0 1.00608150819238 1.00608150819238 0.012179239861350721
59770.97165752274 4.399 0.019000000000000128 "" "" 1.0 1.006081439147893 1.006081439147893 ""
59770.97167346616 4.399 0.019000000000000128 1.0161284157752815 0.007598147293379116 1.0 1.0060813701033744 1.0060813701033744 0.010047045671907062
59770.97168940958 4.399 0.019000000000000128 1.0107790549551714 0.007559314451797778 1.0 1.0060813010588558 1.0060813010588558 0.0046977538963155485
59770.971705353 4.399 0.019000000000000128 1.0021145420299151 0.007554310453010095 1.0 1.0060812320143688 1.0060812320143688 -0.0039666899844537085
59770.97172129642 4.399 0.019000000000000128 1.0083321668056555 0.007564988437378791 1.0 1.0060811629698503 1.0060811629698503 0.002251003835805232
59770.97173723984 4.399 0.019000000000000128 1.0144289549293282 0.007587044506469713 1.0 1.0060810939253317 1.0060810939253317 0.008347861003996426
59770.97175318326 4.399 0.019000000000000128 1.0060288600291056 0.007549018566909337 1.0 1.0060810248808132 1.0060810248808132 -5.2164851707559023e-05
59770.97176912667 4.399 0.019000000000000128 1.0145979323371581 0.007567314966672434 1.0 1.0060809558363262 1.0060809558363262 0.008516976500831941
59770.97178507009 4.399 0.019000000000000128 1.0168957447421636 0.0075773569473016516 1.0 1.0060808867918076 1.0060808867918076 0.010814857950355972
59770.97180101351 4.399 0.019000000000000128 1.0155864199344289 0.0075855037835953695 1.0 1.0060808177472889 1.0060808177472889 0.009505602187140028
59770.971816956924 4.399 0.019000000000000128 1.0073516703909962 0.007538784166812288 1.0 1.0060807487028018 1.0060807487028018 0.0012709216881943153
59770.971832900344 4.399 0.019000000000000128 1.0083780862221259 0.007551804338032088 1.0 1.0060806796582833 1.0060806796582833 0.0022974065638425856
59770.97184884377 4.399 0.019000000000000128 0.9907423961902841 0.007514975723483704 1.0 1.0060806106137332 1.0060806106137332 -0.01533821442344907
59770.971864787185 4.399 0.019000000000000128 1.008056709157796 0.007555140026867825 1.0 1.0060805415692462 1.0060805415692462 0.001976167588549904
59770.9718807306 4.399 0.019000000000000128 0.9997806686470426 0.007528854791954108 1.0 1.0060804725247592 1.0060804725247592 -0.006299803877716559
59770.97189667402 4.399 0.019000000000000128 1.007470208453911 0.007552067026015523 1.0 1.0060804034802406 1.0060804034802406 0.001389804973670472
59770.97191261744 4.399 0.019000000000000128 1.005611802620048 0.00753994147231826 1.0 1.006080334435722 1.006080334435722 -0.0004685318156740781
59770.97192856086 4.399 0.019000000000000128 0.993597262728492 0.007526621329953818 1.0 1.0060802653912035 1.0060802653912035 -0.012483002662711518
59770.97194450427 4.399 0.019000000000000128 1.0126449180482449 0.007575474393353598 1.0 1.0060801963467165 1.0060801963467165 0.006564721701528331
59770.9719604477 4.399 0.019000000000000128 1.0126482530419458 0.007572563411768043 1.0 1.0060801273021664 1.0060801273021664 0.006568125739779385
59770.97197639111 4.399 0.019000000000000128 1.019922334638492 0.007588736449892613 1.0 1.0060800582576792 1.0060800582576792 0.013842276380812812
59770.971992334526 4.399 0.019000000000000128 1.0170486834238177 0.007583529838249788 1.0 1.0060799892131922 1.0060799892131922 0.010968694210625518
59770.97200827795 4.399 0.019000000000000128 1.0047218369753497 0.007557308228940382 1.0 1.0060799201686421 1.0060799201686421 -0.0013580831932924475
59770.972024221366 4.399 0.019000000000000128 1.012209077957504 0.008436042531230892 1.0 1.006079851124155 1.006079851124155 0.006129226833348822
59770.97204016479 4.399 0.019000000000000128 1.0071133325777935 0.007586618604709296 1.0 1.0060797820796366 1.0060797820796366 0.0010335504981568988
59770.9720561082 4.399 0.019000000000000128 1.0173012355809192 0.007610780317513048 1.0 1.0060797130351495 1.0060797130351495 0.011221522545769691
59770.97207205163 4.399 0.019000000000000128 1.0149115309306365 0.007570969845809023 1.0 1.0060796439905995 1.0060796439905995 0.008831886940037004
59770.97208799504 4.399 0.019000000000000128 0.9990818489369564 0.007535892886073385 1.0 1.0060795749461124 1.0060795749461124 -0.006997726009156047
59770.97210393846 4.399 0.019000000000000128 1.004502800672777 0.007558012412343625 1.0 1.006079505901594 1.006079505901594 -0.0015767052288169214
59770.97211988188 4.399 0.019000000000000128 1.0003594275602994 0.007546321882872168 1.0 1.0060794368570753 1.0060794368570753 -0.005720009296775963
59770.9721358253 4.399 0.019000000000000128 1.00634385980298 0.0075592094363834805 1.0 1.0060793678125566 1.0060793678125566 0.00026449199042333227
59770.972151768714 4.399 0.019000000000000128 1.0155975163118895 0.007588988114130456 1.0 1.0060792987680696 1.0060792987680696 0.009518217543819985
59770.97216771213 4.399 0.019000000000000128 0.9936840177451607 0.007543787607691468 1.0 1.0060792297235825 1.0060792297235825 -0.01239521197842186
59770.972183655555 4.399 0.019000000000000128 0.9954741296756272 0.007534516549190131 1.0 1.0060791606790325 1.0060791606790325 -0.010605031003405263
59770.97219959897 4.399 0.019000000000000128 1.0012814864977373 0.0075272139000660725 1.0 1.0060790916345455 1.0060790916345455 -0.0047976051368081585
59770.97221554239 4.399 0.019000000000000128 1.0028103222198728 0.007547618646120436 1.0 1.006079022590027 1.006079022590027 -0.003268700370154143
59770.97223148581 4.399 0.019000000000000128 1.005132930515434 0.007542193376455497 1.0 1.0060789535455084 1.0060789535455084 -0.0009460230300744055
59770.97224742923 4.399 0.019000000000000128 1.0115153999581876 0.007573182885260929 1.0 1.0060788845009898 1.0060788845009898 0.00543651545719781
59770.97226337264 4.399 0.019000000000000128 0.9949840467421013 0.007526402084833746 1.0 1.0060788154565028 1.0060788154565028 -0.011094768714401515
59770.972279316054 4.399 0.019000000000000128 1.0000774709747873 0.007549134890004168 1.0 1.0060787464120156 1.0060787464120156 -0.006001275437228282
59770.97229525948 4.399 0.019000000000000128 1.0090648739327988 0.007559540120404071 1.0 1.0060786773674655 1.0060786773674655 0.0029861965653332767
59770.9723112029 4.399 0.019000000000000128 0.9995165717781065 0.007555155999995277 1.0 1.006078608322947 1.006078608322947 -0.006562036544840444
59770.972327146315 4.399 0.019000000000000128 1.0093415680803945 0.00755762450856789 1.0 1.00607853927846 1.00607853927846 0.003263028801934631
59770.972343089736 4.399 0.019000000000000128 0.9992477117376452 0.00753669051992064 1.0 1.0060784702339414 1.0060784702339414 -0.006830758496296219
59770.972359033156 4.399 0.019000000000000128 0.9964480828727169 0.0075329878077790985 1.0 1.0060784011894228 1.0060784011894228 -0.00963031831670591
59770.97237497657 4.399 0.019000000000000128 1.0095307693283055 0.007550406736118942 1.0 1.0060783321449358 1.0060783321449358 0.0034524371833697387
59770.97239091999 4.399 0.019000000000000128 1.005007462191602 0.007559676118016622 1.0 1.0060782631004173 1.0060782631004173 -0.0010708009088151726
59770.97240686341 4.399 0.019000000000000128 0.9915482640374685 0.007511899750254678 1.0 1.0060781940558987 1.0060781940558987 -0.01452993001843017
59770.97242280683 4.399 0.019000000000000128 1.0217601833791565 0.007574756405019638 1.0 1.0060781250113802 1.0060781250113802 0.015682058367776364
59770.97243875024 4.399 0.019000000000000128 1.0211279623996747 0.007589042246985071 1.0 1.0060780559668931 1.0060780559668931 0.01504990643278159
59770.97245469366 4.399 0.019000000000000128 1.003280238901199 0.007554777703750756 1.0 1.0060779869223744 1.0060779869223744 -0.0027977480211753836
59770.97247063708 4.399 0.019000000000000128 1.0098034836854741 0.0075676592041600205 1.0 1.0060779178778558 1.0060779178778558 0.003725565807618292
59770.9724865805 4.399 0.019000000000000128 1.003532598569971 0.007568958910133823 1.0 1.0060778488333688 1.0060778488333688 -0.0025452502633978025
59770.97250252392 4.399 0.019000000000000128 1.016432807334115 0.007566345368431505 1.0 1.0060777797888503 1.0060777797888503 0.010355027545264628
59770.97251846734 4.399 0.019000000000000128 1.012838884809884 0.00757177624451459 1.0 1.0060777107443317 1.0060777107443317 0.006761174065552211
59770.97253441076 4.399 0.019000000000000128 1.007287908024618 0.007570360495625843 1.0 1.0060776416998132 1.0060776416998132 0.0012102663248048096
59770.97255035417 4.399 0.019000000000000128 1.009246918593566 0.007581084933496712 1.0 1.0060775726553262 1.0060775726553262 0.0031693459382398093
59770.97256629759 4.399 0.019000000000000128 1.0085883712987225 0.007563590418994457 1.0 1.0060775036108076 1.0060775036108076 0.002510867687914864
59770.97258224101 4.399 0.019000000000000128 1.0057479154363755 0.007553212874584826 1.0 1.006077434566289 1.006077434566289 -0.0003295191299135247
59770.97259818443 4.399 0.019000000000000128 0.999734780202487 0.0075210817875807435 1.0 1.0060773655217705 1.0060773655217705 -0.006342585319283556
59770.97261412785 4.399 0.019000000000000128 1.0044582225996703 0.0075763260489133686 1.0 1.006077296477252 1.006077296477252 -0.001619073877581645
59770.972630071265 4.399 0.019000000000000128 1.0149203006550909 0.007576420573062455 1.0 1.0060772274327647 1.0060772274327647 0.008843073222326137
