eureka_custom_plots/data/stage5_lcfit_results/S5_wasp39b_ap4_bg8_Table_Save_ch07.txt
# %ECSV 1.0
# ---
# datatype:
# - {name: time, datatype: float64}
# - {name: wavelength, datatype: float64}
# - {name: bin_width, datatype: float64}
# - {name: lcdata, datatype: float64}
# - {name: lcerr, datatype: float64}
# - {name: transit, datatype: float64}
# - {name: polynom, datatype: float64}
# - {name: model, datatype: float64}
# - {name: residuals, datatype: float64}
# schema: astropy-2.0
time wavelength bin_width lcdata lcerr transit polynom model residuals
[from data line 6463]
59770.74706257539 3.2874999999999996 0.019500000000000073 0.9947381058171728 0.009052446967417044 1.0 1.006934827293039 1.006934827293039 -0.012196721475866146
59770.74707851882 3.2874999999999996 0.019500000000000073 1.0102094305060143 0.009166903846359542 1.0 1.0069346905856624 1.0069346905856624 0.0032747399203518768
59770.74709446223 3.2874999999999996 0.019500000000000073 1.027261516477719 0.009223387739944189 1.0 1.0069345538784107 1.0069345538784107 0.02032696259930833
59770.74711040566 3.2874999999999996 0.019500000000000073 0.9988605384286825 0.009087636809096982 1.0 1.0069344171710344 1.0069344171710344 -0.008073878742351881
59770.74712634908 3.2874999999999996 0.019500000000000073 1.0101266746421609 0.009180583733344513 1.0 1.0069342804637202 1.0069342804637202 0.0031923941784406384
59770.747142292494 3.2874999999999996 0.019500000000000073 1.0070624380009001 0.009119115078930207 1.0 1.0069341437564685 1.0069341437564685 0.00012829424443161486
59770.74715823592 3.2874999999999996 0.019500000000000073 1.0168921297736364 0.009193854383127672 1.0 1.0069340070490922 1.0069340070490922 0.009958122724544216
59770.74717417934 3.2874999999999996 0.019500000000000073 1.004265600691437 0.009103361700621905 1.0 1.006933870341778 1.006933870341778 -0.0026682696503410597
59770.74719012276 3.2874999999999996 0.019500000000000073 1.0000289993760663 0.009086080702133037 1.0 1.006933733634464 1.006933733634464 -0.00690473425839766
59770.747206066175 3.2874999999999996 0.019500000000000073 0.9978158358188511 0.009071008980824418 1.0 1.0069335969272124 1.0069335969272124 -0.009117761108361266
59770.7472220096 3.2874999999999996 0.019500000000000073 1.022965933488864 0.00918712747466458 1.0 1.0069334602198359 1.0069334602198359 0.016032473269028236
59770.747237953015 3.2874999999999996 0.019500000000000073 0.9983950853351097 0.00906743417822538 1.0 1.0069333235125841 1.0069333235125841 -0.008538238177474455
59770.74725389644 3.2874999999999996 0.019500000000000073 1.0009328881560318 0.009087439757875196 1.0 1.0069331868052078 1.0069331868052078 -0.006000298649176061
59770.747269839856 3.2874999999999996 0.019500000000000073 0.9972286735780042 0.00907623604036109 1.0 1.006933050097956 1.006933050097956 -0.00970437651995193
59770.74728578328 3.2874999999999996 0.019500000000000073 0.9962520963665469 0.009066326640759199 1.0 1.0069329133905796 1.0069329133905796 -0.010680817024032674
59770.7473017267 3.2874999999999996 0.019500000000000073 1.0013820292581073 0.009084484845644225 1.0 1.006932776683328 1.006932776683328 -0.00555074742522077
59770.74731767012 3.2874999999999996 0.019500000000000073 0.9982550314435762 0.009078510939449334 1.0 1.006932639976014 1.006932639976014 -0.008677608532437708
59770.74733361354 3.2874999999999996 0.019500000000000073 0.996598918606665 0.009080794374570768 1.0 1.0069325032686998 1.0069325032686998 -0.010333584662034712
59770.747349556965 3.2874999999999996 0.019500000000000073 1.0052275680811604 0.009108330263645683 1.0 1.0069323665613235 1.0069323665613235 -0.0017047984801630278
59770.747365500385 3.2874999999999996 0.019500000000000073 1.0034035151489333 0.009101728307318153 1.0 1.0069322298540093 1.0069322298540093 -0.003528714705075986
59770.7473814438 3.2874999999999996 0.019500000000000073 1.002272918237855 0.009097848705008469 1.0 1.0069320931467576 1.0069320931467576 -0.0046591749089026635
59770.747397387226 3.2874999999999996 0.019500000000000073 0.9969006555628466 0.009063171699830825 1.0 1.0069319564393813 1.0069319564393813 -0.010031300876534699
59770.74741333064 3.2874999999999996 0.019500000000000073 1.0001131811661341 0.009092651338246356 1.0 1.0069318197321295 1.0069318197321295 -0.006818638565995405
59770.747429274066 3.2874999999999996 0.019500000000000073 0.9985024783395142 0.00907162157742529 1.0 1.0069316830247532 1.0069316830247532 -0.008429204685239
59770.74744521748 3.2874999999999996 0.019500000000000073 1.007825626997182 0.009126963888634449 1.0 1.0069315463175015 1.0069315463175015 0.0008940806796804424
59770.74746116091 3.2874999999999996 0.019500000000000073 0.998869803935684 0.009083309562483795 1.0 1.006931409610125 1.006931409610125 -0.00806160567444092
59770.74747710432 3.2874999999999996 0.019500000000000073 0.9954002576216655 0.009061434118340107 1.0 1.0069312729028734 1.0069312729028734 -0.011531015281207924
59770.74749304774 3.2874999999999996 0.019500000000000073 1.0031287212181788 0.009095963813681095 1.0 1.0069311361955593 1.0069311361955593 -0.0038024149773805416
59770.74750899116 3.2874999999999996 0.019500000000000073 1.021106925712857 0.009209843056216369 1.0 1.0069309994882452 1.0069309994882452 0.014175926224611946
59770.74752493458 3.2874999999999996 0.019500000000000073 1.0111729238454692 0.009169586405923016 1.0 1.0069308627809312 1.0069308627809312 0.00424206106453795
59770.747540878 3.2874999999999996 0.019500000000000073 0.9987216573604238 0.009083804937316267 1.0 1.006930726073617 1.006930726073617 -0.008209068713193268
59770.74755682142 3.2874999999999996 0.019500000000000073 1.0048057975958344 0.009108963139312472 1.0 1.006930589366303 1.006930589366303 -0.002124791770468537
59770.74757276485 3.2874999999999996 0.019500000000000073 0.9999188714374427 0.00908996163698146 1.0 1.0069304526589267 1.0069304526589267 -0.007011581221483931
59770.74758870826 3.2874999999999996 0.019500000000000073 1.0171337044487734 0.00915465647270283 1.0 1.006930315951675 1.006930315951675 0.010203388497098453
59770.74760465168 3.2874999999999996 0.019500000000000073 1.000990367926221 0.009083152455055516 1.0 1.0069301792443608 1.0069301792443608 -0.005939811318139698
59770.7476205951 3.2874999999999996 0.019500000000000073 1.0136454185958466 0.009169197994596028 1.0 1.0069300425370469 1.0069300425370469 0.0067153760587996825
59770.74763653853 3.2874999999999996 0.019500000000000073 1.020769317373248 0.009202416039071975 1.0 1.0069299058296703 1.0069299058296703 0.013839411543577596
59770.74765248194 3.2874999999999996 0.019500000000000073 1.0232953407097145 0.009212439927803786 1.0 1.0069297691224186 1.0069297691224186 0.016365571587295902
59770.74766842536 3.2874999999999996 0.019500000000000073 1.0029442125124275 0.009099357443221427 1.0 1.0069296324151047 1.0069296324151047 -0.003985419902677201
59770.747684368784 3.2874999999999996 0.019500000000000073 1.0213227919569023 0.009213765313958283 1.0 1.0069294957077906 1.0069294957077906 0.014393296249111787
59770.747700312204 3.2874999999999996 0.019500000000000073 1.0096490428930305 0.009167354579487171 1.0 1.0069293590004764 1.0069293590004764 0.002719683892554059
59770.747716255624 3.2874999999999996 0.019500000000000073 1.0227811195815297 0.009212387540621557 1.0 1.0069292222931625 1.0069292222931625 0.015851897288367223
59770.747732199045 3.2874999999999996 0.019500000000000073 1.014828152734095 0.009180351556847485 1.0 1.0069290855858484 1.0069290855858484 0.007899067148246619
59770.747748142465 3.2874999999999996 0.019500000000000073 1.015997402767618 0.009186897463024772 1.0 1.0069289488785342 1.0069289488785342 0.009068453889083727
59770.747764085885 3.2874999999999996 0.019500000000000073 1.0035312480614214 0.009108414109127251 1.0 1.0069288121712203 1.0069288121712203 -0.0033975641097989673
59770.7477800293 3.2874999999999996 0.019500000000000073 1.0012014451984683 0.009095255952342477 1.0 1.0069286754639686 1.0069286754639686 -0.0057272302655002605
59770.747795972726 3.2874999999999996 0.019500000000000073 0.9993194422829279 0.009071478039176826 1.0 1.006928538756592 1.006928538756592 -0.007609096473664145
59770.747811916146 3.2874999999999996 0.019500000000000073 1.0015234602289533 0.009090033278572392 1.0 1.0069284020492781 1.0069284020492781 -0.0054049418203248045
59770.747827859566 3.2874999999999996 0.019500000000000073 1.005881301982691 0.009099611894955664 1.0 1.006928265341964 1.006928265341964 -0.001046963359272901
59770.74784380299 3.2874999999999996 0.019500000000000073 1.0087545505813171 0.00911240170028747 1.0 1.0069281286346499 1.0069281286346499 0.001826421946667267
59770.74785974641 3.2874999999999996 0.019500000000000073 1.0170089329243253 0.009182525911685268 1.0 1.006927991927336 1.006927991927336 0.010080940996989307
59770.74787568983 3.2874999999999996 0.019500000000000073 1.0155826405855044 0.009181202242931223 1.0 1.0069278552200218 1.0069278552200218 0.008654785365482587
59770.74789163325 3.2874999999999996 0.019500000000000073 1.0256330768217337 0.009218993770069189 1.0 1.0069277185127077 1.0069277185127077 0.018705358309025977
59770.74790757667 3.2874999999999996 0.019500000000000073 0.9980129657134661 0.009078064805096086 1.0 1.0069275818053938 1.0069275818053938 -0.008914616091927674
59770.74792352009 3.2874999999999996 0.019500000000000073 1.0168722908584569 0.009178502170092567 1.0 1.0069274450980796 1.0069274450980796 0.009944845760377241
59770.74793946351 3.2874999999999996 0.019500000000000073 1.0020796927942053 0.009084556811994542 1.0 1.0069273083907657 1.0069273083907657 -0.0048476155965604395
59770.74795540692 3.2874999999999996 0.019500000000000073 1.0201978397081455 0.009179171494258943 1.0 1.006927171683514 1.006927171683514 0.013270668024631505
59770.74797135035 3.2874999999999996 0.019500000000000073 1.0150409247345513 0.009189186889749871 1.0 1.0069270349761374 1.0069270349761374 0.008113889758413872
59770.74798729376 3.2874999999999996 0.019500000000000073 0.9969027203855129 0.009078309489560498 1.0 1.006926898268886 1.006926898268886 -0.010024177883373064
59770.74800323719 3.2874999999999996 0.019500000000000073 1.0206565595205856 0.009211195295970483 1.0 1.0069267615615094 1.0069267615615094 0.013729797959076251
59770.7480191806 3.2874999999999996 0.019500000000000073 1.0040053052377218 0.009097824315817786 1.0 1.0069266248542577 1.0069266248542577 -0.0029213196165358557
59770.74803512403 3.2874999999999996 0.019500000000000073 1.0049160326071793 0.009107037750480228 1.0 1.0069264881468813 1.0069264881468813 -0.0020104555397020274
59770.74805106745 3.2874999999999996 0.019500000000000073 0.9956921149491673 0.009069107030603969 1.0 1.0069263514395672 1.0069263514395672 -0.011234236490399896
59770.74806701086 3.2874999999999996 0.019500000000000073 1.0231641723870895 0.009212480176756379 1.0 1.0069262147323155 1.0069262147323155 0.016237957654773982
59770.74808295429 3.2874999999999996 0.019500000000000073 0.9969107718377965 0.009087637099354793 1.0 1.0069260780249392 1.0069260780249392 -0.010015306187142636
59770.74809889771 3.2874999999999996 0.019500000000000073 1.0033357576655182 0.00909532115033109 1.0 1.006925941317625 1.006925941317625 -0.0035901836521068375
59770.74811484113 3.2874999999999996 0.019500000000000073 0.9999219833142269 0.009081977702275094 1.0 1.006925804610311 1.006925804610311 -0.007003821296084012
59770.748130784545 3.2874999999999996 0.019500000000000073 0.9900658598045022 0.00905370153170652 1.0 1.0069256679030594 1.0069256679030594 -0.01685980809855714
59770.74814672797 3.2874999999999996 0.019500000000000073 0.997937491019757 0.009082076082801375 1.0 1.0069255311956828 1.0069255311956828 -0.008988040175925804
59770.748162671385 3.2874999999999996 0.019500000000000073 1.0230864000867221 0.009213796280144425 1.0 1.006925394488431 1.006925394488431 0.016161005598291034
59770.74817861481 3.2874999999999996 0.019500000000000073 0.9982535634413064 0.009077844917239328 1.0 1.0069252577810548 1.0069252577810548 -0.008671694339748348
59770.748194558226 3.2874999999999996 0.019500000000000073 1.0178764805471407 0.009193625298881958 1.0 1.006925121073803 1.006925121073803 0.010951359473337696
59770.74821050165 3.2874999999999996 0.019500000000000073 1.0133876996185534 0.009184312362713935 1.0 1.0069249843664265 1.0069249843664265 0.006462715252126827
59770.74822644507 3.2874999999999996 0.019500000000000073 1.0100870202900918 0.009113890968576344 1.0 1.006924847659175 1.006924847659175 0.003162172630916782
59770.74824238849 3.2874999999999996 0.019500000000000073 1.006647708064604 0.00911535042609033 1.0 1.0069247109518609 1.0069247109518609 -0.00027700288725696076
59770.74825833191 3.2874999999999996 0.019500000000000073 1.0181052765984369 0.009187474925021222 1.0 1.0069245742445467 1.0069245742445467 0.011180702353890126
59770.74827427533 3.2874999999999996 0.019500000000000073 1.0054601352511894 0.009096488737541868 1.0 1.0069244375372328 1.0069244375372328 -0.0014643022860434396
59770.748290218755 3.2874999999999996 0.019500000000000073 1.017626219186984 0.009187579560901101 1.0 1.0069243008298563 1.0069243008298563 0.010701918357127749
59770.74830616217 3.2874999999999996 0.019500000000000073 1.0098010925711833 0.009105724419805943 1.0 1.0069241641226045 1.0069241641226045 0.002876928448578786
59770.748322105595 3.2874999999999996 0.019500000000000073 1.0040201082516722 0.009103059059550759 1.0 1.0069240274152282 1.0069240274152282 -0.0029039191635560346
59770.74833804901 3.2874999999999996 0.019500000000000073 1.002230980476266 0.00908844454361252 1.0 1.0069238907079765 1.0069238907079765 -0.00469291023171059
59770.748353992436 3.2874999999999996 0.019500000000000073 1.0218902584273957 0.009220317145041535 1.0 1.0069237540006 1.0069237540006 0.014966504426795701
59770.74836993585 3.2874999999999996 0.019500000000000073 1.0031030888039827 0.009092144596056388 1.0 1.0069236172933484 1.0069236172933484 -0.00382052848936576
59770.74838587928 3.2874999999999996 0.019500000000000073 0.9999752257953637 0.00908448245236156 1.0 1.006923480585972 1.006923480585972 -0.006948254790608233
59770.74840182269 3.2874999999999996 0.019500000000000073 0.9980519827246539 0.009068863675873716 1.0 1.0069233438787202 1.0069233438787202 -0.008871361154066282
59770.74841776611 3.2874999999999996 0.019500000000000073 0.9965530818855247 0.009066509764363148 1.0 1.0069232071714063 1.0069232071714063 -0.010370125285881548
59770.74843370953 3.2874999999999996 0.019500000000000073 1.0005957996436423 0.009090531877471926 1.0 1.0069230704640921 1.0069230704640921 -0.006327270820449815
59770.74844965295 3.2874999999999996 0.019500000000000073 1.0198897156403457 0.009195075384398637 1.0 1.006922933756778 1.006922933756778 0.012966781883567702
59770.74846559637 3.2874999999999996 0.019500000000000073 0.9982862574673436 0.009068959005386389 1.0 1.006922797049464 1.006922797049464 -0.008636539582120517
59770.74848153979 3.2874999999999996 0.019500000000000073 1.0026435448061057 0.009085293428294682 1.0 1.00692266034215 1.00692266034215 -0.004279115536044209
59770.74849748322 3.2874999999999996 0.019500000000000073 0.996770779932853 0.00907290329177195 1.0 1.0069225236347736 1.0069225236347736 -0.010151743701920624
59770.74851342663 3.2874999999999996 0.019500000000000073 0.9990643364722173 0.00908224741180409 1.0 1.006922386927522 1.006922386927522 -0.007858050455304633
59770.74852937005 3.2874999999999996 0.019500000000000073 1.0089003898728939 0.00911891809193451 1.0 1.0069222502202078 1.0069222502202078 0.0019781396526861172
59770.74854531347 3.2874999999999996 0.019500000000000073 1.0277458750953616 0.009233483660661542 1.0 1.0069221135128938 1.0069221135128938 0.020823761582467792
59770.7485612569 3.2874999999999996 0.019500000000000073 1.0137024587506036 0.009173344793672064 1.0 1.0069219768055173 1.0069219768055173 0.006780481945086292
59770.74857720031 3.2874999999999996 0.019500000000000073 0.9992470620578702 0.009085966537310346 1.0 1.0069218400982656 1.0069218400982656 -0.0076747780403954025
59770.74859314373 3.2874999999999996 0.019500000000000073 1.002593967647447 0.009088986702927683 1.0 1.0069217033909517 1.0069217033909517 -0.004327735743504757
59770.74860908715 3.2874999999999996 0.019500000000000073 1.0028359783624952 0.009093596554723363 1.0 1.0069215666836375 1.0069215666836375 -0.004085588321142364
59770.748625030574 3.2874999999999996 0.019500000000000073 1.0221795495561485 0.009207620175190823 1.0 1.0069214299763234 1.0069214299763234 0.015258119579825147
