eureka_custom_plots/data/stage5_lcfit_results/S5_wasp39b_ap4_bg8_Table_Save_ch12.txt
# %ECSV 1.0
# ---
# datatype:
# - {name: time, datatype: float64}
# - {name: wavelength, datatype: float64}
# - {name: bin_width, datatype: float64}
# - {name: lcdata, datatype: float64}
# - {name: lcerr, datatype: float64}
# - {name: transit, datatype: float64}
# - {name: polynom, datatype: float64}
# - {name: model, datatype: float64}
# - {name: residuals, datatype: float64}
# schema: astropy-2.0
time wavelength bin_width lcdata lcerr transit polynom model residuals
[from data line 16100]
59770.90070930968 3.479 0.019000000000000128 1.0063004734155288 0.0050029519911580335 1.0 1.0059871323984193 1.0059871323984193 0.0003133410171094475
59770.9007252531 3.479 0.019000000000000128 1.0062081223654016 0.005008502585987463 1.0 1.0059870566859939 1.0059870566859939 0.00022106567940771704
59770.900741196514 3.479 0.019000000000000128 1.000503827842928 0.004992136271899991 1.0 1.0059869809736028 1.0059869809736028 -0.005483153130674934
59770.900757139934 3.479 0.019000000000000128 1.0025675679605885 0.004999456130256011 1.0 1.0059869052611774 1.0059869052611774 -0.003419337300588854
59770.900773083355 3.479 0.019000000000000128 1.0041453620816807 0.005003875391477205 1.0 1.0059868295487517 1.0059868295487517 -0.001841467467071034
59770.90078902677 3.479 0.019000000000000128 1.0094662640488983 0.005009237946390376 1.0 1.005986753836361 1.005986753836361 0.00347951021253734
59770.900804970195 3.479 0.019000000000000128 1.01622210495372 0.005031766372527241 1.0 1.0059866781239009 1.0059866781239009 0.010235426829819039
59770.90082091361 3.479 0.019000000000000128 1.0149596687626345 0.005029111408599685 1.0 1.0059866024115098 1.0059866024115098 0.008973066351124714
59770.900836857036 3.479 0.019000000000000128 0.9996699562423301 0.004985412085228089 1.0 1.0059865266990498 1.0059865266990498 -0.006316570456719628
59770.90085280045 3.479 0.019000000000000128 1.0102502657080328 0.005014053080369418 1.0 1.0059864509866587 1.0059864509866587 0.0042638147213740485
59770.90086874387 3.479 0.019000000000000128 1.001038539952001 0.005005337537416606 1.0 1.0059863752742333 1.0059863752742333 -0.004947835322232308
59770.90088468729 3.479 0.019000000000000128 1.0044005401211793 0.004996814916782253 1.0 1.0059862995618079 1.0059862995618079 -0.0015857594406285536
59770.90090063071 3.479 0.019000000000000128 1.0119162875543177 0.00501462924889699 1.0 1.0059862238493822 1.0059862238493822 0.00593006370493554
59770.90091657412 3.479 0.019000000000000128 1.0050445183398846 0.005010635665110713 1.0 1.0059861481369914 1.0059861481369914 -0.0009416297971067689
59770.90093251754 3.479 0.019000000000000128 1.0013973230629603 0.00498919309986635 1.0 1.0059860724245657 1.0059860724245657 -0.004588749361605471
59770.90094846096 3.479 0.019000000000000128 0.9996691701657822 0.0050007849311243715 1.0 1.0059859967121403 1.0059859967121403 -0.006316826546358123
59770.90096440438 3.479 0.019000000000000128 1.0044037463966828 0.004996968908785921 1.0 1.0059859209997148 1.0059859209997148 -0.001582174603032005
59770.900980347804 3.479 0.019000000000000128 1.0052284615154132 0.005001929181131187 1.0 1.0059858452872892 1.0059858452872892 -0.0007573837718759524
59770.90099629122 3.479 0.019000000000000128 1.006352641354153 0.005003632759725878 1.0 1.0059857695748984 1.0059857695748984 0.00036687177925465164
59770.901012234644 3.479 0.019000000000000128 0.9993748548414437 0.004993161042702158 1.0 1.0059856938624383 1.0059856938624383 -0.006610839020994574
59770.90102817806 3.479 0.019000000000000128 1.007482104964336 0.005011265394286891 1.0 1.0059856181500473 1.0059856181500473 0.0014964868142888221
59770.90104412147 3.479 0.019000000000000128 1.01005632888491 0.005018738842653088 1.0 1.0059855424376563 1.0059855424376563 0.0040707864472537825
59770.9010600649 3.479 0.019000000000000128 1.0070911944947034 0.005013858973785661 1.0 1.0059854667251962 1.0059854667251962 0.0011057277695072365
59770.90107600832 3.479 0.019000000000000128 1.0055628283851272 0.005001951054364232 1.0 1.0059853910127707 1.0059853910127707 -0.00042256262764350794
59770.90109195173 3.479 0.019000000000000128 1.0098025732246076 0.005011139479917801 1.0 1.0059853153003797 1.0059853153003797 0.0038172579242279348
59770.90110789515 3.479 0.019000000000000128 1.00956511688997 0.0050186632760785286 1.0 1.0059852395879543 1.0059852395879543 0.0035798773020156993
59770.90112383857 3.479 0.019000000000000128 1.0083212605543568 0.005013533452804579 1.0 1.0059851638755288 1.0059851638755288 0.002336096678827948
59770.90113978199 3.479 0.019000000000000128 0.9983349198916392 0.004992718545883653 1.0 1.0059850881631032 1.0059850881631032 -0.00765016827146392
59770.90115572541 3.479 0.019000000000000128 1.0025600147063682 0.004999217551128521 1.0 1.0059850124506777 1.0059850124506777 -0.003424997744309488
59770.901171668826 3.479 0.019000000000000128 1.002771970345681 0.004991277631261596 1.0 1.0059849367382867 1.0059849367382867 -0.0032129663926057095
59770.90118761225 3.479 0.019000000000000128 1.0081911425075245 0.005004562173764286 1.0 1.0059848610258266 1.0059848610258266 0.0022062814816978804
59770.901203555666 3.479 0.019000000000000128 1.0111678740827608 0.005028378106504479 1.0 1.0059847853134358 1.0059847853134358 0.0051830887693249394
59770.90121949908 3.479 0.019000000000000128 0.997436258329657 0.004982523976714595 1.0 1.0059847096010448 1.0059847096010448 -0.008548451271387814
59770.90123544251 3.479 0.019000000000000128 1.0018542700955824 0.004999159419634215 1.0 1.0059846338885847 1.0059846338885847 -0.004130363793002356
59770.90125138592 3.479 0.019000000000000128 0.9994546193736135 0.004994383654984593 1.0 1.0059845581761937 1.0059845581761937 -0.006529938802580237
59770.90126732934 3.479 0.019000000000000128 1.001082280013723 0.004990914972818681 1.0 1.0059844824637683 1.0059844824637683 -0.0049022024500453565
59770.90128327276 3.479 0.019000000000000128 1.0031517881314675 0.0050068761513175864 1.0 1.0059844067513428 1.0059844067513428 -0.002832618619875271
59770.90129921618 3.479 0.019000000000000128 0.9978348960030882 0.0049890558770377975 1.0 1.0059843310389172 1.0059843310389172 -0.008149435035828989
59770.9013151596 3.479 0.019000000000000128 0.995256596557629 0.004981295305628084 1.0 1.0059842553264917 1.0059842553264917 -0.010727658768862725
59770.901331103014 3.479 0.019000000000000128 1.0012733710688042 0.005001531040882246 1.0 1.0059841796141007 1.0059841796141007 -0.004710808545296485
59770.901347046434 3.479 0.019000000000000128 1.0043127231790236 0.005006597241676121 1.0 1.0059841039016753 1.0059841039016753 -0.0016713807226516053
59770.90136298986 3.479 0.019000000000000128 1.0082545515519987 0.00501553150481405 1.0 1.0059840281892152 1.0059840281892152 0.0022705233627835497
59770.901378933275 3.479 0.019000000000000128 1.0156820266529496 0.005028377286742127 1.0 1.0059839524768242 1.0059839524768242 0.009698074176125449
59770.90139487669 3.479 0.019000000000000128 1.0082827656029307 0.005011794380402215 1.0 1.0059838767644333 1.0059838767644333 0.0022988888384973816
59770.901410820115 3.479 0.019000000000000128 1.0136697260679717 0.005019618933126711 1.0 1.0059838010519733 1.0059838010519733 0.007685925015998407
59770.90142676353 3.479 0.019000000000000128 1.0051633322526057 0.005012664490868503 1.0 1.0059837253395822 1.0059837253395822 -0.0008203930869765674
59770.901442706956 3.479 0.019000000000000128 "" "" 1.0 1.0059836496271222 1.0059836496271222 ""
59770.90145865037 3.479 0.019000000000000128 1.0092244146203422 0.005008834257697843 1.0 1.0059835739147311 1.0059835739147311 0.0032408407056110367
59770.90147459379 3.479 0.019000000000000128 1.0100750121872766 0.005006474005908782 1.0 1.0059834982023057 1.0059834982023057 0.004091513984970874
59770.90149053721 3.479 0.019000000000000128 1.0048198982774474 0.005006211840912601 1.0 1.0059834224898803 1.0059834224898803 -0.0011635242124328204
59770.90150648062 3.479 0.019000000000000128 1.0071839238739668 0.005005124145551797 1.0 1.0059833467774892 1.0059833467774892 0.0012005770964775841
59770.90152242404 3.479 0.019000000000000128 1.0037552126472506 0.005002248419466889 1.0 1.0059832710650638 1.0059832710650638 -0.00222805841781315
59770.90153836747 3.479 0.019000000000000128 1.0082540027696993 0.005014395317634142 1.0 1.0059831953526037 1.0059831953526037 0.0022708074170956216
59770.90155431088 3.479 0.019000000000000128 1.0070471536072267 0.005006833826409374 1.0 1.0059831196402127 1.0059831196402127 0.0010640339670140442
59770.9015702543 3.479 0.019000000000000128 1.010743309416523 0.005020730286242376 1.0 1.0059830439278217 1.0059830439278217 0.004760265488701343
59770.901586197724 3.479 0.019000000000000128 1.0008134941067122 0.00499832595510982 1.0 1.0059829682153618 1.0059829682153618 -0.005169474108649652
59770.90160214114 3.479 0.019000000000000128 1.001544882181184 0.004993285755923435 1.0 1.0059828925029708 1.0059828925029708 -0.004438010321786701
59770.901618084565 3.479 0.019000000000000128 1.0074681513287125 0.005008130265216957 1.0 1.0059828167905107 1.0059828167905107 0.0014853345382017658
59770.90163402798 3.479 0.019000000000000128 1.0071368933628775 0.005011369140144132 1.0 1.0059827410781197 1.0059827410781197 0.0011541522847577923
59770.9016499714 3.479 0.019000000000000128 1.0053938027415257 0.005000987878653448 1.0 1.0059826653656943 1.0059826653656943 -0.0005888626241685735
59770.90166591482 3.479 0.019000000000000128 1.0120440217965712 0.005017711513494018 1.0 1.0059825896532688 1.0059825896532688 0.006061432143302348
59770.90168185823 3.479 0.019000000000000128 1.0121225977626465 0.005021663664862151 1.0 1.0059825139408778 1.0059825139408778 0.0061400838217686715
59770.90169780165 3.479 0.019000000000000128 0.999465142750737 0.0049886403258297355 1.0 1.0059824382284523 1.0059824382284523 -0.006517295477715401
59770.90171374507 3.479 0.019000000000000128 0.99301377668603 0.004983316314449237 1.0 1.0059823625160267 1.0059823625160267 -0.012968585829996715
59770.90172968849 3.479 0.019000000000000128 1.0098503536075076 0.005013164684112613 1.0 1.0059822868036012 1.0059822868036012 0.0038680668039063892
59770.901745631905 3.479 0.019000000000000128 0.9999074469477965 0.005003084964776842 1.0 1.0059822110912102 1.0059822110912102 -0.00607476414341368
59770.90176157533 3.479 0.019000000000000128 1.0038281231923534 0.005000138707986868 1.0 1.0059821353787501 1.0059821353787501 -0.00215401218639677
59770.901777518746 3.479 0.019000000000000128 0.9973723804081099 0.004991441954569836 1.0 1.0059820596663593 1.0059820596663593 -0.008609679258249403
59770.901793462166 3.479 0.019000000000000128 1.0091836199570823 0.005008244708977724 1.0 1.0059819839539337 1.0059819839539337 0.0032016360031486
59770.90180940559 3.479 0.019000000000000128 1.0000475665785393 0.004993291739061348 1.0 1.0059819082415082 1.0059819082415082 -0.005934341662968912
59770.90182534901 3.479 0.019000000000000128 1.0130391117411122 0.005016049118398651 1.0 1.0059818325290828 1.0059818325290828 0.007057279212029366
59770.90184129243 3.479 0.019000000000000128 1.0028973445803757 0.004999010136789994 1.0 1.0059817568166571 1.0059817568166571 -0.0030844122362814197
59770.90185723584 3.479 0.019000000000000128 1.0046760482936965 0.005001850690382687 1.0 1.0059816811042663 1.0059816811042663 -0.0013056328105698345
59770.90187317926 3.479 0.019000000000000128 1.003315485781212 0.005000479575942803 1.0 1.0059816053918407 1.0059816053918407 -0.00266611961062857
59770.90188912268 3.479 0.019000000000000128 1.0083748622603785 0.00501248485106556 1.0 1.0059815296794152 1.0059815296794152 0.0023933325809633033
59770.9019050661 3.479 0.019000000000000128 1.0148472509138817 0.005021758787078319 1.0 1.0059814539669898 1.0059814539669898 0.008865796946891935
59770.90192100952 3.479 0.019000000000000128 1.01262494911411 0.005015286263253789 1.0 1.0059813782545641 1.0059813782545641 0.006643570859545811
59770.90193695294 3.479 0.019000000000000128 1.004294335803431 0.004999212347514003 1.0 1.0059813025421387 1.0059813025421387 -0.001686966738707607
59770.901952896354 3.479 0.019000000000000128 1.0025651809656921 0.005006673568343247 1.0 1.0059812268297477 1.0059812268297477 -0.003416045864055528
59770.901968839775 3.479 0.019000000000000128 0.9973624832349466 0.004982906087992368 1.0 1.0059811511173222 1.0059811511173222 -0.008618667882375641
59770.901984783195 3.479 0.019000000000000128 1.0074477105103399 0.0050071028174623455 1.0 1.0059810754048968 1.0059810754048968 0.0014666351054430926
59770.90200072661 3.479 0.019000000000000128 1.0034549935531456 0.005005917026102972 1.0 1.0059809996925058 1.0059809996925058 -0.0025260061393601596
59770.902016670036 3.479 0.019000000000000128 1.0064020885168214 0.005004303002331528 1.0 1.0059809239800457 1.0059809239800457 0.0004211645367757644
59770.90203261345 3.479 0.019000000000000128 1.0103441619937255 0.0050196303689713315 1.0 1.0059808482676547 1.0059808482676547 0.004363313726070794
59770.90204855687 3.479 0.019000000000000128 1.0090845171767142 0.005014456451756742 1.0 1.0059807725552292 1.0059807725552292 0.003103744621484994
59770.90206450029 3.479 0.019000000000000128 1.0119949421245782 0.005013019499352521 1.0 1.0059806968428038 1.0059806968428038 0.006014245281774411
59770.90208044371 3.479 0.019000000000000128 1.0117256317982433 0.005015815886524815 1.0 1.0059806211303781 1.0059806211303781 0.005745010667865147
59770.90209638713 3.479 0.019000000000000128 1.0086034094465974 0.005017788330300978 1.0 1.0059805454179527 1.0059805454179527 0.0026228640286447558
59770.90211233055 3.479 0.019000000000000128 1.0066176759357817 0.005009479099977931 1.0 1.0059804697055272 1.0059804697055272 0.0006372062302544279
59770.90212827396 3.479 0.019000000000000128 1.0069763850870066 0.005008138240397317 1.0 1.0059803939931362 1.0059803939931362 0.0009959910938703853
59770.90214421738 3.479 0.019000000000000128 0.9989071442845624 0.004982587148599311 1.0 1.0059803182807108 1.0059803182807108 -0.007073173996148374
59770.902160160804 3.479 0.019000000000000128 1.0030172486740219 0.005001367958285953 1.0 1.005980242568285 1.005980242568285 -0.002962993894263244
59770.90217610422 3.479 0.019000000000000128 1.0017493913683482 0.004997515726356991 1.0 1.0059801668558943 1.0059801668558943 -0.0042307754875461345
59770.902192047644 3.479 0.019000000000000128 1.0130561157502593 0.005020094587719166 1.0 1.0059800911434342 1.0059800911434342 0.007076024606825104
59770.90220799106 3.479 0.019000000000000128 1.0016955418235853 0.005000161901967377 1.0 1.0059800154310432 1.0059800154310432 -0.004284473607457873
59770.90222393448 3.479 0.019000000000000128 1.0036641502123256 0.004992480266282762 1.0 1.0059799397186178 1.0059799397186178 -0.0023157895062921874
59770.9022398779 3.479 0.019000000000000128 0.999326882623285 0.0049919269226615754 1.0 1.005979864006192 1.005979864006192 -0.006652981382907153
59770.90225582131 3.479 0.019000000000000128 1.0096932678230182 0.0050170054676940915 1.0 1.0059797882938013 1.0059797882938013 0.0037134795292168565
59770.90227176474 3.479 0.019000000000000128 1.0077158476100705 0.005016912494136722 1.0 1.0059797125813412 1.0059797125813412 0.0017361350287292687
59770.90228770816 3.479 0.019000000000000128 0.9998628863726512 0.004992143271285252 1.0 1.0059796368689156 1.0059796368689156 -0.006116750496264367
59770.90230365157 3.479 0.019000000000000128 1.006851418852486 0.005011538280013092 1.0 1.0059795611565248 1.0059795611565248 0.000871857695961209
59770.90231959499 3.479 0.019000000000000128 "" "" 1.0 1.005979485444099 1.005979485444099 ""
59770.90233553841 3.479 0.019000000000000128 1.008292369805601 0.005009002376474755 1.0 1.0059794097316737 1.0059794097316737 0.0023129600739273393
59770.902351481825 3.479 0.019000000000000128 0.9950136984157514 0.004985996925257059 1.0 1.0059793340192826 1.0059793340192826 -0.010965635603531254
59770.90236742525 3.479 0.019000000000000128 0.997150207628587 0.004995134298192841 1.0 1.0059792583068226 1.0059792583068226 -0.008829050678235584
59770.902383368666 3.479 0.019000000000000128 1.0014196031244842 0.00499784759459291 1.0 1.0059791825944318 1.0059791825944318 -0.004559579469947561
59770.902399312086 3.479 0.019000000000000128 1.0146941870627706 0.005020747459872715 1.0 1.005979106882006 1.005979106882006 0.0087150801807645
