eureka_custom_plots/data/stage5_lcfit_results/S5_wasp39b_ap4_bg8_Table_Save_ch42.txt
# %ECSV 1.0
# ---
# datatype:
# - {name: time, datatype: float64}
# - {name: wavelength, datatype: float64}
# - {name: bin_width, datatype: float64}
# - {name: lcdata, datatype: float64}
# - {name: lcerr, datatype: float64}
# - {name: transit, datatype: float64}
# - {name: polynom, datatype: float64}
# - {name: model, datatype: float64}
# - {name: residuals, datatype: float64}
# schema: astropy-2.0
time wavelength bin_width lcdata lcerr transit polynom model residuals
[from data line 11378]
59770.82542448399 4.629 0.018999999999999684 0.9850467133546991 0.009425558140956405 0.9778013597493672 1.0063590946133858 0.9840192911091107 0.001027422245588383
59770.82544042742 4.629 0.018999999999999684 0.9899445812621118 0.009436781625976562 0.9778012467599703 1.006359035325307 0.984019119429246 0.005925461832865797
59770.82545637083 4.629 0.018999999999999684 0.9784684999684151 0.009412204158314825 0.9778011339643761 1.006358976037282 0.9840189479444826 -0.0055504479760675185
59770.82547231426 4.629 0.018999999999999684 0.995594959265243 0.009450309796036574 0.9778010213622779 1.006358916749203 0.9840187766544063 0.011576182610836705
59770.82548825767 4.629 0.018999999999999684 0.9812048405358259 0.009395951921894312 0.9778009089537859 1.0063588574611784 0.9840186055592337 -0.0028137650234077993
59770.8255042011 4.629 0.018999999999999684 0.9878870236899613 0.009418271545750052 0.9778007967385948 1.0063587981730995 0.9840184346585513 0.0038685890314099636
59770.82552014451 4.629 0.018999999999999684 0.9754272470175912 0.009387273775207582 0.9778006847168114 1.0063587388850745 0.9840182639525726 -0.008591016934981432
59770.825536087934 4.629 0.018999999999999684 0.9660085398552832 0.009363293058980515 0.977800572888189 1.0063586795970227 0.9840180934409702 -0.01800955358568701
59770.825552031354 4.629 0.018999999999999684 0.9608829338052334 0.00936841850467408 0.9778004612526794 1.006358620308971 0.9840179231237218 -0.023134989318488453
59770.82556797478 4.629 0.018999999999999684 0.9981336802649133 0.009447617284582823 0.977800349810134 1.006358561020892 0.9840177530006513 0.01411592726426203
59770.825583918195 4.629 0.018999999999999684 0.9888522865272966 0.009431289676078975 0.9778002385606105 1.0063585017328671 0.984017583071896 0.004834703455400602
59770.82559986161 4.629 0.018999999999999684 0.9748142214512874 0.009389373809252005 0.9778001275039093 1.0063584424448424 0.9840174133372025 -0.009203191885915118
59770.825615805035 4.629 0.018999999999999684 0.9800241977801903 0.009414076107328962 0.9778000166398315 1.0063583831567635 0.9840172437963173 -0.003993046016126933
59770.82563174845 4.629 0.018999999999999684 0.9758166647533678 0.00939264397250973 0.977799905968486 1.0063583238687386 0.9840170744494557 -0.00820040969608793
59770.825647691876 4.629 0.018999999999999684 0.9811835985087852 0.009404246096620578 0.977799795489572 1.0063582645806597 0.9840169052962096 -0.002833306787424328
59770.82566363529 4.629 0.018999999999999684 0.9885304381875513 0.009426725282854582 0.9777996852031948 1.006358205292635 0.9840167363367905 0.004513701850760721
59770.82567957872 4.629 0.018999999999999684 0.9824552480025721 0.00942144486446625 0.9777995751090646 1.006358146004556 0.9840165675708009 -0.0015613195682288028
59770.82569552213 4.629 0.018999999999999684 0.9723571058884289 0.009385535711081859 0.9777994652072765 1.0063580867165312 0.9840163989984421 -0.011659293110013125
59770.82571146555 4.629 0.018999999999999684 0.9699689440653909 0.009368836715303716 0.9777993554975922 1.0063580274284794 0.9840162306193954 -0.014047286554004446
59770.82572740897 4.629 0.018999999999999684 0.9772860347034784 0.009404364099707947 0.9777992459799645 1.0063579681404276 0.9840160624336391 -0.006730027730160737
59770.82574335238 4.629 0.018999999999999684 0.991973192154574 0.009453172434506324 0.9777991366543489 1.0063579088524026 0.9840158944411552 0.007957297713418798
59770.82575929581 4.629 0.018999999999999684 0.9789725528982387 0.009391052961836214 0.9777990275204991 1.0063578495643237 0.9840157266416164 -0.005043173743377705
59770.825775239224 4.629 0.018999999999999684 0.9702902386837653 0.00939742869708032 0.9777989185785224 1.006357790276299 0.9840155590352366 -0.013725320351471337
59770.82579118265 4.629 0.018999999999999684 0.9791812211828071 0.009403566715865652 0.9777988098281231 1.0063577309882201 0.9840153916216121 -0.004834170438804963
59770.825807126064 4.629 0.018999999999999684 0.978189361567139 0.009387777599842221 0.9777987012694048 1.0063576717001952 0.9840152244009529 -0.005825862833813922
59770.82582306949 4.629 0.018999999999999684 0.9914856720253814 0.009403697014278229 0.9777985929020823 1.0063576124121163 0.9840150573728664 0.007470614652514973
59770.825839012905 4.629 0.018999999999999684 0.9847710620524814 0.009393225432527163 0.9777984847262496 1.0063575531240916 0.984014890537553 0.0007561715149284609
59770.82585495633 4.629 0.018999999999999684 0.9747359136628042 0.009411408839046257 0.9777983767416224 1.0063574938360127 0.9840147238946205 -0.009278810231816315
59770.825870899745 4.629 0.018999999999999684 0.9882501161234327 0.009429399774428263 0.9777982689483039 1.0063574345479878 0.9840145574442785 0.004235558679154261
59770.825886843166 4.629 0.018999999999999684 0.9862544643219685 0.009436200393526885 0.9777981613460511 1.006357375259936 0.9840143911862034 0.0022400731357651305
59770.825902786586 4.629 0.018999999999999684 0.982992590400231 0.009393938787991399 0.9777980539348208 1.0063573159718842 0.9840142251203778 -0.0010216347201468245
59770.82591873 4.629 0.018999999999999684 0.9886390665622558 0.009400508523626873 0.9777979467145698 1.0063572566838592 0.9840140592467848 0.004625007315470997
59770.82593467343 4.629 0.018999999999999684 0.9853322214511039 0.009395226696922289 0.9777978396850565 1.0063571973957803 0.9840138935651019 0.0013183278860019465
59770.82595061684 4.629 0.018999999999999684 0.9821699598841153 0.009396927592668514 0.9777977328463835 1.0063571381077556 0.9840137280755383 -0.0018437681914230675
59770.82596656027 4.629 0.018999999999999684 0.9892355567091607 0.00942628949604377 0.9777976261982699 1.0063570788196767 0.9840135627777051 0.005221993931455615
59770.82598250368 4.629 0.018999999999999684 0.9840780312313496 0.00942881158625144 0.9777975197408085 1.0063570195316518 0.9840133976718015 6.463355954811068e-05
59770.8259984471 4.629 0.018999999999999684 0.981621667099694 0.009414867074449142 0.9777974134737689 1.0063569602436 0.9840132327575166 -0.002391565657822614
59770.82601439052 4.629 0.018999999999999684 0.9933286204622894 0.009434589290607562 0.9777973073971052 1.0063569009555482 0.9840130680348304 0.009315552427459073
59770.82603033395 4.629 0.018999999999999684 0.9704694616228698 0.009383874985305228 0.9777972015106772 1.0063568416674693 0.9840129035035752 -0.013543441880705331
59770.82604627736 4.629 0.018999999999999684 0.9838127554588119 0.009413881558691188 0.9777970958145398 1.0063567823794444 0.9840127391638855 -0.0001999837050736808
59770.826062220774 4.629 0.018999999999999684 0.9817464559081516 0.00942248734295091 0.977796990308504 1.0063567230914197 0.9840125750155186 -0.0022661191073670706
59770.8260781642 4.629 0.018999999999999684 0.9805038874757083 0.009405939383308824 0.9777968849923812 1.0063566638033408 0.9840124110582316 -0.003508523582523293
59770.826094107615 4.629 0.018999999999999684 1.004258092272879 0.009474309762418916 0.9777967798662724 1.0063566045153158 0.9840122472922317 0.0202458449806473
59770.82611005104 4.629 0.018999999999999684 0.9774857633548274 0.00941811389191689 0.9777966749299015 1.006356545227237 0.9840120837171353 -0.006526320362307936
59770.826125994456 4.629 0.018999999999999684 0.9998964093302685 0.00947044913425161 0.9777965701833601 1.0063564859392122 0.9840119203331406 0.01588448899712791
59770.82614193788 4.629 0.018999999999999684 0.9811745484838312 0.009415380092445661 0.9777964656263727 1.0063564266511333 0.9840117571398641 -0.0028372086560328746
59770.826157881296 4.629 0.018999999999999684 0.9975519570262797 0.009465163020411425 0.9777963612590399 1.0063563673631084 0.984011594137513 0.0135403628887667
59770.82617382472 4.629 0.018999999999999684 0.9683386525165052 0.00936807636213426 0.9777962570811266 1.0063563080750566 0.9840114313257715 -0.01567277880926632
59770.82618976814 4.629 0.018999999999999684 0.9906689878325671 0.009402100647193167 0.9777961530925913 1.0063562487870048 0.984011268704624 0.006657719127943107
59770.82620571155 4.629 0.018999999999999684 0.9695837989611654 0.009400569863665746 0.9777960492933923 1.0063561894989799 0.984011106274055 -0.014427307312889548
59770.82622165498 4.629 0.018999999999999684 0.9844324336975127 0.009378728308072576 0.9777959456832961 1.006356130210901 0.9840109440337502 0.000421489663762431
59770.82623759839 4.629 0.018999999999999684 0.9897002523233833 0.009400616017527678 0.9777958422624023 1.0063560709228763 0.9840107819839157 0.0056894703394676505
59770.82625354182 4.629 0.018999999999999684 0.9962505001005562 0.009452010709665889 0.9777957390304364 1.0063560116347974 0.9840106201241692 0.01223987997638698
59770.82626948523 4.629 0.018999999999999684 0.9872446603571438 0.009409514264672247 0.9777956359874974 1.0063559523467724 0.984010458454716 0.0032342019024277358
59770.82628542866 4.629 0.018999999999999684 1.0022718965138282 0.009466455862259922 0.9777955331333059 1.0063558930586936 0.9840102969751695 0.01826159953865869
59770.82630137207 4.629 0.018999999999999684 0.9781985677625963 0.009382435057405153 0.9777954304679636 1.0063558337706688 0.9840101356857376 -0.005811567923141303
59770.8263173155 4.629 0.018999999999999684 0.9909940926291307 0.009442005358815923 0.9777953279911921 1.00635577448259 0.9840099745860341 0.006984118043096621
59770.82633325891 4.629 0.018999999999999684 1.0000619621171094 0.009468259544558577 0.977795225703093 1.006355715194565 0.9840098136762673 0.01605214844084213
59770.82634920233 4.629 0.018999999999999684 0.971326009785858 0.009377083476833447 0.9777951236034358 1.0063556559065132 0.9840096529561257 -0.012683643170267711
59770.82636514575 4.629 0.018999999999999684 0.9857599953337447 0.00942517093152127 0.9777950216921802 1.0063555966184614 0.9840094924255954 0.0017505029081492651
59770.826381089166 4.629 0.018999999999999684 0.9999685680248086 0.009453082781711832 0.9777949199692826 1.0063555373304365 0.9840093320846585 0.01595923594015014
59770.82639703259 4.629 0.018999999999999684 0.987166484771499 0.00939974509327936 0.9777948184345203 1.0063554780423576 0.984009171933012 0.0031573128384870808
59770.82641297601 4.629 0.018999999999999684 0.9933976835148294 0.009404657505355971 0.9777947170879908 1.0063554187543329 0.9840090119708594 0.00938867154396994
59770.826428919434 4.629 0.018999999999999684 0.9905905197931143 0.009424278292313744 0.9777946159294195 1.006355359466254 0.9840088521978188 0.006581667595295548
59770.82644486285 4.629 0.018999999999999684 0.9672309793389778 0.010799351053997907 0.9777945149589066 1.006355300178229 0.9840086926140963 -0.016777713275118455
59770.82646080627 4.629 0.018999999999999684 0.9902532123515542 0.009406468461150976 0.9777944141762249 1.0063552408901772 0.9840085332193845 0.006244679132169639
59770.82647674969 4.629 0.018999999999999684 0.9961536765027598 0.009457164034560714 0.9777943135813347 1.0063551816021254 0.9840083740136697 0.01214530248909007
59770.826492693115 4.629 0.018999999999999684 0.9960493130139306 0.009479306358011582 0.977794213174103 1.0063551223140466 0.9840082149967914 0.012041098017139262
59770.82650863653 4.629 0.018999999999999684 0.9643821153573631 0.009338884095318778 0.9777941129545826 1.0063550630260216 0.9840080561688819 -0.019625940811518805
59770.82652457994 4.629 0.018999999999999684 0.9806962943521073 0.009396566701486052 0.9777940129225917 1.006355003737997 0.9840078975297057 -0.0033116031775984878
59770.82654052337 4.629 0.018999999999999684 0.9881678893322289 0.009408277118737462 0.9777939130779579 1.006354944449918 0.9840077390790363 0.004160150253192607
59770.82655646678 4.629 0.018999999999999684 0.9648225653519402 0.010848269719771436 0.9777938134207773 1.006354885161893 0.9840075808170758 -0.019185015465135624
59770.82657241021 4.629 0.018999999999999684 0.9743058888464884 0.009372711409752942 0.9777937139507797 1.0063548258738142 0.984007422743447 -0.009701533896958603
59770.82658835362 4.629 0.018999999999999684 0.9852110409021723 0.009434361007137473 0.9777936146680639 1.0063547665857895 0.9840072648583549 0.001203776043817384
59770.82660429705 4.629 0.018999999999999684 0.9835591912572672 0.009394498174743039 0.9777935155723609 1.0063547072977106 0.9840071071614227 -0.00044791590415549365
59770.82662024046 4.629 0.018999999999999684 0.9798362497971147 0.009406034337794312 0.9777934166637691 1.0063546480096857 0.9840069496528552 -0.004170699855740478
59770.82663618388 4.629 0.018999999999999684 0.9774673478343795 0.009419527041330178 0.977793317942066 1.0063545887216339 0.9840067923323497 -0.0065394444979701705
59770.8266521273 4.629 0.018999999999999684 0.9827013071978061 0.01083554538975359 0.9777932194072129 1.006354529433582 0.984006635199893 -0.0013053280020868252
59770.82666807072 4.629 0.018999999999999684 0.9937893409382818 0.009453582858135717 0.9777931210591678 1.0063544701455571 0.9840064782554694 0.009782862682812365
59770.826684014144 4.629 0.018999999999999684 0.9820959222406905 0.00944792826710703 0.9777930228977156 1.0063544108574782 0.9840063214987833 -0.0019103992580927764
59770.82669995756 4.629 0.018999999999999684 0.9771116001651602 0.00938169517162053 0.977792924922951 1.0063543515694535 0.9840061649300357 -0.006894564764875488
59770.826715900985 4.629 0.018999999999999684 0.9802727921592679 0.009414843737192903 0.9777928271346087 1.0063542922813746 0.9840060085488536 -0.0037332163895856807
59770.8267318444 4.629 0.018999999999999684 0.9747773642914469 0.009385195636024576 0.9777927295327857 1.0063542329933497 0.9840058523554405 -0.009228488063993567
59770.82674778782 4.629 0.018999999999999684 0.9765976304088727 0.009406879175192022 0.9777926321172629 1.006354173705298 0.9840056963494964 -0.007408065940623709
59770.82676373124 4.629 0.018999999999999684 0.9889187117953316 0.009393399833541495 0.9777925348880018 1.006354114417246 0.9840055405310092 0.004913171264322447
59770.826779674666 4.629 0.018999999999999684 0.9946788618412988 0.009430066818206814 0.9777924378448742 1.0063540551291672 0.9840053848998234 0.010673476941475468
59770.82679561808 4.629 0.018999999999999684 0.985831136827462 0.009428390428243113 0.9777923409879318 1.0063539958411423 0.9840052294560698 0.0018259073713922103
59770.8268115615 4.629 0.018999999999999684 0.9936856870860254 0.009445129858011268 0.9777922443169568 1.0063539365530905 0.9840050741994506 0.009680612886574846
59770.82682750492 4.629 0.018999999999999684 0.9866256537403381 0.009422503235683305 0.9777921478319085 1.0063538772650387 0.984004919129951 0.002620734610387032
59770.82684344833 4.629 0.018999999999999684 0.9965155715181601 0.009442829056891026 0.9777920515327544 1.0063538179770137 0.9840047642475643 0.012510807270595725
59770.82685939176 4.629 0.018999999999999684 0.9679722113497109 0.009362336084480396 0.9777919554192758 1.0063537586889348 0.9840046095519915 -0.01603239820228064
59770.82687533517 4.629 0.018999999999999684 0.9925695205469326 0.009419344475782887 0.9777918594915681 1.0063536994009101 0.9840044550434345 0.008565065503498115
59770.8268912786 4.629 0.018999999999999684 0.9803167040748078 0.00940046227621554 0.9777917637493718 1.0063536401128312 0.9840043007215258 -0.0036875966467180277
59770.826907222014 4.629 0.018999999999999684 0.973760152201216 0.009402510585408239 0.9777916681927822 1.0063535808248063 0.9840041465864672 -0.010243994385251143
59770.826923165434 4.629 0.018999999999999684 0.99130767213807 0.009424890099973207 0.9777915728215845 1.0063535215367545 0.9840039926379635 0.007303679500106575
59770.826939108854 4.629 0.018999999999999684 0.9922557269430101 0.009438369629736224 0.9777914776357416 1.0063534622487027 0.9840038388760035 0.008251888067006607
59770.82695505228 4.629 0.018999999999999684 0.9954042419200008 0.009441485554807167 0.977791382635128 1.0063534029606238 0.9840036853004345 0.011400556619566293
