eureka_custom_plots/data/stage5_lcfit_results/S5_wasp39b_ap4_bg8_Table_Save_ch41.txt
# %ECSV 1.0
# ---
# datatype:
# - {name: time, datatype: float64}
# - {name: wavelength, datatype: float64}
# - {name: bin_width, datatype: float64}
# - {name: lcdata, datatype: float64}
# - {name: lcerr, datatype: float64}
# - {name: transit, datatype: float64}
# - {name: polynom, datatype: float64}
# - {name: model, datatype: float64}
# - {name: residuals, datatype: float64}
# schema: astropy-2.0
time wavelength bin_width lcdata lcerr transit polynom model residuals
[from data line 10200]
59770.806643135686 4.591 0.019000000000000128 0.9819060525072382 0.008757434313045832 0.9778897095158898 1.0065038555757755 0.9842497629556182 -0.0023437104483799986
59770.8066590791 4.591 0.019000000000000128 0.9834452704561178 0.008795125801132229 0.977888785473547 1.0065037979869391 0.9842487765879602 -0.0008035061318423242
59770.806675022526 4.591 0.019000000000000128 0.9709051587046578 0.008749506629889044 0.9778878624372167 1.0065037403980504 0.9842477912329127 -0.01334263252825496
59770.80669096595 4.591 0.019000000000000128 0.9863082327591634 0.008759159566330846 0.9778869404068872 1.0065036828091878 0.9842468068905407 0.0020614258686226794
59770.80670690937 4.591 0.019000000000000128 0.9753057866875162 0.008753146466322746 0.9778860193808411 1.0065036252203252 0.9842458235590897 -0.00894003687157352
59770.80672285278 4.591 0.019000000000000128 0.9997738193643877 0.00982439687228691 0.9778850993582158 1.0065035676314888 0.9842448412377172 0.015528978126670534
59770.80673879621 4.591 0.019000000000000128 0.9770443098571208 0.008708574250526107 0.9778841803364766 1.0065035100426 0.9842438599237946 -0.007199550066673832
59770.80675473962 4.591 0.019000000000000128 0.9764622403241531 0.008769336315403243 0.9778832623159893 1.0065034524537637 0.9842428796177927 -0.007780639293639591
59770.80677068305 4.591 0.019000000000000128 0.9746030547671197 0.008743194167458767 0.9778823452938019 1.006503394864875 0.9842419003166375 -0.009638845549517772
59770.80678662646 4.591 0.019000000000000128 0.9799446746234519 0.008774341275249729 0.9778814292703351 1.0065033372760386 0.9842409220208547 -0.004296247397402753
59770.80680256989 4.591 0.019000000000000128 0.9696775273787486 0.008692084280451417 0.9778805142426196 1.0065032796871496 0.984239944727353 -0.014562417348604417
59770.8068185133 4.591 0.019000000000000128 0.9814104040496588 0.008744388070886344 0.9778796002110776 1.0065032220983134 0.9842389684366601 -0.0028285643870012978
59770.80683445672 4.591 0.019000000000000128 0.977241014758228 0.008751776338606812 0.9778786871731716 1.0065031645094509 0.9842379931461446 -0.006996978387916575
59770.80685040014 4.591 0.019000000000000128 0.9847962568056856 0.008773971002198584 0.9778777751280591 1.0065031069205883 0.9842370188549838 0.0005592379507017853
59770.80686634356 4.591 0.019000000000000128 0.9672171679902287 0.00872760173771224 0.9778768640745031 1.0065030493317257 0.9842360455619329 -0.017018877571704172
59770.80688228698 4.591 0.019000000000000128 0.9695514853861238 0.008713129553331762 0.9778759540111913 1.0065029917428632 0.9842350732656705 -0.014683587879546711
59770.806898230396 4.591 0.019000000000000128 0.98389349296244 0.008777451134117768 0.9778750449373127 1.0065029341540268 0.9842341019654061 -0.00034060900296606356
59770.80691417382 4.591 0.019000000000000128 0.9909615740392917 0.008794213930241332 0.9778741368503512 1.0065028765651378 0.9842331316585297 0.00672844238076209
59770.806930117236 4.591 0.019000000000000128 0.9874257338768391 0.008760578945997575 0.9778732297507355 1.0065028189763017 0.984232162345576 0.0031935715312630952
59770.806946060664 4.591 0.019000000000000128 0.9867805166714552 0.008763395037700907 0.9778723236355372 1.0065027613874127 0.9842311940234939 0.0025493226479612607
59770.80696200408 4.591 0.019000000000000128 0.9857390228189288 0.008789349679713199 0.9778714185051868 1.0065027037985765 0.9842302266928199 0.00150879612610888
59770.806977947504 4.591 0.019000000000000128 0.9683038893457689 0.008739433448833033 0.9778705143567911 1.0065026462096875 0.9842292603505385 -0.01592537100476954
59770.80699389092 4.591 0.019000000000000128 0.9695624730688953 0.008718085196019422 0.9778696111907035 1.0065025886208514 0.9842282949971085 -0.014665821928213196
59770.80700983434 4.591 0.019000000000000128 0.9832002897015628 0.008752611848482127 0.9778687090045355 1.0065025310319888 0.9842273306300483 -0.0010270409284854898
59770.80702577776 4.591 0.019000000000000128 0.9923285800657687 0.008802543203252449 0.9778678077973908 1.0065024734431263 0.9842263672484814 0.008102212817287291
59770.80704172118 4.591 0.019000000000000128 0.9821781143910241 0.00874477736008874 0.977866907568062 1.0065024158542637 0.9842254048511925 -0.002047290460168383
59770.8070576646 4.591 0.019000000000000128 0.9870883136492248 0.008759928424140825 0.9778660083153181 1.006502358265401 0.9842244434369418 0.0028638702122829596
59770.80707360802 4.591 0.019000000000000128 0.9788632162870853 0.008735625156610416 0.977865110037931 1.0065023006765383 0.9842234830044938 -0.005360266717408524
59770.80708955144 4.591 0.019000000000000128 1.0005352842726356 0.008792947191099751 0.977864212734675 1.0065022430876758 0.9842225235526146 0.01631276072002097
59770.80710549486 4.591 0.019000000000000128 0.990360923629004 0.008777341681504696 0.9778633164043272 1.0065021854988132 0.9842215650800729 0.0061393585489311064
59770.80712143827 4.591 0.019000000000000128 0.9762112591264952 0.008761172253831695 0.9778624210460812 1.006502127909977 0.9842206075860827 -0.008009348459587451
59770.80713738169 4.591 0.019000000000000128 0.9641217524861918 0.00872332307474142 0.9778615266578906 1.0065020703211145 0.9842196510685326 -0.02009789858234079
59770.80715332512 4.591 0.019000000000000128 0.9857185438959178 0.0087792739145902 0.9778606332385671 1.0065020127322255 0.9842186955262263 0.0014998483696915255
59770.80716926853 4.591 0.019000000000000128 0.9907787226368912 0.00983843977870309 0.9778597407880861 1.0065019551433894 0.9842177409592167 0.006560981677674493
59770.807185211954 4.591 0.019000000000000128 0.9856884842832287 0.008771524160845508 0.9778588493040239 1.0065018975545268 0.9842167873649861 0.001471696918242671
59770.807201155374 4.591 0.019000000000000128 0.9869532537500406 0.00876011239746143 0.9778579587855859 1.006501839965664 0.9842158347427606 0.002737419007279973
59770.807217098794 4.591 0.019000000000000128 0.9694224961301726 0.008731710151699414 0.9778570692315671 1.0065017823768014 0.9842148830913277 -0.014792386961155035
59770.807233042215 4.591 0.019000000000000128 0.9730760157395204 0.00874035431122913 0.9778561806407653 1.0065017247879389 0.9842139324094766 -0.011137916669956227
59770.807248985635 4.591 0.019000000000000128 0.9968048774382152 0.008792702810261488 0.9778552930119802 1.0065016671990763 0.9842129826959993 0.012591894742215892
59770.807264929055 4.591 0.019000000000000128 0.98975152155119 0.0087641693673345 0.9778544063440403 1.0065016096102137 0.9842120339497166 0.005539487601473381
59770.807280872476 4.591 0.019000000000000128 0.989076196452027 0.008782262431706753 0.9778535206356993 1.0065015520213512 0.9842110861693737 0.004865110282653351
59770.80729681589 4.591 0.019000000000000128 0.9795809061994759 0.008725776922548566 0.9778526358862 1.006501494432515 0.9842101393542343 -0.004629233154758383
59770.807312759316 4.591 0.019000000000000128 0.9844558017823405 0.009806454651039163 0.9778517520931247 1.006501436843626 0.9842091935017871 0.00024660828055333983
59770.80732870273 4.591 0.019000000000000128 0.9827600817475716 0.008758341017949561 0.9778508692569218 1.0065013792547897 0.9842082486125867 -0.0014481668650151436
59770.80734464616 4.591 0.019000000000000128 0.972661957058558 0.008749511732980641 0.9778499873747727 1.006501321665901 0.9842073046836932 -0.01154534762513526
59770.80736058957 4.591 0.019000000000000128 1.0011549719353068 0.008805888610566777 0.9778491064471271 1.0065012640770645 0.9842063617156614 0.016948610219645333
59770.807376533 4.591 0.019000000000000128 0.976223624062422 0.008749867235626084 0.9778482264712002 1.0065012064881758 0.984205419705586 -0.007981795643163925
59770.80739247641 4.591 0.019000000000000128 0.9856314136701647 0.008769613615654752 0.9778473474473921 1.0065011488993394 0.9842044786539716 0.001426935016193065
59770.80740841983 4.591 0.019000000000000128 0.975087496971261 0.008733094123454414 0.9778464693733327 1.0065010913104768 0.9842035385583562 -0.009116041587095225
59770.80742436325 4.591 0.019000000000000128 0.9825583671762099 0.008749590907040456 0.9778455922482564 1.0065010337216143 0.9842025994179942 -0.001644232241784227
59770.80744030667 4.591 0.019000000000000128 0.9734459793410418 0.008749581694906545 0.9778447160709933 1.0065009761327517 0.9842016612317082 -0.010755681890666335
59770.80745625009 4.591 0.019000000000000128 0.9809160706791086 0.008746222153796186 0.9778438408403755 1.0065009185438891 0.9842007239983224 -0.0032846533192137928
59770.807472193505 4.591 0.019000000000000128 0.9906482977403845 0.008781650496131862 0.9778429665556421 1.0065008609550528 0.9841997877170966 0.0064485100232879455
59770.80748813693 4.591 0.019000000000000128 0.9790061934335376 0.008762932573981185 0.9778420932144178 1.006500803366164 0.9841988523855629 -0.005192658952025364
59770.807504080345 4.591 0.019000000000000128 0.9996824922263543 0.00881639758644504 0.9778412208171583 1.0065007457773276 0.9841979180042824 0.015484574222071945
59770.80752002377 4.591 0.019000000000000128 0.9899940731149595 0.00876100035175204 0.9778403493611165 1.0065006881884389 0.9841969845703873 0.005797088544572171
59770.807535967186 4.591 0.019000000000000128 0.9812007096741754 0.008757404968253602 0.9778394788466991 1.0065006305996025 0.9841960520843893 -0.0029953424102139303
59770.80755191061 4.591 0.019000000000000128 0.9881837805866452 0.008785538021220776 0.9778386092711674 1.0065005730107137 0.9841951205434294 0.0039886600432158525
59770.807567854026 4.591 0.019000000000000128 0.9889831462697812 0.008773187617032491 0.9778377406349799 1.0065005154218774 0.9841941899480713 0.004788956321709947
59770.80758379745 4.591 0.019000000000000128 0.982326676535582 0.008752399166220394 0.9778368729357818 1.0065004578330148 0.9841932602958678 -0.0018665837602858115
59770.80759974087 4.591 0.019000000000000128 0.9816656245312199 0.008761847729488978 0.9778360061728295 1.0065004002441522 0.9841923315860962 -0.0025267070548763426
59770.807615684294 4.591 0.019000000000000128 0.9762812468985286 0.008744767660369761 0.9778351403445789 1.0065003426552634 0.9841914038171763 -0.007910156918647715
59770.80763162771 4.591 0.019000000000000128 0.9910993260846357 0.008787048737812893 0.9778342754510898 1.006500285066427 0.9841904769892451 0.006908849095390579
59770.80764757112 4.591 0.019000000000000128 0.9828436576279718 0.008750731847995435 0.9778334114904221 1.0065002274775907 0.9841895511002985 -0.0013458934723267202
59770.80766351455 4.591 0.019000000000000128 0.9884241860266421 0.008791338100620086 0.9778325484606659 1.006500169888702 0.9841886261483627 0.0042355598782793935
59770.80767945796 4.591 0.019000000000000128 0.9716549674920747 0.008718640812422757 0.9778316863622343 1.0065001122998656 0.9841877021339558 -0.012532734641881094
59770.80769540139 4.591 0.019000000000000128 0.9853052498576141 0.008788660086435992 0.9778308251924249 1.0065000547109768 0.9841867790542553 0.0011184708033588064
59770.8077113448 4.591 0.019000000000000128 0.9847972401096539 0.008757923435763015 0.9778299649517024 1.0064999971221404 0.9841858569098312 0.0006113831998226793
59770.80772728823 4.591 0.019000000000000128 0.9821648455921529 0.008744724750747356 0.9778291056373473 1.0064999395332517 0.9841849356978436 -0.0020200901056907083
59770.80774323164 4.591 0.019000000000000128 0.9775560069364714 0.00877842675664933 0.9778282472498248 1.0064998819444153 0.9841840154188631 -0.006628008482391756
59770.80775917506 4.591 0.019000000000000128 0.9915406977970097 0.008784342762607386 0.9778273897868208 1.0064998243555527 0.9841830960704837 0.007357601726525997
59770.80777511848 4.591 0.019000000000000128 0.9842725533782464 0.008774186080065267 0.9778265332476125 1.0064997667666902 0.9841821776520032 9.03757262431526e-05
59770.8077910619 4.591 0.019000000000000128 0.9936469718340712 0.008793274729925714 0.9778256776311063 1.0064997091778276 0.9841812601623207 0.009465711671750587
59770.80780700532 4.591 0.019000000000000128 0.9842955957020485 0.00876956819805117 0.9778248229361372 1.006499651588965 0.9841803436002635 0.00011525210178497947
59770.807822948744 4.591 0.019000000000000128 0.9826266459880288 0.008760718000194323 0.9778239691616168 1.0064995940001025 0.9841794279647361 -0.0015527819767072737
59770.807838892164 4.591 0.019000000000000128 0.9819046545695389 0.008756424559974774 0.977823116306434 1.00649953641124 0.9841785132546198 -0.0022738586850808984
59770.807854835584 4.591 0.019000000000000128 0.9890284736620201 0.008819350089186948 0.97782226436948 1.0064994788223773 0.9841775994687986 0.004850874193221499
59770.807870779 4.591 0.019000000000000128 0.9935034499750608 0.008795612782667224 0.977821413350042 1.006499421233541 0.9841766866065803 0.009326763368480484
59770.807886722425 4.591 0.019000000000000128 0.9863041079727997 0.008763760838678771 0.9778205632458349 1.0064993636446522 0.9841757746655883 0.0021283333072114052
59770.807902665845 4.591 0.019000000000000128 0.9814597576077069 0.008754898786940095 0.977819714056962 1.0064993060557896 0.9841748636460029 -0.0027151060382960557
59770.80791860926 4.591 0.019000000000000128 0.9880460775308719 0.008743820048288121 0.9778188657822485 1.0064992484669533 0.9841739535466418 0.0038721239842300914
59770.80793455268 4.591 0.019000000000000128 0.9844237169235824 0.008786053018252912 0.9778180184199105 1.0064991908780907 0.9841730443656579 0.00025067255792454723
59770.8079504961 4.591 0.019000000000000128 0.9928836288017259 0.008774390841350932 0.9778171719691714 1.0064991332892281 0.9841721361022951 0.008711492699430723
59770.80796643952 4.591 0.019000000000000128 0.987214893135036 0.008766985016215869 0.9778163264289628 1.0064990757003656 0.9841712287554779 0.003043664379558053
59770.80798238294 4.591 0.019000000000000128 0.9811260807861101 0.008764955073128002 0.9778154817981941 1.006499018111503 0.9841703223241086 -0.0030442415379985377
59770.80799832636 4.591 0.019000000000000128 0.999804889170168 0.008801530030297973 0.9778146380757765 1.0064989605226404 0.9841694168070909 0.015635472363077052
59770.80801426978 4.591 0.019000000000000128 0.991830045660301 0.008797240891145159 0.9778137952606238 1.0064989029337779 0.9841685122033316 0.007661533456969405
59770.8080302132 4.591 0.019000000000000128 0.9975176952499468 0.008790934427045947 0.9778129533516516 1.0064988453449153 0.9841676085117389 0.013350086738207922
59770.80804615661 4.591 0.019000000000000128 0.9792217959816704 0.008765159990467512 0.9778121123481671 1.006498787756079 0.9841667057316411 -0.0049449097499707495
59770.80806210004 4.591 0.019000000000000128 0.975100267529252 0.008746509708060419 0.9778112722479478 1.0064987301671902 0.9841658038607242 -0.009065536331472113
59770.80807804346 4.591 0.019000000000000128 0.9731457054485283 0.008716001251573284 0.9778104330510347 1.0064986725783276 0.9841649028991061 -0.011019197450577778
59770.80809398688 4.591 0.019000000000000128 0.9870839244912201 0.008763624836230081 0.9778095947559872 1.006498614989465 0.9841640028453111 0.0029199216459089294
59770.808109930294 4.591 0.019000000000000128 0.9894818292167042 0.008775371513830333 0.9778087573621198 1.0064985574006287 0.9841631036986749 0.005318725518029366
59770.80812587372 4.591 0.019000000000000128 0.969649820509198 0.008740990636552412 0.9778079208671993 1.0064984998117397 0.9841622054568723 -0.014512384947674262
59770.808141817135 4.591 0.019000000000000128 0.9862674093595646 0.00875792004685707 0.9778070852717051 1.0064984422229035 0.984161308120489 0.0021061012390756195
59770.808157760555 4.591 0.019000000000000128 0.9918118975693884 0.008823006117241405 0.9778062505734101 1.006498384634041 0.9841604116872056 0.007651485882182785
59770.808173703976 4.591 0.019000000000000128 0.9750329589257218 0.008737411015912097 0.9778054167716606 1.0064983270451784 0.9841595161563897 -0.009126557230667909
