eureka_custom_plots/data/stage5_lcfit_results/S5_wasp39b_ap4_bg8_Table_Save_ch53.txt
# %ECSV 1.0
# ---
# datatype:
# - {name: time, datatype: float64}
# - {name: wavelength, datatype: float64}
# - {name: bin_width, datatype: float64}
# - {name: lcdata, datatype: float64}
# - {name: lcerr, datatype: float64}
# - {name: transit, datatype: float64}
# - {name: polynom, datatype: float64}
# - {name: model, datatype: float64}
# - {name: residuals, datatype: float64}
# schema: astropy-2.0
time wavelength bin_width lcdata lcerr transit polynom model residuals
[from data line 7044]
59770.75632570249 5.051 0.019000000000000128 1.0126091720697894 0.011661498008863009 1.0 1.0064487349217277 1.0064487349217277 0.006160437148061693
59770.756341645916 5.051 0.019000000000000128 1.0046827078659932 0.0116857613530972 1.0 1.00644868695118 1.00644868695118 -0.0017659790851867196
59770.75635758934 5.051 0.019000000000000128 0.9977488460646045 0.011664202342812884 1.0 1.0064486389806542 1.0064486389806542 -0.00869979291604972
59770.75637353276 5.051 0.019000000000000128 1.0059590245784165 0.011662567242837145 1.0 1.0064485910101284 1.0064485910101284 -0.0004895664317119408
59770.75638947618 5.051 0.019000000000000128 1.0256159604078026 0.011755957960862004 1.0 1.0064485430396026 1.0064485430396026 0.019167417368199935
59770.7564054196 5.051 0.019000000000000128 0.9914449063306364 0.011655596622694367 1.0 1.0064484950690769 1.0064484950690769 -0.015003588738440432
59770.75642136302 5.051 0.019000000000000128 1.003100144322351 0.01167487495619358 1.0 1.006448447098551 1.006448447098551 -0.0033483027762000184
59770.75643730643 5.051 0.019000000000000128 1.0045368317265058 0.011661510387959553 1.0 1.0064483991280473 1.0064483991280473 -0.0019115674015415252
59770.75645324986 5.051 0.019000000000000128 1.0150143493731505 0.011728753828917738 1.0 1.0064483511574995 1.0064483511574995 0.00856599821565096
59770.75646919328 5.051 0.019000000000000128 1.0197811125714102 0.011726857498223298 1.0 1.0064483031869738 1.0064483031869738 0.013332809384436484
59770.7564851367 5.051 0.019000000000000128 0.9995358606971184 0.011679561129891032 1.0 1.006448255216448 1.006448255216448 -0.006912394519329568
59770.75650108011 5.051 0.019000000000000128 1.006810220541216 0.011644344826093542 1.0 1.0064482072459442 1.0064482072459442 0.00036201329527174586
59770.75651702354 5.051 0.019000000000000128 1.019202824384527 0.011645018114379952 1.0 1.0064481592753964 1.0064481592753964 0.012754665109130592
59770.75653296695 5.051 0.019000000000000128 1.007821617628643 0.01172960514906993 1.0 1.0064481113048926 1.0064481113048926 0.0013735063237503287
59770.75654891038 5.051 0.019000000000000128 0.9922301447680045 0.011642803563238097 1.0 1.006448063334345 1.006448063334345 -0.01421791856634036
59770.75656485379 5.051 0.019000000000000128 0.9889232848055814 0.011674899612271611 1.0 1.006448015363841 1.006448015363841 -0.01752473055825965
59770.75658079722 5.051 0.019000000000000128 1.0036084095892117 0.011696806113992883 1.0 1.0064479673932933 1.0064479673932933 -0.002839557804081627
59770.75659674063 5.051 0.019000000000000128 0.9841876290553789 0.01158882980801749 1.0 1.0064479194227895 1.0064479194227895 -0.022260290367410618
59770.756612684054 5.051 0.019000000000000128 1.0171062855936919 0.011706859695294442 1.0 1.0064478714522638 1.0064478714522638 0.010658414141428096
59770.756628627474 5.051 0.019000000000000128 1.0106228138600621 0.011693860476728489 1.0 1.006447823481738 1.006447823481738 0.004174990378324139
59770.756644570894 5.051 0.019000000000000128 1.0142294523798268 0.011680782827954147 1.0 1.0064477755112122 1.0064477755112122 0.007781676868614529
59770.75666051432 5.051 0.019000000000000128 1.013297365591614 0.011656964981795814 1.0 1.0064477275406645 1.0064477275406645 0.006849638050949514
59770.756676457735 5.051 0.019000000000000128 1.008374547016801 0.011669413376703306 1.0 1.0064476795701607 1.0064476795701607 0.0019268674466403901
59770.75669240116 5.051 0.019000000000000128 1.0050758991449038 0.011650836007259505 1.0 1.006447631599613 1.006447631599613 -0.001371732454709118
59770.756708344576 5.051 0.019000000000000128 1.0101980930944257 0.011693539046083229 1.0 1.0064475836291091 1.0064475836291091 0.0037505094653165205
59770.756724288 5.051 0.019000000000000128 0.9939252711465029 0.0116462745351962 1.0 1.0064475356585614 1.0064475356585614 -0.012522264512058512
59770.756740231416 5.051 0.019000000000000128 1.0125318484768042 0.011734616566788522 1.0 1.0064474876880576 1.0064474876880576 0.0060843607887466344
59770.756756174844 5.051 0.019000000000000128 1.0083481466412412 0.011689792753863943 1.0 1.0064474397175098 1.0064474397175098 0.0019007069237313434
59770.75677211826 5.051 0.019000000000000128 1.008041860567863 0.01172196690200982 1.0 1.006447391747006 1.006447391747006 0.001594468820856898
59770.75678806168 5.051 0.019000000000000128 1.0125863409293168 0.011723690927388637 1.0 1.0064473437764803 1.0064473437764803 0.006138997152836501
59770.7568040051 5.051 0.019000000000000128 1.0004851998075033 0.011681622952808666 1.0 1.0064472958059543 1.0064472958059543 -0.005962095998450989
59770.75681994852 5.051 0.019000000000000128 1.0148358400028135 0.011675403708052947 1.0 1.0064472478354285 1.0064472478354285 0.008388592167384967
59770.75683589194 5.051 0.019000000000000128 1.015182899401041 0.011731663162374995 1.0 1.0064471998649027 1.0064471998649027 0.008735699536138286
59770.75685183536 5.051 0.019000000000000128 1.0116132593521423 0.01170843452520222 1.0 1.006447151894377 1.006447151894377 0.0051661074577653565
59770.75686777878 5.051 0.019000000000000128 1.0030516135922936 0.011664007755724109 1.0 1.0064471039238512 1.0064471039238512 -0.0033954903315576157
59770.7568837222 5.051 0.019000000000000128 1.0043431231424975 0.011704718046024836 1.0 1.0064470559533254 1.0064470559533254 -0.00210393281082788
59770.75689966561 5.051 0.019000000000000128 1.0024884993240544 0.011663214218416545 1.0 1.0064470079828216 1.0064470079828216 -0.003958508658767235
59770.75691560904 5.051 0.019000000000000128 1.0239533807053494 0.011725267579515117 1.0 1.0064469600122739 1.0064469600122739 0.01750642069307551
59770.75693155246 5.051 0.019000000000000128 1.0131192852130164 0.01169008525123001 1.0 1.006446912041748 1.006446912041748 0.006672373171268342
59770.75694749588 5.051 0.019000000000000128 1.017365345453635 0.011723567495969095 1.0 1.0064468640712223 1.0064468640712223 0.010918481382412804
59770.75696343929 5.051 0.019000000000000128 1.0317269236743842 0.011780633843374771 1.0 1.0064468161007185 1.0064468161007185 0.025280107573665722
59770.75697938272 5.051 0.019000000000000128 1.0168010212142558 0.01169293744126485 1.0 1.0064467681301708 1.0064467681301708 0.010354253084084997
59770.75699532614 5.051 0.019000000000000128 1.0055904840910486 0.011695901333202498 1.0 1.006446720159645 1.006446720159645 -0.0008562360685964165
59770.75701126956 5.051 0.019000000000000128 1.0214534628376277 0.011719537758069462 1.0 1.0064466721891192 1.0064466721891192 0.015006790648508517
59770.75702721298 5.051 0.019000000000000128 0.9972449482362642 0.011630611944315264 1.0 1.0064466242185934 1.0064466242185934 -0.009201675982329238
59770.7570431564 5.051 0.019000000000000128 1.0059522384863624 0.011659549827868444 1.0 1.0064465762480677 1.0064465762480677 -0.0004943377617052658
59770.75705909982 5.051 0.019000000000000128 1.0046537225282055 0.011679263142649594 1.0 1.0064465282775419 1.0064465282775419 -0.0017928057493363792
59770.757075043235 5.051 0.019000000000000128 0.992700532308867 0.011605951978720889 1.0 1.006446480307038 1.006446480307038 -0.013745947998171082
59770.75709098666 5.051 0.019000000000000128 1.0077382392510945 0.011666546157247113 1.0 1.0064464323364903 1.0064464323364903 0.0012918069146041766
59770.757106930076 5.051 0.019000000000000128 1.0101052771125396 0.011667237152013307 1.0 1.0064463843659865 1.0064463843659865 0.0036588927465530663
59770.7571228735 5.051 0.019000000000000128 1.0019723790334605 0.011640977655399837 1.0 1.0064463363954388 1.0064463363954388 -0.004473957361978309
59770.757138816916 5.051 0.019000000000000128 1.011149934981027 0.011713547889295801 1.0 1.006446288424935 1.006446288424935 0.0047036465560919005
59770.757154760344 5.051 0.019000000000000128 0.9950688542189231 0.011641570370913271 1.0 1.0064462404543872 1.0064462404543872 -0.011377386235464138
59770.75717070376 5.051 0.019000000000000128 1.0156596270614324 0.011690325137687415 1.0 1.0064461924838835 1.0064461924838835 0.009213434577548973
59770.75718664718 5.051 0.019000000000000128 1.0176976521766241 0.011681300133099736 1.0 1.0064461445133577 1.0064461445133577 0.011251507663266436
59770.7572025906 5.051 0.019000000000000128 1.0006937112076728 0.011641353714031487 1.0 1.006446096542832 1.006446096542832 -0.005752385335159094
59770.757218534025 5.051 0.019000000000000128 0.9798999699707159 0.011602218931032847 1.0 1.0064460485722841 1.0064460485722841 -0.026546078601568213
59770.75723447744 5.051 0.019000000000000128 1.0055142310070724 0.011658689133282668 1.0 1.0064460006017804 1.0064460006017804 -0.0009317695947079763
59770.75725042086 5.051 0.019000000000000128 1.0174395351989103 0.01171874779767669 1.0 1.0064459526312546 1.0064459526312546 0.010993582567655702
59770.75726636428 5.051 0.019000000000000128 0.9994429303156819 0.013046419739139009 1.0 1.0064459046607286 1.0064459046607286 -0.007002974345046709
59770.7572823077 5.051 0.019000000000000128 0.9973575559769284 0.011618668193501344 1.0 1.0064458566902028 1.0064458566902028 -0.009088300713274378
59770.75729825112 5.051 0.019000000000000128 0.9894646083025175 0.011622283233103492 1.0 1.006445808719677 1.006445808719677 -0.01698120041715956
59770.75731419454 5.051 0.019000000000000128 1.0300286843364994 0.011751131222096709 1.0 1.0064457607491513 1.0064457607491513 0.023582923587348148
59770.75733013797 5.051 0.019000000000000128 1.0097573033850227 0.011703353748013245 1.0 1.0064457127786037 1.0064457127786037 0.003311590606418946
59770.75734608138 5.051 0.019000000000000128 0.9900906329680305 0.011669033661357572 1.0 1.0064456648080997 1.0064456648080997 -0.016355031840069256
59770.7573620248 5.051 0.019000000000000128 0.9942429869366831 0.011641859303799306 1.0 1.006445616837574 1.006445616837574 -0.012202629900890827
59770.75737796822 5.051 0.019000000000000128 1.0026898431269429 0.011635892153077346 1.0 1.0064455688670482 1.0064455688670482 -0.003755725740105298
59770.75739391165 5.051 0.019000000000000128 0.999069580404876 0.01165601439398739 1.0 1.0064455208965006 1.0064455208965006 -0.0073759404916246
59770.75740985506 5.051 0.019000000000000128 1.0072722598606199 0.011684855962985642 1.0 1.0064454729259966 1.0064454729259966 0.0008267869346232359
59770.75742579848 5.051 0.019000000000000128 1.00280314648956 0.011621990262998125 1.0 1.0064454249554708 1.0064454249554708 -0.0036422784659109197
59770.7574417419 5.051 0.019000000000000128 1.0041858095156146 0.011698494884640458 1.0 1.006445376984945 1.006445376984945 -0.0022595674693304257
59770.75745768532 5.051 0.019000000000000128 0.9958945862915646 0.011639872923641398 1.0 1.0064453290144193 1.0064453290144193 -0.010550742722854722
59770.75747362874 5.051 0.019000000000000128 1.0042275064701223 0.011681677348250114 1.0 1.0064452810438935 1.0064452810438935 -0.0022177745737712584
59770.75748957216 5.051 0.019000000000000128 1.0021506327542793 0.013064826791116875 1.0 1.0064452330733678 1.0064452330733678 -0.00429460031908846
59770.75750551558 5.051 0.019000000000000128 1.0053272239582864 0.011692030086666909 1.0 1.006445185102842 1.006445185102842 -0.0011179611445555349
59770.757521459 5.051 0.019000000000000128 1.028911881905219 0.011750089198433176 1.0 1.0064451371323162 1.0064451371323162 0.02246674477290278
59770.757537402416 5.051 0.019000000000000128 1.008304886621911 0.011677163827560988 1.0 1.0064450891618124 1.0064450891618124 0.0018597974600986777
59770.757553345844 5.051 0.019000000000000128 0.9921721863538394 0.011665954130553586 1.0 1.0064450411912647 1.0064450411912647 -0.014272854837425242
59770.75756928926 5.051 0.019000000000000128 0.9995345989491116 0.01168912140122823 1.0 1.0064449932207609 1.0064449932207609 -0.0069103942716493005
59770.757585232685 5.051 0.019000000000000128 1.0008945899809565 0.011728930604761469 1.0 1.006444945250213 1.006444945250213 -0.005550355269256624
59770.7576011761 5.051 0.019000000000000128 0.9986153065273566 0.011653795320138986 1.0 1.0064448972797093 1.0064448972797093 -0.007829590752352678
59770.757617119525 5.051 0.019000000000000128 1.0136325273762352 0.01168222613854047 1.0 1.0064448493091616 1.0064448493091616 0.007187678067073655
59770.75763306294 5.051 0.019000000000000128 1.0014517185977114 0.011649616114580815 1.0 1.0064448013386578 1.0064448013386578 -0.004993082740946342
59770.75764900636 5.051 0.019000000000000128 0.9881177408215495 0.011658803452747528 1.0 1.006444753368132 1.006444753368132 -0.018327012546582533
59770.757664949786 5.051 0.019000000000000128 0.9989979069582892 0.011643869123354472 1.0 1.0064447053975842 1.0064447053975842 -0.007446798439295077
59770.757680893206 5.051 0.019000000000000128 1.0136247819254904 0.01174129954676894 1.0 1.0064446574270585 1.0064446574270585 0.007180124498431972
59770.75769683663 5.051 0.019000000000000128 1.0025868615823172 0.011638196073820198 1.0 1.0064446094565327 1.0064446094565327 -0.0038577478742154447
59770.75771278004 5.051 0.019000000000000128 1.0094850241161533 0.011672535650259983 1.0 1.006444561486029 1.006444561486029 0.003040462630124363
59770.75772872347 5.051 0.019000000000000128 1.0255800434734401 0.011727402073196247 1.0 1.0064445135154811 1.0064445135154811 0.019135529957958974
59770.75774466688 5.051 0.019000000000000128 1.0059821822629926 0.011680917716826599 1.0 1.0064444655449771 1.0064444655449771 -0.0004622832819844991
59770.75776061031 5.051 0.019000000000000128 1.0130369360236606 0.011702819708342492 1.0 1.0064444175744296 1.0064444175744296 0.006592518449231033
59770.75777655372 5.051 0.019000000000000128 1.0251570518369146 0.011751868675765711 1.0 1.0064443696039256 1.0064443696039256 0.018712682232989053
59770.75779249715 5.051 0.019000000000000128 1.0027775182870338 0.011612683402000178 1.0 1.006444321633378 1.006444321633378 -0.003666803346344283
59770.75780844056 5.051 0.019000000000000128 1.0138723836373995 0.01165238473134396 1.0 1.006444273662874 1.006444273662874 0.007428109974525476
59770.75782438398 5.051 0.019000000000000128 1.0211048780228187 0.013196331462402086 1.0 1.0064442256923483 1.0064442256923483 0.014660652330470425
59770.7578403274 5.051 0.019000000000000128 0.9970197475877912 0.011647871078366632 1.0 1.0064441777218225 1.0064441777218225 -0.00942443013403127
59770.75785627082 5.051 0.019000000000000128 1.0242026143650913 0.011714054558094059 1.0 1.0064441297512967 1.0064441297512967 0.01775848461379459
59770.75787221424 5.051 0.019000000000000128 1.0127853717265862 0.011644790973173362 1.0 1.006444081780771 1.006444081780771 0.006341289945815287
59770.75788815766 5.051 0.019000000000000128 1.0250012022327435 0.011738738908984818 1.0 1.0064440338102452 1.0064440338102452 0.018557168422498327
59770.75790410108 5.051 0.019000000000000128 1.0034269800630062 0.01168879225475473 1.0 1.0064439858397194 1.0064439858397194 -0.0030170057767131553
59770.7579200445 5.051 0.019000000000000128 1.024372774759176 0.011724635960583239 1.0 1.0064439378691936 1.0064439378691936 0.01792883688998237
59770.757935987924 5.051 0.019000000000000128 0.9942724328182698 0.011613245455645058 1.0 1.0064438898986678 1.0064438898986678 -0.012171457080398018
59770.757951931344 5.051 0.019000000000000128 1.0165549366314852 0.01171427245839255 1.0 1.006443841928142 1.006443841928142 0.010111094703343149
59770.757967874764 5.051 0.019000000000000128 1.0272445917634005 0.011686763378694218 1.0 1.0064437939576163 1.0064437939576163 0.020800797805784255
59770.757983818185 5.051 0.019000000000000128 1.0032549289349915 0.01166788193588441 1.0 1.0064437459870905 1.0064437459870905 -0.0031888170520990577
59770.757999761605 5.051 0.019000000000000128 1.0127239741851373 0.011706887875682229 1.0 1.0064436980165647 1.0064436980165647 0.006280276168572518
59770.758015705025 5.051 0.019000000000000128 1.011458928233533 0.01168340733503131 1.0 1.006443650046039 1.006443650046039 0.005015278187493921
