eureka_custom_plots/data/stage5_lcfit_results/S5_wasp39b_ap4_bg8_Table_Save_ch01.txt
# %ECSV 1.0
# ---
# datatype:
# - {name: time, datatype: float64}
# - {name: wavelength, datatype: float64}
# - {name: bin_width, datatype: float64}
# - {name: lcdata, datatype: float64}
# - {name: lcerr, datatype: float64}
# - {name: transit, datatype: float64}
# - {name: polynom, datatype: float64}
# - {name: model, datatype: float64}
# - {name: residuals, datatype: float64}
# schema: astropy-2.0
time wavelength bin_width lcdata lcerr transit polynom model residuals
[from data line 7904]
59770.77003704373 3.0575 0.019500000000000073 1.0085685978320331 0.0038313395245267003 1.0 1.0069684869897575 1.0069684869897575 0.001600110842275626
59770.77005298715 3.0575 0.019500000000000073 1.0015551392372528 0.0038117444642202826 1.0 1.0069683277724983 1.0069683277724983 -0.005413188535245528
59770.77006893057 3.0575 0.019500000000000073 1.0065760665934678 0.0038280549789882173 1.0 1.0069681685552392 1.0069681685552392 -0.0003921019617714183
59770.77008487399 3.0575 0.019500000000000073 1.0004516745269658 0.0038175674472337054 1.0 1.00696800933798 1.00696800933798 -0.006516334811014213
59770.77010081741 3.0575 0.019500000000000073 1.0028968085866128 0.0038147742202960188 1.0 1.0069678501207209 1.0069678501207209 -0.0040710415341080886
59770.77011676083 3.0575 0.019500000000000073 1.0031308842484277 0.003822904021199295 1.0 1.0069676909034617 1.0069676909034617 -0.003836806655034053
59770.77013270425 3.0575 0.019500000000000073 0.9992479224174619 0.003814116586679384 1.0 1.0069675316862023 1.0069675316862023 -0.0077196092687404905
59770.77014864767 3.0575 0.019500000000000073 1.0057446956142275 0.0038243407356796668 1.0 1.0069673724689432 1.0069673724689432 -0.0012226768547156652
59770.77016459109 3.0575 0.019500000000000073 1.0054411511456824 0.00382324709865529 1.0 1.006967213251684 1.006967213251684 -0.001526062106001591
59770.770180534506 3.0575 0.019500000000000073 1.0055819680486062 0.003824548908821001 1.0 1.0069670540344975 1.0069670540344975 -0.0013850859858912656
59770.77019647793 3.0575 0.019500000000000073 1.0017774457873976 0.0038136008764785337 1.0 1.0069668948171657 1.0069668948171657 -0.005189449029768145
59770.77021242135 3.0575 0.019500000000000073 1.011041244944985 0.0038361808545762017 1.0 1.0069667355999792 1.0069667355999792 0.004074509345005861
59770.770228364774 3.0575 0.019500000000000073 1.005807459349672 0.0038242853561689734 1.0 1.0069665763826474 1.0069665763826474 -0.001159117032975443
59770.77024430819 3.0575 0.019500000000000073 1.0127323842759242 0.003834574851318814 1.0 1.0069664171654609 1.0069664171654609 0.005765967110463288
59770.770260251615 3.0575 0.019500000000000073 1.0066294375257285 0.0038227208743192667 1.0 1.006966257948129 1.006966257948129 -0.0003368204224005744
59770.77027619503 3.0575 0.019500000000000073 1.0038711434693737 0.00382117684465692 1.0 1.0069660987309426 1.0069660987309426 -0.003094955261568888
59770.77029213845 3.0575 0.019500000000000073 1.0115400204447194 0.0038340691351200487 1.0 1.0069659395136834 1.0069659395136834 0.004574080931035951
59770.77030808187 3.0575 0.019500000000000073 1.0057107299922183 0.003826373419122557 1.0 1.0069657802964243 1.0069657802964243 -0.001255050304205918
59770.770324025296 3.0575 0.019500000000000073 1.0079310723607922 0.0038254029679521085 1.0 1.0069656210790923 1.0069656210790923 0.0009654512816998917
59770.77033996871 3.0575 0.019500000000000073 1.0051727361875393 0.0038262813743695054 1.0 1.006965461861906 1.006965461861906 -0.0017927256743666131
59770.77035591213 3.0575 0.019500000000000073 1.0098851297805447 0.003825904469653077 1.0 1.0069653026446466 1.0069653026446466 0.002919827135898112
59770.77037185555 3.0575 0.019500000000000073 1.0103405151944478 0.0038271595876028723 1.0 1.0069651434273874 1.0069651434273874 0.0033753717670603756
59770.77038779897 3.0575 0.019500000000000073 1.008382677597894 0.0038272812334813984 1.0 1.0069649842101283 1.0069649842101283 0.0014176933877656506
59770.77040374239 3.0575 0.019500000000000073 1.003419502378326 0.003816842339343978 1.0 1.006964824992869 1.006964824992869 -0.0035453226145432115
59770.77041968581 3.0575 0.019500000000000073 1.0088353631866347 0.003830519959414071 1.0 1.00696466577561 1.00696466577561 0.0018706974110247465
59770.77043562923 3.0575 0.019500000000000073 1.0103377094091721 0.003828376685528809 1.0 1.0069645065583508 1.0069645065583508 0.003373202850821322
59770.77045157265 3.0575 0.019500000000000073 1.0058026675380787 0.0038285642526975296 1.0 1.0069643473410916 1.0069643473410916 -0.0011616798030129605
59770.770467516064 3.0575 0.019500000000000073 1.0076208007973544 0.0038247095226745923 1.0 1.006964188123905 1.006964188123905 0.0006566126734492972
59770.77048345949 3.0575 0.019500000000000073 1.001287503153411 0.0038136644779258088 1.0 1.0069640289065733 1.0069640289065733 -0.005676525753162354
59770.770499402905 3.0575 0.019500000000000073 1.0094771638210476 0.0038347089536956186 1.0 1.0069638696893868 1.0069638696893868 0.0025132941316607926
59770.77051534633 3.0575 0.019500000000000073 1.0076181462432723 0.0038235925732449214 1.0 1.006963710472055 1.006963710472055 0.0006544357712172655
59770.770531289745 3.0575 0.019500000000000073 1.011746375287783 0.0038345636547327546 1.0 1.0069635512548685 1.0069635512548685 0.004782824032914634
59770.77054723317 3.0575 0.019500000000000073 1.0045723036019578 0.003820842175639821 1.0 1.0069633920375365 1.0069633920375365 -0.00239108843557867
59770.77056317659 3.0575 0.019500000000000073 1.0120559754556446 0.0038354588457431933 1.0 1.0069632328202773 1.0069632328202773 0.005092742635367298
59770.770579120006 3.0575 0.019500000000000073 1.0098957390385712 0.0038319751995227786 1.0 1.0069630736030908 1.0069630736030908 0.0029326654354804305
59770.77059506343 3.0575 0.019500000000000073 1.007206343022849 0.0038304995571739474 1.0 1.006962914385759 1.006962914385759 0.00024342863709003737
59770.770611006854 3.0575 0.019500000000000073 1.0074210635274123 0.0038274448101706248 1.0 1.0069627551684999 1.0069627551684999 0.0004583083589124737
59770.770626950274 3.0575 0.019500000000000073 1.0088294175691004 0.003826722874374098 1.0 1.0069625959512407 1.0069625959512407 0.0018668216178596708
59770.77064289369 3.0575 0.019500000000000073 1.0057624757915564 0.003826446952487455 1.0 1.0069624367340542 1.0069624367340542 -0.0011999609424977464
59770.770658837115 3.0575 0.019500000000000073 1.007748685349393 0.003824035438465064 1.0 1.0069622775167224 1.0069622775167224 0.0007864078326706991
59770.77067478053 3.0575 0.019500000000000073 1.0134327573044937 0.003835990214222215 1.0 1.0069621182995359 1.0069621182995359 0.006470639004957812
59770.770690723955 3.0575 0.019500000000000073 1.0116602129311323 0.0038336708817381694 1.0 1.006961959082204 1.006961959082204 0.004698253848928191
59770.77070666737 3.0575 0.019500000000000073 1.0054646526559754 0.003821607790176078 1.0 1.0069617998650175 1.0069617998650175 -0.001497147209042149
59770.770722610796 3.0575 0.019500000000000073 1.0114065597905664 0.003834444621284934 1.0 1.0069616406476856 1.0069616406476856 0.00444491914288081
59770.77073855421 3.0575 0.019500000000000073 1.0053832576540798 0.003821907834745192 1.0 1.006961481430499 1.006961481430499 -0.001578223776419252
59770.77075449763 3.0575 0.019500000000000073 1.0133306209274069 0.0038365988744833933 1.0 1.0069613222132399 1.0069613222132399 0.0063692987141670265
59770.77077044105 3.0575 0.019500000000000073 1.0132216354142871 0.003834675473951604 1.0 1.0069611629959807 1.0069611629959807 0.0062604724183064064
59770.77078638448 3.0575 0.019500000000000073 1.0028057713011689 0.0038152026790781056 1.0 1.006961003778649 1.006961003778649 -0.004155232477480064
59770.77080232789 3.0575 0.019500000000000073 1.0046159215177561 0.0038219967002639816 1.0 1.0069608445614624 1.0069608445614624 -0.0023449230437062596
59770.77081827131 3.0575 0.019500000000000073 0.9985054863627342 0.003811579092522323 1.0 1.0069606853442032 1.0069606853442032 -0.00845519898146907
59770.77083421473 3.0575 0.019500000000000073 1.0046720807128602 0.0038210504561694094 1.0 1.006960526126944 1.006960526126944 -0.002288445414083906
59770.77085015815 3.0575 0.019500000000000073 1.0058128168190335 0.0038228883376939526 1.0 1.006960366909685 1.006960366909685 -0.0011475500906514835
59770.77086610157 3.0575 0.019500000000000073 1.0078301849645779 0.0038220034044100996 1.0 1.0069602076924258 1.0069602076924258 0.0008699772721521004
59770.77088204499 3.0575 0.019500000000000073 1.004116810301214 0.0038224309976680067 1.0 1.0069600484751666 1.0069600484751666 -0.0028432381739527113
59770.77089798841 3.0575 0.019500000000000073 1.0055822615718615 0.0038190479345458044 1.0 1.0069598892579075 1.0069598892579075 -0.0013776276860459902
59770.77091393183 3.0575 0.019500000000000073 1.002113075803626 0.003823542587210782 1.0 1.006959730040648 1.006959730040648 -0.004846654237022019
59770.770929875245 3.0575 0.019500000000000073 1.0076310849064338 0.0038263497996987796 1.0 1.0069595708234618 1.0069595708234618 0.0006715140829720578
59770.77094581867 3.0575 0.019500000000000073 1.0062693826658577 0.003826434862653743 1.0 1.0069594116061298 1.0069594116061298 -0.0006900289402720361
59770.770961762086 3.0575 0.019500000000000073 1.0083530016189786 0.0038219817919125246 1.0 1.0069592523889432 1.0069592523889432 0.0013937492300353238
59770.77097770551 3.0575 0.019500000000000073 1.0100092670989407 0.003828470936510651 1.0 1.0069590931716115 1.0069590931716115 0.003050173927329203
59770.77099364893 3.0575 0.019500000000000073 1.0108586697810331 0.003832477182056035 1.0 1.006958933954425 1.006958933954425 0.003899735826608186
59770.771009592354 3.0575 0.019500000000000073 1.0013140455829648 0.0038185362268525016 1.0 1.0069587747370932 1.0069587747370932 -0.005644729154128392
59770.77102553577 3.0575 0.019500000000000073 1.0094217278560378 0.003824957883250998 1.0 1.0069586155199066 1.0069586155199066 0.002463112336131168
59770.77104147919 3.0575 0.019500000000000073 1.0073956538854554 0.003826076968108333 1.0 1.0069584563026475 1.0069584563026475 0.0004371975828079133
59770.77105742261 3.0575 0.019500000000000073 1.0013495588300299 0.00381686359888397 1.0 1.0069582970853883 1.0069582970853883 -0.005608738255358459
59770.771073366035 3.0575 0.019500000000000073 1.005392242231234 0.0038206723024036653 1.0 1.0069581378680565 1.0069581378680565 -0.001565895636822523
59770.77108930945 3.0575 0.019500000000000073 1.0007564818979748 0.003819649756430427 1.0 1.00695797865087 1.00695797865087 -0.006201496752895164
59770.77110525287 3.0575 0.019500000000000073 1.0051666340776557 0.00381915432133833 1.0 1.0069578194336108 1.0069578194336108 -0.0017911853559551272
59770.77112119629 3.0575 0.019500000000000073 1.0068518263049748 0.0038231058013472696 1.0 1.0069576602163517 1.0069576602163517 -0.00010583391137686249
59770.77113713971 3.0575 0.019500000000000073 1.0084489392583476 0.003826087609442316 1.0 1.0069575009990923 1.0069575009990923 0.00149143825925524
59770.77115308313 3.0575 0.019500000000000073 1.010509970223356 0.0038305378972831924 1.0 1.0069573417818332 1.0069573417818332 0.0035526284415228204
59770.77116902655 3.0575 0.019500000000000073 1.008647256143877 0.0038249929525974954 1.0 1.006957182564574 1.006957182564574 0.0016900735793030641
59770.77118496997 3.0575 0.019500000000000073 1.0106574961107193 0.0038326015422468934 1.0 1.0069570233473149 1.0069570233473149 0.003700472763404461
59770.77120091339 3.0575 0.019500000000000073 1.0032692141153174 0.0038162838350025165 1.0 1.0069568641300557 1.0069568641300557 -0.003687650014738253
59770.7712168568 3.0575 0.019500000000000073 1.0042102701699194 0.0038222977328540913 1.0 1.0069567049128691 1.0069567049128691 -0.002746434742949777
59770.77123280023 3.0575 0.019500000000000073 1.0149276518030812 0.0038400149608928034 1.0 1.0069565456955374 1.0069565456955374 0.007971106107543813
59770.77124874365 3.0575 0.019500000000000073 1.0019732069324738 0.0038186066054776502 1.0 1.0069563864782782 1.0069563864782782 -0.004983179545804406
59770.77126468707 3.0575 0.019500000000000073 1.004684240065123 0.00382213750756346 1.0 1.006956227261019 1.006956227261019 -0.0022719871958960525
59770.771280630484 3.0575 0.019500000000000073 1.010907831366538 0.003834978247348014 1.0 1.0069560680438325 1.0069560680438325 0.003951763322705526
59770.77129657391 3.0575 0.019500000000000073 1.0056816354556068 0.0038217991551493776 1.0 1.0069559088265005 1.0069559088265005 -0.001274273370893697
59770.771312517325 3.0575 0.019500000000000073 1.0076874297228555 0.003829135297721898 1.0 1.0069557496093142 1.0069557496093142 0.0007316801135412998
59770.77132846075 3.0575 0.019500000000000073 1.0180770984702483 0.00384026769774866 1.0 1.0069555903919822 1.0069555903919822 0.011121508078266062
59770.771344404166 3.0575 0.019500000000000073 1.0072925460065953 0.0038247779312505933 1.0 1.0069554311747957 1.0069554311747957 0.0003371148317996564
59770.77136034759 3.0575 0.019500000000000073 1.000542964788125 0.0038203167926723304 1.0 1.006955271957464 1.006955271957464 -0.006412307169338938
59770.771376291006 3.0575 0.019500000000000073 1.000617049628886 0.003816267495993499 1.0 1.0069551127402774 1.0069551127402774 -0.006338063111391401
59770.77139223443 3.0575 0.019500000000000073 1.008328819798478 0.0038270427777518257 1.0 1.0069549535230182 1.0069549535230182 0.0013738662754598785
59770.77140817785 3.0575 0.019500000000000073 1.0080073474844429 0.0038289299810759635 1.0 1.006954794305759 1.006954794305759 0.0010525531786838016
59770.77142412127 3.0575 0.019500000000000073 1.0135104350650979 0.003835873633537067 1.0 1.0069546350885 1.0069546350885 0.0065557999765979424
59770.771440064695 3.0575 0.019500000000000073 1.005560513738319 0.003821334572470892 1.0 1.0069544758711682 1.0069544758711682 -0.001393962132849147
59770.77145600811 3.0575 0.019500000000000073 1.0060366965873018 0.0038275033081294914 1.0 1.0069543166539816 1.0069543166539816 -0.0009176200666798362
59770.771471951535 3.0575 0.019500000000000073 1.004569793720986 0.003820666839860336 1.0 1.0069541574366496 1.0069541574366496 -0.002384363715663529
59770.77148789495 3.0575 0.019500000000000073 1.0059649296194884 0.0038211907955740016 1.0 1.0069539982194633 1.0069539982194633 -0.0009890685999749405
59770.77150383837 3.0575 0.019500000000000073 1.003341859626492 0.003819390515145935 1.0 1.0069538390022041 1.0069538390022041 -0.0036119793757121155
59770.77151978179 3.0575 0.019500000000000073 1.0053786462833774 0.003820419914190254 1.0 1.0069536797849448 1.0069536797849448 -0.0015750335015674022
59770.77153572522 3.0575 0.019500000000000073 0.999448875690725 0.003811990360885968 1.0 1.006953520567613 1.006953520567613 -0.007504644876887956
59770.77155166863 3.0575 0.019500000000000073 1.0072879754723962 0.003826797545699025 1.0 1.0069533613504265 1.0069533613504265 0.00033461412196977847
59770.77156761205 3.0575 0.019500000000000073 1.0039235609818484 0.0038185668520032846 1.0 1.0069532021331673 1.0069532021331673 -0.0030296411513188737
59770.77158355547 3.0575 0.019500000000000073 0.9975121580877734 0.003805735990275281 1.0 1.0069530429159081 1.0069530429159081 -0.009440884828134766
59770.77159949889 3.0575 0.019500000000000073 1.0067363322364 0.0038277528044593063 1.0 1.006952883698649 1.006952883698649 -0.0002165514622489706
59770.77161544231 3.0575 0.019500000000000073 1.0079526710955635 0.003827722719523522 1.0 1.0069527244813898 1.0069527244813898 0.0009999466141736857
59770.77163138573 3.0575 0.019500000000000073 1.0091463438949635 0.0038287024282672804 1.0 1.0069525652641307 1.0069525652641307 0.00219377863083281
59770.77164732915 3.0575 0.019500000000000073 1.0075368161840348 0.0038302614902253522 1.0 1.0069524060468715 1.0069524060468715 0.0005844101371632604
59770.77166327257 3.0575 0.019500000000000073 1.015277705073997 0.00383840252851267 1.0 1.0069522468296124 1.0069522468296124 0.008325458244384576
59770.771679215984 3.0575 0.019500000000000073 1.0051166039881203 0.00382261815825636 1.0 1.0069520876124258 1.0069520876124258 -0.0018354836243055228
59770.77169515941 3.0575 0.019500000000000073 1.0095771128265068 0.0038298580346031027 1.0 1.0069519283950938 1.0069519283950938 0.002625184431412908
59770.771711102825 3.0575 0.019500000000000073 1.0039434442005213 0.0038223970408313556 1.0 1.0069517691779075 1.0069517691779075 -0.003008324977386234
