eureka_custom_plots/data/stage5_lcfit_results/S5_wasp39b_ap4_bg8_Table_Save_ch20.txt
# %ECSV 1.0
# ---
# datatype:
# - {name: time, datatype: float64}
# - {name: wavelength, datatype: float64}
# - {name: bin_width, datatype: float64}
# - {name: lcdata, datatype: float64}
# - {name: lcerr, datatype: float64}
# - {name: transit, datatype: float64}
# - {name: polynom, datatype: float64}
# - {name: model, datatype: float64}
# - {name: residuals, datatype: float64}
# schema: astropy-2.0
time wavelength bin_width lcdata lcerr transit polynom model residuals
[from data line 9787]
59770.80005850334 3.786 0.019000000000000128 0.9863008757545797 0.006086969423605335 0.9791253437422544 1.0063480767041744 0.9853409065273313 0.0009599692272483917
59770.800074446764 3.786 0.019000000000000128 0.9933056382206179 0.006103195690547787 0.979123586997018 1.0063480077099178 0.9853390710762374 0.007966567144380488
59770.80009039018 3.786 0.019000000000000128 0.9965436402153809 0.006092652359122952 0.9791218325884113 1.0063479387157246 0.9853372379769105 0.011206402238470359
59770.800106333605 3.786 0.019000000000000128 0.9913719978497161 0.006105237721909636 0.9791200805080778 1.0063478697214683 0.9853354072208166 0.006036590628899496
59770.80012227702 3.786 0.019000000000000128 0.9940550604422032 0.006095291314467436 0.9791183307541697 1.0063478007272748 0.9853335788062191 0.008721481635984074
59770.80013822044 3.786 0.019000000000000128 0.9858897697162562 0.0060800415294602105 0.9791165833191885 1.00634773173305 0.9853317527254792 0.000558016990776955
59770.80015416386 3.786 0.019000000000000128 0.9843619350658263 0.006079659724791768 0.9791148381988444 1.006347662738825 0.9853299289743099 -0.0009679939084836775
59770.800170107286 3.786 0.019000000000000128 0.9926522324677804 0.0060941310661387915 0.9791130953874043 1.0063475937445687 0.9853281075469107 0.007324124920869757
59770.8001860507 3.786 0.019000000000000128 0.9885545595587912 0.006085943835995105 0.979111354882226 1.0063475247503753 0.9853262884407143 0.0032282711180768864
59770.80020199412 3.786 0.019000000000000128 0.9866015639377173 0.006079023445792412 0.9791096166759029 1.0063474557561505 0.9853244716481746 0.0012770922895426473
59770.80021793754 3.786 0.019000000000000128 0.9938166244584214 0.00608653037150464 0.9791078807642719 1.0063473867619257 0.9853226571651321 0.008493967293289328
59770.80023388096 3.786 0.019000000000000128 0.9966486133391385 0.0060988174016354596 0.9791061471423831 1.0063473177677007 0.9853208449866049 0.011327768352533574
59770.80024982438 3.786 0.019000000000000128 0.9824850587878399 0.006073705149782322 0.9791044158052563 1.006347248773476 0.9853190351075811 -0.0028339763197412493
59770.80026576779 3.786 0.019000000000000128 0.987164851521777 0.006076780048666687 0.9791026867488806 1.0063471797792825 0.9853172275240542 0.0018476239977228692
59770.80028171122 3.786 0.019000000000000128 0.9740493648890945 0.00605939544033509 0.9791009599659155 1.0063471107850261 0.9853154222285446 -0.011266057339450075
59770.800297654634 3.786 0.019000000000000128 0.9837445115466532 0.006070569009841037 0.9790992354546845 1.006347041790833 0.9853136192194879 -0.0015691076728346909
59770.800313598054 3.786 0.019000000000000128 0.9843804305943435 0.006063053963504957 0.9790975132079388 1.006346972796608 0.985311818489496 -0.0009313878951524579
59770.800329541475 3.786 0.019000000000000128 0.975785040612765 0.006053384699875454 0.9790957932215926 1.0063469038023831 0.985310020034488 -0.009524979421722923
59770.800345484895 3.786 0.019000000000000128 0.9890639669427301 0.0060839188941700035 0.9790940754909296 1.0063468348081581 0.9853082238497168 0.0037557430930132973
59770.800361428315 3.786 0.019000000000000128 0.9829371011578277 0.0060782039220160676 0.9790923600111031 1.0063467658139333 0.9853064299303049 -0.002369328772477197
59770.800377371736 3.786 0.019000000000000128 0.9927514078609373 0.006101158130060912 0.9790906467773345 1.0063466968197086 0.9853046382714425 0.0074467695894947505
59770.800393315156 3.786 0.019000000000000128 0.9830583457928647 0.006081550641336709 0.9790889357848634 1.0063466278254836 0.9853028488683387 -0.0022445030754740802
59770.800409258576 3.786 0.019000000000000128 0.9881524006344081 0.006090685374637145 0.9790872270288989 1.0063465588312588 0.9853010617161719 0.0028513389182361903
59770.80042520199 3.786 0.019000000000000128 0.9853612612268903 0.006063740196663247 0.9790855205056058 1.0063464898370653 0.9852992768111124 6.19844157778715e-05
59770.80044114542 3.786 0.019000000000000128 0.9846813824038194 0.006073570409458518 0.9790838162078612 1.006346420842809 0.9852974941458997 -0.0006161117420803164
59770.80045708884 3.786 0.019000000000000128 0.9741944852772955 0.0060445299140602935 0.9790821141333453 1.0063463518485842 0.9852957137182913 -0.011101228440995814
59770.80047303226 3.786 0.019000000000000128 0.9842772408647285 0.006073936011460522 0.9790804142765996 1.0063462828543592 0.9852939355227621 -0.0010166946580336678
59770.80048897567 3.786 0.019000000000000128 0.9905111111312848 0.006092562838079564 0.9790787166337083 1.006346213860166 0.9852921595554026 0.005218951575882147
59770.8005049191 3.786 0.019000000000000128 0.9730633862857923 0.006036176920248692 0.9790770211977805 1.0063461448659095 0.9852903858091847 -0.012226999523392457
59770.80052086251 3.786 0.019000000000000128 0.9902593743675971 0.006098017079110523 0.9790753279672885 1.0063460758717162 0.9852886142826943 0.0049707600849028255
59770.80053680594 3.786 0.019000000000000128 0.98304839879292 0.006075308365832643 0.9790736369345 1.00634600687746 0.985286844968026 -0.002238446175105935
59770.80055274935 3.786 0.019000000000000128 0.9834084257180182 0.006080506406093314 0.9790719480979628 1.0063459378832664 0.9852850778638411 -0.001876652145822888
59770.80056869278 3.786 0.019000000000000128 0.9842108912086504 0.006073981000549526 0.979070261449987 1.0063458688890101 0.9852833129622774 -0.0010724217536270952
59770.80058463619 3.786 0.019000000000000128 0.975886614213524 0.006056455149459797 0.9790685769890988 1.0063457998948167 0.9852815502619745 -0.009394936048450542
59770.80060057961 3.786 0.019000000000000128 0.993813227297213 0.006098221124250447 0.9790668947085254 1.0063457309005919 0.9852797897560238 0.008533437541189182
59770.80061652303 3.786 0.019000000000000128 0.9798727762071271 0.006067291614058861 0.9790652146044855 1.0063456619063669 0.9852780314406501 -0.005405255233522976
59770.800632466446 3.786 0.019000000000000128 0.9819791358834139 0.006060985062737107 0.9790635366732584 1.0063455929121736 0.9852762753121399 -0.0032971394287260036
59770.80064840987 3.786 0.019000000000000128 0.980323611397595 0.006070734039119358 0.9790618609080374 1.0063455239179173 0.98527452136355 -0.0049509099659549305
59770.800664353286 3.786 0.019000000000000128 0.9894598106142795 0.006090969441901489 0.9790601873074131 1.0063454549237238 0.9852727695935849 0.00418704102069456
59770.800680296714 3.786 0.019000000000000128 0.9884595895809083 0.006082739868508136 0.9790585158639385 1.0063453859294675 0.985271019994627 0.0031885695862813312
59770.80069624013 3.786 0.019000000000000128 0.9867093671918482 0.006084190972718031 0.9790568465762296 1.006345316935274 0.9852692725654058 0.0014400946264424563
59770.800712183554 3.786 0.019000000000000128 0.980914700279758 0.006064718114317342 0.9790551794367832 1.0063452479410178 0.9852675272982473 -0.004352827018489269
59770.80072812697 3.786 0.019000000000000128 0.986470132902028 0.00608314120319714 0.9790535144442882 1.0063451789468245 0.9852657841919547 0.0012043487100733552
59770.800744070395 3.786 0.019000000000000128 0.9827703384620333 0.006072191569170403 0.9790518515912829 1.006345109952568 0.9852640432388949 -0.002493704776861616
59770.80076001381 3.786 0.019000000000000128 0.9893360912249156 0.006073475082556148 0.9790501908764317 1.0063450409583747 0.9852623044378473 0.004073786787068268
59770.80077595723 3.786 0.019000000000000128 0.9860246421021174 0.006076061634282695 0.9790485322931763 1.0063449719641497 0.9852605677821185 0.0007640743199989197
59770.80079190065 3.786 0.019000000000000128 0.9827371406067685 0.0060816781196422 0.9790468758379048 1.006344902969925 0.9852588332681045 -0.0025216926613359503
59770.80080784407 3.786 0.019000000000000128 0.9826725260807964 0.006066606825457446 0.9790452215063005 1.0063448339757002 0.9852571008914606 -0.0025845748106642086
59770.80082378749 3.786 0.019000000000000128 0.9807025904528933 0.0060548968170701335 0.9790435692940627 1.0063447649814752 0.9852553706478581 -0.004552780194964745
59770.80083973091 3.786 0.019000000000000128 0.987198250582458 0.006103687626203006 0.9790419191968585 1.0063446959872504 0.9852536425329367 0.0019446080495213458
59770.80085567433 3.786 0.019000000000000128 0.9880003467727622 0.006082794338157023 0.9790402712105135 1.0063446269930254 0.9852519165424947 0.0027484302302674957
59770.80087161775 3.786 0.019000000000000128 0.9868398870789278 0.006068019526338231 0.9790386253307266 1.0063445579988006 0.9852501926722035 0.0015896944067242957
59770.80088756116 3.786 0.019000000000000128 0.983045104372343 0.0060712632551522755 0.9790369815540187 1.0063444890046072 0.985248470918592 -0.002203366546248975
59770.80090350459 3.786 0.019000000000000128 0.9868212652533195 0.00608076043304739 0.9790353398738866 1.0063444200103508 0.9852467512750231 0.0015745139782963324
59770.80091944801 3.786 0.019000000000000128 0.98087726640829 0.006068912323539949 0.9790337002884022 1.006344351016126 0.9852450337396486 -0.004367767331358574
59770.80093539143 3.786 0.019000000000000128 0.9827630275367314 0.006073883087874737 0.9790320627925655 1.006344282021901 0.9852433183074051 -0.0024802907706736876
59770.800951334844 3.786 0.019000000000000128 0.9794824182811618 0.00605003091539567 0.9790304273830495 1.0063442130277078 0.9852416049749754 -0.005759186693813589
59770.800967278265 3.786 0.019000000000000128 0.9903690024952468 0.006094485355658004 0.9790287940541309 1.0063441440334828 0.9852398937365373 0.005129108758709533
59770.800983221685 3.786 0.019000000000000128 0.9846064972578384 0.006072022721866145 0.9790271628024185 1.006344075039258 0.9852381845887089 -0.0006316873308704896
59770.800999165105 3.786 0.019000000000000128 0.9805562132040742 0.006054799634153502 0.9790255336237798 1.0063440060450333 0.9852364775273309 -0.004680264323256744
59770.801015108525 3.786 0.019000000000000128 0.9871124444802972 0.006084038751039139 0.9790239065140491 1.0063439370508083 0.9852347725482107 0.0018776719320865443
59770.801031051946 3.786 0.019000000000000128 0.974873854820598 0.0060556112607012234 0.9790222814692173 1.0063438680565835 0.9852330696473134 -0.010359214826715424
59770.801046995366 3.786 0.019000000000000128 0.9752574651600183 0.006042660877479626 0.979020658485148 1.0063437990623585 0.9852313688204757 -0.009973903660457362
59770.80106293878 3.786 0.019000000000000128 0.9887388008903494 0.006082160941713058 0.9790190375585162 1.0063437300681652 0.9852296700643823 0.003509130825967044
59770.80107888221 3.786 0.019000000000000128 0.9835131707655965 0.006085828126022705 0.9790174186830138 1.006343661073909 0.985227973372592 -0.0017148026069955247
59770.80109482562 3.786 0.019000000000000128 0.9829681424930442 0.006080848908273812 0.9790158018575439 1.0063435920797155 0.9852262787441237 -0.002258136251079512
59770.80111076905 3.786 0.019000000000000128 0.9942375643880575 0.006098413583171124 0.9790141870751767 1.0063435230854592 0.9852245861718801 0.009012978216177414
59770.80112671246 3.786 0.019000000000000128 0.97464765275517 0.00604865909671302 0.9790125743348365 1.0063434540912657 0.9852228956549013 -0.01057524289973133
59770.80114265589 3.786 0.019000000000000128 0.982603160073762 0.006075840746620692 0.9790109636295354 1.0063433850970094 0.9852212071860318 -0.0026180471122697613
59770.8011585993 3.786 0.019000000000000128 0.9962764855972969 0.006099489653385118 0.9790093549582657 1.006343316102816 0.9852195207643799 0.01105696483291696
59770.80117454272 3.786 0.019000000000000128 0.985027975929481 0.006087960341142916 0.9790077483147712 1.0063432471085911 0.9852178363835572 -0.00018986045407620722
59770.80119048614 3.786 0.019000000000000128 0.9850791167657296 0.006077957050830516 0.9790061436959286 1.0063431781143664 0.9852161540404508 -0.00013703727472125227
59770.80120642957 3.786 0.019000000000000128 0.9858246221352899 0.006068274523383363 0.9790045410970032 1.00634310912011 0.9852144737302647 0.0006101484050251571
59770.80122237298 3.786 0.019000000000000128 0.9884683720013935 0.0060875460125680665 0.9790029405162843 1.0063430401259166 0.9852127954513694 0.003255576550024064
59770.8012383164 3.786 0.019000000000000128 0.9789461961863147 0.006070460285193634 0.979001341947629 1.0063429711316918 0.9852111191974904 -0.006264923011175649
59770.80125425982 3.786 0.019000000000000128 0.9873190423917758 0.006081119554534246 0.9789997453878722 1.0063429021374668 0.9852094449654724 0.0021095974263034556
59770.80127020324 3.786 0.019000000000000128 0.9792576895973544 0.00606837037301638 0.9789981508330748 1.006342833143242 0.9852077727513515 -0.005950083153997143
59770.80128614666 3.786 0.019000000000000128 0.9841862834901464 0.006079890433729683 0.9789965582794499 1.006342764149017 0.9852061025513158 -0.0010198190611694358
59770.801302090076 3.786 0.019000000000000128 0.9863022266310892 0.006074303241429103 0.9789949677238209 1.0063426951548238 0.9852044343621996 0.0010977922688896191
59770.801318033504 3.786 0.019000000000000128 0.9924717574551372 0.006083984353404326 0.978993379160129 1.0063426261605675 0.9852027681778124 0.007268989277324778
59770.80133397692 3.786 0.019000000000000128 0.9847054001144311 0.00608085073983214 0.9789917925874745 1.006342557166374 0.9852011039973715 -0.0004957038829404015
59770.80134992034 3.786 0.019000000000000128 0.9738562042421817 0.006045281773653065 0.9789902079997821 1.0063424881721492 0.9851994418146706 -0.011343237572488896
59770.80136586376 3.786 0.019000000000000128 0.9886097141092873 0.006077920222264649 0.978988625394065 1.0063424191779242 0.9851977816267339 0.003411932482553448
59770.801381807185 3.786 0.019000000000000128 0.9948316630270382 0.006102307098154481 0.9789870447657468 1.006342350183668 0.9851961234289254 0.009635539598112808
59770.8013977506 3.786 0.019000000000000128 0.9834804179739196 0.006086349480867444 0.9789854661132326 1.0063422811894744 0.9851944672197314 -0.001714049245811755
59770.80141369402 3.786 0.019000000000000128 0.9834893443241247 0.006080778259980558 0.9789838894305559 1.0063422121952497 0.9851928129930554 -0.0017034686689306744
59770.80142963744 3.786 0.019000000000000128 0.9914902090202148 0.006095660469562729 0.9789823147146866 1.0063421432010249 0.9851911607458779 0.006299048274336916
59770.80144558086 3.786 0.019000000000000128 0.9900173933304869 0.006092101857079838 0.9789807419618306 1.0063420742067999 0.9851895104743805 0.004827882856106358
59770.80146152428 3.786 0.019000000000000128 0.9767088741054698 0.006053410619250953 0.9789791711683429 1.006342005212575 0.985187862174895 -0.008478988069425153
59770.8014774677 3.786 0.019000000000000128 0.9858107090607602 0.006077441893031952 0.9789776023304554 1.00634193621835 0.9851862158436284 0.0006244932171317608
59770.80149341112 3.786 0.019000000000000128 0.9970919654476122 0.006108683648287944 0.9789760354444573 1.0063418672241253 0.9851845714768467 0.011907393970765567
59770.80150935454 3.786 0.019000000000000128 0.9809987669564119 0.006076369063723279 0.9789744705066505 1.0063417982299006 0.9851829290708275 -0.004184162114415635
59770.80152529795 3.786 0.019000000000000128 0.9803646685164771 0.006072289108071227 0.9789729075140274 1.006341729235707 0.9851812886225743 -0.00481662010609718
59770.80154124138 3.786 0.019000000000000128 0.9860961839261105 0.006091071699380408 0.9789713464608369 1.0063416602414508 0.9851796501262071 0.0009165337999034184
59770.80155718479 3.786 0.019000000000000128 0.9835504882846318 0.006080719820896635 0.9789697873462619 1.0063415912472573 0.9851780135810263 -0.0016275252963945386
59770.80157312822 3.786 0.019000000000000128 0.985877393239727 0.00607737388858344 0.9789682301637685 1.006341522253001 0.9851763789803331 0.0007010142593939506
59770.801589071634 3.786 0.019000000000000128 0.9884677216438578 0.0060792209129838645 0.9789666749126025 1.0063414532588075 0.985174746323491 0.0032929753203667644
