eureka_custom_plots/data/stage5_lcfit_results/S5_wasp39b_ap4_bg8_Table_Save_ch39.txt
# %ECSV 1.0
# ---
# datatype:
# - {name: time, datatype: float64}
# - {name: wavelength, datatype: float64}
# - {name: bin_width, datatype: float64}
# - {name: lcdata, datatype: float64}
# - {name: lcerr, datatype: float64}
# - {name: transit, datatype: float64}
# - {name: polynom, datatype: float64}
# - {name: model, datatype: float64}
# - {name: residuals, datatype: float64}
# schema: astropy-2.0
time wavelength bin_width lcdata lcerr transit polynom model residuals
[from data line 14514]
59770.875423047066 4.514 0.019000000000000128 0.9871386559713047 0.007881366343389932 0.9787447697127324 1.0062945105530345 0.9849054889944165 0.0022331669768881346
59770.87543899049 4.514 0.019000000000000128 0.9950810115216482 0.007923549001799845 0.9787469903718504 1.00629446301795 0.9849076771066759 0.010173334414972257
59770.87545493391 4.514 0.019000000000000128 0.9809340897910369 0.007880285275143757 0.9787492162161153 1.0062944154829088 0.9849098704365509 -0.00397578064551396
59770.87547087732 4.514 0.019000000000000128 0.9982404165080417 0.007916404375178085 0.9787514472752532 1.0062943679478673 0.9849120690139113 0.013328347494130477
59770.87548682075 4.514 0.019000000000000128 0.9882983213772047 0.00790129822873705 0.9787536835791484 1.0062943204127828 0.984914272868787 0.0033840485084177807
59770.87550276417 4.514 0.019000000000000128 0.9896438733993632 0.007895336782368529 0.9787559251530448 1.0062942728777198 0.9849164820266431 0.004727391372720158
59770.87551870759 4.514 0.019000000000000128 0.9741737533947878 0.007848469102187271 0.9787581720266021 1.0062942253426568 0.9849186965173043 -0.010744943122516504
59770.875534651 4.514 0.019000000000000128 0.9878292022970987 0.007882125713250027 0.9787604242277573 1.0062941778076153 0.9849209163689039 0.0029082859281948092
59770.87555059442 4.514 0.019000000000000128 0.9685195177119111 0.007848515494118394 0.9787626817879354 1.0062941302725523 0.9849231416130213 -0.016403623901110165
59770.87556653784 4.514 0.019000000000000128 0.9827207035248149 0.007889243788093065 0.9787649447358067 1.0062940827374895 0.9849253722785282 -0.002204668753713279
59770.87558248126 4.514 0.019000000000000128 0.9752957099826876 0.007865820962103415 0.978767213101459 1.0062940352024266 0.9849276083957005 -0.00963189841301293
59770.87559842468 4.514 0.019000000000000128 0.9836386846411284 0.007883637736387273 0.9787694869153666 1.0062939876673636 0.9849298499952036 -0.0012911653540752521
59770.8756143681 4.514 0.019000000000000128 0.983713247728564 0.00788089098907474 0.9787717662084647 1.0062939401323006 0.9849320971081669 -0.0012188493796028155
59770.875630311515 4.514 0.019000000000000128 0.9876269473933399 0.007882553268562777 0.9787740510108353 1.006293892597259 0.9849343497648817 0.002692597628458193
59770.875646254935 4.514 0.019000000000000128 0.9867283340344457 0.007903869380990877 0.9787763413563445 1.006293845062196 0.9849366079993845 0.0017917260350611697
59770.875662198356 4.514 0.019000000000000128 0.967926796285344 0.00783740778555431 0.9787786372760449 1.006293797527133 0.9849388718429435 -0.017012075557599537
59770.875678141776 4.514 0.019000000000000128 0.9752034974933063 0.007881101438928761 0.9787809388024783 1.0062937499920703 0.984941141328305 -0.009737643834998755
59770.875694085196 4.514 0.019000000000000128 0.9898651783016125 0.007895088118946122 0.9787832459686294 1.0062937024570073 0.9849434164886598 0.004921761812952674
59770.87571002861 4.514 0.019000000000000128 0.9947562296017431 0.007909634631810433 0.9787855588068661 1.0062936549219659 0.9849456973566001 0.009810532245143055
59770.87572597204 4.514 0.019000000000000128 0.9899899009459098 0.007903412992428348 0.9787878773543058 1.0062936073868813 0.9849479839694129 0.0050419169764969185
59770.87574191545 4.514 0.019000000000000128 0.9840124958327916 0.007900016953482763 0.9787902016411059 1.0062935598518399 0.9849502763575286 -0.0009377805247370308
59770.87575785887 4.514 0.019000000000000128 1.0014281495009476 0.00790315838716983 0.9787925317052228 1.0062935123167769 0.9849525745590789 0.016475574941868687
59770.87577380229 4.514 0.019000000000000128 0.9845221278927418 0.007890451475573487 0.9787948675810199 1.0062934647817139 0.9849548786086633 -0.000432750715921415
59770.87578974571 4.514 0.019000000000000128 0.9918276516661749 0.007893934110415994 0.9787972093043816 1.0062934172466511 0.9849571885423918 0.006870463123783144
59770.87580568913 4.514 0.019000000000000128 0.9849042924197206 0.00789325538244001 0.9787995569117185 1.0062933697115881 0.9849595043969026 -5.521197718205695e-05
59770.875821632544 4.514 0.019000000000000128 0.9819458287172698 0.007860336803458814 0.9788019104388938 1.0062933221765467 0.9849618262083051 -0.003015997491035316
59770.87583757597 4.514 0.019000000000000128 0.9820923239267615 0.007889351440895215 0.9788042699266852 1.0062932746414621 0.9849641540175696 -0.0028718300908081584
59770.875853519385 4.514 0.019000000000000128 0.9896721900139219 0.007898681517792302 0.9788066354088738 1.0062932271064207 0.9849664878587734 0.004705702155148539
59770.875869462805 4.514 0.019000000000000128 0.9806622876248868 0.007887362993600608 0.9788090069272665 1.0062931795713577 0.984968827773922 -0.0043065401490351984
59770.875885406225 4.514 0.019000000000000128 0.9932195097351579 0.007924261023943975 0.9788113845201055 1.006293132036295 0.9849711738015191 0.008248335933638828
59770.875901349646 4.514 0.019000000000000128 0.9784900119030491 0.007877689485368806 0.9788137682272787 1.006293084501232 0.9849735259817022 -0.006483514078653108
59770.875917293066 4.514 0.019000000000000128 0.9898450896584396 0.007915002695820319 0.9788161580893087 1.006293036966169 0.9849758843552481 0.0048692053031915705
59770.87593323648 4.514 0.019000000000000128 0.9807243376927743 0.007868960725087405 0.9788185541462648 1.0062929894311274 0.9849782489624987 -0.004253911269724409
59770.8759491799 4.514 0.019000000000000128 0.9914749274926453 0.007881044493322734 0.9788209564422179 1.0062929418960644 0.984980619847759 0.0064943076448863435
59770.87596512333 4.514 0.019000000000000128 0.9845239664986959 0.007869182577944481 0.9788233650197251 1.00629289436098 0.9849829970538532 -0.0004590305551572804
59770.87598106674 4.514 0.019000000000000128 0.990300144587272 0.007888578342654325 0.9788257799187028 1.0062928468259384 0.9849853806210109 0.005314763966261071
59770.87599701016 4.514 0.019000000000000128 0.965658208365041 0.00783484902030291 0.9788282011865699 1.0062927992908757 0.9849877705968858 -0.019329562231844788
59770.87601295358 4.514 0.019000000000000128 0.991154405147016 0.007891994485573765 0.9788306288668326 1.0062927517558127 0.9849901670252775 0.006164238121738497
59770.87602889699 4.514 0.019000000000000128 0.9835426741128883 0.007861112747407095 0.9788330630039787 1.0062927042207712 0.9849925699509742 -0.0014498958380858573
59770.87604484042 4.514 0.019000000000000128 0.9870890838100894 0.007900885893850972 0.978835503647747 1.0062926566856867 0.9849949794239634 0.0020941043861260056
59770.876060783834 4.514 0.019000000000000128 0.9824167871192138 0.007863159452263608 0.9788379508408114 1.0062926091506452 0.984997395487271 -0.002580608368057291
59770.876076727254 4.514 0.019000000000000128 0.9762637741301532 0.007881464652204387 0.9788404046346184 1.0062925616155822 0.9849998181926032 -0.008736044062449988
59770.876092670675 4.514 0.019000000000000128 0.99577156499183 0.00790644249867691 0.9788428650769836 1.0062925140805192 0.9850022475880963 0.010769317403733658
59770.87610861409 4.514 0.019000000000000128 0.9729089384818078 0.00784936694083309 0.9788453322167047 1.006292466545478 0.9850046837228755 -0.012095745241067712
59770.876124557515 4.514 0.019000000000000128 0.9850703061344515 0.007889562385025582 0.9788478061078195 1.0062924190103935 0.9850071266512543 6.317948319711775e-05
59770.87614050093 4.514 0.019000000000000128 0.9868224100376676 0.0078934285599534 0.9788502867978481 1.006292371475352 0.9850095764211351 0.0018128336165325054
59770.87615644435 4.514 0.019000000000000128 0.9801085157992829 0.007871360661486573 0.9788527743428495 1.006292323940289 0.9850120330888653 -0.004903517289582382
59770.87617238777 4.514 0.019000000000000128 0.97162791813662 0.007877482132586539 0.9788552687956459 1.006292276405226 0.9850144967076199 -0.013386578570999896
59770.87618833119 4.514 0.019000000000000128 0.9688172361102231 0.007842688267885069 0.9788577702112347 1.006292228870163 0.9850169673327411 -0.016199731222518055
59770.87620427461 4.514 0.019000000000000128 0.9892686587550449 0.007899947150506008 0.9788602786457551 1.0062921813351 0.9850194450207207 0.0042492137343241865
59770.87622021802 4.514 0.019000000000000128 0.9962293656485791 0.007896628459958926 0.9788627941553676 1.0062921338000588 0.9850219298280926 0.011207435820486555
59770.87623616144 4.514 0.019000000000000128 0.9768733249186117 0.007885049945961481 0.978865316801032 1.0062920862649958 0.9850244218161565 -0.008151096897544785
59770.87625210487 4.514 0.019000000000000128 1.00159163026822 0.007916419092752031 0.9788678466423804 1.0062920387299112 0.9850269210449191 0.01656470922330089
59770.87626804828 4.514 0.019000000000000128 0.997086705109405 0.007915199616106395 0.978870383737366 1.0062919911948698 0.9850294275727604 0.01205727753664465
59770.8762839917 4.514 0.019000000000000128 0.9844178314427441 0.007879162051994815 0.9788729281518526 1.0062919436598068 0.9850319414658941 -0.0006141100231500385
59770.876299935124 4.514 0.019000000000000128 0.9947782109009473 0.007906675092008783 0.9788754799487585 1.0062918961247438 0.9850344627876547 0.009743748113292594
59770.87631587854 4.514 0.019000000000000128 0.9908626728258259 0.007877280752919805 0.9788780391924293 1.0062918485897026 0.985036991602813 0.005825681223012857
59770.876331821964 4.514 0.019000000000000128 0.9830749466729869 0.007876489195206735 0.9788806059535337 1.006291801054618 0.9850395279824172 -0.0019645813094303355
59770.87634776538 4.514 0.019000000000000128 0.9937377145924655 0.007920635611650025 0.9788831802960866 1.0062917535195766 0.9850420719909687 0.0086956426014968
59770.876363708805 4.514 0.019000000000000128 0.9787240651006801 0.007879519696432821 0.9788857622953461 1.006291705984492 0.9850446237041137 -0.0063205586034336125
59770.87637965222 4.514 0.019000000000000128 0.9861182946508754 0.007882538608241256 0.9788883520189156 1.0062916584494506 0.9850471831899641 0.0010711114609113226
59770.87639559563 4.514 0.019000000000000128 0.9677863296920469 0.007851336852672284 0.9788909495432396 1.0062916109144093 0.9850497505254023 -0.017263420833355414
59770.87641153906 4.514 0.019000000000000128 0.9899132672804978 0.00789896223184863 0.978893554947011 1.0062915633793246 0.9850523257895725 0.004860941490925308
59770.87642748248 4.514 0.019000000000000128 0.9964444038789393 0.007922707783063218 0.978896168304923 1.0062915158442616 0.9850549090577003 0.011389494821238966
59770.8764434259 4.514 0.019000000000000128 0.9885339416571152 0.007906889974863423 0.9788987896986925 1.0062914683091988 0.9850575004119949 0.003476441245120254
59770.87645936931 4.514 0.019000000000000128 0.9747343316304488 0.008771665111855776 0.9789014192099439 1.0062914207741573 0.9850600999346134 -0.01032576830416465
59770.87647531273 4.514 0.019000000000000128 0.9940847296082838 0.007906235774476352 0.9789040569264131 1.0062913732390943 0.9850627077138009 0.009022021894482868
59770.87649125615 4.514 0.019000000000000128 0.9969206948901806 0.007915337309082938 0.9789067029347881 1.0062913257040313 0.9850653238368103 0.011855371053370312
59770.87650719957 4.514 0.019000000000000128 0.9825643701812913 0.00789300222232174 0.9789093573258039 1.0062912781689684 0.9850679483949465 -0.002503578213655211
59770.87652314299 4.514 0.019000000000000128 0.9923668653804484 0.007896919382068638 0.9789120201928858 1.0062912306339054 0.9850705814822215 0.007296283898226896
59770.876539086414 4.514 0.019000000000000128 0.9980276965343436 0.007931778164230132 0.9789146916327955 1.0062911830988424 0.9850732231960042 0.012954473338339434
59770.87655502983 4.514 0.019000000000000128 0.9936585160702847 0.007914560627865034 0.9789173717442822 1.0062911355638011 0.9850758736356854 0.008582642434599275
59770.87657097325 4.514 0.019000000000000128 1.0078450428044632 0.010230627032172616 0.9789200606333467 1.0062910880287381 0.9850785329078887 0.02276650989657447
59770.87658691667 4.514 0.019000000000000128 0.9970908048380276 0.007910842558183221 0.9789227584060454 1.0062910404936751 0.9850812011193579 0.01200960371866966
59770.87660286008 4.514 0.019000000000000128 0.98514156827394 0.0078717534044549 0.978925465172464 1.006290992958634 0.9850838783808914 5.768989304855143e-05
59770.87661880351 4.514 0.019000000000000128 0.9961526233513868 0.007912501123880223 0.9789281810520541 1.0062909454235491 0.9850865648126268 0.01106605853875997
59770.87663474692 4.514 0.019000000000000128 0.9861691684138394 0.007912471468998402 0.9789309061602414 1.006290897888508 0.9850892605307999 0.001079907883039466
59770.87665069035 4.514 0.019000000000000128 0.9816537659620223 0.00786932504900224 0.9789336406273512 1.0062908503534231 0.9850919656664696 -0.0034381997044473644
59770.87666663376 4.514 0.019000000000000128 0.9904603332576569 0.007897282857478271 0.978936384579332 1.006290802818382 0.9850946803464602 0.005365652911196728
59770.876682577175 4.514 0.019000000000000128 0.9855596834361753 0.007873990093279801 0.9789391381556175 1.0062907552833407 0.9850974047110389 0.000462278725136378
59770.8766985206 4.514 0.019000000000000128 0.9804849108773274 0.007878426152984577 0.9789419015022047 1.006290707748256 0.985100138907077 -0.004615228029749674
59770.87671446402 4.514 0.019000000000000128 0.9789647904608737 0.007875571287137659 0.9789446747658628 1.006290660213193 0.9851028830823295 -0.006138092621455815
59770.87673040744 4.514 0.019000000000000128 0.9892406819068397 0.007885135279344225 0.9789474581063561 1.00629061267813 0.985105637397543 0.0041350445092966925
59770.876746350856 4.514 0.019000000000000128 0.9841427994005492 0.007880554761293868 0.9789502516896984 1.0062905651430887 0.9851084020197955 -0.0009656026192463862
59770.876762294276 4.514 0.019000000000000128 0.9812816092556069 0.00788655173780324 0.978953055695277 1.0062905176080257 0.9851111771295588 -0.0038295678739518335
59770.876778237696 4.514 0.019000000000000128 0.9971360710755457 0.007914625999258221 0.9789558703097575 1.0062904700729627 0.9851139629146922 0.012022108160853473
59770.87679418112 4.514 0.019000000000000128 0.9803783603438666 0.007880889953769735 0.978958695733332 1.0062904225378997 0.9851167595766459 -0.0047383992327793
59770.87681012454 4.514 0.019000000000000128 0.9747163469120687 0.007857495145333357 0.9789615321802094 1.0062903750028367 0.9851195673309745 -0.010403220418905845
59770.87682606796 4.514 0.019000000000000128 0.9905293985023834 0.007909864468970844 0.9789643798806926 1.0062903274677737 0.9851223864094282 0.005407012092955243
59770.87684201137 4.514 0.019000000000000128 0.9788307693338499 0.00786294690848591 0.9789672390824399 1.0062902799327325 0.9851252170612427 -0.006294447727392738
59770.87685795479 4.514 0.019000000000000128 0.9828872112698074 0.00787583341529907 0.9789701100590245 1.0062902323976695 0.9851280595616678 -0.002240848291860442
59770.87687389821 4.514 0.019000000000000128 0.9951610139067838 0.007900937340979275 0.9789729931062131 1.0062901848626065 0.9851309142083503 0.010030099698433492
59770.87688984163 4.514 0.019000000000000128 0.9863878649872543 0.007891444493215775 0.9789758885528991 1.0062901373275435 0.9851337813322507 0.0012540836550035683
59770.87690578505 4.514 0.019000000000000128 0.9809086373812974 0.0078852556711656 0.9789787967670149 1.0062900897924805 0.985136661303614 -0.004228023922316582
59770.876921728464 4.514 0.019000000000000128 0.9885012742201049 0.007893422026100619 0.9789817181653491 1.0062900422574392 0.9851395545418696 0.0033617196782352865
59770.87693767189 4.514 0.019000000000000128 0.9830087899770413 0.007862826315070525 0.9789846532357026 1.0062899947223545 0.9851424615378213 -0.002133671560779926
59770.876953615305 4.514 0.019000000000000128 0.9817871194290629 0.007885658015540767 0.9789876025466544 1.0062899471873132 0.9851453828637072 -0.003358263434644293
59770.87696955873 4.514 0.019000000000000128 0.9829239966827884 0.007908411040928983 0.9789905668096293 1.0062898996522285 0.9851483192353401 -0.002224322552551672
