eureka_custom_plots/data/stage5_lcfit_results/S5_wasp39b_ap4_bg8_Table_Save_ch46.txt
# %ECSV 1.0
# ---
# datatype:
# - {name: time, datatype: float64}
# - {name: wavelength, datatype: float64}
# - {name: bin_width, datatype: float64}
# - {name: lcdata, datatype: float64}
# - {name: lcerr, datatype: float64}
# - {name: transit, datatype: float64}
# - {name: polynom, datatype: float64}
# - {name: model, datatype: float64}
# - {name: residuals, datatype: float64}
# schema: astropy-2.0
time wavelength bin_width lcdata lcerr transit polynom model residuals
[from data line 9418]
59770.794175381445 4.7825 0.01949999999999985 0.9813664734438424 0.009643537204240084 0.9786321755866868 1.0066243415749028 0.9851149693939633 -0.0037484959501208337
59770.79419132486 4.7825 0.01949999999999985 0.9971463703204035 0.009680090347534087 0.9786268004785282 1.006624264609671 0.9851094833590137 0.012036886961389826
59770.794207268285 4.7825 0.01949999999999985 0.994057900190128 0.00973847563322071 0.9786216749312155 1.006624187644369 0.9851042485388065 0.008953651651321448
59770.794223211706 4.7825 0.01949999999999985 0.9851606281250952 0.009644235800312297 0.9786168194327182 1.006624110679102 0.9850992855570714 6.134256802381444e-05
59770.794239155126 4.7825 0.01949999999999985 0.9915775726201416 0.009639825597299966 0.9786122604313416 1.006624033713835 0.9850946210372111 0.006482951582930441
59770.79425509854 4.7825 0.01949999999999985 1.0021641854897916 0.009679043094474392 0.9786080340309683 1.0066239567486033 0.9850902913222251 0.01707389416756644
59770.79427104197 4.7825 0.01949999999999985 1.0062276997090376 0.0096749445175082 0.9786041939831571 1.0066238797833011 0.9850863505195359 0.021141349189501724
59770.79428698538 4.7825 0.01949999999999985 0.9981046680690853 0.009681035032372677 0.978600834428353 1.0066238028180694 0.9850828933932045 0.013021774675880726
59770.79430292881 4.7825 0.01949999999999985 0.9967382230194133 0.009696782153800638 0.9785982451162871 1.0066237258527673 0.9850802116119366 0.011658011407476687
59770.79431887222 4.7825 0.01949999999999985 0.9734132424277143 0.00956978231858643 0.978596449873798 1.0066236488875355 0.9850783291603508 -0.011665086732636443
59770.79433481565 4.7825 0.01949999999999985 0.9935496203710177 0.009661814689501046 0.9785946629263919 1.0066235719222336 0.9850764550589988 0.008473165312018915
59770.79435075906 4.7825 0.01949999999999985 0.9744031945655068 0.010740126649998209 0.9785928828867586 1.0066234949570017 0.9850745879115168 -0.010671393346009972
59770.79436670248 4.7825 0.01949999999999985 0.987587995267199 0.009676679732220967 0.9785911091545256 1.0066234179917348 0.9850727271134515 0.002515268153747474
59770.7943826459 4.7825 0.01949999999999985 0.9975366985284116 0.009671103070520957 0.9785893413401918 1.0066233410264678 0.9850708722727544 0.012465826255657286
59770.79439858932 4.7825 0.01949999999999985 0.9744809840341752 0.009561041717585003 0.9785875791531774 1.006623264061201 0.9850690230969202 -0.01058803906274508
59770.79441453274 4.7825 0.01949999999999985 0.9855509874696233 0.00965744262641263 0.9785858223619263 1.0066231870959341 0.9850671793528578 0.00048380811676551616
59770.79443047616 4.7825 0.01949999999999985 0.9813337032685702 0.009647989442848786 0.9785840707740615 1.006623110130667 0.9850653408469147 -0.0037316375783444933
59770.79444641958 4.7825 0.01949999999999985 0.9886225286575903 0.009663443374561488 0.9785823242247927 1.0066230331654002 0.985063507413208 0.0035590212443822322
59770.794462363 4.7825 0.01949999999999985 1.0009605121052672 0.009690146738787223 0.9785805825700732 1.0066229562001332 0.9850616789067356 0.01589883319853158
59770.794478306416 4.7825 0.01949999999999985 0.9663380996537848 0.009597867193309817 0.9785788456829124 1.0066228792349015 0.9850598551996996 -0.01872175554591482
59770.79449424984 4.7825 0.01949999999999985 0.9898301208788997 0.009678362322188971 0.9785771134458281 1.0066228022695993 0.9850580361737351 0.004772084705164548
59770.794510193264 4.7825 0.01949999999999985 0.9953380543673883 0.009683667025426827 0.9785753857567262 1.0066227253043325 0.9850562217261742 0.010281832641214073
59770.794526136684 4.7825 0.01949999999999985 0.9899279394959317 0.00965278777632689 0.9785736625190223 1.0066226483390657 0.9850544117597574 0.004873527736174332
59770.7945420801 4.7825 0.01949999999999985 0.982086268052571 0.00964991765081249 0.9785719436452986 1.0066225713738337 0.9850526061865208 -0.002966338133949753
59770.794558023525 4.7825 0.01949999999999985 0.9844466524713893 0.009636854914754472 0.9785702290511737 1.0066224944085318 0.9850508049214208 -0.0006041524500315365
59770.79457396694 4.7825 0.01949999999999985 0.9862130776033639 0.009643762329374089 0.9785685186633404 1.0066224174432998 0.9850490078908005 0.0011640697125633315
59770.794589910365 4.7825 0.01949999999999985 0.9781366762777121 0.009690852508676007 0.9785668124071318 1.006622340477998 0.985047215019361 -0.0069105387416489306
59770.79460585378 4.7825 0.01949999999999985 0.9975324597614995 0.009744323610279082 0.9785651102183219 1.0066222635127662 0.9850454262425867 0.012487033518912782
59770.794621797206 4.7825 0.01949999999999985 0.9937906448570333 0.009653765471454585 0.9785634120301722 1.006622186547464 0.9850436414931589 0.00874700336387435
59770.79463774062 4.7825 0.01949999999999985 0.9697289912236426 0.009613298708693959 0.9785617177857827 1.0066221095822323 0.9850418607139376 -0.015312869490294978
59770.79465368404 4.7825 0.01949999999999985 0.9851332729343776 0.009579570615447366 0.9785600274256699 1.0066220326169653 0.9850400838449411 9.318908943645177e-05
59770.79466962746 4.7825 0.01949999999999985 0.9757434088131974 0.009609736845790659 0.9785583408962627 1.0066219556516984 0.9850383108322773 -0.009294902019079898
59770.79468557088 4.7825 0.01949999999999985 0.9792213243262146 0.009609764120408851 0.9785566581458732 1.0066218786864314 0.9850365416239149 -0.0058152172977002925
59770.7947015143 4.7825 0.01949999999999985 0.9787215888826253 0.009681055066824047 0.9785549791249726 1.0066218017211646 0.9850347761699965 -0.00631318728737118
59770.79471745771 4.7825 0.01949999999999985 0.9841505982765286 0.009632114200632461 0.9785533037869222 1.0066217247559328 0.9850330144236079 -0.0008824161470792902
59770.79473340114 4.7825 0.01949999999999985 0.9892085298917127 0.009661342957945606 0.9785516320840789 1.0066216477906307 0.9850312563366865 0.004177273555026173
59770.79474934455 4.7825 0.01949999999999985 0.9763312059121505 0.009598113577129853 0.9785499639758702 1.006621570825399 0.985029501868528 -0.0086982959563775
59770.79476528798 4.7825 0.01949999999999985 0.9799521166834303 0.009609912828968791 0.9785482994172593 1.0066214938600968 0.9850277509736588 -0.005075634290228503
59770.794781231394 4.7825 0.01949999999999985 0.9930244903555671 0.009730862372774294 0.9785466383708781 1.006621416894865 0.9850260036146005 0.007998486740966593
59770.79479717482 4.7825 0.01949999999999985 0.9877506999939376 0.009691538862629148 0.9785449807947929 1.006621339929563 0.9850242597490029 0.002726440244934736
59770.794813118235 4.7825 0.01949999999999985 0.9798860436140918 0.009646547056375528 0.9785433266543686 1.0066212629643312 0.9850225193421386 -0.005136475728046763
59770.794829061655 4.7825 0.01949999999999985 0.9874359272632949 0.009663573688350646 0.9785416759110586 1.0066211859990644 0.9850207823551018 0.0024151449081930565
59770.794845005075 4.7825 0.01949999999999985 0.977053457079376 0.009618671660919212 0.9785400285304219 1.0066211090337973 0.985019048753257 -0.007965591673881
59770.794860948496 4.7825 0.01949999999999985 0.9768062775302994 0.009639212649997942 0.978538384478414 1.0066210320685305 0.9850173185023336 -0.00821104097203429
59770.794876891916 4.7825 0.01949999999999985 0.9850954331554742 0.009618605512866772 0.9785367437219915 1.0066209551032634 0.9850155915690684 7.984158640583772e-05
59770.794892835336 4.7825 0.01949999999999985 0.9827486816003952 0.009645229007403165 0.9785351062292436 1.0066208781379966 0.9850138679213389 -0.002265186320943746
59770.79490877876 4.7825 0.01949999999999985 0.9765511457192319 0.009629784154458315 0.9785334719690528 1.0066208011727298 0.9850121475278208 -0.008461001808588997
59770.79492472218 4.7825 0.01949999999999985 0.9869421705665892 0.009669789217958606 0.9785318409111877 1.0066207242074627 0.9850104303580814 0.0019317402085077262
59770.79494066559 4.7825 0.01949999999999985 0.9809597820945318 0.009591569902325002 0.9785302130271496 1.006620647242231 0.9850087163834675 -0.004048934288935713
59770.79495660902 4.7825 0.01949999999999985 0.9916111880401224 0.00964534223316054 0.9785285882860864 1.0066205702769289 0.9850070055728184 0.006604182467303987
59770.79497255244 4.7825 0.01949999999999985 0.9833316521825255 0.009599708120591603 0.9785269666624177 1.006620493311662 0.9850052979004872 -0.0016736457179616915
59770.79498849586 4.7825 0.01949999999999985 0.9920861631558102 0.01076005202567055 0.9785253481284155 1.006620416346395 0.9850035933385267 0.007082569817283502
59770.79500443927 4.7825 0.01949999999999985 0.985378839613553 0.009650124888536624 0.9785237326583971 1.0066203393811632 0.9850018918611183 0.0003769477524346865
59770.7950203827 4.7825 0.01949999999999985 0.9696567979611083 0.009602543009566296 0.9785221202243948 1.0066202624158613 0.9850001934400053 -0.01534339547889707
59770.79503632611 4.7825 0.01949999999999985 0.9675088277002855 0.009623144526758168 0.9785205108042451 1.0066201854506294 0.9849984980530138 -0.017489670352728304
59770.79505226954 4.7825 0.01949999999999985 0.9838378795313598 0.009648453360733982 0.9785189043705594 1.0066201084853275 0.9849968056724363 -0.0011589261410764884
59770.79506821295 4.7825 0.01949999999999985 0.9866945428517648 0.009665592126370224 0.9785173009022872 1.0066200315200955 0.984995116277219 0.0016994265745458037
59770.79508415638 4.7825 0.01949999999999985 0.962403463398987 0.00959664140027274 0.9785157003731711 1.0066199545547936 0.9849934298407935 -0.022589966441806553
59770.79510009979 4.7825 0.01949999999999985 0.9847248896884507 0.009631082827172063 0.978514102763271 1.0066198775895618 0.9849917463432238 -0.0002668566547731066
59770.79511604321 4.7825 0.01949999999999985 0.9927858323701795 0.009636221090177694 0.9785125080480146 1.0066198006242948 0.9849900657596711 0.007795766610508403
59770.79513198663 4.7825 0.01949999999999985 0.9969381070632694 0.009679055719360431 0.9785109162062284 1.006619723659028 0.9849883880688559 0.011949718994413439
59770.79514793005 4.7825 0.01949999999999985 0.9818693673869775 0.009641973784003919 0.9785093272173365 1.006619646693796 0.9849867132500993 -0.0031173458631218454
59770.795163873474 4.7825 0.01949999999999985 0.9889798581268652 0.00962630861492974 0.9785077410581348 1.006619569728494 0.9849850412799404 0.00399481684692482
59770.79517981689 4.7825 0.01949999999999985 0.9913373771464947 0.009647628136037511 0.9785061577109896 1.0066194927632623 0.9849833721407651 0.006354005005729579
59770.795195760315 4.7825 0.01949999999999985 0.9787415393563227 0.009636174223746376 0.9785045771529536 1.0066194157979602 0.9849817058093362 -0.006240166453013507
59770.79521170373 4.7825 0.01949999999999985 0.9943322600726527 0.009627766203724917 0.9785029993671976 1.0066193388327285 0.9849800422688503 0.009352217803802465
59770.795227647155 4.7825 0.01949999999999985 0.975378369386123 0.00957763377469328 0.9785014243314337 1.0066192618674263 0.9849783814967331 -0.009600012110610123
59770.79524359057 4.7825 0.01949999999999985 0.9813901279277314 0.00963681990407038 0.9784998520297175 1.0066191849021946 0.9849767234770722 -0.003586595549340821
59770.795259533996 4.7825 0.01949999999999985 0.9733786335331229 0.009630800351515634 0.9784982824405029 1.0066191079368925 0.9849750681880405 -0.011596434654917553
59770.79527547741 4.7825 0.01949999999999985 0.9819060385491121 0.009653941559315014 0.9784967155484061 1.0066190309716607 0.9849734156142893 -0.0030673770651772347
59770.79529142083 4.7825 0.01949999999999985 0.9914588534839994 0.00967837934833198 0.9784951513334336 1.006618954006394 0.984971765735589 0.006487087748410447
59770.79530736425 4.7825 0.01949999999999985 0.9871843890205905 0.009640977199624989 0.9784935897786828 1.0066188770411268 0.9849701185349587 0.0022142704856317197
59770.79532330767 4.7825 0.01949999999999985 0.9673423834304615 0.009607449831354713 0.9784920308668408 1.00661880007586 0.9849684739949707 -0.017626090564509145
59770.79533925109 4.7825 0.01949999999999985 0.9926583620164138 0.010897042896498874 0.978490474581034 1.006618723110593 0.9849668320986386 0.0076915299177752194
59770.79535519451 4.7825 0.01949999999999985 0.9777337848315443 0.009575948235357904 0.9784889209045483 1.0066186461453261 0.9849651928291375 -0.007231407997593253
59770.79537113793 4.7825 0.01949999999999985 0.9968340612389491 0.009652654454817276 0.9784873698210008 1.006618569180059 0.9849635561699752 0.011870505068973913
59770.79538708135 4.7825 0.01949999999999985 0.9933405591292317 0.009656108035635195 0.9784858213142408 1.0066184922147923 0.9849619221048938 0.008378637024337943
59770.795403024764 4.7825 0.01949999999999985 0.9984419988986022 0.009742562890845793 0.9784842753692358 1.0066184152495605 0.9849602906187948 0.013481708279807436
59770.79541896819 4.7825 0.01949999999999985 0.9787452293630718 0.00963085315056316 0.9784827319682209 1.0066183382842584 0.984958661693692 -0.006213432330620106
59770.79543491161 4.7825 0.01949999999999985 0.9932301734322792 0.009694261535986572 0.9784811910979732 1.0066182613189916 0.9849570353163777 0.008273138115901468
59770.79545085503 4.7825 0.01949999999999985 "" "" 0.9784796527427904 1.0066181843537245 0.9849554114710105 ""
59770.795466798445 4.7825 0.01949999999999985 0.9984419339763132 0.009684486613930747 0.9784781168885008 1.0066181073884928 0.9849537901433592 0.013488143832954047
59770.79548274187 4.7825 0.01949999999999985 0.9709052218415989 0.009610930710741834 0.9784765835183252 1.0066180304231906 0.9849521713164291 -0.014046949474830206
59770.795498685286 4.7825 0.01949999999999985 0.9995301044357584 0.009677380485701225 0.9784750526208117 1.006617953457959 0.9849505549788301 0.014579549456928298
59770.79551462871 4.7825 0.01949999999999985 0.9835533993124483 0.0096341127127523 0.9784735241789233 1.006617876492657 0.9849489411132742 -0.0013955418008259057
59770.795530572126 4.7825 0.01949999999999985 0.9975095235064044 0.009683227873219923 0.9784719981815004 1.006617799527425 0.9849473297086646 0.012562193797739818
59770.795546515554 4.7825 0.01949999999999985 0.9871802264044024 0.009617986018648548 0.9784704746120705 1.0066177225621231 0.9849457207482821 0.002234505656120267
59770.79556245897 4.7825 0.01949999999999985 0.991630617379982 0.009680890430350534 0.978468953459876 1.0066176455968912 0.9849441142214344 0.006686503158547685
59770.79557840238 4.7825 0.01949999999999985 0.9776386163162007 0.009649279438942346 0.9784674347101259 1.0066175686316594 0.9849425101131638 -0.007303893796963057
59770.79559434581 4.7825 0.01949999999999985 0.9901489326097946 0.009630587049803782 0.9784659183483629 1.0066174916663575 0.9849409084088481 0.0052080242009465705
59770.79561028922 4.7825 0.01949999999999985 0.988666959457581 0.009647745025881088 0.9784644043643945 1.0066174147011255 0.9849393090983635 0.003727650359217516
59770.79562623265 4.7825 0.01949999999999985 0.9935401031844189 0.010867750037154266 0.9784628927426461 1.0066173377358236 0.9849377121658951 0.00860239101852378
59770.79564217606 4.7825 0.01949999999999985 0.9732602564700885 0.009616680591795193 0.978461383473278 1.0066172607705917 0.9849361176016747 -0.01167586113158614
59770.79565811949 4.7825 0.01949999999999985 0.9927013089838612 0.009649397058963215 0.9784598765411652 1.0066171838052898 0.9849345253903392 0.007766783593522009
59770.7956740629 4.7825 0.01949999999999985 0.9858412512769648 0.009607641286066873 0.9784583719367593 1.006617106840058 0.9849329355224141 0.0009083157545506371
59770.79569000633 4.7825 0.01949999999999985 0.963423373596464 0.009565234265890276 0.97845686964528 1.0066170298747559 0.984931347982883 -0.021507974386418938
59770.79570594974 4.7825 0.01949999999999985 0.9866461202566085 0.009623306846753249 0.9784553696575424 1.0066169529095241 0.9849297627626374 0.0017163574939710324
