eureka_custom_plots/data/stage5_lcfit_results/S5_wasp39b_ap4_bg8_Table_Save_ch51.txt
# %ECSV 1.0
# ---
# datatype:
# - {name: time, datatype: float64}
# - {name: wavelength, datatype: float64}
# - {name: bin_width, datatype: float64}
# - {name: lcdata, datatype: float64}
# - {name: lcerr, datatype: float64}
# - {name: transit, datatype: float64}
# - {name: polynom, datatype: float64}
# - {name: model, datatype: float64}
# - {name: residuals, datatype: float64}
# schema: astropy-2.0
time wavelength bin_width lcdata lcerr transit polynom model residuals
[from data line 2712]
59770.68725880544 4.974 0.019000000000000128 0.9939579033940794 0.011538624005198098 1.0 1.0066533353671918 1.0066533353671918 -0.012695431973112403
59770.68727474887 4.974 0.019000000000000128 1.0077500331231235 0.011565868745011506 1.0 1.0066533057529332 1.0066533057529332 0.0010967273701902869
59770.68729069228 4.974 0.019000000000000128 0.9940379718825169 0.011547537808590705 1.0 1.0066532761387015 1.0066532761387015 -0.012615304256184623
59770.68730663571 4.974 0.019000000000000128 1.0211298707572232 0.011620415344564369 1.0 1.0066532465244429 1.0066532465244429 0.014476624232780289
59770.68732257912 4.974 0.019000000000000128 1.0079476441299833 0.011589137280915736 1.0 1.0066532169102111 1.0066532169102111 0.0012944272197721318
59770.68733852254 4.974 0.019000000000000128 1.011619871498939 0.011543506481925868 1.0 1.006653187295966 1.006653187295966 0.004966684202972971
59770.68735446597 4.974 0.019000000000000128 1.0097712255173528 0.011560317330875989 1.0 1.0066531576817073 1.0066531576817073 0.0031180678356454994
59770.68737040939 4.974 0.019000000000000128 1.017540567659606 0.011597475949239914 1.0 1.0066531280674622 1.0066531280674622 0.010887439592143888
59770.68738635281 4.974 0.019000000000000128 1.0286138251572294 0.011678280116094404 1.0 1.006653098453217 1.006653098453217 0.0219607267040125
59770.68740229622 4.974 0.019000000000000128 1.0028200575088804 0.011550428655821595 1.0 1.0066530688389854 1.0066530688389854 -0.0038330113301050517
59770.68741823965 4.974 0.019000000000000128 0.9824604638008715 0.011465462950758907 1.0 1.0066530392247266 1.0066530392247266 -0.02419257542385511
59770.68743418307 4.974 0.019000000000000128 1.009568626581509 0.011597542006928037 1.0 1.0066530096104815 1.0066530096104815 0.0029156169710273794
59770.68745012649 4.974 0.019000000000000128 1.018843726161148 0.011580724280618087 1.0 1.0066529799962365 1.0066529799962365 0.012190746164911559
59770.68746606991 4.974 0.019000000000000128 0.9886270700915615 0.01151545473709425 1.0 1.0066529503819912 1.0066529503819912 -0.01802588029042973
59770.68748201333 4.974 0.019000000000000128 "" "" 1.0 1.0066529207677462 1.0066529207677462 ""
59770.68749795675 4.974 0.019000000000000128 1.0091732052204467 0.011571668490449258 1.0 1.0066528911535009 1.0066528911535009 0.0025203140669458612
59770.68751390017 4.974 0.019000000000000128 0.9871915199652869 0.01151156290165681 1.0 1.0066528615392558 1.0066528615392558 -0.01946134157396895
59770.68752984359 4.974 0.019000000000000128 1.0222953929234644 0.01162523545073214 1.0 1.0066528319250105 1.0066528319250105 0.015642560998453847
59770.68754578701 4.974 0.019000000000000128 1.007367204365864 0.011605299271516245 1.0 1.0066528023107655 1.0066528023107655 0.0007144020550984287
59770.68756173043 4.974 0.019000000000000128 1.0184995824580938 0.011620277423839812 1.0 1.0066527726965202 1.0066527726965202 0.011846809761573596
59770.68757767385 4.974 0.019000000000000128 1.0161721712519158 0.011604136199191085 1.0 1.0066527430822751 1.0066527430822751 0.009519428169640687
59770.68759361728 4.974 0.019000000000000128 1.0012714388914088 0.011563987154502893 1.0 1.0066527134680163 1.0066527134680163 -0.005381274576607531
59770.68760956069 4.974 0.019000000000000128 1.0155808500366545 0.011576247064700668 1.0 1.0066526838537848 1.0066526838537848 0.008928166182869735
59770.68762550411 4.974 0.019000000000000128 0.9999963379008767 0.011549141812148207 1.0 1.0066526542395395 1.0066526542395395 -0.0066563163386628155
59770.687641447534 4.974 0.019000000000000128 1.0144076932185662 0.01157907772623704 1.0 1.0066526246252945 1.0066526246252945 0.007755068593271686
59770.68765739096 4.974 0.019000000000000128 1.00928981601631 0.011576057162403872 1.0 1.0066525950110357 1.0066525950110357 0.002637221005274304
59770.68767333438 4.974 0.019000000000000128 1.0047429398676864 0.011558806132813506 1.0 1.0066525653967906 1.0066525653967906 -0.0019096255291042308
59770.687689277795 4.974 0.019000000000000128 1.0130001943383318 0.011604714517510448 1.0 1.0066525357825589 1.0066525357825589 0.006347658555772906
59770.68770522122 4.974 0.019000000000000128 0.999636470411727 0.011547202854292601 1.0 1.0066525061683003 1.0066525061683003 -0.00701603575657328
59770.687721164635 4.974 0.019000000000000128 1.0248037036490218 0.01162581210826125 1.0 1.0066524765540685 1.0066524765540685 0.018151227094953315
59770.68773710806 4.974 0.019000000000000128 1.021674740982882 0.01158486883909842 1.0 1.00665244693981 1.00665244693981 0.015022294043071982
59770.68775305148 4.974 0.019000000000000128 1.01437464059851 0.01159168528504002 1.0 1.0066524173255647 1.0066524173255647 0.00772222327294525
59770.6877689949 4.974 0.019000000000000128 1.0098539415560028 0.013369745840743118 1.0 1.0066523877113196 1.0066523877113196 0.003201553844683236
59770.68778493832 4.974 0.019000000000000128 1.0003975341076745 0.01153777268413789 1.0 1.0066523580970743 1.0066523580970743 -0.006254823989399805
59770.68780088174 4.974 0.019000000000000128 1.0351445673465964 0.011656996642879888 1.0 1.0066523284828428 1.0066523284828428 0.028492238863753627
59770.687816825164 4.974 0.019000000000000128 1.0102737209288752 0.01160295789045818 1.0 1.006652298868584 1.006652298868584 0.0036214220602912572
59770.68783276859 4.974 0.019000000000000128 1.0128991820048252 0.01157097585383863 1.0 1.0066522692543254 1.0066522692543254 0.006246912750499822
59770.687848712005 4.974 0.019000000000000128 0.9993863754253269 0.011567026837584801 1.0 1.0066522396400936 1.0066522396400936 -0.007265864214766715
59770.687864655425 4.974 0.019000000000000128 1.0189177149568003 0.011616609977849647 1.0 1.0066522100258486 1.0066522100258486 0.012265504930951687
59770.687880598845 4.974 0.019000000000000128 1.0223826450667977 0.011635142993188153 1.0 1.0066521804116033 1.0066521804116033 0.015730464655194343
59770.687896542266 4.974 0.019000000000000128 1.010293359136998 0.011588577006327089 1.0 1.0066521507973583 1.0066521507973583 0.0036412083396397676
59770.68791248569 4.974 0.019000000000000128 0.9981835585749108 0.0115649805515775 1.0 1.0066521211830997 1.0066521211830997 -0.008468562608188845
59770.687928429106 4.974 0.019000000000000128 1.0016610816661657 0.011566991919327505 1.0 1.006652091568868 1.006652091568868 -0.0049910099027021815
59770.687944372534 4.974 0.019000000000000128 1.0052965045280402 0.011535557344784411 1.0 1.0066520619546093 1.0066520619546093 -0.0013555574265691206
59770.68796031595 4.974 0.019000000000000128 0.9971715465492104 0.01155471778752001 1.0 1.0066520323403776 1.0066520323403776 -0.009480485791167226
59770.68797625937 4.974 0.019000000000000128 1.0215320119619875 0.011639987227875211 1.0 1.0066520027261325 1.0066520027261325 0.014880009235854974
59770.687992202795 4.974 0.019000000000000128 1.0236382975208564 0.01160279456345331 1.0 1.0066519731118737 1.0066519731118737 0.016986324408982734
59770.68800814621 4.974 0.019000000000000128 0.9940701355611085 0.011513401110252194 1.0 1.0066519434976422 1.0066519434976422 -0.01258180793653374
59770.688024089635 4.974 0.019000000000000128 1.00984097674143 0.01161307941975124 1.0 1.0066519138833834 1.0066519138833834 0.003189062858046654
59770.68804003305 4.974 0.019000000000000128 0.9907027939812115 0.011514119699521036 1.0 1.0066518842691519 1.0066518842691519 -0.015949090287940337
59770.688055976476 4.974 0.019000000000000128 0.9955073929312245 0.01153166915500731 1.0 1.006651854654893 1.006651854654893 -0.011144461723668564
59770.688071919896 4.974 0.019000000000000128 1.0256220838507581 0.01161400921065615 1.0 1.006651825040648 1.006651825040648 0.018970258810110163
59770.68808786331 4.974 0.019000000000000128 1.009273430985461 0.011583153710037547 1.0 1.0066517954264163 1.0066517954264163 0.0026216355590447105
59770.68810380674 4.974 0.019000000000000128 1.004438155853964 0.01153896629774372 1.0 1.0066517658121577 1.0066517658121577 -0.002213609958193752
59770.68811975016 4.974 0.019000000000000128 1.0050144286796932 0.011559574074296865 1.0 1.0066517361979124 1.0066517361979124 -0.001637307518219222
59770.68813569358 4.974 0.019000000000000128 1.004003366308412 0.01153427133703236 1.0 1.0066517065836673 1.0066517065836673 -0.00264834027525529
59770.688151637 4.974 0.019000000000000128 1.0187773340296191 0.011622613260162097 1.0 1.006651676969422 1.006651676969422 0.012125657060197081
59770.68816758042 4.974 0.019000000000000128 0.9847852221971753 0.011487618400817958 1.0 1.006651647355177 1.006651647355177 -0.021866425158001634
59770.68818352384 4.974 0.019000000000000128 1.000784663461574 0.011529504788759153 1.0 1.0066516177409317 1.0066516177409317 -0.005866954279357683
59770.68819946726 4.974 0.019000000000000128 1.0093091478805405 0.011576426463914498 1.0 1.0066515881266866 1.0066515881266866 0.0026575597538538442
59770.68821541068 4.974 0.019000000000000128 1.0124157128022169 0.011552871013983487 1.0 1.0066515585124414 1.0066515585124414 0.005764154289775503
59770.68823135411 4.974 0.019000000000000128 1.008417708012298 0.011574580461013301 1.0 1.0066515288981828 1.0066515288981828 0.0017661791141152516
59770.68824729752 4.974 0.019000000000000128 1.004379171850762 0.011595759156428444 1.0 1.006651499283951 1.006651499283951 -0.0022723274331890586
59770.68826324094 4.974 0.019000000000000128 0.9877503621303075 0.01149792958620034 1.0 1.006651469669706 1.006651469669706 -0.018901107539398443
59770.68827918436 4.974 0.019000000000000128 1.0192755879453628 0.013430259000779142 1.0 1.0066514400554607 1.0066514400554607 0.012624147889902071
59770.68829512779 4.974 0.019000000000000128 1.0116477887750253 0.011544802525321913 1.0 1.006651410441202 1.006651410441202 0.004996378333823159
59770.68831107121 4.974 0.019000000000000128 1.0047564917542815 0.011566217012284174 1.0 1.0066513808269568 1.0066513808269568 -0.001894889072675321
59770.68832701462 4.974 0.019000000000000128 1.0002085330846229 0.011554887377365408 1.0 1.0066513512127253 1.0066513512127253 -0.006442818128102434
59770.68834295805 4.974 0.019000000000000128 0.9789183872776634 0.01145783839489045 1.0 1.0066513215984667 1.0066513215984667 -0.02773293432080326
59770.68835890146 4.974 0.019000000000000128 1.0045920270155342 0.011533264322193216 1.0 1.006651291984235 1.006651291984235 -0.0020592649687007913
59770.68837484489 4.974 0.019000000000000128 1.0003407921274607 0.011537428344346012 1.0 1.0066512623699764 1.0066512623699764 -0.006310470242515631
59770.68839078831 4.974 0.019000000000000128 0.991524623625816 0.011482013264571126 1.0 1.006651232755731 1.006651232755731 -0.015126609129915147
59770.68840673173 4.974 0.019000000000000128 1.0168624011677254 0.01159386247086404 1.0 1.006651203141486 1.006651203141486 0.010211198026239376
59770.68842267515 4.974 0.019000000000000128 0.993748863225904 0.011521614180552937 1.0 1.0066511735272408 1.0066511735272408 -0.012902310301336817
59770.68843861856 4.974 0.019000000000000128 1.0125003721218884 0.011603245934547755 1.0 1.006651143913009 1.006651143913009 0.005849228208879342
59770.68845456199 4.974 0.019000000000000128 0.9866060686619612 0.011484159355069815 1.0 1.0066511142987504 1.0066511142987504 -0.020045045636789216
59770.68847050541 4.974 0.019000000000000128 0.9972526781664827 0.01151256916832611 1.0 1.0066510846845054 1.0066510846845054 -0.009398406518022706
59770.68848644883 4.974 0.019000000000000128 1.0019932335169377 0.011550780183237165 1.0 1.00665105507026 1.00665105507026 -0.004657821553322394
59770.68850239225 4.974 0.019000000000000128 1.0099783147090724 0.011599405778480365 1.0 1.006651025456015 1.006651025456015 0.003327289253057364
59770.68851833567 4.974 0.019000000000000128 0.9941219375770761 0.011532612021403649 1.0 1.0066509958417698 1.0066509958417698 -0.012529058264693638
59770.68853427909 4.974 0.019000000000000128 0.9952637119808061 0.011517606306947618 1.0 1.0066509662275247 1.0066509662275247 -0.011387254246718603
59770.68855022251 4.974 0.019000000000000128 0.9852174226963927 0.011519730585827144 1.0 1.0066509366132794 1.0066509366132794 -0.02143351391688675
59770.68856616593 4.974 0.019000000000000128 0.9864101810352025 0.011498159480382266 1.0 1.0066509069990344 1.0066509069990344 -0.020240725963831863
59770.68858210936 4.974 0.019000000000000128 1.0136830037754876 0.011600484074087059 1.0 1.0066508773847755 1.0066508773847755 0.007032126390712046
59770.68859805277 4.974 0.019000000000000128 1.0060935499482737 0.011574369381207403 1.0 1.006650847770544 1.006650847770544 -0.0005572978222703195
59770.68861399619 4.974 0.019000000000000128 1.0000238099439853 0.01154895505792575 1.0 1.0066508181562988 1.0066508181562988 -0.006627008212313434
59770.68862993962 4.974 0.019000000000000128 1.024458429603036 0.01162623153363218 1.0 1.0066507885420402 1.0066507885420402 0.01780764106099575
59770.688645883034 4.974 0.019000000000000128 1.0202983296103367 0.011618094160553505 1.0 1.0066507589278084 1.0066507589278084 0.01364757068252831
59770.68866182646 4.974 0.019000000000000128 1.02034510969983 0.01158815179431312 1.0 1.0066507293135498 1.0066507293135498 0.013694380386280125
59770.688677769875 4.974 0.019000000000000128 1.0075625978521427 0.011562353651014632 1.0 1.006650699699318 1.006650699699318 0.0009118981528246639
59770.6886937133 4.974 0.019000000000000128 0.9992367450899442 0.011543896843633219 1.0 1.0066506700850595 1.0066506700850595 -0.007413924995115284
59770.68870965672 4.974 0.019000000000000128 1.001506399660331 0.011530306445190834 1.0 1.0066506404708142 1.0066506404708142 -0.005144240810483147
59770.688725600136 4.974 0.019000000000000128 1.00370481175298 0.011559472683427078 1.0 1.0066506108565827 1.0066506108565827 -0.0029457991036025977
59770.68874154356 4.974 0.019000000000000128 1.0028024711039818 0.011596081759448606 1.0 1.0066505812423239 1.0066505812423239 -0.0038481101383420757
59770.688757486976 4.974 0.019000000000000128 1.0084880445776023 0.011576851473755614 1.0 1.0066505516280924 1.0066505516280924 0.0018374929495099668
59770.688773430404 4.974 0.019000000000000128 1.0056179720989145 0.011573009692102428 1.0 1.0066505220138335 1.0066505220138335 -0.0010325499149190787
59770.688789373824 4.974 0.019000000000000128 0.995227239668608 0.011545369213990376 1.0 1.0066504923995885 1.0066504923995885 -0.011423252730980438
59770.688805317244 4.974 0.019000000000000128 1.0290523708222508 0.01158817580892409 1.0 1.0066504627853432 1.0066504627853432 0.02240190803690756
59770.688821260665 4.974 0.019000000000000128 1.007978357277887 0.011564780242931451 1.0 1.0066504331710981 1.0066504331710981 0.001327924106788947
59770.688837204085 4.974 0.019000000000000128 1.0139259773213682 0.011592464191835915 1.0 1.0066504035568529 1.0066504035568529 0.007275573764515375
59770.688853147505 4.974 0.019000000000000128 1.0047172318359503 0.011587763671352952 1.0 1.0066503739426078 1.0066503739426078 -0.001933142106657515
59770.68886909093 4.974 0.019000000000000128 0.987644824652337 0.011495576135491417 1.0 1.0066503443283492 1.0066503443283492 -0.01900551967601216
59770.688885034346 4.974 0.019000000000000128 0.9985520907729729 0.011534407029540433 1.0 1.0066503147141175 1.0066503147141175 -0.008098223941144567
59770.688900977766 4.974 0.019000000000000128 1.0048205397878214 0.011577289208079995 1.0 1.0066502850998724 1.0066502850998724 -0.0018297453120510454
59770.688916921186 4.974 0.019000000000000128 1.0022092659853707 0.011553116667312287 1.0 1.0066502554856271 1.0066502554856271 -0.004440989500256398
59770.68893286461 4.974 0.019000000000000128 1.0105284707007278 0.011557668274350197 1.0 1.006650225871382 1.006650225871382 0.003878244829345734
59770.688948808034 4.974 0.019000000000000128 1.0133396187575119 0.011573212474359346 1.0 1.0066501962571233 1.0066501962571233 0.00668942250038862
59770.68896475145 4.974 0.019000000000000128 0.9966195125666639 0.011516935204286234 1.0 1.0066501666428918 1.0066501666428918 -0.01003065407622783
