eureka_custom_plots/data/stage5_lcfit_results/S5_wasp39b_ap4_bg8_Table_Save_ch00.txt
# %ECSV 1.0
# ---
# datatype:
# - {name: time, datatype: float64}
# - {name: wavelength, datatype: float64}
# - {name: bin_width, datatype: float64}
# - {name: lcdata, datatype: float64}
# - {name: lcerr, datatype: float64}
# - {name: transit, datatype: float64}
# - {name: polynom, datatype: float64}
# - {name: model, datatype: float64}
# - {name: residuals, datatype: float64}
# schema: astropy-2.0
time wavelength bin_width lcdata lcerr transit polynom model residuals
[from data line 13318]
59770.85635471768 3.019 0.018999999999999906 0.9568064396499036 0.027577944248729724 0.9753294428871243 1.0074369406146626 0.9825829100336078 -0.02577647038370412
59770.856370661095 3.019 0.018999999999999906 0.99379773178521 0.02762484399770367 0.9753309497384174 1.007436879694269 0.9825843686737191 0.011213363111490904
59770.856386604515 3.019 0.018999999999999906 0.9527374250656429 0.02751809064267347 0.9753324584100301 1.0074368187738478 0.982585829147477 -0.0298484040818342
59770.856402547935 3.019 0.018999999999999906 1.006341900386684 0.028016624147476483 0.9753339689025569 1.0074367578534267 0.9825872914555067 0.023754608931177312
59770.856418491356 3.019 0.018999999999999906 1.0132110205177287 0.028085591155539973 0.9753354812174665 1.0074366969330053 0.9825887555992877 0.030622264918441
59770.856434434776 3.019 0.018999999999999906 0.9523722139508528 0.02747261424277461 0.975336995356098 1.0074366360125842 0.9825902215801687 -0.030218007629315924
59770.856450378196 3.019 0.018999999999999906 0.9776379077831334 0.027461417356956803 0.9753385113197928 1.0074365750921628 0.9825916893995007 -0.004953781616367281
59770.85646632162 3.019 0.018999999999999906 0.9913955221278603 0.02762873265190448 0.9753400291100272 1.0074365141717416 0.9825931590587708 0.008802363069089547
59770.85648226503 3.019 0.018999999999999906 0.9878458556899321 0.027674875994848833 0.9753415487273986 1.0074364532513482 0.9825946305586075 0.005251225131324588
59770.85649820845 3.019 0.018999999999999906 0.952373451083719 0.027496417553283928 0.9753430701747945 1.0074363923309269 0.982596103901865 -0.030222652818146067
59770.85651415187 3.019 0.018999999999999906 1.00808340128727 0.028047216352139432 0.9753445934528182 1.0074363314105057 0.9825975790891783 0.02548582219809159
59770.85653009529 3.019 0.018999999999999906 0.9505290055193216 0.027474373454792696 0.9753461185629545 1.0074362704900843 0.9825990561220425 -0.032070050602720834
59770.85654603871 3.019 0.018999999999999906 1.0144886763906922 0.02810127006257308 0.9753476455065152 1.0074362095696632 0.9826005350017792 0.03188814138891294
59770.85656198213 3.019 0.018999999999999906 1.0102699040974994 0.028010018871915357 0.9753491742849888 1.007436148649242 0.9826020157298875 0.027667888367611915
59770.856577925544 3.019 0.018999999999999906 1.0123551544899763 0.028089761912858436 0.975350704899027 1.0074360877288484 0.9826034983070503 0.029751656182925967
59770.856593868964 3.019 0.018999999999999906 0.9424780007662757 0.027320274098021 0.9753522373514079 1.0074360268084273 0.9826049827360124 -0.04012698196973663
59770.856609812385 3.019 0.018999999999999906 0.9452518167301927 0.027376437794755897 0.9753537716429205 1.007435965888006 0.9826064690175953 -0.037354652287402645
59770.85662575581 3.019 0.018999999999999906 1.0137711146444461 0.028075728009783838 0.9753553077755978 1.007435904967557 0.9826079571538194 0.031163157490626703
59770.856641699225 3.019 0.018999999999999906 1.0006140325207853 0.039402420994398564 0.9753568457488082 1.0074358440471636 0.9826094471441297 0.018004585376655613
59770.856657642646 3.019 0.018999999999999906 0.9879787347565196 0.027604803916268794 0.9753583855660117 1.0074357831267422 0.98261093899193 0.005367795764589678
59770.856673586066 3.019 0.018999999999999906 1.0067235375527124 0.028003782990251802 0.9753599272280036 1.007435722206321 0.9826124326980485 0.024111104854663834
59770.85668952948 3.019 0.018999999999999906 1.0094952729507938 0.028064739363537497 0.9753614707354443 1.0074356612859277 0.9826139282631773 0.026881344687616493
59770.85670547291 3.019 0.018999999999999906 1.0114032270413105 0.028071467919663123 0.9753630160918557 1.0074356003654785 0.9826154256907825 0.028787801350527942
59770.85672141632 3.019 0.018999999999999906 1.0169002311896946 0.028112454743288176 0.9753645632958917 1.0074355394450851 0.9826169249796165 0.034283306210078135
59770.85673735975 3.019 0.018999999999999906 1.0037429343036364 0.027920038012675043 0.9753661123517527 1.007435478524636 0.9826184261338019 0.021124508169834466
59770.85675330316 3.019 0.018999999999999906 1.0150375511240932 0.02811314498967484 0.9753676632580907 1.0074354176042426 0.9826199291520888 0.03241762197200437
59770.85676924657 3.019 0.018999999999999906 0.9448987867533301 0.027407052792927496 0.9753692160177254 1.0074353566838492 0.9826214340372635 -0.037722647283933486
59770.85678519 3.019 0.018999999999999906 1.0108544617081119 0.028082521272642536 0.9753707706334858 1.0074352957634 0.9826229407921212 0.028231520915990682
59770.856801133414 3.019 0.018999999999999906 0.9536547397904891 0.027479802435164076 0.9753723271040196 1.0074352348430067 0.9826244494154078 -0.028969709624918738
59770.85681707684 3.019 0.018999999999999906 1.0077934712787053 0.028058055066504023 0.9753738854335566 1.0074351739225575 0.9826259599112759 0.02516751136742945
59770.856833020254 3.019 0.018999999999999906 1.0075588452474775 0.027997516917795652 0.9753754456207443 1.0074351130021642 0.9826274722784707 0.024931372969006826
59770.85684896368 3.019 0.018999999999999906 0.9892355213321461 0.027642992230326863 0.9753770076698229 1.0074350520817152 0.9826289865211556 0.006606534810990494
59770.856864907095 3.019 0.018999999999999906 0.9415982366336753 0.02727395229351454 0.975378571579438 1.0074349911613216 0.9826305026380736 -0.041032266004398354
59770.856880850515 3.019 0.018999999999999906 0.9511622887160763 0.027439024157357193 0.975380137353116 1.0074349302409005 0.9826320206326964 -0.03146973191662006
59770.856896793935 3.019 0.018999999999999906 0.9879547593581732 0.039093940455621826 0.9753817049916752 1.0074348693204793 0.9826335405058746 0.005321218852298637
59770.856912737356 3.019 0.018999999999999906 1.0115922835538025 0.028071207782109062 0.9753832744965234 1.007434808400058 0.9826350622590262 0.028957221294776292
59770.856928680776 3.019 0.018999999999999906 0.9908269055239145 0.02765835012823754 0.9753848458690703 1.0074347474796368 0.9826365858935713 0.008190319630343224
59770.85694462419 3.019 0.018999999999999906 0.9900020444383865 0.027609654443461952 0.975386419110136 1.0074346865592434 0.9826381114103627 0.007363933028023739
59770.85696056761 3.019 0.018999999999999906 0.9434682901300194 0.027371940261525132 0.9753879942225451 1.007434625638822 0.9826396388121912 -0.03917134868217176
59770.85697651103 3.019 0.018999999999999906 1.0111961569438155 0.028042210493646625 0.9753895712071243 1.0074345647184009 0.982641168099917 0.02855498884389851
59770.85699245445 3.019 0.018999999999999906 1.0120619709727188 0.028095266358933144 0.9753911500652472 1.0074345037979795 0.9826426992749229 0.0294192716977959
59770.85700839787 3.019 0.018999999999999906 1.0118780092518302 0.028062794285657725 0.9753927307984717 1.0074344428775583 0.9826442323387785 0.029233776913051734
59770.85702434129 3.019 0.018999999999999906 0.9860321498345685 0.027568003815471972 0.9753943134081763 1.007434381957137 0.982645767292872 0.003386382541696542
59770.8570402847 3.019 0.018999999999999906 0.9340786012599456 0.03906809115476065 0.9753958978951909 1.0074343210367436 0.9826473041380664 -0.04856870287812087
59770.857056228124 3.019 0.018999999999999906 0.987712042980411 0.02762433214220616 0.9753974842624115 1.0074342601163224 0.9826488428772248 0.005063200103186283
59770.857072171544 3.019 0.018999999999999906 0.959170939229558 0.027511392390796467 0.9753990725105353 1.007434199195901 0.9826503835110757 -0.023479444281517714
59770.85708811497 3.019 0.018999999999999906 0.9831667629348733 0.02753277354328599 0.9754006626418696 1.0074341382754521 0.982651926041917 0.000514836892956283
59770.857104058385 3.019 0.018999999999999906 0.9908365038180375 0.027652640271321707 0.9754022546555965 1.0074340773550587 0.9826534704690049 0.008183033349032587
59770.857120001805 3.019 0.018999999999999906 0.9850685678173217 0.027580144582519412 0.9754038485555002 1.0074340164346374 0.9826550167960704 0.0024135510212512923
59770.857135945225 3.019 0.018999999999999906 0.9587708368402079 0.02759004177469493 0.9754054443422392 1.0074339555142162 0.9826565650238037 -0.0238857281835958
59770.85715188864 3.019 0.018999999999999906 0.9486991592482845 0.02747907570574641 0.9754070420166553 1.0074338945938228 0.9826581151530797 -0.03395895590479514
59770.857167832066 3.019 0.018999999999999906 1.0077407822151556 0.028003140968382086 0.9754086415824128 1.0074338336733737 0.9826596671875079 0.02508111502764776
59770.85718377548 3.019 0.018999999999999906 1.0127873834804542 0.02813564429240144 0.9754102430379986 1.0074337727529803 0.9826612211256723 0.030126162354781827
59770.85719971891 3.019 0.018999999999999906 0.9578761037667654 0.027549813833541853 0.975411846387966 1.0074337118325312 0.9826627769720513 -0.024786673205285936
59770.85721566232 3.019 0.018999999999999906 0.9480564162312625 0.027450702884649396 0.9754134516307543 1.0074336509121378 0.9826643347251808 -0.03460791849391831
59770.85723160573 3.019 0.018999999999999906 1.0050623866601096 0.028017008618579618 0.9754150587694393 1.0074335899917444 0.9826658943881046 0.02239649227200502
59770.85724754916 3.019 0.018999999999999906 0.938739643062035 0.027309407256574905 0.9754166678069233 1.0074335290712952 0.982667455963692 -0.04392781290165704
59770.85726349257 3.019 0.018999999999999906 1.0080246264651647 0.028025399436259552 0.9754182787418263 1.0074334681509018 0.9826690194506612 0.025355607014503456
59770.857279436 3.019 0.018999999999999906 0.947598628595958 0.027452656620777817 0.9754198915785928 1.0074334072304527 0.9826705848533804 -0.03507195625742243
59770.857295379414 3.019 0.018999999999999906 1.0157197129733566 0.028110356034926468 0.9754215063157022 1.0074333463100593 0.9826721521704266 0.03304756080293003
59770.85731132284 3.019 0.018999999999999906 1.0047903620410363 0.02798188536476715 0.9754231229577502 1.0074332853896102 0.98267372140632 0.0221166406347163
59770.857327266254 3.019 0.018999999999999906 0.9829865702390794 0.02758101785834852 0.9754247415031676 1.0074332244692168 0.9826752925595884 0.0003112776794910177
59770.85734320967 3.019 0.018999999999999906 1.0136237176278913 0.03947337870210509 0.9754263619550619 1.0074331635488234 0.9826768656333077 0.03094685199458358
59770.857359153095 3.019 0.018999999999999906 1.0069205478933432 0.027967541789507316 0.9754279843163619 1.0074331026283743 0.9826784406303737 0.024242107262969492
59770.857375096515 3.019 0.018999999999999906 0.9848336532291642 0.02753296736549272 0.9754296085864361 1.0074330417079531 0.9826800175502315 0.002153635678932675
59770.857391039935 3.019 0.018999999999999906 1.0041266368938842 0.027984052361509207 0.9754312347674664 1.007432980787532 0.9826815963950516 0.021445040498832557
59770.85740698335 3.019 0.018999999999999906 1.0037060199834462 0.03939136702365945 0.9754328628603216 1.0074329198671383 0.9826831771657357 0.021022842817710496
59770.85742292677 3.019 0.018999999999999906 1.0132859666445522 0.028091375763556546 0.9754344928679926 1.0074328589467172 0.982684759865243 0.03060120677930922
59770.85743887019 3.019 0.018999999999999906 0.9557642837066641 0.027503626319131367 0.975436124791213 1.007432798026296 0.982686344494339 -0.026922060787674895
59770.85745481361 3.019 0.018999999999999906 0.9489950890943558 0.027460511872053978 0.9754377586316146 1.0074327371058747 0.982687931054667 -0.03369284196031119
59770.85747075703 3.019 0.018999999999999906 0.9883642697634433 0.027563469973567917 0.9754393943906403 1.0074326761854535 0.9826895195476808 0.00567475021576247
59770.85748670045 3.019 0.018999999999999906 0.9978593091439188 0.027885520601647583 0.9754410320699277 1.0074326152650321 0.9826911099750294 0.015168199168889451
59770.85750264387 3.019 0.018999999999999906 1.0253134852433428 0.028228214228975947 0.9754426716709245 1.007432554344611 0.9826927023381712 0.04262078290517157
59770.85751858728 3.019 0.018999999999999906 0.9529635257266922 0.027528047173084387 0.9754443131945125 1.0074324934242176 0.9826942966380212 -0.02973077091132903
59770.8575345307 3.019 0.018999999999999906 0.984854787390959 0.027586500864513412 0.9754459566437133 1.0074324325037962 0.9826958928775685 0.0021588945133904636
59770.85755047413 3.019 0.018999999999999906 0.9811487333234098 0.027524791828925636 0.9754476020200323 1.0074323715833473 0.9826974910583303 -0.0015487577349204695
59770.857566417544 3.019 0.018999999999999906 0.9527501885660321 0.02749272378481971 0.9754492493228345 1.0074323106629537 0.9826990911797467 -0.029948902613714634
59770.857582360964 3.019 0.018999999999999906 1.0075249303412404 0.03944536752768178 0.9754508985558662 1.0074322497425325 0.9827006932455111 0.02482423709572923
59770.857598304385 3.019 0.018999999999999906 0.9461651941131706 0.027441077733878744 0.97545254972002 1.0074321888221114 0.9827022972565492 -0.03653710314337866
59770.8576142478 3.019 0.018999999999999906 0.9807018909338509 0.02757635486077095 0.975454202816046 1.0074321279017178 0.982703903213643 -0.0020020122797921314
59770.857630191225 3.019 0.018999999999999906 0.9507067435607911 0.02747508763073252 0.9754558578477551 1.0074320669812689 0.9827055111205507 -0.03199876755975961
59770.85764613464 3.019 0.018999999999999906 1.0149545426159332 0.028146332169945647 0.9754575148137478 1.0074320060608755 0.98270712097597 0.03224742163996319
59770.857662078066 3.019 0.018999999999999906 1.0145576245526524 0.02809228581554136 0.9754591737185645 1.0074319451404263 0.9827087327843664 0.03184889176828598
59770.85767802148 3.019 0.018999999999999906 0.9786387201214117 0.02746892851661914 0.9754608345608032 1.007431884220033 0.9827103465444358 -0.004071626423024055
59770.85769396489 3.019 0.018999999999999906 1.0047624316112718 0.027963006864091738 0.9754624973435251 1.0074318232996395 0.9827119622592073 0.02205046935206445
59770.85770990832 3.019 0.018999999999999906 0.9438305041590214 0.027281145239782777 0.9754641620698002 1.0074317623791904 0.982713579931719 -0.03888307577269767
59770.85772585173 3.019 0.018999999999999906 1.0147869084732137 0.02813530703830271 0.9754658287382235 1.007431701458797 0.982715199560664 0.032071708912549735
59770.85774179516 3.019 0.018999999999999906 0.9518817371426515 0.02745596712145819 0.9754674973533668 1.0074316405383479 0.9827168211505388 -0.03083508400788737
59770.85775773857 3.019 0.018999999999999906 1.0112467269811096 0.028067320134166584 0.9754691679138237 1.0074315796179545 0.982718444700035 0.028528282281074624
59770.857773682 3.019 0.018999999999999906 1.0155833820525035 0.028130029168968704 0.9754708404241761 1.0074315186975054 0.9827200702136596 0.032863311838843945
59770.857789625414 3.019 0.018999999999999906 1.0112335803781136 0.02805342983419619 0.9754725148830163 1.007431457777112 0.9827216976901026 0.02851188268801097
59770.85780556883 3.019 0.018999999999999906 0.9604443705591169 0.027596662530286333 0.9754741912934363 1.0074313968567186 0.9827233271324244 -0.022278956573307473
59770.857821512254 3.019 0.018999999999999906 0.9915028533905339 0.027627179926063304 0.9754758696585374 1.0074313359362694 0.9827249585436946 0.00877789484683933
59770.857837455675 3.019 0.018999999999999906 0.967714056503765 0.02766229190850902 0.9754775499776371 1.0074312750158483 0.9827265919233068 -0.01501253541954184
59770.857853399095 3.019 0.018999999999999906 1.0083155886964796 0.028037698649050938 0.9754792322531615 1.007431214095427 0.9827282272736774 0.02558736142280227
59770.85786934251 3.019 0.018999999999999906 1.0128242816667399 0.028062651914982934 0.9754809164858862 1.0074311531750335 0.9827298645956148 0.030094417071125035
59770.85788528593 3.019 0.018999999999999906 0.9569503881760167 0.027568642252137898 0.9754826026789276 1.0074310922546124 0.9827315038922041 -0.025781115716187353
59770.85790122935 3.019 0.018999999999999906 0.9534702566445243 0.02750686188959894 0.9754842908332125 1.007431031334191 0.9827331451644052 -0.029262888519880903
