eureka_custom_plots/data/stage5_lcfit_results/S5_wasp39b_ap4_bg8_Table_Save_ch13.txt
# %ECSV 1.0
# ---
# datatype:
# - {name: time, datatype: float64}
# - {name: wavelength, datatype: float64}
# - {name: bin_width, datatype: float64}
# - {name: lcdata, datatype: float64}
# - {name: lcerr, datatype: float64}
# - {name: transit, datatype: float64}
# - {name: polynom, datatype: float64}
# - {name: model, datatype: float64}
# - {name: residuals, datatype: float64}
# schema: astropy-2.0
time wavelength bin_width lcdata lcerr transit polynom model residuals
[from data line 10071]
59770.80458643454 3.5175 0.01949999999999985 0.9839675810623777 0.004354272214387567 0.9783689675353637 1.0064163400356883 0.9846465155114359 -0.0006789344490581994
59770.80460237797 3.5175 0.01949999999999985 0.9837689315923561 0.004357911045529748 0.9783679617745031 1.0064162642238155 0.9846454291253641 -0.0008764975330080027
59770.80461832138 3.5175 0.01949999999999985 0.9841420993258938 0.00435663744637931 0.9783669573418187 1.0064161884120117 0.9846443440762105 -0.0005022447503166827
59770.80463426481 3.5175 0.01949999999999985 0.9828716181275046 0.004357525609652063 0.9783659542332933 1.006416112600139 0.9846432603597965 -0.0017716422322919811
59770.80465020822 3.5175 0.01949999999999985 0.9802999661791321 0.004353406266907613 0.9783649524485443 1.0064160367883352 0.984642177975872 -0.004342211796739881
59770.80466615164 3.5175 0.01949999999999985 0.9860057901653309 0.004364878159001338 0.9783639519839757 1.006415960976497 0.9846410969207164 0.0013646932446144122
59770.80468209506 3.5175 0.01949999999999985 0.9832347935376781 0.004363676146139604 0.9783629528378528 1.0064158851646587 0.9846400171926168 -0.0014052236549387809
59770.804698038475 3.5175 0.01949999999999985 0.9803428765766422 0.004357231781360266 0.9783619550084145 1.0064158093528552 0.9846389387898352 -0.004296062213193008
59770.8047139819 3.5175 0.01949999999999985 0.9829892741753175 0.004355403511708759 0.9783609584921472 1.0064157335409822 0.9846378617087328 -0.0016485875334153466
59770.80472992532 3.5175 0.01949999999999985 0.9729620027112215 0.0043395100781973275 0.9783599632882239 1.006415657729144 0.9846367859485792 -0.011674783237357711
59770.80474586874 3.5175 0.01949999999999985 0.9813795809191813 0.004355679416788342 0.978358969394007 1.0064155819173057 0.984635711506685 -0.003256130587503736
59770.804761812156 3.5175 0.01949999999999985 0.9850867129463673 0.004361418098795679 0.9783579768077845 1.0064155061055022 0.9846346383813617 0.0004520745650056224
59770.804777755584 3.5175 0.01949999999999985 0.9872474224788141 0.004360163804092445 0.9783569855260144 1.0064154302936292 0.9846335665689417 0.002613855909872398
59770.804793699 3.5175 0.01949999999999985 0.9784429873775059 0.00434898173332811 0.9783559955483428 1.0064153544818257 0.984632496069205 -0.006189508691699097
59770.804809642425 3.5175 0.01949999999999985 0.9842916566941174 0.004362152767589421 0.9783550068708408 1.0064152786699527 0.9846314268780607 -0.0003397701839432665
59770.80482558584 3.5175 0.01949999999999985 0.9816306673760078 0.0043575380139406344 0.9783540194931605 1.0064152028581492 0.9846303589952948 -0.002999691619287037
59770.804841529265 3.5175 0.01949999999999985 0.9818003509673322 0.004354633335202072 0.9783530334113314 1.0064151270462762 0.9846292924167748 -0.002828941449442568
59770.80485747268 3.5175 0.01949999999999985 0.9871879950569696 0.004360380804783313 0.9783520486250407 1.0064150512344727 0.9846282271423217 0.002559767914647959
59770.8048734161 3.5175 0.01949999999999985 0.9864598104518933 0.004367012544992932 0.9783510651307592 1.0064149754226344 0.9846271631682811 0.0018326472836122099
59770.80488935952 3.5175 0.01949999999999985 0.9799522472282826 0.004353954567151134 0.9783500829268732 1.0064148996107962 0.9846261004930632 -0.0046738532647806474
59770.80490530294 3.5175 0.01949999999999985 0.9809651440120287 0.00435535844693644 0.9783491020112325 1.0064148237989579 0.9846250391145032 -0.003659895102474442
59770.80492124636 3.5175 0.01949999999999985 0.9745997194612427 0.004344680056110991 0.9783481223817208 1.0064147479871197 0.9846239790304713 -0.010024259569228589
59770.80493718978 3.5175 0.01949999999999985 0.9848341441545263 0.004355517757339371 0.978347144036227 1.0064146721752814 0.9846229202388422 0.00021122391568406673
59770.8049531332 3.5175 0.01949999999999985 0.9872587711461185 0.004368426966467821 0.9783461669726173 1.0064145963634432 0.9846218627374685 0.0026369084086499406
59770.80496907661 3.5175 0.01949999999999985 0.9826343482159751 0.004358445578128848 0.9783451911892993 1.0064145205516395 0.9846208065247807 -0.0019864583088056165
59770.80498502003 3.5175 0.01949999999999985 0.984325054365601 0.004364077584745905 0.9783442166832464 1.0064144447398014 0.9846197515976653 -0.00029469723206432263
59770.80500096345 3.5175 0.01949999999999985 0.98640482550186 0.004362669171396895 0.978343243452821 1.006414368927963 0.9846186979545073 0.001786127547352745
59770.80501690688 3.5175 0.01949999999999985 0.9829959684608345 0.004360135917295899 0.9783422714954887 1.0064142931160902 0.9846176455927222 -0.0016216771318877665
59770.805032850294 3.5175 0.01949999999999985 0.9852165828460531 0.004364010672256292 0.9783413008104905 1.0064142173042865 0.9846165945116473 0.0005999883344057766
59770.805048793714 3.5175 0.01949999999999985 0.9896099071142723 0.004368780377696226 0.9783403313944606 1.0064141414924483 0.9846155447077936 0.0049943624064787695
59770.805064737135 3.5175 0.01949999999999985 0.9864775271650096 0.004365266096830395 0.9783393632457511 1.00641406568061 0.9846144961795354 0.0018630309854741345
59770.805080680555 3.5175 0.01949999999999985 0.9897314244560302 0.004370834589144745 0.9783383963622985 1.0064139898687718 0.9846134489247967 0.0051179755312334985
59770.805096623975 3.5175 0.01949999999999985 0.9823606391728278 0.004357606132773165 0.9783374307420438 1.0064139140569335 0.9846124029415044 -0.00225176376867664
59770.805112567396 3.5175 0.01949999999999985 0.9766543850560786 0.004346881511677343 0.978336466382906 1.0064138382450953 0.9846113582275641 -0.00795697317148547
59770.805128510816 3.5175 0.01949999999999985 0.9897123542235973 0.0043692441384311385 0.9783355032828924 1.006413762433257 0.9846103147809698 0.005102039442627437
59770.805144454236 3.5175 0.01949999999999985 0.9826206397567484 0.004360477317198439 0.9783345414399324 1.0064136866214188 0.9846092725996376 -0.001988632842889193
59770.80516039765 3.5175 0.01949999999999985 0.9786288669849028 0.004353706980717126 0.9783335808524313 1.0064136108096151 0.9846082316819958 -0.005979364697093037
59770.80517634108 3.5175 0.01949999999999985 0.987170928984348 0.004370695723576134 0.9783326215170237 1.0064135349977423 0.9846071920245562 0.0025637369597918402
59770.8051922845 3.5175 0.01949999999999985 0.9897132705134115 0.00436448648839752 0.9783316634330144 1.0064134591859042 0.9846061536267198 0.005107116886691743
59770.80520822792 3.5175 0.01949999999999985 0.9799532185857248 0.0043519865671388675 0.9783307065979081 1.0064133833740658 0.9846051164859412 -0.004651897900216362
59770.80522417133 3.5175 0.01949999999999985 0.9869694099988753 0.0043644350963304955 0.9783297510101842 1.006413307562262 0.9846040806007238 0.0023653293981514834
59770.80524011475 3.5175 0.01949999999999985 0.9832389384703609 0.004356581977331287 0.9783287966669176 1.006413231750424 0.984603045968056 -0.0013641074976951106
59770.80525605817 3.5175 0.01949999999999985 0.9792154285424604 0.004352471467954641 0.978327843566543 1.0064131559385856 0.9846020125863955 -0.005386584043935105
59770.80527200159 3.5175 0.01949999999999985 0.9821003885732389 0.0043509711422954605 0.9783268917070569 1.0064130801267475 0.984600980453726 -0.002500591880487124
59770.80528794501 3.5175 0.01949999999999985 0.9861986973119662 0.004363065749146088 0.9783259410864339 1.006413004314909 0.9845999495680087 0.0015987477439575182
59770.80530388843 3.5175 0.01949999999999985 0.9767874879205205 0.004345138530054265 0.9783249917027355 1.006412928503071 0.9845989199272925 -0.007811432006772034
59770.80531983185 3.5175 0.01949999999999985 0.9868932940823878 0.004363954615326533 0.9783240435539461 1.0064128526912328 0.9845978915295488 0.0022954025528389987
59770.805335775265 3.5175 0.01949999999999985 0.9959285698584073 0.0043775093566000315 0.9783230966385198 1.006412776879429 0.9845968643732548 0.011331705485152499
59770.80535171869 3.5175 0.01949999999999985 0.9795100950026906 0.004355729858879466 0.9783221509531647 1.0064127010675563 0.984595838454996 -0.005085743452305391
59770.805367662106 3.5175 0.01949999999999985 0.9805162951529565 0.0043538169818089665 0.9783212064976299 1.0064126252557526 0.984594813774655 -0.0040785186216985014
59770.80538360553 3.5175 0.01949999999999985 0.9838338285636654 0.004360715622355028 0.9783202632682532 1.0064125494438798 0.9845937903284103 -0.0007599617647449097
59770.805399548946 3.5175 0.01949999999999985 0.9851799367998116 0.004358450353339308 0.9783193212647886 1.006412473632076 0.9845927681161496 0.0005871686836620427
59770.805415492374 3.5175 0.01949999999999985 0.9817672366732926 0.0043571024627093976 0.9783183804835336 1.0064123978202033 0.984591747134011 -0.00282451046071841
59770.80543143579 3.5175 0.01949999999999985 0.9846742555606711 0.004361616632216692 0.9783174409242748 1.0064123220083996 0.9845907273819147 8.352817875645346e-05
59770.80544737921 3.5175 0.01949999999999985 0.9873972752687821 0.004370731700466477 0.9783165025837303 1.0064122461965614 0.9845897088564561 0.0028075664123259347
59770.80546332263 3.5175 0.01949999999999985 0.9843634005211795 0.00435962773161465 0.9783155654604443 1.006412170384723 0.9845886915562033 -0.000225291035023778
59770.805479266055 3.5175 0.01949999999999985 0.9785344198374228 0.00434915523730255 0.9783146295520168 1.0064120945728503 0.9845876754787073 -0.00605325564128445
59770.80549520947 3.5175 0.01949999999999985 0.9901149341419816 0.004365351576920257 0.9783136948578101 1.0064120187610466 0.9845866606234271 0.00552827351855445
59770.80551115288 3.5175 0.01949999999999985 0.9829535003487077 0.0043557784894685805 0.9783127613749998 1.0064119429492429 0.9845856469874525 -0.0016321466387448913
59770.80552709631 3.5175 0.01949999999999985 0.991542473071691 0.004374039301031169 0.978311829100852 1.00641186713737 0.9845846345679642 0.0069578385037267765
59770.80554303972 3.5175 0.01949999999999985 0.986003031853887 0.004361676827385012 0.978310898035143 1.0064117913255664 0.9845836233648718 0.001419408489015228
59770.80555898315 3.5175 0.01949999999999985 0.9922831232777526 0.004379424153324324 0.9783099681742332 1.0064117155136936 0.984582613374377 0.007700509903375563
59770.80557492656 3.5175 0.01949999999999985 0.9891722863766155 0.0043677179589855794 0.978309039517931 1.00641163970189 0.9845816045964221 0.004590681780193395
59770.80559086999 3.5175 0.01949999999999985 0.9853319254676278 0.004364213514996699 0.9783081120626101 1.006411563890017 0.9845805970272216 0.0007513284404062626
59770.8056068134 3.5175 0.01949999999999985 0.9962642883809275 0.00437731748058666 0.9783071858080572 1.0064114880782136 0.9845795906666962 0.011684697714231307
59770.80562275682 3.5175 0.01949999999999985 0.9921510666686971 0.005045486304379445 0.978306260751141 1.0064114122663752 0.9845785855115925 0.007572481157104627
59770.80563870024 3.5175 0.01949999999999985 0.9845651787226406 0.004362450583426215 0.9783053368903695 1.006411336454537 0.9845775815604428 -1.2402837802238942e-05
59770.805654643664 3.5175 0.01949999999999985 0.9848993152012201 0.00435896682769308 0.9783044142238536 1.0064112606426987 0.9845765788113454 0.00032273638987467823
59770.805670587084 3.5175 0.01949999999999985 0.9858214717014792 0.004359618695317757 0.9783034927497083 1.0064111848308606 0.9845755772624031 0.0012458944390760784
59770.805686530504 3.5175 0.01949999999999985 0.9854359567933667 0.004360830098335349 0.9783025724660268 1.0064111090190222 0.9845745769116964 0.0008613798816703433
59770.805702473925 3.5175 0.01949999999999985 0.9794529966449719 0.0043498861561816135 0.9783016533709864 1.006411033207184 0.9845735777573908 -0.005120581112418976
59770.805718417345 3.5175 0.01949999999999985 0.9882025394537424 0.004365815360004024 0.9783007354626896 1.0064109573953457 0.9845725797975763 0.003629959656166082
59770.805734360765 3.5175 0.01949999999999985 0.9891129672680866 0.004374752403703221 0.9782998187392691 1.0064108815835076 0.9845715830303734 0.00454138423771322
59770.805750304185 3.5175 0.01949999999999985 0.9813764151774216 0.004354415341301057 0.9782989031988629 1.0064108057716692 0.9845705874539078 -0.003194172276486218
59770.805766247606 3.5175 0.01949999999999985 0.9793396507382245 0.004353189555897627 0.9782979888396134 1.006410729959831 0.98456959306631 -0.005229942328085491
59770.80578219102 3.5175 0.01949999999999985 0.9856567942603344 0.00436350612991621 0.9782970756600623 1.0064106541480273 0.9845685998661455 0.001088194394188835
59770.80579813444 3.5175 0.01949999999999985 0.9895080690695376 0.004371012515515218 0.9782961636575689 1.0064105783361892 0.9845676078506891 0.004940461218848502
59770.80581407786 3.5175 0.01949999999999985 0.9975145958334563 0.004389750721084021 0.9782952528306843 1.0064105025243508 0.9845666170185159 0.012947978814940364
59770.80583002128 3.5175 0.01949999999999985 0.9817526027955733 0.004360598404736575 0.9782943431775691 1.0064104267125127 0.9845656273677746 -0.002813024572201339
59770.8058459647 3.5175 0.01949999999999985 0.9815482208463637 0.004359848564842757 0.9782934346963605 1.0064103509006743 0.9845646388965902 -0.003016418050226455
59770.80586190812 3.5175 0.01949999999999985 0.978314683228098 0.0043516096901175015 0.9782925273852798 1.0064102750888362 0.9845636516031723 -0.006248968375074271
59770.80587785154 3.5175 0.01949999999999985 0.9826647715562944 0.004363677425318961 0.9782916212424734 1.0064101992769978 0.9845626654856549 -0.0018978939293604613
59770.80589379496 3.5175 0.01949999999999985 0.9847688972290626 0.004360656719541098 0.9782907162661183 1.0064101234651597 0.9845616805422036 0.00020721668685896866
59770.805909738374 3.5175 0.01949999999999985 0.9823547882001182 0.004363520269637658 0.9782898124548141 1.006410047653356 0.9845606967714421 -0.0022059085713238558
59770.8059256818 3.5175 0.01949999999999985 0.9804454702677362 0.00436030341598379 0.9782889098054927 1.0064099718414832 0.9845597141701812 -0.0041142439024449695
59770.80594162522 3.5175 0.01949999999999985 0.9912487745151611 0.004366089141964664 0.9782880083175718 1.0064098960296448 0.9845587327379357 0.006690041777225431
59770.80595756864 3.5175 0.01949999999999985 0.9852918969716554 0.004364071957390052 0.97828710798888 1.0064098202178067 0.9845577524724867 0.000734144499168754
59770.805973512055 3.5175 0.01949999999999985 0.993527444313871 0.004373305474412429 0.9782862088180053 1.006409744406003 0.9845567733724464 0.008970670941424563
59770.80598945548 3.5175 0.01949999999999985 0.9827609075563926 0.004354867073465051 0.9782853108019035 1.0064096685941302 0.9845557954346493 -0.0017948878782567679
59770.806005398896 3.5175 0.01949999999999985 0.9831854370593806 0.0043561221417570085 0.9782844139404174 1.0064095927823264 0.9845548186590724 -0.001369381599691799
59770.80602134232 3.5175 0.01949999999999985 0.9891956454280694 0.004364252150798083 0.978283518230176 1.0064095169704537 0.9845538430421874 0.004641802385881966
59770.806037285736 3.5175 0.01949999999999985 0.9834044034601825 0.004351941014503186 0.9782826236709493 1.00640944115865 0.9845528685838979 -0.0011484651237153587
59770.80605322916 3.5175 0.01949999999999985 0.9909365631620768 0.004367240588814636 0.9782817302597919 1.0064093653468118 0.9845518952811382 0.00638466788093861
59770.80606917258 3.5175 0.01949999999999985 0.9865219830972636 0.0043657216213876205 0.9782808379953155 1.0064092895349734 0.9845509231325439 0.0019710599647196902
59770.80608511599 3.5175 0.01949999999999985 0.9835388512685869 0.004357194245692482 0.9782799468761347 1.00640921372317 0.9845499521367552 -0.0010111008681683575
59770.80610105942 3.5175 0.01949999999999985 0.9850179879440777 0.0043643793652306 0.9782790568992967 1.006409137911297 0.9845489822906979 0.00046900565337981703
