eureka_custom_plots/data/stage5_lcfit_results/S5_wasp39b_ap4_bg8_Table_Save_ch23.txt
# %ECSV 1.0
# ---
# datatype:
# - {name: time, datatype: float64}
# - {name: wavelength, datatype: float64}
# - {name: bin_width, datatype: float64}
# - {name: lcdata, datatype: float64}
# - {name: lcerr, datatype: float64}
# - {name: transit, datatype: float64}
# - {name: polynom, datatype: float64}
# - {name: model, datatype: float64}
# - {name: residuals, datatype: float64}
# schema: astropy-2.0
time wavelength bin_width lcdata lcerr transit polynom model residuals
[from data line 4988]
59770.72354603051 3.901 0.018999999999999906 1.0047986531968 0.007694160475758706 1.0 1.0068383532050478 1.0068383532050478 -0.0020397000082477135
59770.72356197393 3.901 0.018999999999999906 1.0009428303862131 0.007670310927846951 1.0 1.0068382973022845 1.0068382973022845 -0.005895466916071346
59770.72357791735 3.901 0.018999999999999906 1.007517136534351 0.007676720681035251 1.0 1.0068382413995212 1.0068382413995212 0.0006788951348297712
59770.72359386076 3.901 0.018999999999999906 0.9988889968450598 0.009360700594131363 1.0 1.0068381854967832 1.0068381854967832 -0.007949188651723338
59770.72360980419 3.901 0.018999999999999906 1.0066025721897673 0.007646892073319321 1.0 1.0068381295939943 1.0068381295939943 -0.00023555740422698257
59770.7236257476 3.901 0.018999999999999906 0.9894488133617203 0.00934022335867617 1.0 1.0068380736912566 1.0068380736912566 -0.01738926032953625
59770.72364169103 3.901 0.018999999999999906 0.9985473567312522 0.007646003764156764 1.0 1.0068380177884677 1.0068380177884677 -0.008290661057215543
59770.72365763445 3.901 0.018999999999999906 1.0078548789527695 0.007670829466006154 1.0 1.0068379618857042 1.0068379618857042 0.0010169170670653038
59770.72367357787 3.901 0.018999999999999906 1.020782379847535 0.007707282805705434 1.0 1.0068379059829409 1.0068379059829409 0.013944473864594187
59770.72368952129 3.901 0.018999999999999906 1.0063084462743932 0.007677291532806626 1.0 1.0068378500801776 1.0068378500801776 -0.0005294038057843675
59770.723705464705 3.901 0.018999999999999906 1.0089987277334123 0.007681750209805859 1.0 1.0068377941774396 1.0068377941774396 0.0021609335559726883
59770.72372140813 3.901 0.018999999999999906 0.9932438087103581 0.007642548677106259 1.0 1.0068377382746507 1.0068377382746507 -0.013593929564292617
59770.72373735155 3.901 0.018999999999999906 1.0108235231941405 0.007683501536983616 1.0 1.0068376823718874 1.0068376823718874 0.003985840822253062
59770.72375329497 3.901 0.018999999999999906 0.9982164509297853 0.007651985665656833 1.0 1.0068376264691241 1.0068376264691241 -0.008621175539338832
59770.72376923839 3.901 0.018999999999999906 0.9961265314015467 0.00765540211808981 1.0 1.0068375705663606 1.0068375705663606 -0.010711039164813863
59770.72378518181 3.901 0.018999999999999906 1.002747769083685 0.007669070451111689 1.0 1.0068375146635973 1.0068375146635973 -0.004089745579912263
59770.723801125234 3.901 0.018999999999999906 0.995025292804551 0.007655951190612744 1.0 1.006837458760834 1.006837458760834 -0.011812165956282983
59770.723817068654 3.901 0.018999999999999906 1.0156172890656698 0.007699305358528198 1.0 1.0068374028580707 1.0068374028580707 0.008779886207599175
59770.723833012074 3.901 0.018999999999999906 1.010572921691823 0.007691918723364989 1.0 1.0068373469553071 1.0068373469553071 0.0037355747365157566
59770.723848955495 3.901 0.018999999999999906 1.007189159685167 0.007664066835198274 1.0 1.0068372910525438 1.0068372910525438 0.0003518686326231535
59770.723864898915 3.901 0.018999999999999906 1.0073091303288118 0.0076824127706658476 1.0 1.0068372351497805 1.0068372351497805 0.00047189517903123424
59770.72388084233 3.901 0.018999999999999906 1.0177164490727943 0.007710879793852982 1.0 1.0068371792470425 1.0068371792470425 0.010879269825751825
59770.723896785756 3.901 0.018999999999999906 1.0108504042018287 0.007680111027638304 1.0 1.0068371233442537 1.0068371233442537 0.004013280857575019
59770.72391272918 3.901 0.018999999999999906 1.0027860148124819 0.007668731462934459 1.0 1.0068370674414648 1.0068370674414648 -0.004051052628982976
59770.723928672596 3.901 0.018999999999999906 0.995311532773737 0.007663214347768853 1.0 1.006837011538727 1.006837011538727 -0.011525478764990105
59770.72394461602 3.901 0.018999999999999906 1.0182235017924801 0.007692461879610286 1.0 1.0068369556359635 1.0068369556359635 0.011386546156516575
59770.72396055944 3.901 0.018999999999999906 1.0135433066389896 0.007682819070408695 1.0 1.0068368997332002 1.0068368997332002 0.006706406905789386
59770.72397650286 3.901 0.018999999999999906 1.010404876495752 0.007682919837576319 1.0 1.006836843830437 1.006836843830437 0.003568032665315135
59770.72399244628 3.901 0.018999999999999906 1.0024089618363028 0.0076688033498718096 1.0 1.0068367879276736 1.0068367879276736 -0.004427826091370823
59770.7240083897 3.901 0.018999999999999906 0.9994619396277086 0.007677579417536838 1.0 1.00683673202491 1.00683673202491 -0.007374792397201513
59770.724024333125 3.901 0.018999999999999906 0.9954504038681999 0.00765778836628494 1.0 1.0068366761221212 1.0068366761221212 -0.011386272253921303
59770.72404027654 3.901 0.018999999999999906 1.0083095962036417 0.007677094991123965 1.0 1.0068366202193835 1.0068366202193835 0.001472975984258218
59770.72405621996 3.901 0.018999999999999906 0.9937398318397902 0.00765015133564871 1.0 1.00683656431662 1.00683656431662 -0.013096732476829742
59770.72407216338 3.901 0.018999999999999906 0.9986343678384955 0.007648566487999856 1.0 1.0068365084138566 1.0068365084138566 -0.008202140575361172
59770.7240881068 3.901 0.018999999999999906 1.0238419010743538 0.007698145762928114 1.0 1.0068364525110933 1.0068364525110933 0.017005448563260472
59770.72410405022 3.901 0.018999999999999906 1.0042951120921666 0.007674499039302957 1.0 1.00683639660833 1.00683639660833 -0.0025412845161634223
59770.72411999364 3.901 0.018999999999999906 1.0061221228812853 0.007680881413220429 1.0 1.0068363407055665 1.0068363407055665 -0.0007142178242811603
59770.72413593706 3.901 0.018999999999999906 1.0015691276578773 0.007664554513213385 1.0 1.0068362848028032 1.0068362848028032 -0.005267157144925871
59770.72415188048 3.901 0.018999999999999906 1.01453662435734 0.007708421276895422 1.0 1.0068362289000399 1.0068362289000399 0.007700395457300058
59770.7241678239 3.901 0.018999999999999906 1.010954791777889 0.007697007299803221 1.0 1.0068361729972766 1.0068361729972766 0.004118618780612371
59770.72418376732 3.901 0.018999999999999906 1.015372411886832 0.007703583597551037 1.0 1.006836117094513 1.006836117094513 0.008536294792318877
59770.72419971075 3.901 0.018999999999999906 1.0186375009893152 0.007694085503524136 1.0 1.0068360611917242 1.0068360611917242 0.011801439797590962
59770.72421565416 3.901 0.018999999999999906 1.003196125255382 0.00767420160998193 1.0 1.0068360052889864 1.0068360052889864 -0.0036398800336043813
59770.72423159758 3.901 0.018999999999999906 1.0062357200044492 0.007676333507724058 1.0 1.006835949386223 1.006835949386223 -0.0006002293817737314
59770.724247541 3.901 0.018999999999999906 1.0172243929400329 0.007715668009439847 1.0 1.0068358934834596 1.0068358934834596 0.010388499456573275
59770.72426348442 3.901 0.018999999999999906 0.9877249617468322 0.007639350952996532 1.0 1.0068358375806963 1.0068358375806963 -0.01911087583386406
59770.72427942784 3.901 0.018999999999999906 1.0071895786488603 0.007685967591783469 1.0 1.006835781677933 1.006835781677933 0.00035379697092730034
59770.72429537126 3.901 0.018999999999999906 1.0040624371403843 0.0076567769737942385 1.0 1.0068357257751694 1.0068357257751694 -0.0027732886347850982
59770.72431131469 3.901 0.018999999999999906 0.9979431832057475 0.007666967282940913 1.0 1.0068356698723806 1.0068356698723806 -0.008892486666633115
59770.7243272581 3.901 0.018999999999999906 1.005040565084715 0.007677251367086792 1.0 1.0068356139696428 1.0068356139696428 -0.0017950488849278745
59770.724343201524 3.901 0.018999999999999906 1.0000945317401846 0.007652553751437024 1.0 1.0068355580668795 1.0068355580668795 -0.006741026326694932
59770.724359144944 3.901 0.018999999999999906 0.9983150802684237 0.007673501633499641 1.0 1.006835502164116 1.006835502164116 -0.008520421895692243
59770.724375088364 3.901 0.018999999999999906 1.0001647187145946 0.007652985149495674 1.0 1.0068354462613527 1.0068354462613527 -0.006670727546758126
59770.724391031785 3.901 0.018999999999999906 1.008386234108354 0.007678404202626245 1.0 1.0068353903585894 1.0068353903585894 0.0015508437497646632
59770.724406975205 3.901 0.018999999999999906 0.9930471219357474 0.007636397727018321 1.0 1.0068353344558258 1.0068353344558258 -0.013788212520078447
59770.72442291863 3.901 0.018999999999999906 0.9998537701590862 0.007661261914068741 1.0 1.006835278553037 1.006835278553037 -0.0069815083939508416
59770.724438862046 3.901 0.018999999999999906 0.9816048055716918 0.009315011127034633 1.0 1.0068352226502992 1.0068352226502992 -0.025230417078607403
59770.72445480547 3.901 0.018999999999999906 0.9965476423057563 0.007639675829704236 1.0 1.0068351667475104 1.0068351667475104 -0.01028752444175407
59770.724470748886 3.901 0.018999999999999906 0.9907895822948849 0.007653716976851285 1.0 1.0068351108447724 1.0068351108447724 -0.0160455285498875
59770.724486692314 3.901 0.018999999999999906 1.0179672843479175 0.00769710537503255 1.0 1.0068350549419836 1.0068350549419836 0.011132229405933947
59770.72450263573 3.901 0.018999999999999906 1.0167308144415887 0.007689128230234258 1.0 1.0068349990392458 1.0068349990392458 0.009895815402342967
59770.72451857915 3.901 0.018999999999999906 0.9930510363234655 0.009337309020377941 1.0 1.0068349431364825 1.0068349431364825 -0.013783906813017
59770.72453452257 3.901 0.018999999999999906 0.9940677472605722 0.00936153026084249 1.0 1.006834887233719 1.006834887233719 -0.012767139973146713
59770.72455046599 3.901 0.018999999999999906 1.006585484834803 0.007678414370793088 1.0 1.0068348313309556 1.0068348313309556 -0.0002493464961526026
59770.724566409415 3.901 0.018999999999999906 1.0041906573318593 0.007699996667670971 1.0 1.0068347754281668 1.0068347754281668 -0.0026441180963074906
59770.72458235283 3.901 0.018999999999999906 1.0089173404707836 0.007712604602213244 1.0 1.0068347195254288 1.0068347195254288 0.0020826209453548294
59770.724598296256 3.901 0.018999999999999906 1.0167917364537669 0.007689138799704488 1.0 1.00683466362264 1.00683466362264 0.0099570728311269
59770.72461423967 3.901 0.018999999999999906 1.0079210598366026 0.007680126621840836 1.0 1.0068346077199022 1.0068346077199022 0.0010864521167004426
59770.72463018309 3.901 0.018999999999999906 1.0027856005052975 0.007668228989481766 1.0 1.0068345518171389 1.0068345518171389 -0.004048951311841353
59770.72464612651 3.901 0.018999999999999906 1.0070594780259519 0.007677918985698944 1.0 1.0068344959143753 1.0068344959143753 0.0002249821115765105
59770.72466206994 3.901 0.018999999999999906 1.0152653154577869 0.007682608918243444 1.0 1.0068344400115865 1.0068344400115865 0.008430875446200359
59770.72467801335 3.901 0.018999999999999906 1.0099089899777234 0.007695164721220916 1.0 1.0068343841088487 1.0068343841088487 0.003074605868874647
59770.72469395677 3.901 0.018999999999999906 0.9971814393279024 0.007678850833088401 1.0 1.0068343282060852 1.0068343282060852 -0.00965288887818283
59770.7247099002 3.901 0.018999999999999906 1.0163254321889101 0.0077073531765786 1.0 1.0068342723032964 1.0068342723032964 0.009491159885613776
59770.72472584361 3.901 0.018999999999999906 1.0119261869479859 0.007703972333963328 1.0 1.0068342164005586 1.0068342164005586 0.005091970547427271
59770.72474178704 3.901 0.018999999999999906 1.001430262202429 0.00763981427811344 1.0 1.0068341604977697 1.0068341604977697 -0.0054038982953408254
59770.72475773045 3.901 0.018999999999999906 1.0112924266780166 0.007677649840940208 1.0 1.0068341045950318 1.0068341045950318 0.0044583220829848
59770.72477367388 3.901 0.018999999999999906 1.0127143643250283 0.007697852946133021 1.0 1.006834048692243 1.006834048692243 0.005880315632785349
59770.72478961729 3.901 0.018999999999999906 1.0127703241776393 0.007697170418254003 1.0 1.0068339927895051 1.0068339927895051 0.005936331388134208
59770.72480556071 3.901 0.018999999999999906 1.0113052337103214 0.007685918605605575 1.0 1.0068339368867418 1.0068339368867418 0.004471296823579607
59770.72482150414 3.901 0.018999999999999906 1.0060963014726403 0.007669462831224667 1.0 1.0068338809839528 1.0068338809839528 -0.0007375795113124806
59770.72483744755 3.901 0.018999999999999906 1.0063917248703924 0.0076733801862601024 1.0 1.006833825081215 1.006833825081215 -0.00044210021082258244
59770.72485339098 3.901 0.018999999999999906 1.0070156317100791 0.007671792478236861 1.0 1.0068337691784262 1.0068337691784262 0.0001818625316529765
59770.72486933439 3.901 0.018999999999999906 1.0042398092513358 0.007671125712063933 1.0 1.0068337132756882 1.0068337132756882 -0.0025939040243523337
59770.72488527782 3.901 0.018999999999999906 1.003527052740085 0.007678120402026827 1.0 1.0068336573728993 1.0068336573728993 -0.0033066046328142917
59770.724901221234 3.901 0.018999999999999906 0.991748695659205 0.007632887194532997 1.0 1.0068336014701615 1.0068336014701615 -0.015084905810956561
59770.724917164654 3.901 0.018999999999999906 1.0032837008657438 0.007661250143630036 1.0 1.0068335455673982 1.0068335455673982 -0.0035498447016544254
59770.724933108075 3.901 0.018999999999999906 1.008911375605152 0.007694193153266912 1.0 1.0068334896646347 1.0068334896646347 0.0020778859405172767
59770.7249490515 3.901 0.018999999999999906 1.0005352079377061 0.007670427618770271 1.0 1.0068334337618459 1.0068334337618459 -0.006298225824139747
59770.72496499492 3.901 0.018999999999999906 1.0016794027440696 0.007640350017334915 1.0 1.0068333778590826 1.0068333778590826 -0.005153975115012921
59770.724980938336 3.901 0.018999999999999906 1.0089071872334563 0.007687173441334107 1.0 1.0068333219563448 1.0068333219563448 0.0020738652771115085
59770.72499688176 3.901 0.018999999999999906 1.0035543350207878 0.007671970147810565 1.0 1.0068332660535557 1.0068332660535557 -0.0032789310327678844
59770.725012825176 3.901 0.018999999999999906 0.9929462403455337 0.009344640938451455 1.0 1.006833210150818 1.006833210150818 -0.013886969805284255
59770.725028768604 3.901 0.018999999999999906 0.9935269930030375 0.007638829253077015 1.0 1.006833154248029 1.006833154248029 -0.013306161244991621
59770.72504471202 3.901 0.018999999999999906 1.018273540691296 0.007710856104641111 1.0 1.006833098345291 1.006833098345291 0.011440442346004831
59770.725060655444 3.901 0.018999999999999906 1.0180334818809178 0.0077050706998957495 1.0 1.0068330424425023 1.0068330424425023 0.011200439438415533
59770.72507659886 3.901 0.018999999999999906 1.012054867568504 0.007694380997731887 1.0 1.0068329865397645 1.0068329865397645 0.005221881028739439
59770.72509254228 3.901 0.018999999999999906 1.0062847897469558 0.007682533224845361 1.0 1.0068329306370012 1.0068329306370012 -0.000548140890045401
59770.725108485705 3.901 0.018999999999999906 1.0148090874635105 0.007695800906812034 1.0 1.0068328747342121 1.0068328747342121 0.007976212729298382
59770.725124429126 3.901 0.018999999999999906 1.013616362256459 0.0077022231187485485 1.0 1.0068328188314488 1.0068328188314488 0.006783543425010086
59770.725140372546 3.901 0.018999999999999906 1.0052126161496968 0.007684934438662035 1.0 1.0068327629286855 1.0068327629286855 -0.0016201467789886959
59770.72515631596 3.901 0.018999999999999906 1.0039983879765941 0.00767672180319916 1.0 1.0068327070259475 1.0068327070259475 -0.0028343190493533843
59770.72517225939 3.901 0.018999999999999906 1.0129060367236502 0.0076953246474352295 1.0 1.0068326511231587 1.0068326511231587 0.006073385600491532
59770.7251882028 3.901 0.018999999999999906 1.0063759439880249 0.007687029527862244 1.0 1.006832595220421 1.006832595220421 -0.00045665123239602146
59770.72520414623 3.901 0.018999999999999906 1.0100692751446707 0.007692460976323775 1.0 1.006832539317632 1.006832539317632 0.0032367358270386504
59770.72522008965 3.901 0.018999999999999906 1.0111203836020584 0.007676385178377526 1.0 1.0068324834148685 1.0068324834148685 0.00428790018718983
59770.72523603307 3.901 0.018999999999999906 1.010810513983881 0.0076897032938004865 1.0 1.0068324275121052 1.0068324275121052 0.003978086471775777
