eureka_custom_plots/data/stage5_lcfit_results/S5_wasp39b_ap4_bg8_Table_Save_ch44.txt
# %ECSV 1.0
# ---
# datatype:
# - {name: time, datatype: float64}
# - {name: wavelength, datatype: float64}
# - {name: bin_width, datatype: float64}
# - {name: lcdata, datatype: float64}
# - {name: lcerr, datatype: float64}
# - {name: transit, datatype: float64}
# - {name: polynom, datatype: float64}
# - {name: model, datatype: float64}
# - {name: residuals, datatype: float64}
# schema: astropy-2.0
time wavelength bin_width lcdata lcerr transit polynom model residuals
[from data line 12446]
59770.842452056 4.7059999999999995 0.018999999999999684 0.9778522430428546 0.0099341675855465 0.9777104426669121 1.0062819312169768 0.9838523524178656 -0.0060001093750110535
59770.84246799942 4.7059999999999995 0.018999999999999684 1.0023366141266823 0.010007834189330763 0.9777105759534732 1.00628187551236 0.9838524320787306 0.01848418204795166
59770.84248394284 4.7059999999999995 0.018999999999999684 0.9696353194279403 0.009934444946227087 0.9777107095700027 1.0062818198077432 0.9838525120716223 -0.01421719264368193
59770.84249988626 4.7059999999999995 0.018999999999999684 0.9872043709842776 0.00992977137730453 0.9777108435165845 1.0062817641031263 0.9838525923966244 0.0033517785876532313
59770.842515829674 4.7059999999999995 0.018999999999999684 0.9984901286915923 0.010003265775556592 0.9777109777932446 1.006281708398535 0.9838526730537882 0.014637455637804053
59770.8425317731 4.7059999999999995 0.018999999999999684 0.9846145293262699 0.009921454077520486 0.9777111124002463 1.0062816526938927 0.9838527540433042 0.0007617752829657265
59770.842547716515 4.7059999999999995 0.018999999999999684 0.9900378903846672 0.009950803581991685 0.977711247337433 1.0062815969893013 0.9838528353651138 0.006185055019553354
59770.84256365994 4.7059999999999995 0.018999999999999684 0.9948602100357974 0.009965065232167891 0.9777113826051318 1.006281541284659 0.983852917019447 0.011007293016350395
59770.842579603355 4.7059999999999995 0.018999999999999684 0.9871656789844854 0.009958242138346021 0.9777115182031808 1.0062814855800677 0.9838529990062401 0.0033126799782452476
59770.842595546776 4.7059999999999995 0.018999999999999684 0.9818363372102621 0.009913872371811003 0.977711654131854 1.0062814298754508 0.9838530813256943 -0.0020167441154321786
59770.842611490196 4.7059999999999995 0.018999999999999684 0.9667251050064617 0.0099025555860019 0.977711790391178 1.006281374170834 0.983853163977861 -0.01712805897139935
59770.84262743361 4.7059999999999995 0.018999999999999684 0.9964274609191405 0.009957905874543978 0.9777119269811675 1.0062813184662427 0.98385324696278 0.012574213956360492
59770.84264337704 4.7059999999999995 0.018999999999999684 0.9804245286562752 0.009954018307405534 0.9777120639021022 1.0062812627616005 0.983853330280658 -0.00342880162438286
59770.84265932045 4.7059999999999995 0.018999999999999684 0.9835767177607844 0.009937575684493253 0.9777122011538188 1.0062812070570089 0.9838534139314299 -0.00027669617064551844
59770.84267526388 4.7059999999999995 0.018999999999999684 0.9768564940044696 0.009927190000840608 0.9777123387366504 1.0062811513523666 0.9838534979153316 -0.006997003910861999
59770.84269120729 4.7059999999999995 0.018999999999999684 0.9870796110140945 0.009952122786804775 0.9777124766504365 1.0062810956477752 0.9838535822323011 0.003226028781793344
59770.84270715071 4.7059999999999995 0.018999999999999684 0.9758463288858135 0.009942943430642065 0.9777126148954475 1.0062810399431585 0.9838536668825357 -0.008007337996722264
59770.84272309413 4.7059999999999995 0.018999999999999684 0.984460951379483 0.009961867949294151 0.9777127534717106 1.0062809842385416 0.9838537518660876 0.0006071995133953845
59770.842739037544 4.7059999999999995 0.018999999999999684 0.9788074655350131 0.009937834464504422 0.9777128923792531 1.0062809285339502 0.9838538371830089 -0.005046371647995818
59770.84275498097 4.7059999999999995 0.018999999999999684 0.9830152592238586 0.009951475873839058 0.9777130316183473 1.006280872829308 0.9838539228334994 -0.0008386636096407996
59770.84277092439 4.7059999999999995 0.018999999999999684 0.9860679333294228 0.009978371924096237 0.9777131711888922 1.0062808171246913 0.9838540088175317 0.0022139245118910633
59770.84278686781 4.7059999999999995 0.018999999999999684 0.9935063320445892 0.009955413843795271 0.9777133110910401 1.0062807614200744 0.9838540951352339 0.009652236909355238
59770.842802811225 4.7059999999999995 0.018999999999999684 0.9936565072606367 0.009990611501953637 0.9777134513248182 1.006280705715483 0.9838541817866586 0.00980232547397808
59770.842818754645 4.7059999999999995 0.018999999999999684 0.9859917602983737 0.009926240399739644 0.9777135918904368 1.006280650010866 0.9838542687719675 0.0021374915264061878
59770.842834698065 4.7059999999999995 0.018999999999999684 0.9957380727296864 0.009946759360844331 0.977713732787924 1.0062805943062494 0.9838543560912136 0.011883716638472763
59770.842850641486 4.7059999999999995 0.018999999999999684 1.0011334198046054 0.009997064359598679 0.9777138740173724 1.0062805386016325 0.9838544437444902 0.017278976060115192
59770.842866584906 4.7059999999999995 0.018999999999999684 0.9848373331068746 0.009935969094494167 0.9777140155788634 1.0062804828970158 0.9838545317318791 0.0009828013749955122
59770.842882528326 4.7059999999999995 0.018999999999999684 0.9942109378126296 0.009984560078081621 0.97771415747249 1.0062804271923989 0.9838546200534736 0.01035631775915602
59770.84289847175 4.7059999999999995 0.018999999999999684 0.9877025447853017 0.009954116180387086 0.9777142996983462 1.006280371487782 0.9838547087093684 0.0038478360759333086
59770.84291441516 4.7059999999999995 0.018999999999999684 0.9820405583151482 0.009952689391904863 0.9777144422564475 1.0062803157831905 0.983854797699604 -0.0018142393844557958
59770.84293035858 4.7059999999999995 0.018999999999999684 0.9820681821653362 0.009910310096917629 0.9777145851470241 1.0062802600785739 0.9838548870243624 -0.0017867048590262113
59770.842946302 4.7059999999999995 0.018999999999999684 1.0108031073103303 0.010019544893974698 0.977714728370092 1.006280204373957 0.9838549766836839 0.02694813062664636
59770.84296224542 4.7059999999999995 0.018999999999999684 0.987796823524583 0.009948546744678637 0.9777148719257459 1.0062801486693402 0.9838550666776645 0.003941756846918443
59770.84297818884 4.7059999999999995 0.018999999999999684 0.9834671934786822 0.00993405395116534 0.9777150158140766 1.0062800929647233 0.9838551570063949 -0.00038796352771275355
59770.84299413226 4.7059999999999995 0.018999999999999684 0.9822695261251609 0.00992775667408195 0.977715160035179 1.0062800372601066 0.983855247669971 -0.0015857215448100703
59770.84301007568 4.7059999999999995 0.018999999999999684 1.00362523211323 0.010033418852779443 0.977715304589136 1.0062799815554897 0.9838553386684757 0.019769893444754216
59770.8430260191 4.7059999999999995 0.018999999999999684 0.9938986517040331 0.00994973055910414 0.9777154494760432 1.0062799258508728 0.9838554300020055 0.01004322170202765
59770.843041962515 4.7059999999999995 0.018999999999999684 0.9897987465405017 0.009949238794655394 0.977715594695929 1.0062798701462814 0.9838555216706136 0.005943224869888075
59770.84305790594 4.7059999999999995 0.018999999999999684 0.979008584538331 0.009974772101126293 0.9777157402490787 1.0062798144416392 0.9838556136745128 -0.004847029136181846
59770.843073849355 4.7059999999999995 0.018999999999999684 0.9789067097034081 0.009941345540753535 0.9777158861353191 1.0062797587370478 0.9838557060136278 -0.004948996310219722
59770.843089792776 4.7059999999999995 0.018999999999999684 0.9982474863907294 0.010001440665098378 0.9777160323549492 1.006279703032431 0.9838557986881851 0.014391687702544287
59770.843105736196 4.7059999999999995 0.018999999999999684 0.9985862738340813 0.009987677805333349 0.9777161789079855 1.0062796473278142 0.9838558916982256 0.014730382135855646
59770.843121679616 4.7059999999999995 0.018999999999999684 0.9844253529910308 0.009958344597551324 0.9777163257945247 1.0062795916231972 0.9838559850438472 0.0005693679471836521
59770.84313762304 4.7059999999999995 0.018999999999999684 0.9827278180284091 0.009960020851156205 0.9777164730146644 1.0062795359185805 0.9838560787251478 -0.0011282606967386588
59770.84315356646 4.7059999999999995 0.018999999999999684 0.9981024682886986 0.010003765334782018 0.977716620568489 1.0062794802139636 0.9838561727422122 0.014246295546486487
59770.84316950988 4.7059999999999995 0.018999999999999684 0.9933477296963618 0.009967349306364896 0.9777167684560962 1.006279424509347 0.983856267095139 0.0094914626012228
59770.84318545329 4.7059999999999995 0.018999999999999684 0.9804847232128898 0.009912457049203292 0.9777169166775154 1.0062793688047555 0.983856361783982 -0.003371638571092128
59770.84320139671 4.7059999999999995 0.018999999999999684 0.9972904361820003 0.009976278392123561 0.9777170652329689 1.0062793131001386 0.9838564568089153 0.013433979373084992
59770.84321734013 4.7059999999999995 0.018999999999999684 0.9976385638512372 0.01001792324841605 0.9777172141224867 1.006279257395522 0.9838565521699945 0.013782011681242712
59770.84323328356 4.7059999999999995 0.018999999999999684 0.977148807127249 0.009937764058873137 0.977717363346232 1.0062792016908797 0.9838566478673582 -0.006707840740109106
59770.84324922697 4.7059999999999995 0.018999999999999684 0.9904789024712995 0.009967442121827175 0.9777175129040965 1.006279145986288 0.9838567439009718 0.006622158570327774
59770.84326517039 4.7059999999999995 0.018999999999999684 0.9883147641539594 0.009942273638844704 0.9777176627963734 1.0062790902816714 0.9838568402710566 0.004457923882902781
59770.84328111381 4.7059999999999995 0.018999999999999684 0.9922164123681733 0.011542822815634513 0.9777178130230977 1.0062790345770545 0.9838569369776718 0.008359475390501414
59770.843297057225 4.7059999999999995 0.018999999999999684 0.9930300660296004 0.009999496382577775 0.9777179635842859 1.006278978872463 0.9838570340208592 0.0091730320087412
59770.84331300065 4.7059999999999995 0.018999999999999684 0.9937589352565488 0.009971398353652211 0.9777181144802468 1.0062789231678209 0.983857131400855 0.009901803855693836
59770.843328944065 4.7059999999999995 0.018999999999999684 0.9881738358893616 0.00993417845179822 0.9777182657108014 1.0062788674632295 0.9838572291175781 0.004316606771783471
59770.84334488749 4.7059999999999995 0.018999999999999684 0.9672983192445102 0.00990044361474394 0.9777184172763169 1.0062788117585872 0.9838573271712988 -0.01655900792678866
59770.843360830906 4.7059999999999995 0.018999999999999684 0.9927329959272346 0.009949686839256712 0.9777185691766129 1.0062787560539959 0.9838574255619348 0.008875570365299845
59770.843376774326 4.7059999999999995 0.018999999999999684 0.9996098265544264 0.009991883908744396 0.9777187214120012 1.006278700349379 0.9838575242897251 0.015752302264701368
59770.84339271775 4.7059999999999995 0.018999999999999684 0.9791070923201196 0.009935172891587645 0.977718873982499 1.0062786446447622 0.9838576233547122 -0.004750531034592553
59770.84340866116 4.7059999999999995 0.018999999999999684 0.9975047505817884 0.009952254258853712 0.9777190268881369 1.0062785889401709 0.9838577227569514 0.013647027824837066
59770.84342460459 4.7059999999999995 0.018999999999999684 0.974553407963717 0.00996185528801047 0.9777191801292289 1.0062785332355286 0.9838578224966841 -0.009304414532967042
59770.843440548 4.7059999999999995 0.018999999999999684 0.9949847588822633 0.01000558929135849 0.9777193337055794 1.0062784775309372 0.9838579225738128 0.011126836308450572
59770.84345649143 4.7059999999999995 0.018999999999999684 0.9855281238715884 0.009943608399039513 0.977719487617575 1.006278421826295 0.9838580229886271 0.0016701008829612674
59770.84347243484 4.7059999999999995 0.018999999999999684 0.9876173613348634 0.00993427094388303 0.9777196418650327 1.0062783661217034 0.9838581237410421 0.003759237593821352
59770.84348837826 4.7059999999999995 0.018999999999999684 0.9853796295194289 0.009953012946749447 0.9777197964482556 1.0062783104170867 0.9838582248312886 0.0015214046881403265
59770.84350432168 4.7059999999999995 0.018999999999999684 0.9973731239568627 0.011556042932347639 0.977719951367275 1.0062782547124698 0.9838583262594223 0.013514797697440462
59770.8435202651 4.7059999999999995 0.018999999999999684 0.9899361657568332 0.009972648901933915 0.9777201066221939 1.006278199007853 0.9838584280255473 0.006077737731285837
59770.84353620852 4.7059999999999995 0.018999999999999684 0.9996015672100986 0.009979813234243972 0.9777202622131016 1.0062781433032362 0.9838585301297531 0.015743037080345523
59770.843552151935 4.7059999999999995 0.018999999999999684 0.9781318429498191 0.00994465752242275 0.9777204181400296 1.0062780875986448 0.9838586325720964 -0.00572678962227724
59770.84356809536 4.7059999999999995 0.018999999999999684 0.9889082453547603 0.009972556024851474 0.9777205744032983 1.0062780318940026 0.9838587353528248 0.005049510001935542
59770.843584038776 4.7059999999999995 0.018999999999999684 0.9904967174540644 0.009961328279609336 0.9777207310027083 1.0062779761894112 0.983858838471837 0.006637878982227452
59770.8435999822 4.7059999999999995 0.018999999999999684 0.9740544822447577 0.009927969980399819 0.9777208879386539 1.006277920484769 0.9838589419294305 -0.009804459684672806
59770.843615925616 4.7059999999999995 0.018999999999999684 0.9769341474181442 0.009918557925896972 0.9777210452109486 1.0062778647801776 0.9838590457255169 -0.00692489830737264
59770.84363186904 4.7059999999999995 0.018999999999999684 0.9710300103791796 0.009925573998392575 0.9777212028199018 1.0062778090755606 0.9838591498603326 -0.012829139481153051
59770.84364781246 4.7059999999999995 0.018999999999999684 1.0003480206541584 0.009980544846679623 0.9777213607655455 1.006277753370944 0.9838592543339353 0.016488766320223114
59770.84366375587 4.7059999999999995 0.018999999999999684 0.9793427618812641 0.009932641495847062 0.9777215190479113 1.0062776976663526 0.983859359146381 -0.004516597265116884
59770.8436796993 4.7059999999999995 0.018999999999999684 0.9872215057746786 0.009942355040341697 0.9777216776673109 1.0062776419617103 0.983859464297909 0.0033620414767695506
59770.84369564272 4.7059999999999995 0.018999999999999684 0.9735628688472625 0.009903780209514103 0.9777218366236295 1.0062775862570934 0.9838595697884782 -0.010296700941215708
59770.84371158614 4.7059999999999995 0.018999999999999684 0.9806931432085286 0.009923822386265196 0.9777219959170421 1.0062775305524765 0.9838596756182396 -0.003166532409710987
59770.84372752955 4.7059999999999995 0.018999999999999684 0.9928102052548845 0.009934138240166623 0.9777221555475805 1.006277474847885 0.9838597817872504 0.008950423467634083
59770.84374347297 4.7059999999999995 0.018999999999999684 0.9868906133452016 0.009938111330197527 0.9777223155154848 1.0062774191432684 0.9838598882957025 0.0030307250494990834
59770.84375941639 4.7059999999999995 0.018999999999999684 0.9982625825975913 0.010018786767425484 0.9777224758207924 1.0062773634386515 0.9838599951436576 0.014402587453933635
59770.84377535981 4.7059999999999995 0.018999999999999684 0.975864365331684 0.009903734655546491 0.9777226364635963 1.0062773077340348 0.98386010233121 -0.007995736999526049
59770.84379130323 4.7059999999999995 0.018999999999999684 0.9693637874425326 0.00988274253708153 0.977722797444003 1.0062772520294179 0.9838602098584666 -0.014496422415933963
59770.84380724665 4.7059999999999995 0.018999999999999684 0.9861201746887613 0.0099585875777024 0.9777229587621156 1.0062771963248012 0.9838603177255308 0.0022598569632305
59770.84382319007 4.7059999999999995 0.018999999999999684 0.9881742157082773 0.009967952073871182 0.9777231204180412 1.0062771406201843 0.9838604259325106 0.0043137897757667965
59770.843839133486 4.7059999999999995 0.018999999999999684 0.9876941491633668 0.009944711108255498 0.9777232824117987 1.0062770849155929 0.9838605344794498 0.003833614683917075
59770.843855076906 4.7059999999999995 0.018999999999999684 0.9597547454779831 0.00988615566556403 0.9777234447436505 1.006277029210976 0.9838606433665624 -0.02410589788857931
59770.843871020326 4.7059999999999995 0.018999999999999684 0.9753506672772181 0.009946808084577667 0.9777236074136159 1.0062769735063593 0.9838607525938932 -0.008510085316675076
