eureka_custom_plots/data/stage5_lcfit_results/S5_wasp39b_ap4_bg8_Table_Save_ch30.txt
# %ECSV 1.0
# ---
# datatype:
# - {name: time, datatype: float64}
# - {name: wavelength, datatype: float64}
# - {name: bin_width, datatype: float64}
# - {name: lcdata, datatype: float64}
# - {name: lcerr, datatype: float64}
# - {name: transit, datatype: float64}
# - {name: polynom, datatype: float64}
# - {name: model, datatype: float64}
# - {name: residuals, datatype: float64}
# schema: astropy-2.0
time wavelength bin_width lcdata lcerr transit polynom model residuals
[from data line 15055]
59770.884048436805 4.1690000000000005 0.018999999999999684 0.9879086897671767 0.006679342108813631 0.9865499680979287 1.0061939400628632 0.9926605994693469 -0.0047519097021702095
59770.88406438023 4.1690000000000005 0.018999999999999684 0.9997479764932746 0.006709413113023505 0.9865725079932175 1.0061938960422838 0.9926832355459027 0.0070647409473719724
59770.884080323645 4.1690000000000005 0.018999999999999684 0.9994017549382571 0.006701152954297456 0.9865950554176663 1.0061938520217446 0.9927058791963083 0.0066958757419488535
59770.88409626707 4.1690000000000005 0.018999999999999684 0.9846913043753818 0.006685880786893901 0.9866176103355752 1.0061938080011652 0.9927285303845621 -0.008037226009180332
59770.884112210486 4.1690000000000005 0.018999999999999684 0.9805077952318072 0.0066693168310712455 0.9866401726285383 1.0061937639806258 0.9927511889916033 -0.012243393759796106
59770.8841281539 4.1690000000000005 0.018999999999999684 0.9845799543675282 0.006676599956605617 0.986662742238917 1.0061937199600866 0.992773854959396 -0.008193900591867753
59770.88414409733 4.1690000000000005 0.018999999999999684 0.9913152428917158 0.006688285789860734 0.9866853191111727 1.0061936759395071 0.9927965282320166 -0.0014812853403007864
59770.88416004075 4.1690000000000005 0.018999999999999684 0.9973845191783405 0.006704957898395293 0.9867079031376577 1.006193631918948 0.9928192087012092 0.004565310477131268
59770.88417598416 4.1690000000000005 0.018999999999999684 0.9985989156838331 0.006714801968388038 0.9867304942401898 1.0061935878984087 0.9928418962883067 0.005757019395526419
59770.88419192758 4.1690000000000005 0.018999999999999684 0.9831776450649918 0.006680547038647268 0.9867530923642343 1.0061935438778493 0.9928645909383956 -0.009686945873403796
59770.884207871 4.1690000000000005 0.018999999999999684 0.9920949061778344 0.006698784513615729 0.9867756974213939 1.0061934998572901 0.9928872925625507 -0.0007923863847163481
59770.88422381442 4.1690000000000005 0.018999999999999684 0.9887969648607915 0.006694631701491131 0.9867983093357904 1.0061934558367307 0.9929100010844221 -0.004113036223630573
59770.88423975784 4.1690000000000005 0.018999999999999684 0.9869113233581495 0.006684340567146237 0.9868209280316572 1.0061934118161715 0.9929327164277738 -0.006021393069624348
59770.884255701254 4.1690000000000005 0.018999999999999684 1.0019603319535155 0.006721536008017871 0.9868435534209017 1.0061933677956323 0.992955438503986 0.009004893449529483
59770.88427164468 4.1690000000000005 0.018999999999999684 0.9815690508579366 0.00666137703945406 0.986866185459382 1.0061933237750529 0.9929781672685833 -0.011409116410646791
59770.884287588095 4.1690000000000005 0.018999999999999684 0.9995507316924014 0.006710382995916762 0.9868888240297657 1.0061932797545134 0.9930009026035849 0.006549829088816517
59770.884303531515 4.1690000000000005 0.018999999999999684 0.9837915032633876 0.006679452451863397 0.986911469086166 1.0061932357339542 0.9930236444627597 -0.009232141199372101
59770.884319474935 4.1690000000000005 0.018999999999999684 0.9935788487813696 0.006693258726798798 0.9869341205428701 1.0061931917133948 0.9930463927598828 0.0005324560214867713
59770.884335418355 4.1690000000000005 0.018999999999999684 0.9777801413408224 0.006657760229615084 0.9869567783247472 1.0061931476928356 0.9930691474193576 -0.015289006078535228
59770.884351361776 4.1690000000000005 0.018999999999999684 0.987424765505606 0.006684957734403038 0.9869794423547963 1.0061931036722762 0.9930919083637049 -0.005667142858098884
59770.88436730519 4.1690000000000005 0.018999999999999684 0.9897724968019871 0.006698083625936894 0.9870021125482572 1.006193059651737 0.993114675507659 -0.0033421787056718832
59770.88438324861 4.1690000000000005 0.018999999999999684 0.996236158397992 0.006694520332594917 0.9870247888493104 1.0061930156311778 0.9931374487950142 0.003098709602977756
59770.88439919203 4.1690000000000005 0.018999999999999684 0.9941457369556707 0.00670012811787346 0.9870474711727382 1.0061929716106184 0.9931602281400436 0.0009855088156270897
59770.88441513545 4.1690000000000005 0.018999999999999684 1.0040080220435426 0.006731208061726272 0.98707015944391 1.0061929275900592 0.9931830134676543 0.010825008575888306
59770.88443107887 4.1690000000000005 0.018999999999999684 0.9876897069512246 0.006671898596057382 0.9870928535863293 1.0061928835694998 0.9932058047008747 -0.005516097749650117
59770.88444702229 4.1690000000000005 0.018999999999999684 1.0047717156546794 0.006707570632870184 0.9871155535255585 1.0061928395489403 0.9932286017648057 0.011543113889873724
59770.8844629657 4.1690000000000005 0.018999999999999684 1.0004058003358893 0.006724048565484348 0.9871382591767554 1.0061927955284011 0.9932514045740989 0.007154395761790444
59770.88447890912 4.1690000000000005 0.018999999999999684 0.9842167383543096 0.0066788129625980595 0.9871609704847183 1.006192751507842 0.9932742130731702 -0.009057474718860647
59770.884494852544 4.1690000000000005 0.018999999999999684 0.9930155014176829 0.006700411014913991 0.9871836873647964 1.0061927074872825 0.9932970271768636 -0.000281525759180723
59770.884510795964 4.1690000000000005 0.018999999999999684 1.0027361353932684 0.006724326083128121 0.9872064097429363 1.0061926634667233 0.9933198468106664 0.009416288582602017
59770.884526739384 4.1690000000000005 0.018999999999999684 1.0042619787045663 0.00672990735063037 0.9872291375432112 1.006192619446164 0.9933426718981809 0.01091930680638542
59770.8845426828 4.1690000000000005 0.018999999999999684 0.9960211117289586 0.006702185219852724 0.9872518706812297 1.0061925754256247 0.9933655023545123 0.0026556093744463105
59770.884558626225 4.1690000000000005 0.018999999999999684 0.9932480629998767 0.006697449004310351 0.9872746091147778 1.0061925314050453 0.9933883381371249 -0.00014027513724823581
59770.88457456964 4.1690000000000005 0.018999999999999684 0.9909289518057395 0.006687763428706618 0.9872973527261165 1.006192487384506 0.9934111791276292 -0.0024822273218897406
59770.88459051305 4.1690000000000005 0.018999999999999684 0.9997265418733051 0.006715757964502212 0.9873201014633485 1.0061924433639668 0.9934340252737662 0.006292516599538889
59770.88460645648 4.1690000000000005 0.018999999999999684 0.9887490349608397 0.006689897774650022 0.9873428552720515 1.0061923993433874 0.9934568765207364 -0.004707841559896786
59770.8846223999 4.1690000000000005 0.018999999999999684 0.9921170219838569 0.006697243219884026 0.9873656140472323 1.006192355322828 0.9934797327629551 -0.0013627107790982196
59770.88463834332 4.1690000000000005 0.018999999999999684 0.9823702098928212 0.006680198460139189 0.9873883777254279 1.0061923113022688 0.9935025939365459 -0.011132384043724741
59770.88465428673 4.1690000000000005 0.018999999999999684 0.9916621347840453 0.00668305705659726 0.987411146222865 1.0061922672817296 0.993525459957236 -0.0018633251731906553
59770.88467023015 4.1690000000000005 0.018999999999999684 0.9932188740475877 0.006697240509521286 0.9874339194854805 1.0061922232611702 0.993548330770587 -0.0003294567229993328
59770.88468617357 4.1690000000000005 0.018999999999999684 0.9949339216862069 0.006696941139289048 0.9874566974303306 1.006192179240611 0.993571206293161 0.001362715393045888
59770.88470211699 4.1690000000000005 0.018999999999999684 0.9959413835186346 0.0067003222047490275 0.9874794799824533 1.0061921352200516 0.9935940864495308 0.0023472970691037487
59770.88471806041 4.1690000000000005 0.018999999999999684 0.9865652664844113 0.006678723057593777 0.9875022670689484 1.0061920911994924 0.9936169711663448 -0.007051704681933502
59770.884734003834 4.1690000000000005 0.018999999999999684 0.9954136124106118 0.00671413494297615 0.9875250586169971 1.006192047178933 0.9936398603703321 0.0017737520402796303
59770.88474994725 4.1690000000000005 0.018999999999999684 0.9970918424496013 0.006705001834145845 0.9875478545413404 1.0061920031583937 0.9936627539757253 0.0034290884738759075
59770.88476589067 4.1690000000000005 0.018999999999999684 0.9931098555175928 0.006697912809602357 0.9875706547904153 1.0061919591378345 0.993685651930602 -0.0005757964130091997
59770.88478183409 4.1690000000000005 0.018999999999999684 0.9993858352093498 0.006709998169280734 0.9875934592811073 1.0061919151172751 0.9937085541513521 0.005677281057997696
59770.88479777751 4.1690000000000005 0.018999999999999684 0.9955315463915557 0.006693415041230481 0.9876162679389424 1.0061918710967157 0.9937314605630397 0.0018000858285159849
59770.88481372093 4.1690000000000005 0.018999999999999684 1.0039083755991458 0.006717342301973458 0.9876390806915069 1.0061918270761565 0.9937543710928028 0.010154004506342962
59770.88482966434 4.1690000000000005 0.018999999999999684 0.9951991655162065 0.006693693716581573 0.9876618974559096 1.0061917830556173 0.9937772856572559 0.001421879858950592
59770.88484560777 4.1690000000000005 0.018999999999999684 0.9955694379502824 0.006696894902956333 0.987684718189588 1.006191739035038 0.9938002042135129 0.0017692337367695155
59770.88486155118 4.1690000000000005 0.018999999999999684 1.004690274354504 0.006728149623204994 0.9877075427787868 1.0061916950144987 0.993823126647193 0.01086714770731112
59770.8848774946 4.1690000000000005 0.018999999999999684 0.9899795973099411 0.006686097330179663 0.987730371181103 1.0061916509939393 0.9938460529155704 -0.00386645560562926
59770.88489343802 4.1690000000000005 0.018999999999999684 0.9901297719049493 0.006690086423580361 0.9877532033139466 1.00619160697338 0.9938689829355637 -0.0037392110306143644
59770.88490938144 4.1690000000000005 0.018999999999999684 0.9870839068033701 0.006698063764919167 0.9877760391047082 1.0061915629528206 0.9938919166341128 -0.006808009830742701
59770.88492532486 4.1690000000000005 0.018999999999999684 0.9975836400018031 0.006707323720930099 0.9877988784815072 1.0061915189322614 0.993914853938892 0.0036687860629111
59770.884941268276 4.1690000000000005 0.018999999999999684 0.9923340119408405 0.006709359924175169 0.9878217213599927 1.0061914749117222 0.9939377947650474 -0.001603782824206923
59770.884957211696 4.1690000000000005 0.018999999999999684 0.9947705931227289 0.006703866320504066 0.9878445676902261 1.0061914308911628 0.9939607390622908 0.0008098540604380977
59770.884973155116 4.1690000000000005 0.018999999999999684 0.9983426008244757 0.006713995728674894 0.9878674173880024 1.0061913868706034 0.9939836867459154 0.004358914078560261
59770.88498909854 4.1690000000000005 0.018999999999999684 0.9833786195004192 0.006681165660185592 0.9878902703817318 1.0061913428500442 0.994006637743888 -0.010628018243468818
59770.88500504195 4.1690000000000005 0.018999999999999684 0.9965774796838806 0.006713450818573391 0.9879131265893223 1.006191298829505 0.9940295919736274 0.0025478877102531605
59770.88502098538 4.1690000000000005 0.018999999999999684 0.9872459278745863 0.006687277075279619 0.9879359859690694 1.0061912548089256 0.994052549393111 -0.006806621518524736
59770.88503692879 4.1690000000000005 0.018999999999999684 0.997238712017034 0.006706349867784266 0.9879588484072919 1.0061912107883864 0.9940755098880328 0.003163202129001119
59770.88505287221 4.1690000000000005 0.018999999999999684 0.9960398095950956 0.006701239505704942 0.9879817138644136 1.006191166767827 0.9940984734185117 0.0019413361765839854
59770.88506881563 4.1690000000000005 0.018999999999999684 1.0034415315284344 0.00671171988486787 0.9880045822566298 1.0061911227472677 0.9941214399002436 0.009320091628190807
59770.88508475905 4.1690000000000005 0.018999999999999684 "" "" 0.9880274535127677 1.0061910787267083 0.9941444092616144 ""
59770.88510070247 4.1690000000000005 0.018999999999999684 0.9855969337755378 0.00769633720880792 0.9880503275617203 1.0061910347061491 0.9941673814310769 -0.008570447655539049
59770.885116645884 4.1690000000000005 0.018999999999999684 "" "" 0.9880732043198776 1.0061909906856097 0.9941903563245225 ""
59770.88513258931 4.1690000000000005 0.018999999999999684 0.9930026097021117 0.0066962784906031145 0.9880960837480202 1.0061909466650303 0.9942133339024295 -0.0012107242003177587
59770.885148532725 4.1690000000000005 0.018999999999999684 0.9960703312435556 0.006714589319495919 0.9881189657328935 1.006190902644491 0.994236314050921 0.0018340171926345405
59770.885164476145 4.1690000000000005 0.018999999999999684 0.9932026313799153 0.006694862416229336 0.9881418502334215 1.0061908586239319 0.994259296728607 -0.0010566653486917543
59770.885180419566 4.1690000000000005 0.018999999999999684 0.9961451341385228 0.006701545881458772 0.9881647371688991 1.0061908146033725 0.994282281854302 0.001862852284220784
59770.885196362986 4.1690000000000005 0.018999999999999684 0.9958675490593303 0.006708309594418437 0.9881876264666182 1.0061907705828133 0.9943052693548478 0.0015622797044825276
59770.8852123064 4.1690000000000005 0.018999999999999684 0.9999794326110106 0.0067125109199380984 0.9882105180453257 1.006190726562274 0.9943282591485074 0.005651173462503212
59770.88522824982 4.1690000000000005 0.018999999999999684 0.9789662912925027 0.006668721335373885 0.9882334118556079 1.0061906825417146 0.9943512511855215 -0.015384959893018801
59770.88524419324 4.1690000000000005 0.018999999999999684 0.989109580740701 0.006685393968725551 0.9882563078143503 1.0061906385211554 0.9943742453822806 -0.005264664641579597
59770.88526013666 4.1690000000000005 0.018999999999999684 0.999255107593609 0.006731507005199405 0.9882792058510746 1.006190594500596 0.9943972416678697 0.004857865925739335
59770.88527608008 4.1690000000000005 0.018999999999999684 0.9923090316099914 0.006689446361838443 0.9883021058953607 1.0061905504800368 0.9944202399714326 -0.002111208361441186
59770.88529202349 4.1690000000000005 0.018999999999999684 1.0000117805897604 0.006707383445188138 0.9883250078642669 1.0061905064594974 0.9944432402095335 0.005568540380226916
59770.88530796692 4.1690000000000005 0.018999999999999684 0.9930362975624014 0.006699323044364614 0.9883479117192808 1.006190462438918 0.994466242343362 -0.0014299447809605903
59770.885323910334 4.1690000000000005 0.018999999999999684 0.9952735717570088 0.006706790734605702 0.9883708173477697 1.0061904184183788 0.9944892462596674 0.0007843254973414204
59770.88533985376 4.1690000000000005 0.018999999999999684 0.9964565150935224 0.006704574485828281 0.988393724719948 1.0061903743977993 0.9945122519283999 0.0019442631651225284
59770.885355797174 4.1690000000000005 0.018999999999999684 0.9817342823831271 0.0066939211055147396 0.9884166337232912 1.0061903303772601 0.9945352592364177 -0.012800976853290624
59770.885371740595 4.1690000000000005 0.018999999999999684 0.9837130833836217 0.0066806752808184905 0.9884395443195191 1.006190286356701 0.9945582681451439 -0.010845184761522186
59770.885387684015 4.1690000000000005 0.018999999999999684 0.9979327485218128 0.006712875228805167 0.9884624564260236 1.0061902423361415 0.9945812785714784 0.003351469950334418
59770.88540362743 4.1690000000000005 0.018999999999999684 0.9985239420173047 0.006719914923508216 0.9884853699628956 1.0061901983156023 0.9946042904350374 0.003919651582267258
59770.88541957085 4.1690000000000005 0.018999999999999684 0.9889583995452313 0.006684321077997573 0.9885082848794374 1.006190154295043 0.9946273036847696 -0.0056689041395382445
59770.88543551427 4.1690000000000005 0.018999999999999684 0.9867773610963357 0.006685157515463213 0.9885312010951859 1.0061901102744837 0.9946503182397329 -0.007872957143397197
59770.88545145769 4.1690000000000005 0.018999999999999684 0.9914705423830298 0.0066910237384759635 0.9885541185403319 1.0061900662539243 0.9946733340296863 -0.0032027916466564887
59770.88546740111 4.1690000000000005 0.018999999999999684 0.9933057441829335 0.0067020125278534895 0.9885770371431283 1.006190022233365 0.9946963509824384 -0.0013906067995048677
