eureka_custom_plots/data/stage5_lcfit_results/S5_wasp39b_ap4_bg8_Table_Save_ch47.txt
# %ECSV 1.0
# ---
# datatype:
# - {name: time, datatype: float64}
# - {name: wavelength, datatype: float64}
# - {name: bin_width, datatype: float64}
# - {name: lcdata, datatype: float64}
# - {name: lcerr, datatype: float64}
# - {name: transit, datatype: float64}
# - {name: polynom, datatype: float64}
# - {name: model, datatype: float64}
# - {name: residuals, datatype: float64}
# schema: astropy-2.0
time wavelength bin_width lcdata lcerr transit polynom model residuals
[from data line 16784]
59770.91161460821 4.821 0.019000000000000128 1.0092360497337929 0.010569223695106413 1.0 1.0060293373982896 1.0060293373982896 0.0032067123355032923
59770.91163055163 4.821 0.019000000000000128 0.9862747299887111 0.010482409125358378 1.0 1.0060292845995136 1.0060292845995136 -0.019754554610802444
59770.91164649505 4.821 0.019000000000000128 1.0077821563681535 0.010569373032202217 1.0 1.0060292318007378 1.0060292318007378 0.0017529245674157146
59770.91166243847 4.821 0.019000000000000128 1.008996087133257 0.010564630760061913 1.0 1.0060291790019618 1.0060291790019618 0.0029669081312952983
59770.91167838188 4.821 0.019000000000000128 0.9994227250390345 0.010535551167681557 1.0 1.00602912620321 1.00602912620321 -0.006606401164175435
59770.91169432531 4.821 0.019000000000000128 0.994411591069884 0.010500120345443556 1.0 1.00602907340441 1.00602907340441 -0.011617482334525975
59770.91171026872 4.821 0.019000000000000128 1.0132964695003643 0.010562678347713449 1.0 1.006029020605658 1.006029020605658 0.00726744889470643
59770.911726212136 4.821 0.019000000000000128 1.0172555951164508 0.01058799374353867 1.0 1.006028967806906 1.006028967806906 0.011226627309544712
59770.911742155564 4.821 0.019000000000000128 1.0226180639968987 0.010578714070891601 1.0 1.006028915008106 1.006028915008106 0.0165891489887926
59770.91175809898 4.821 0.019000000000000128 1.030446835982781 0.010616638762292185 1.0 1.0060288622093543 1.0060288622093543 0.024417973773426693
59770.9117740424 4.821 0.019000000000000128 0.9882908251877389 0.010466025976044003 1.0 1.0060288094105783 1.0060288094105783 -0.017737984222839343
59770.91178998582 4.821 0.019000000000000128 0.9845009547805817 0.010486749446786868 1.0 1.0060287566118025 1.0060287566118025 -0.021527801831220716
59770.91180592924 4.821 0.019000000000000128 1.0297513537343614 0.010602463413591003 1.0 1.0060287038130264 1.0060287038130264 0.023722649921334993
59770.91182187265 4.821 0.019000000000000128 0.9971166086100661 0.010492387281860936 1.0 1.0060286510142746 1.0060286510142746 -0.008912042404208509
59770.91183781607 4.821 0.019000000000000128 1.0154004213889305 0.010568320875158377 1.0 1.0060285982154986 1.0060285982154986 0.009371823173431881
59770.91185375949 4.821 0.019000000000000128 1.0207873271468444 0.010588706043758401 1.0 1.0060285454167228 1.0060285454167228 0.014758781730121573
59770.91186970291 4.821 0.019000000000000128 0.9973341843398391 0.010518308893694045 1.0 1.0060284926179468 1.0060284926179468 -0.008694308278107687
59770.91188564633 4.821 0.019000000000000128 1.0168417265468412 0.010549517168719245 1.0 1.0060284398191708 1.0060284398191708 0.010813286727670457
59770.911901589745 4.821 0.019000000000000128 1.0131091681997346 0.010571539390206618 1.0 1.006028387020419 1.006028387020419 0.007080781179315654
59770.91191753317 4.821 0.019000000000000128 1.0093178317243032 0.010575687916228056 1.0 1.006028334221619 1.006028334221619 0.0032894975026842577
59770.911933476586 4.821 0.019000000000000128 0.9998215563025051 0.010539077037337844 1.0 1.0060282814228672 1.0060282814228672 -0.006206725120362022
59770.911949420006 4.821 0.019000000000000128 0.9876960318250733 0.010467276793738168 1.0 1.0060282286240911 1.0060282286240911 -0.018332196799017875
59770.911965363426 4.821 0.019000000000000128 1.0095221812737347 0.010601476056382524 1.0 1.0060281758253153 1.0060281758253153 0.0034940054484193794
59770.91198130685 4.821 0.019000000000000128 0.9997814864711447 0.010546360464732759 1.0 1.0060281230265393 1.0060281230265393 -0.006246636555394591
59770.91199725026 4.821 0.019000000000000128 1.017796651909483 0.010567268712877467 1.0 1.0060280702277875 1.0060280702277875 0.011768581681695478
59770.91201319368 4.821 0.019000000000000128 1.0293757659089613 0.01061381015663812 1.0 1.0060280174290115 1.0060280174290115 0.023347748479949804
59770.9120291371 4.821 0.019000000000000128 1.0117436916683626 0.010506673433024026 1.0 1.0060279646302357 1.0060279646302357 0.00571572703812695
59770.91204508051 4.821 0.019000000000000128 1.0026234806309402 0.010527694909619313 1.0 1.0060279118314839 1.0060279118314839 -0.0034044312005436783
59770.91206102394 4.821 0.019000000000000128 1.002476669312638 0.010521230887588317 1.0 1.0060278590326837 1.0060278590326837 -0.0035511897200457554
59770.912076967354 4.821 0.019000000000000128 1.0030992228068332 0.010504299723950268 1.0 1.0060278062339318 1.0060278062339318 -0.0029285834270986744
59770.912092910774 4.821 0.019000000000000128 0.9972373176685704 0.010531135965563992 1.0 1.006027753435156 1.006027753435156 -0.00879043576658567
59770.912108854194 4.821 0.019000000000000128 1.020269499686995 0.010530071760075178 1.0 1.00602770063638 1.00602770063638 0.014241799050614956
59770.912124797615 4.821 0.019000000000000128 0.9943063067299123 0.010474361968219634 1.0 1.006027647837604 1.006027647837604 -0.01172134110769174
59770.912140741035 4.821 0.019000000000000128 1.0055123803826072 0.010513244898322536 1.0 1.0060275950388282 1.0060275950388282 -0.0005152146562210635
59770.912156684455 4.821 0.019000000000000128 1.0008429695989134 0.010542828478457172 1.0 1.0060275422400522 1.0060275422400522 -0.005184572641138807
59770.91217262787 4.821 0.019000000000000128 1.0017212513144196 0.010522285123090176 1.0 1.0060274894413004 1.0060274894413004 -0.004306238126880801
59770.91218857129 4.821 0.019000000000000128 1.0085648418352515 0.01055615548096895 1.0 1.0060274366425244 1.0060274366425244 0.00253740519272716
59770.91220451471 4.821 0.019000000000000128 0.984580097502596 0.01207950073028118 1.0 1.0060273838437486 1.0060273838437486 -0.02144728634115256
59770.91222045812 4.821 0.019000000000000128 1.0073774534211786 0.010560771767724792 1.0 1.0060273310449965 1.0060273310449965 0.0013501223761820391
59770.91223640155 4.821 0.019000000000000128 0.9924992114434487 0.010508282581380873 1.0 1.0060272782461965 1.0060272782461965 -0.013528066802747873
59770.91225234496 4.821 0.019000000000000128 0.9885646049823927 0.010463058522313906 1.0 1.0060272254474447 1.0060272254474447 -0.01746262046505198
59770.91226828838 4.821 0.019000000000000128 0.9879179087816812 0.0104787397191995 1.0 1.006027172648669 1.006027172648669 -0.018109263866987746
59770.9122842318 4.821 0.019000000000000128 1.0125612478811108 0.010560420686179033 1.0 1.006027119849893 1.006027119849893 0.0065341280312178895
59770.912300175216 4.821 0.019000000000000128 1.0085684017384107 0.010542626415519316 1.0 1.006027067051141 1.006027067051141 0.002541334687269581
59770.912316118636 4.821 0.019000000000000128 0.9989870100360465 0.01048488863044793 1.0 1.006027014252365 1.006027014252365 -0.007040004216318563
59770.912332062064 4.821 0.019000000000000128 0.9874400069082189 0.010519537239226405 1.0 1.006026961453565 1.006026961453565 -0.0185869545453462
59770.91234800548 4.821 0.019000000000000128 0.998007023152456 0.010514567001819053 1.0 1.0060269086548133 1.0060269086548133 -0.008019885502357216
59770.91236394889 4.821 0.019000000000000128 1.0006254494019515 0.010528798531548355 1.0 1.0060268558560614 1.0060268558560614 -0.005401406454109914
59770.91237989232 4.821 0.019000000000000128 1.002229564568254 0.010502837752684435 1.0 1.0060268030572614 1.0060268030572614 -0.0037972384890074817
59770.91239583573 4.821 0.019000000000000128 1.0279144443236028 0.010585799690785923 1.0 1.0060267502585094 1.0060267502585094 0.021887694065093388
59770.91241177916 4.821 0.019000000000000128 0.9898978797977364 0.010473436148834829 1.0 1.0060266974597094 1.0060266974597094 -0.01612881766197305
59770.91242772257 4.821 0.019000000000000128 1.014541392395222 0.01059339842920777 1.0 1.0060266446609576 1.0060266446609576 0.008514747734264416
59770.91244366599 4.821 0.019000000000000128 1.0235155375517067 0.010581167673775085 1.0 1.0060265918621816 1.0060265918621816 0.01748894568952508
59770.91245960941 4.821 0.019000000000000128 1.019229003907161 0.010572430074551617 1.0 1.0060265390634058 1.0060265390634058 0.013202464843755202
59770.912475552825 4.821 0.019000000000000128 1.016692350664346 0.01059146999473625 1.0 1.006026486264654 1.006026486264654 0.010665864399691971
59770.912491496245 4.821 0.019000000000000128 1.0222606302005737 0.010557870613894113 1.0 1.006026433465878 1.006026433465878 0.016234196734695727
59770.912507439665 4.821 0.019000000000000128 0.9835458713010267 0.010480152985569858 1.0 1.006026380667102 1.006026380667102 -0.022480509366075263
59770.912523383085 4.821 0.019000000000000128 0.9959272300936833 0.010536693972761649 1.0 1.0060263278683261 1.0060263278683261 -0.010099097774642796
59770.9125393265 4.821 0.019000000000000128 1.0036519082652517 0.010538990248286095 1.0 1.0060262750695743 1.0060262750695743 -0.0023743668043225696
59770.912555269926 4.821 0.019000000000000128 1.0086316092457008 0.010561659359198915 1.0 1.006026222270774 1.006026222270774 0.0026053869749267378
59770.91257121334 4.821 0.019000000000000128 0.9827516148519335 0.010508369988546859 1.0 1.0060261694720223 1.0060261694720223 -0.02327455462008876
59770.91258715676 4.821 0.019000000000000128 1.0219005926480311 0.010562203831919574 1.0 1.0060261166732465 1.0060261166732465 0.01587447597478464
59770.91260310018 4.821 0.019000000000000128 0.9923599180266102 0.01049213024955298 1.0 1.0060260638744705 1.0060260638744705 -0.0136661458478603
59770.9126190436 4.821 0.019000000000000128 0.9977104179680609 0.010541966818771495 1.0 1.0060260110756944 1.0060260110756944 -0.008315593107633523
59770.91263498702 4.821 0.019000000000000128 1.0220790237687791 0.010608242904491999 1.0 1.0060259582769187 1.0060259582769187 0.016053065491860474
59770.91265093043 4.821 0.019000000000000128 1.0169319140045454 0.010567960067646105 1.0 1.0060259054781668 1.0060259054781668 0.010906008526378574
59770.91266687385 4.821 0.019000000000000128 1.012068350207349 0.010561382210572746 1.0 1.0060258526793908 1.0060258526793908 0.006042497527958268
59770.912682817274 4.821 0.019000000000000128 0.9891067120119006 0.010515368038755817 1.0 1.0060257998806148 1.0060257998806148 -0.01691908786871421
59770.912698760694 4.821 0.019000000000000128 1.024048680805814 0.010599517395820598 1.0 1.006025747081839 1.006025747081839 0.01802293372397501
59770.91271470411 4.821 0.019000000000000128 0.9972000482115796 0.010522429963824341 1.0 1.0060256942830872 1.0060256942830872 -0.008825646071507598
59770.912730647535 4.821 0.019000000000000128 1.0030251468496638 0.010526625212371677 1.0 1.006025641484287 1.006025641484287 -0.003000494634623152
59770.91274659095 4.821 0.019000000000000128 1.0145120624347586 0.01056719378438137 1.0 1.0060255886855352 1.0060255886855352 0.0084864737492234
59770.91276253436 4.821 0.019000000000000128 0.9964768408967503 0.01053352176977101 1.0 1.0060255358867833 1.0060255358867833 -0.00954869499003308
59770.91277847779 4.821 0.019000000000000128 1.0134782381526781 0.010572417345992293 1.0 1.0060254830879833 1.0060254830879833 0.007452755064694783
59770.91279442121 4.821 0.019000000000000128 1.0107512807197587 0.010525744440460037 1.0 1.0060254302892073 1.0060254302892073 0.004725850430551404
59770.91281036462 4.821 0.019000000000000128 1.0170787753853456 0.01057464603011609 1.0 1.0060253774904555 1.0060253774904555 0.011053397894890127
59770.91282630804 4.821 0.019000000000000128 0.9976029416958783 0.010500214105808073 1.0 1.0060253246916797 1.0060253246916797 -0.008422382995801447
59770.91284225146 4.821 0.019000000000000128 1.0116814202536526 0.010523794749110438 1.0 1.0060252718929037 1.0060252718929037 0.005656148360748903
59770.912858194875 4.821 0.019000000000000128 0.9983182646122305 0.010539723241695173 1.0 1.0060252190941519 1.0060252190941519 -0.00770695448192138
59770.9128741383 4.821 0.019000000000000128 1.0074987411895309 0.010550332594451086 1.0 1.0060251662953519 1.0060251662953519 0.0014735748941789861
59770.912890081716 4.821 0.019000000000000128 0.9979326547535923 0.010528287988007654 1.0 1.0060251134966 1.0060251134966 -0.008092458743007791
59770.91290602514 4.821 0.019000000000000128 0.9920975489988908 0.010503070233524184 1.0 1.0060250606977998 1.0060250606977998 -0.013927511698909045
59770.91292196856 4.821 0.019000000000000128 1.0302313105341445 0.010595829671315676 1.0 1.006025007899048 1.006025007899048 0.02420630263509649
59770.91293791197 4.821 0.019000000000000128 1.0096791248820958 0.010536761068854471 1.0 1.0060249551002962 1.0060249551002962 0.0036541697817995544
59770.9129538554 4.821 0.019000000000000128 1.0016794161303113 0.010515040800813568 1.0 1.0060249023014962 1.0060249023014962 -0.004345486171184909
59770.91296979881 4.821 0.019000000000000128 0.9955623162030555 0.010509803358479439 1.0 1.0060248495027444 1.0060248495027444 -0.010462533299688936
59770.91298574223 4.821 0.019000000000000128 1.016513898766185 0.01054280559659818 1.0 1.0060247967039684 1.0060247967039684 0.010489102062216649
59770.91300168565 4.821 0.019000000000000128 0.995752309773506 0.01052648458939626 1.0 1.0060247439051926 1.0060247439051926 -0.010272434131686548
59770.91301762907 4.821 0.019000000000000128 0.9969029179005284 0.01051723468230739 1.0 1.0060246911064166 1.0060246911064166 -0.00912177320588814
59770.913033572484 4.821 0.019000000000000128 1.0144295107175285 0.010590875016270315 1.0 1.0060246383076648 1.0060246383076648 0.008404872409863762
59770.913049515904 4.821 0.019000000000000128 1.0089010185152913 0.010552967313905051 1.0 1.0060245855088887 1.0060245855088887 0.0028764330064026122
59770.913065459325 4.821 0.019000000000000128 1.0043470013673623 0.010495295763799858 1.0 1.0060245327101127 1.0060245327101127 -0.0016775313427503935
59770.913081402745 4.821 0.019000000000000128 1.0241204341928476 0.010589349208270872 1.0 1.006024479911337 1.006024479911337 0.018095954281510673
59770.913097346165 4.821 0.019000000000000128 0.9998316876778279 0.01050527805620591 1.0 1.006024427112561 1.006024427112561 -0.0061927394347329745
59770.91311328958 4.821 0.019000000000000128 1.0157615440000034 0.010585817177508408 1.0 1.006024374313809 1.006024374313809 0.009737169686194314
59770.913129233 4.821 0.019000000000000128 1.0041145715465827 0.010531488556285454 1.0 1.006024321515033 1.006024321515033 -0.0019097499684503916
59770.91314517642 4.821 0.019000000000000128 1.014212479713444 0.010538243558034406 1.0 1.0060242687162573 1.0060242687162573 0.008188210997186696
59770.91316111984 4.821 0.019000000000000128 1.014706426895282 0.010610207873733807 1.0 1.0060242159174813 1.0060242159174813 0.008682210977800642
59770.91317706326 4.821 0.019000000000000128 1.004406803062644 0.010509107786783538 1.0 1.0060241631187055 1.0060241631187055 -0.0016173600560613899
59770.91319300668 4.821 0.019000000000000128 0.9990073682770708 0.010517960841700591 1.0 1.0060241103199294 1.0060241103199294 -0.007016742042858626
59770.91320895009 4.821 0.019000000000000128 0.9970133883905535 0.010504840961715858 1.0 1.0060240575211776 1.0060240575211776 -0.009010669130624094
59770.91322489351 4.821 0.019000000000000128 1.0124416247110113 0.010569041169337413 1.0 1.0060240047224016 1.0060240047224016 0.00641761998860968
59770.91324083693 4.821 0.019000000000000128 1.0185717165331056 0.010557957315296294 1.0 1.0060239519236256 1.0060239519236256 0.012547764609480039
59770.91325678035 4.821 0.019000000000000128 0.9933083787944648 0.01046930423026645 1.0 1.0060238991248498 1.0060238991248498 -0.012715520330385033
59770.913272723774 4.821 0.019000000000000128 1.0069153156553976 0.010534120428689172 1.0 1.0060238463260738 1.0060238463260738 0.0008914693293238241
59770.91328866719 4.821 0.019000000000000128 0.9994779120813052 0.010532834033862024 1.0 1.006023793527322 1.006023793527322 -0.006545881446016755
59770.91330461061 4.821 0.019000000000000128 1.0029726869708122 0.010522444277678476 1.0 1.006023740728546 1.006023740728546 -0.003051053757733735
