eureka_custom_plots/data/stage5_lcfit_results/S5_wasp39b_ap4_bg8_Table_Save_ch31.txt
# %ECSV 1.0
# ---
# datatype:
# - {name: time, datatype: float64}
# - {name: wavelength, datatype: float64}
# - {name: bin_width, datatype: float64}
# - {name: lcdata, datatype: float64}
# - {name: lcerr, datatype: float64}
# - {name: transit, datatype: float64}
# - {name: polynom, datatype: float64}
# - {name: model, datatype: float64}
# - {name: residuals, datatype: float64}
# schema: astropy-2.0
time wavelength bin_width lcdata lcerr transit polynom model residuals
[from data line 19304]
59770.951792023334 4.2075 0.019500000000000295 1.0074874840004016 0.007030760113642746 1.0 1.006035337751672 1.006035337751672 0.00145214624872958
59770.95180796676 4.2075 0.019500000000000295 1.0058223927030663 0.007027245457136354 1.0 1.0060352823513552 1.0060352823513552 -0.00021288964828891643
59770.951823910174 4.2075 0.019500000000000295 0.9924656663987521 0.006975679687189593 1.0 1.0060352269510888 1.0060352269510888 -0.013569560552336712
59770.951839853595 4.2075 0.019500000000000295 0.9900844404308897 0.006978337982951195 1.0 1.0060351715507971 1.0060351715507971 -0.015950731119907413
59770.951855797015 4.2075 0.019500000000000295 1.0112847818383655 0.007027433432074108 1.0 1.0060351161505054 1.0060351161505054 0.005249665687860006
59770.951871740435 4.2075 0.019500000000000295 1.0076532875139839 0.007029070206725163 1.0 1.006035060750214 1.006035060750214 0.001618226763769881
59770.95188768385 4.2075 0.019500000000000295 1.0125580396779954 0.007040161876860439 1.0 1.0060350053499476 1.0060350053499476 0.006523034328047794
59770.95190362726 4.2075 0.019500000000000295 1.0041747192517707 0.007017845451076842 1.0 1.0060349499496812 1.0060349499496812 -0.0018602306979105254
59770.95191957069 4.2075 0.019500000000000295 1.0011952471990313 0.007006434094191678 1.0 1.0060348945493645 1.0060348945493645 -0.004839647350333154
59770.9519355141 4.2075 0.019500000000000295 1.0129557449671898 0.0070389633469743 1.0 1.006034839149098 1.006034839149098 0.006920905818091683
59770.95195145752 4.2075 0.019500000000000295 0.9972092076812653 0.006994834049216578 1.0 1.0060347837488064 1.0060347837488064 -0.008825576067541085
59770.95196740094 4.2075 0.019500000000000295 1.012507408141061 0.007027157732959527 1.0 1.006034728348515 1.006034728348515 0.0064726797925460655
59770.95198334436 4.2075 0.019500000000000295 1.0040661077709285 0.007031874569314748 1.0 1.0060346729482232 1.0060346729482232 -0.001968565177294712
59770.951999287776 4.2075 0.019500000000000295 1.0034859043930096 0.007010792109936472 1.0 1.0060346175479569 1.0060346175479569 -0.002548713154947313
59770.952015231196 4.2075 0.019500000000000295 1.0014433981014512 0.007002253113623912 1.0 1.0060345621476654 1.0060345621476654 -0.00459116404621418
59770.95203117462 4.2075 0.019500000000000295 1.0048138162718003 0.0070157095239584185 1.0 1.0060345067473737 1.0060345067473737 -0.0012206904755733827
59770.95204711804 4.2075 0.019500000000000295 1.0063078350947852 0.007016563309500283 1.0 1.006034451347082 1.006034451347082 0.00027338374770313756
59770.95206306146 4.2075 0.019500000000000295 1.0057633274793905 0.007010015761052751 1.0 1.0060343959467906 1.0060343959467906 -0.00027106846740010404
59770.95207900487 4.2075 0.019500000000000295 1.0116946448017212 0.0070228519099072035 1.0 1.0060343405465242 1.0060343405465242 0.005660304255197035
59770.95209494829 4.2075 0.019500000000000295 0.9980838256203981 0.006995568157235139 1.0 1.0060342851462325 1.0060342851462325 -0.007950459525834397
59770.9521108917 4.2075 0.019500000000000295 1.0146733566866124 0.007034911405078904 1.0 1.0060342297459663 1.0060342297459663 0.008639126940646058
59770.95212683513 4.2075 0.019500000000000295 0.9951594423287486 0.0069894682107721935 1.0 1.0060341743456493 1.0060341743456493 -0.010874732016900701
59770.952142778544 4.2075 0.019500000000000295 1.0003080513135316 0.0069840412170725065 1.0 1.006034118945383 1.006034118945383 -0.00572606763185135
59770.952158721964 4.2075 0.019500000000000295 0.9975253703146287 0.007000507468699472 1.0 1.0060340635450915 1.0060340635450915 -0.008508693230462772
59770.952174665385 4.2075 0.019500000000000295 1.0120970714005735 0.007048392137110044 1.0 1.0060340081447998 1.0060340081447998 0.00606306325577366
59770.9521906088 4.2075 0.019500000000000295 1.0080764669975306 0.007026701007608943 1.0 1.0060339527445334 1.0060339527445334 0.002042514252997174
59770.95220655222 4.2075 0.019500000000000295 1.0226419324622602 0.007048329957634554 1.0 1.006033897344242 1.006033897344242 0.016608035118018227
59770.952222495645 4.2075 0.019500000000000295 1.00714346343211 0.007021847940078455 1.0 1.006033841943925 1.006033841943925 0.001109621488184942
59770.95223843906 4.2075 0.019500000000000295 1.0070731857671757 0.0070340424197070294 1.0 1.0060337865436586 1.0060337865436586 0.0010393992235171456
59770.95225438247 4.2075 0.019500000000000295 1.0226052614923213 0.007057634219106663 1.0 1.0060337311433925 1.0060337311433925 0.016571530348928887
59770.9522703259 4.2075 0.019500000000000295 1.0051059228834225 0.007011559756866936 1.0 1.0060336757430755 1.0060336757430755 -0.0009277528596529638
59770.95228626931 4.2075 0.019500000000000295 1.0086987101567484 0.007039000269228823 1.0 1.006033620342809 1.006033620342809 0.002665089813939314
59770.95230221273 4.2075 0.019500000000000295 1.0016157107292176 0.007007507262619331 1.0 1.0060335649425176 1.0060335649425176 -0.004417854213299988
59770.95231815615 4.2075 0.019500000000000295 1.0053553573868133 0.007008074552663712 1.0 1.006033509542226 1.006033509542226 -0.0006781521554126702
59770.95233409957 4.2075 0.019500000000000295 1.0006257608149551 0.0070010501152228104 1.0 1.0060334541419342 1.0060334541419342 -0.005407693326979102
59770.952350042986 4.2075 0.019500000000000295 1.0111007575294544 0.007024037184539202 1.0 1.006033398741668 1.006033398741668 0.0050673587877863024
59770.9523659864 4.2075 0.019500000000000295 0.9997885515284214 0.007000649860835283 1.0 1.0060333433414017 1.0060333433414017 -0.0062447918129803215
59770.95238192983 4.2075 0.019500000000000295 1.0075415613380787 0.0070137118055142444 1.0 1.0060332879410847 1.0060332879410847 0.0015082733969939977
59770.95239787324 4.2075 0.019500000000000295 1.0058628330513322 0.007035815471630217 1.0 1.0060332325408186 1.0060332325408186 -0.00017039948948638362
59770.95241381666 4.2075 0.019500000000000295 1.003260755194658 0.007024299794037757 1.0 1.0060331771405269 1.0060331771405269 -0.002772421945868908
59770.95242976008 4.2075 0.019500000000000295 1.0167839424131226 0.0070485953250660136 1.0 1.0060331217402352 1.0060331217402352 0.010750820672887462
59770.9524457035 4.2075 0.019500000000000295 1.0136844150669848 0.007046750614007583 1.0 1.0060330663399437 1.0060330663399437 0.007651348727041096
59770.95246164691 4.2075 0.019500000000000295 1.0109531662305378 0.007034521704398771 1.0 1.0060330109396773 1.0060330109396773 0.0049201552908604285
59770.952477590334 4.2075 0.019500000000000295 0.99628778525557 0.006986258132181239 1.0 1.0060329555393857 1.0060329555393857 -0.009745170283815607
59770.952493533754 4.2075 0.019500000000000295 1.0058082626150855 0.007036837892160394 1.0 1.0060329001390942 1.0060329001390942 -0.0002246375240086973
59770.952509477174 4.2075 0.019500000000000295 1.0020957420269456 0.006997157194403844 1.0 1.0060328447388025 1.0060328447388025 -0.003937102711856877
59770.952525420595 4.2075 0.019500000000000295 1.00797299790562 0.007026244338393951 1.0 1.0060327893385108 1.0060327893385108 0.0019402085671091918
59770.95254136401 4.2075 0.019500000000000295 0.9982980444835884 0.0069932529420881455 1.0 1.0060327339382447 1.0060327339382447 -0.007734689454656274
59770.95255730743 4.2075 0.019500000000000295 1.0096340838282283 0.007044000528368588 1.0 1.006032678537953 1.006032678537953 0.0036014052902753058
59770.95257325085 4.2075 0.019500000000000295 1.0043787516366571 0.007018096724933145 1.0 1.0060326231376613 1.0060326231376613 -0.001653871501004156
59770.95258919427 4.2075 0.019500000000000295 1.005424523359628 0.007017461622363972 1.0 1.0060325677373698 1.0060325677373698 -0.0006080443777418676
59770.95260513768 4.2075 0.019500000000000295 1.0186960470031632 0.0070591637730994215 1.0 1.0060325123371034 1.0060325123371034 0.01266353466605974
59770.9526210811 4.2075 0.019500000000000295 1.0090350367737295 0.007023606263669834 1.0 1.0060324569368118 1.0060324569368118 0.0030025798369177625
59770.95263702452 4.2075 0.019500000000000295 0.9983189137789401 0.007011053450343819 1.0 1.0060324015365203 1.0060324015365203 -0.007713487757580184
59770.952652967935 4.2075 0.019500000000000295 0.9952599032427205 0.0069921240720320806 1.0 1.006032346136254 1.006032346136254 -0.010772442893533407
59770.952668911355 4.2075 0.019500000000000295 1.0167197117231104 0.007052358333554668 1.0 1.0060322907359622 1.0060322907359622 0.010687420987148144
59770.95268485478 4.2075 0.019500000000000295 1.0084589255479357 0.0070182357391507365 1.0 1.0060322353356455 1.0060322353356455 0.00242669021229025
59770.952700798196 4.2075 0.019500000000000295 0.9970853254056757 0.007010617159247705 1.0 1.006032179935379 1.006032179935379 -0.00894685452970334
59770.95271674161 4.2075 0.019500000000000295 0.9986279268849281 0.007004239333180822 1.0 1.0060321245351127 1.0060321245351127 -0.00740419765018463
59770.95273268504 4.2075 0.019500000000000295 1.0137113571586827 0.007029312163649172 1.0 1.006032069134796 1.006032069134796 0.007679288023886732
59770.95274862845 4.2075 0.019500000000000295 1.008777225509651 0.007025998285365441 1.0 1.0060320137345296 1.0060320137345296 0.0027452117751214367
59770.95276457187 4.2075 0.019500000000000295 0.9915468936942422 0.006990180389345465 1.0 1.0060319583342379 1.0060319583342379 -0.01448506463999566
59770.95278051529 4.2075 0.019500000000000295 1.0107211728082717 0.007034359055510234 1.0 1.0060319029339464 1.0060319029339464 0.004689269874325275
59770.95279645871 4.2075 0.019500000000000295 1.0069882406847452 0.007026668472288717 1.0 1.0060318475336547 1.0060318475336547 0.0009563931510905288
59770.95281240212 4.2075 0.019500000000000295 1.0090261683628448 0.007024687528884614 1.0 1.0060317921333883 1.0060317921333883 0.002994376229456419
59770.95282834554 4.2075 0.019500000000000295 0.9965938251083071 0.0069936863561282335 1.0 1.006031736733122 1.006031736733122 -0.009437911624814888
59770.952844288964 4.2075 0.019500000000000295 "" "" 1.0 1.0060316813328052 1.0060316813328052 ""
59770.95286023238 4.2075 0.019500000000000295 1.002606033775337 0.007014587961016924 1.0 1.0060316259325388 1.0060316259325388 -0.003425592157201729
59770.9528761758 4.2075 0.019500000000000295 0.9948363551621269 0.007003449524959884 1.0 1.0060315705322473 1.0060315705322473 -0.01119521537012047
59770.95289211922 4.2075 0.019500000000000295 1.0194977750674925 0.007070242094056384 1.0 1.0060315151319557 1.0060315151319557 0.01346625993553685
59770.95290806264 4.2075 0.019500000000000295 1.021044246125275 0.007048244170060443 1.0 1.006031459731664 1.006031459731664 0.015012786393610922
59770.95292400605 4.2075 0.019500000000000295 1.0120213575620354 0.007029550060452677 1.0 1.0060314043313976 1.0060314043313976 0.005989953230637779
59770.95293994947 4.2075 0.019500000000000295 0.9933738281041589 0.008038699828386616 1.0 1.0060313489311061 1.0060313489311061 -0.012657520826947266
59770.95295589289 4.2075 0.019500000000000295 1.012300316449833 0.007025386317107731 1.0 1.0060312935308144 1.0060312935308144 0.006269022919018541
59770.95297183631 4.2075 0.019500000000000295 1.0100941959192724 0.007027997420221953 1.0 1.006031238130523 1.006031238130523 0.004062957788749433
59770.95298777973 4.2075 0.019500000000000295 1.0165619641666988 0.008152597498759188 1.0 1.0060311827302313 1.0060311827302313 0.010530781436467462
59770.953003723145 4.2075 0.019500000000000295 1.0084759869660327 0.007034748295444889 1.0 1.006031127329965 1.006031127329965 0.0024448596360677755
59770.953019666566 4.2075 0.019500000000000295 1.0294264330434688 0.008139301051588823 1.0 1.0060310719296732 1.0060310719296732 0.023395361113795587
59770.953035609986 4.2075 0.019500000000000295 1.014596544262427 0.007032649106305002 1.0 1.0060310165293818 1.0060310165293818 0.008565527733045197
59770.953051553406 4.2075 0.019500000000000295 1.0130069866416436 0.007035402038829274 1.0 1.00603096112909 1.00603096112909 0.0069760255125534965
59770.95306749682 4.2075 0.019500000000000295 1.0021057867902576 0.00702447631050293 1.0 1.0060309057288237 1.0060309057288237 -0.003925118938566063
59770.95308344024 4.2075 0.019500000000000295 1.0039298410571795 0.007010533343078059 1.0 1.0060308503285322 1.0060308503285322 -0.002101009271352705
59770.95309938366 4.2075 0.019500000000000295 1.012441448829561 0.007018697310793262 1.0 1.0060307949282405 1.0060307949282405 0.006410653901320451
59770.95311532707 4.2075 0.019500000000000295 1.005084163819536 0.007009434506788105 1.0 1.0060307395279742 1.0060307395279742 -0.0009465757084381465
59770.95313127049 4.2075 0.019500000000000295 1.007497506314722 0.007011794802246251 1.0 1.0060306841276827 1.0060306841276827 0.0014668221870393072
59770.95314721391 4.2075 0.019500000000000295 1.0045418095170942 0.007018777502728064 1.0 1.006030628727391 1.006030628727391 -0.0014888192102968656
59770.95316315733 4.2075 0.019500000000000295 1.0046186177007308 0.007000448943417156 1.0 1.0060305733270993 1.0060305733270993 -0.0014119556263685329
59770.95317910075 4.2075 0.019500000000000295 0.9953230742206278 0.007011560239276751 1.0 1.0060305179268332 1.0060305179268332 -0.010707443706205355
59770.953195044174 4.2075 0.019500000000000295 0.9982399556188014 0.007000113746925651 1.0 1.0060304625265162 1.0060304625265162 -0.007790506907714767
59770.95321098759 4.2075 0.019500000000000295 1.010664444991661 0.007042095457159798 1.0 1.0060304071262498 1.0060304071262498 0.004634037865411278
59770.95322693101 4.2075 0.019500000000000295 1.0036466895489875 0.0070286353319712865 1.0 1.0060303517259583 1.0060303517259583 -0.0023836621769708355
59770.95324287443 4.2075 0.019500000000000295 1.0042243185137656 0.0070178355741738006 1.0 1.0060302963256667 1.0060302963256667 -0.0018059778119010605
59770.95325881785 4.2075 0.019500000000000295 1.0057552560103913 0.007020198333348768 1.0 1.0060302409253752 1.0060302409253752 -0.0002749849149839001
59770.95327476126 4.2075 0.019500000000000295 1.0069182429728702 0.007033759642961086 1.0 1.0060301855251088 1.0060301855251088 0.0008880574477614367
59770.953290704674 4.2075 0.019500000000000295 1.0046266285847143 0.007007212963707371 1.0 1.0060301301248424 1.0060301301248424 -0.001403501540128138
59770.9533066481 4.2075 0.019500000000000295 1.0156996619165775 0.00703590914409956 1.0 1.0060300747245254 1.0060300747245254 0.00966958719205202
59770.953322591515 4.2075 0.019500000000000295 1.0027834116383483 0.006996270947395051 1.0 1.0060300193242593 1.0060300193242593 -0.003246607685911007
59770.953338534935 4.2075 0.019500000000000295 0.9902938814070759 0.006984264551159903 1.0 1.0060299639239676 1.0060299639239676 -0.015736082516891736
59770.953354478355 4.2075 0.019500000000000295 0.9956625339227029 0.007010946685780217 1.0 1.006029908523676 1.006029908523676 -0.010367374600973034
59770.953370421776 4.2075 0.019500000000000295 1.0116316380131756 0.007020089668868125 1.0 1.0060298531233844 1.0060298531233844 0.005601784889791128
59770.95338636519 4.2075 0.019500000000000295 1.0125842672677103 0.007059509167595375 1.0 1.006029797723118 1.006029797723118 0.006554469544592267
59770.95340230861 4.2075 0.019500000000000295 0.9938967254955428 0.006994536918509745 1.0 1.0060297423228264 1.0060297423228264 -0.012133016827283627
59770.95341825203 4.2075 0.019500000000000295 0.9947454442139338 0.006987024692020053 1.0 1.006029686922535 1.006029686922535 -0.011284242708601067
59770.95343419545 4.2075 0.019500000000000295 1.016653968246509 0.007041301647573236 1.0 1.0060296315222432 1.0060296315222432 0.01062433672426577
59770.95345013887 4.2075 0.019500000000000295 1.0135121493042993 0.0070396593551953655 1.0 1.0060295761219515 1.0060295761219515 0.007482573182347796
59770.95346608228 4.2075 0.019500000000000295 1.016644569719413 0.0070464573807630234 1.0 1.0060295207216854 1.0060295207216854 0.010615048997727694
