eureka_custom_plots/data/stage5_lcfit_results/S5_wasp39b_ap4_bg8_Table_Save_ch23.txt
# %ECSV 1.0
# ---
# datatype:
# - {name: time, datatype: float64}
# - {name: wavelength, datatype: float64}
# - {name: bin_width, datatype: float64}
# - {name: lcdata, datatype: float64}
# - {name: lcerr, datatype: float64}
# - {name: transit, datatype: float64}
# - {name: polynom, datatype: float64}
# - {name: model, datatype: float64}
# - {name: residuals, datatype: float64}
# schema: astropy-2.0
time wavelength bin_width lcdata lcerr transit polynom model residuals
[from data line 1844]
59770.673419916275 3.901 0.018999999999999906 0.9906750714505064 0.009337090475846337 1.0 1.0070141114959867 1.0070141114959867 -0.01633904004548037
59770.67343585969 3.901 0.018999999999999906 1.0094908282787798 0.0076851811850681935 1.0 1.007014055593249 1.007014055593249 0.0024767726855308148
59770.673451803115 3.901 0.018999999999999906 0.9977417722657199 0.007672539484247409 1.0 1.0070139996904601 1.0070139996904601 -0.00927222742474021
59770.67346774653 3.901 0.018999999999999906 1.0138872714453235 0.007682683776647077 1.0 1.0070139437877221 1.0070139437877221 0.006873327657601402
59770.67348368995 3.901 0.018999999999999906 1.0110845762120142 0.007686533511027831 1.0 1.0070138878849588 1.0070138878849588 0.004070688327055372
59770.673499633376 3.901 0.018999999999999906 1.0114880390067154 0.007677107478481967 1.0 1.00701383198217 1.00701383198217 0.0044742070245453736
59770.6735155768 3.901 0.018999999999999906 1.005043583278609 0.0076759159368695274 1.0 1.0070137760794065 1.0070137760794065 -0.0019701928007973546
59770.67353152022 3.901 0.018999999999999906 "" "" 1.0 1.0070137201766431 1.0070137201766431 ""
59770.67354746363 3.901 0.018999999999999906 0.9997283837013393 0.007635895134652589 1.0 1.0070136642739054 1.0070136642739054 -0.007285280572566055
59770.67356340706 3.901 0.018999999999999906 0.995196507323996 0.009355270192093337 1.0 1.0070136083711165 1.0070136083711165 -0.011817101047120526
59770.67357935048 3.901 0.018999999999999906 1.0022481344186938 0.0076593597485211445 1.0 1.007013552468353 1.007013552468353 -0.004765418049659242
59770.6735952939 3.901 0.018999999999999906 0.9995789898965256 0.007665338589517378 1.0 1.0070134965655897 1.0070134965655897 -0.007434506669064089
59770.67361123732 3.901 0.018999999999999906 0.9927100398212577 0.009349122538506428 1.0 1.0070134406628264 1.0070134406628264 -0.01430340084156867
59770.673627180746 3.901 0.018999999999999906 1.0171584566779837 0.00767735733801189 1.0 1.0070133847600375 1.0070133847600375 0.010145071917946114
59770.67364312416 3.901 0.018999999999999906 1.0066334689183682 0.007675917780763053 1.0 1.0070133288572996 1.0070133288572996 -0.000379859938931304
59770.67365906758 3.901 0.018999999999999906 0.9940028472400738 0.007645547485463176 1.0 1.0070132729545362 1.0070132729545362 -0.013010425714462426
59770.673675011 3.901 0.018999999999999906 0.9990287579379252 0.007657527069160747 1.0 1.007013217051773 1.007013217051773 -0.007984459113847708
59770.67369095442 3.901 0.018999999999999906 1.0052083570133354 0.0076730408800658985 1.0 1.0070131611490094 1.0070131611490094 -0.0018048041356739652
59770.67370689785 3.901 0.018999999999999906 1.0033613295504042 0.0076761070803961235 1.0 1.0070131052462206 1.0070131052462206 -0.0036517756958163172
59770.67372284126 3.901 0.018999999999999906 1.0093983801917359 0.0076904845056120445 1.0 1.0070130493434828 1.0070130493434828 0.0023853308482530977
59770.67373878469 3.901 0.018999999999999906 1.0088390144947939 0.007681721499780548 1.0 1.007012993440694 1.007012993440694 0.0018260210540999022
59770.6737547281 3.901 0.018999999999999906 1.0051728483057207 0.007652100064056731 1.0 1.007012937537956 1.007012937537956 -0.0018400892322352203
59770.67377067153 3.901 0.018999999999999906 1.0094931697964094 0.0076759770096736 1.0 1.0070128816351671 1.0070128816351671 0.002480288161242239
59770.67378661495 3.901 0.018999999999999906 1.0012953586053963 0.009356054363489042 1.0 1.0070128257324038 1.0070128257324038 -0.005717467127007492
59770.67380255837 3.901 0.018999999999999906 1.0038281734725962 0.007685778766310809 1.0 1.0070127698296405 1.0070127698296405 -0.003184596357044267
59770.67381850179 3.901 0.018999999999999906 1.005495840930173 0.007692387096082088 1.0 1.007012713926877 1.007012713926877 -0.0015168729967038885
59770.67383444521 3.901 0.018999999999999906 0.9988312738198964 0.007669266347934339 1.0 1.0070126580241137 1.0070126580241137 -0.008181384204217212
59770.67385038863 3.901 0.018999999999999906 1.0148732460701608 0.007703113790797627 1.0 1.0070126021213504 1.0070126021213504 0.007860643948810475
59770.67386633205 3.901 0.018999999999999906 0.9856411878659694 0.009318512964457742 1.0 1.0070125462185868 1.0070125462185868 -0.021371358352617387
59770.67388227547 3.901 0.018999999999999906 1.0028845125367694 0.00766613923268872 1.0 1.0070124903158235 1.0070124903158235 -0.004127977779054159
59770.67389821889 3.901 0.018999999999999906 1.0041474934834749 0.007662504826732934 1.0 1.0070124344130602 1.0070124344130602 -0.0028649409295853356
59770.67391416232 3.901 0.018999999999999906 1.009476144007292 0.007694877985750754 1.0 1.0070123785102714 1.0070123785102714 0.0024637654970205425
59770.67393010573 3.901 0.018999999999999906 1.0184745053970918 0.007700936323118348 1.0 1.0070123226075334 1.0070123226075334 0.011462182789558462
59770.67394604915 3.901 0.018999999999999906 1.001030879094076 0.007652398716542938 1.0 1.00701226670477 1.00701226670477 -0.005981387610694
59770.67396199257 3.901 0.018999999999999906 1.0116763531495923 0.007689958920945983 1.0 1.0070122108020068 1.0070122108020068 0.004664142347585498
59770.673977936 3.901 0.018999999999999906 1.0097503565843209 0.00768722933460554 1.0 1.007012154899218 1.007012154899218 0.00273820168510297
59770.67399387942 3.901 0.018999999999999906 0.9912367152980367 0.007650042597823406 1.0 1.0070120989964544 1.0070120989964544 -0.01577538369841769
59770.67400982283 3.901 0.018999999999999906 1.0108361459730126 0.007677760449574563 1.0 1.0070120430937166 1.0070120430937166 0.0038241028792960208
59770.67402576626 3.901 0.018999999999999906 1.0156270123937097 0.007694566239163305 1.0 1.0070119871909278 1.0070119871909278 0.0086150252027819
59770.67404170968 3.901 0.018999999999999906 1.00615492329816 0.007676107425030832 1.0 1.0070119312881645 1.0070119312881645 -0.0008570079900045435
59770.6740576531 3.901 0.018999999999999906 1.0128691373943133 0.007697568164385949 1.0 1.007011875385401 1.007011875385401 0.005857262008912345
59770.67407359652 3.901 0.018999999999999906 1.0183433637650607 0.007686440559111331 1.0 1.0070118194826376 1.0070118194826376 0.011331544282423112
59770.67408953994 3.901 0.018999999999999906 1.001311854674462 0.0076602649318470465 1.0 1.0070117635798743 1.0070117635798743 -0.0056999089054123875
59770.67410548336 3.901 0.018999999999999906 1.0027346432569693 0.007662251402031733 1.0 1.0070117076771108 1.0070117076771108 -0.00427706442014153
59770.67412142678 3.901 0.018999999999999906 1.0005545582352688 0.007668867720416815 1.0 1.0070116517743475 1.0070116517743475 -0.00645709353907864
59770.6741373702 3.901 0.018999999999999906 1.0192908210462324 0.0077023363899403645 1.0 1.0070115958715842 1.0070115958715842 0.01227922517464819
59770.67415331362 3.901 0.018999999999999906 1.0175974348897057 0.007691828618301739 1.0 1.0070115399688209 1.0070115399688209 0.010585894920884797
59770.67416925704 3.901 0.018999999999999906 1.002409230279292 0.007676029966831381 1.0 1.0070114840660573 1.0070114840660573 -0.004602253786765376
59770.67418520046 3.901 0.018999999999999906 0.9977829843647484 0.0076387078424687786 1.0 1.007011428163294 1.007011428163294 -0.009228443798545594
59770.67420114389 3.901 0.018999999999999906 1.0078695955434842 0.007700041769048044 1.0 1.0070113722605052 1.0070113722605052 0.0008582232829790204
59770.674217087304 3.901 0.018999999999999906 1.0069344586700675 0.00767261888277957 1.0 1.0070113163577674 1.0070113163577674 -7.685768769993828e-05
59770.674233030724 3.901 0.018999999999999906 1.0080254439404512 0.007662044884707222 1.0 1.0070112604550039 1.0070112604550039 0.0010141834854473508
59770.67424897415 3.901 0.018999999999999906 1.0134235423661075 0.007702878676684341 1.0 1.007011204552215 1.007011204552215 0.006412337813892499
59770.67426491757 3.901 0.018999999999999906 1.0155597867325887 0.007699776255555895 1.0 1.0070111486494517 1.0070111486494517 0.008548638083136995
59770.67428086099 3.901 0.018999999999999906 1.0058678024602743 0.007671927080386336 1.0 1.0070110927466884 1.0070110927466884 -0.0011432902864141337
59770.674296804405 3.901 0.018999999999999906 1.0193423281907055 0.007699989696219228 1.0 1.0070110368439504 1.0070110368439504 0.012331291346755036
59770.67431274783 3.901 0.018999999999999906 0.9973066260145128 0.007664073235895112 1.0 1.0070109809411616 1.0070109809411616 -0.009704354926648784
59770.67432869125 3.901 0.018999999999999906 1.0105837804494133 0.00767766938740888 1.0 1.0070109250383983 1.0070109250383983 0.0035728554110150412
59770.67434463467 3.901 0.018999999999999906 1.0042564935105442 0.007667535921979601 1.0 1.0070108691356348 1.0070108691356348 -0.0027543756250905105
59770.674360578094 3.901 0.018999999999999906 1.0052125236107998 0.007671107446040848 1.0 1.0070108132328714 1.0070108132328714 -0.001798289622071625
59770.674376521514 3.901 0.018999999999999906 0.9955963019129915 0.007641220260656373 1.0 1.0070107573301081 1.0070107573301081 -0.011414455417116609
59770.674392464934 3.901 0.018999999999999906 1.0137499961902594 0.007699310383069035 1.0 1.0070107014273448 1.0070107014273448 0.006739294762914572
59770.674408408355 3.901 0.018999999999999906 1.006679526466205 0.007671672193252329 1.0 1.0070106455245813 1.0070106455245813 -0.00033111905837635014
59770.674424351775 3.901 0.018999999999999906 1.0002682008570982 0.007675293978943414 1.0 1.007010589621818 1.007010589621818 -0.0067423887647197756
59770.6744402952 3.901 0.018999999999999906 1.0060560660392472 0.007683070617600742 1.0 1.0070105337190292 1.0070105337190292 -0.0009544676797819118
59770.67445623862 3.901 0.018999999999999906 1.0021777256918027 0.007666472522184269 1.0 1.0070104778162658 1.0070104778162658 -0.004832752124463102
59770.674472182036 3.901 0.018999999999999906 1.0084371182815501 0.007674190774792184 1.0 1.0070104219135279 1.0070104219135279 0.0014266963680222844
59770.67448812546 3.901 0.018999999999999906 0.9944868743325421 0.00765333258668424 1.0 1.007010366010739 1.007010366010739 -0.012523491678196885
59770.67450406888 3.901 0.018999999999999906 0.9900636262482414 0.007631974487163624 1.0 1.0070103101080012 1.0070103101080012 -0.016946683859759837
59770.674520012304 3.901 0.018999999999999906 0.9876511240890289 0.00929524015189985 1.0 1.0070102542052122 1.0070102542052122 -0.019359130116183287
59770.674535955724 3.901 0.018999999999999906 1.0212274046027696 0.0077206704578121664 1.0 1.0070101983024489 1.0070101983024489 0.01421720630032075
59770.674551899145 3.901 0.018999999999999906 1.002552217205323 0.007698982113516115 1.0 1.0070101423996856 1.0070101423996856 -0.004457925194362611
59770.674567842565 3.901 0.018999999999999906 1.0089498548960378 0.007683394324404731 1.0 1.0070100864969223 1.0070100864969223 0.0019397683991155823
59770.67458378598 3.901 0.018999999999999906 1.0200596824373014 0.007709513016960954 1.0 1.0070100305941843 1.0070100305941843 0.013049651843117127
59770.674599729406 3.901 0.018999999999999906 1.0110808721543754 0.007688775053662649 1.0 1.0070099746913954 1.0070099746913954 0.00407089746297995
59770.674615672826 3.901 0.018999999999999906 0.9903039362904384 0.00933306266571918 1.0 1.007009918788632 1.007009918788632 -0.01670598249819366
59770.674631616246 3.901 0.018999999999999906 0.9881641823067834 0.009312925346748142 1.0 1.0070098628858688 1.0070098628858688 -0.018845680579085422
59770.67464755967 3.901 0.018999999999999906 1.0020740948984541 0.007645177274611387 1.0 1.0070098069831053 1.0070098069831053 -0.004935712084651156
59770.674663503094 3.901 0.018999999999999906 1.0166790321046164 0.00769408606315555 1.0 1.0070097510803164 1.0070097510803164 0.00966928102429998
59770.67467944651 3.901 0.018999999999999906 0.993080977767902 0.007650949629881578 1.0 1.0070096951775787 1.0070096951775787 -0.013928717409676605
59770.67469538993 3.901 0.018999999999999906 1.0108253648779444 0.007701537423075953 1.0 1.0070096392748151 1.0070096392748151 0.003815725603129261
59770.67471133335 3.901 0.018999999999999906 0.9998769809374961 0.0076797301510174555 1.0 1.0070095833720518 1.0070095833720518 -0.007132602434555713
59770.674727276775 3.901 0.018999999999999906 1.008674802839707 0.007688443990922864 1.0 1.007009527469263 1.007009527469263 0.0016652753704440304
59770.674743220196 3.901 0.018999999999999906 1.0033344147668446 0.00767039355258944 1.0 1.0070094715664997 1.0070094715664997 -0.0036750567996550743
59770.67475916361 3.901 0.018999999999999906 1.0044594919149763 0.007677160977627879 1.0 1.0070094156637617 1.0070094156637617 -0.0025499237487853765
59770.674775107036 3.901 0.018999999999999906 1.0185228352411364 0.007708762207353432 1.0 1.0070093597609728 1.0070093597609728 0.01151347548016357
59770.67479105045 3.901 0.018999999999999906 1.0132041871317257 0.007681988030281596 1.0 1.007009303858235 1.007009303858235 0.006194883273490603
59770.67480699388 3.901 0.018999999999999906 1.0126369337049586 0.007700582606675157 1.0 1.0070092479554462 1.0070092479554462 0.0056276857495123345
59770.6748229373 3.901 0.018999999999999906 1.0152891368693444 0.007686235075602092 1.0 1.0070091920526827 1.0070091920526827 0.008279944816661722
59770.67483888072 3.901 0.018999999999999906 1.01941879354104 0.007709738801361367 1.0 1.0070091361499194 1.0070091361499194 0.012409657391120543
59770.67485482414 3.901 0.018999999999999906 1.0098065975590238 0.00768263665069126 1.0 1.007009080247156 1.007009080247156 0.0027975173118677255
59770.67487076756 3.901 0.018999999999999906 1.002794679026508 0.009380157080957546 1.0 1.0070090243443928 1.0070090243443928 -0.004214345317884671
59770.67488671098 3.901 0.018999999999999906 1.0071163223119186 0.007672879271349274 1.0 1.0070089684416292 1.0070089684416292 0.00010735387028937282
59770.6749026544 3.901 0.018999999999999906 1.0092615684137929 0.007690912155561593 1.0 1.007008912538866 1.007008912538866 0.0022526558749269565
59770.67491859782 3.901 0.018999999999999906 0.9856112323502693 0.009338904553732522 1.0 1.0070088566361026 1.0070088566361026 -0.02139762428583336
59770.67493454124 3.901 0.018999999999999906 1.0155942237831146 0.007686274324108224 1.0 1.007008800733339 1.007008800733339 0.008585423049775498
59770.67495048467 3.901 0.018999999999999906 1.0036817903849995 0.0076713435400907306 1.0 1.0070087448305503 1.0070087448305503 -0.003326954445550756
59770.67496642808 3.901 0.018999999999999906 0.9936707638014132 0.007661187676532111 1.0 1.0070086889278125 1.0070086889278125 -0.013337925126399308
59770.67498237151 3.901 0.018999999999999906 1.0067485573386148 0.007686235252780993 1.0 1.0070086330250236 1.0070086330250236 -0.00026007568640884493
59770.67499831492 3.901 0.018999999999999906 1.0105200984192437 0.00768531054110974 1.0 1.0070085771222856 1.0070085771222856 0.0035115212969580867
59770.67501425835 3.901 0.018999999999999906 0.9991468733702631 0.007664338034150443 1.0 1.0070085212194968 1.0070085212194968 -0.00786164784923371
59770.67503020177 3.901 0.018999999999999906 1.0099434571887285 0.007684276944138653 1.0 1.0070084653167335 1.0070084653167335 0.002934991871994974
59770.67504614518 3.901 0.018999999999999906 1.01128154471407 0.007698410898487103 1.0 1.0070084094139957 1.0070084094139957 0.004273135300074227
59770.67506208861 3.901 0.018999999999999906 1.0117982672408912 0.00770774470102957 1.0 1.0070083535112067 1.0070083535112067 0.004789913729684514
59770.67507803203 3.901 0.018999999999999906 1.0101067702342592 0.007700226252618094 1.0 1.0070082976084433 1.0070082976084433 0.0030984726258158624
59770.67509397545 3.901 0.018999999999999906 1.0069258322224768 0.0076811693880426725 1.0 1.00700824170568 1.00700824170568 -8.240948320326069e-05
59770.67510991887 3.901 0.018999999999999906 1.0135045507156637 0.007704916999519782 1.0 1.0070081858029167 1.0070081858029167 0.006496364912746966
