eureka_custom_plots/data/stage5_lcfit_results/S5_wasp39b_ap4_bg8_Table_Save_ch07.txt
# %ECSV 1.0
# ---
# datatype:
# - {name: time, datatype: float64}
# - {name: wavelength, datatype: float64}
# - {name: bin_width, datatype: float64}
# - {name: lcdata, datatype: float64}
# - {name: lcerr, datatype: float64}
# - {name: transit, datatype: float64}
# - {name: polynom, datatype: float64}
# - {name: model, datatype: float64}
# - {name: residuals, datatype: float64}
# schema: astropy-2.0
time wavelength bin_width lcdata lcerr transit polynom model residuals
[from data line 7656]
59770.76608307557 3.2874999999999996 0.019500000000000073 0.9997224654170624 0.009074913008427552 1.0 1.0067717354693626 1.0067717354693626 -0.007049270052300161
59770.76609901899 3.2874999999999996 0.019500000000000073 1.0012760630295447 0.009089814640851833 1.0 1.0067715987620485 1.0067715987620485 -0.00549553573250372
59770.76611496241 3.2874999999999996 0.019500000000000073 0.9966241536688236 0.009072750936569158 1.0 1.0067714620547346 1.0067714620547346 -0.010147308385910936
59770.76613090583 3.2874999999999996 0.019500000000000073 1.0113334359860946 0.009173518857300961 1.0 1.0067713253474204 1.0067713253474204 0.004562110638674177
59770.76614684925 3.2874999999999996 0.019500000000000073 0.9972303471052197 0.009062695833706535 1.0 1.0067711886401063 1.0067711886401063 -0.009540841534886546
59770.76616279267 3.2874999999999996 0.019500000000000073 1.0126330175253184 0.009163953688831246 1.0 1.0067710519327924 1.0067710519327924 0.005861965592526053
59770.76617873609 3.2874999999999996 0.019500000000000073 0.9987625229881315 0.009071174764999697 1.0 1.0067709152254782 1.0067709152254782 -0.008008392237346729
59770.766194679505 3.2874999999999996 0.019500000000000073 1.024099692208654 0.009204153994588588 1.0 1.0067707785182265 1.0067707785182265 0.01732891369042755
59770.76621062293 3.2874999999999996 0.019500000000000073 1.0032619233198614 0.009099128982710238 1.0 1.0067706418108502 1.0067706418108502 -0.0035087184909887714
59770.76622656635 3.2874999999999996 0.019500000000000073 1.0074075409770835 0.009114738088451665 1.0 1.006770505103536 1.006770505103536 0.0006370358735474646
59770.76624250977 3.2874999999999996 0.019500000000000073 1.0095537433993655 0.009114590878099576 1.0 1.006770368396222 1.006770368396222 0.002783375003143629
59770.766258453186 3.2874999999999996 0.019500000000000073 0.9990503511641902 0.009076025376248678 1.0 1.0067702316889704 1.0067702316889704 -0.007719880524780232
59770.766274396614 3.2874999999999996 0.019500000000000073 1.013938716123392 0.00918305575456007 1.0 1.0067700949815939 1.0067700949815939 0.007168621141798059
59770.76629034003 3.2874999999999996 0.019500000000000073 1.0185450765107973 0.009198399253703847 1.0 1.0067699582743421 1.0067699582743421 0.011775118236455162
59770.766306283454 3.2874999999999996 0.019500000000000073 0.9988774950492212 0.00908793851239107 1.0 1.0067698215669658 1.0067698215669658 -0.00789232651774463
59770.76632222687 3.2874999999999996 0.019500000000000073 0.9921761677675721 0.009040301390140216 1.0 1.006769684859714 1.006769684859714 -0.014593517092141961
59770.766338170295 3.2874999999999996 0.019500000000000073 0.9990887039386159 0.0090717622783656 1.0 1.0067695481523375 1.0067695481523375 -0.007680844213721616
59770.76635411371 3.2874999999999996 0.019500000000000073 1.0073351899828598 0.009108429116513665 1.0 1.006769411445086 1.006769411445086 0.0005657785377737312
59770.76637005713 3.2874999999999996 0.019500000000000073 0.9993653978007209 0.009088618753433211 1.0 1.006769274737772 1.006769274737772 -0.007403876937051024
59770.76638600055 3.2874999999999996 0.019500000000000073 1.003014846059302 0.009102928007719804 1.0 1.0067691380304578 1.0067691380304578 -0.003754291971155732
59770.76640194397 3.2874999999999996 0.019500000000000073 1.017011883850858 0.009180069487818123 1.0 1.0067690013231438 1.0067690013231438 0.010242882527714103
59770.76641788739 3.2874999999999996 0.019500000000000073 1.0061385126429356 0.009108286367983266 1.0 1.0067688646158297 1.0067688646158297 -0.0006303519728940721
59770.76643383081 3.2874999999999996 0.019500000000000073 1.0075336069202818 0.009158453259872868 1.0 1.0067687279085158 1.0067687279085158 0.0007648790117660287
59770.76644977423 3.2874999999999996 0.019500000000000073 1.000483518211489 0.009081185492018015 1.0 1.0067685912012017 1.0067685912012017 -0.006285072989712592
59770.76646571765 3.2874999999999996 0.019500000000000073 1.0248700539088431 0.009205335798696779 1.0 1.0067684544938875 1.0067684544938875 0.018101599414955594
59770.76648166106 3.2874999999999996 0.019500000000000073 0.9890925576499224 0.009046619538315783 1.0 1.006768317786636 1.006768317786636 -0.01767576013671357
59770.76649760449 3.2874999999999996 0.019500000000000073 1.0152502667201082 0.009185914089834917 1.0 1.0067681810792595 1.0067681810792595 0.008482085640848736
59770.76651354792 3.2874999999999996 0.019500000000000073 1.0218394346797381 0.009204298956707711 1.0 1.006768044371883 1.006768044371883 0.015071390307855204
59770.76652949133 3.2874999999999996 0.019500000000000073 1.006469122715261 0.009109557095368107 1.0 1.0067679076646314 1.0067679076646314 -0.000298784949370523
59770.76654543475 3.2874999999999996 0.019500000000000073 1.0219082593936846 0.009214062566710413 1.0 1.0067677709573173 1.0067677709573173 0.015140488436367283
59770.76656137817 3.2874999999999996 0.019500000000000073 0.991066147440468 0.009042296546143405 1.0 1.0067676342500032 1.0067676342500032 -0.015701486809535203
59770.76657732159 3.2874999999999996 0.019500000000000073 1.001190921181175 0.009074105112063783 1.0 1.0067674975426892 1.0067674975426892 -0.005576576361514318
59770.76659326501 3.2874999999999996 0.019500000000000073 0.9961348762975252 0.009070287567125105 1.0 1.006767360835375 1.006767360835375 -0.010632484537849929
59770.76660920843 3.2874999999999996 0.019500000000000073 1.0077285934719813 0.009114156662159274 1.0 1.006767224128061 1.006767224128061 0.0009613693439203264
59770.76662515185 3.2874999999999996 0.019500000000000073 1.0092317853527508 0.009110186686788499 1.0 1.006767087420747 1.006767087420747 0.0024646979320037676
59770.76664109527 3.2874999999999996 0.019500000000000073 0.9993772646544317 0.00906927424615284 1.0 1.006766950713433 1.006766950713433 -0.007389686059001255
59770.76665703869 3.2874999999999996 0.019500000000000073 1.0177450599827904 0.009189362779679158 1.0 1.0067668140061812 1.0067668140061812 0.010978245976609236
59770.766672982114 3.2874999999999996 0.019500000000000073 1.007826864911139 0.009108635085171707 1.0 1.0067666772988049 1.0067666772988049 0.0010601876123341736
59770.76668892553 3.2874999999999996 0.019500000000000073 0.9987123985678907 0.009079356319376166 1.0 1.0067665405915531 1.0067665405915531 -0.008054142023662392
59770.766704868955 3.2874999999999996 0.019500000000000073 1.0230158977939927 0.00920971466510465 1.0 1.0067664038841766 1.0067664038841766 0.016249493909816115
59770.76672081237 3.2874999999999996 0.019500000000000073 0.9931258034084034 0.00905888045451688 1.0 1.006766267176925 1.006766267176925 -0.013640463768521682
59770.766736755795 3.2874999999999996 0.019500000000000073 1.0192323149550515 0.00919610998399012 1.0 1.0067661304695485 1.0067661304695485 0.012466184485502962
59770.76675269921 3.2874999999999996 0.019500000000000073 1.0009009908154398 0.009081557208501838 1.0 1.0067659937622968 1.0067659937622968 -0.00586500294685699
59770.766768642636 3.2874999999999996 0.019500000000000073 1.0009692575745535 0.00908022486588053 1.0 1.0067658570549205 1.0067658570549205 -0.005796599480367037
59770.76678458605 3.2874999999999996 0.019500000000000073 1.003980556916314 0.009100212153359735 1.0 1.0067657203476688 1.0067657203476688 -0.002785163431354709
59770.766800529476 3.2874999999999996 0.019500000000000073 1.0127721361094577 0.009174573805909478 1.0 1.0067655836402922 1.0067655836402922 0.006006552469165483
59770.76681647289 3.2874999999999996 0.019500000000000073 0.9975540470849993 0.009070349735752591 1.0 1.0067654469330407 1.0067654469330407 -0.009211399848041424
59770.76683241631 3.2874999999999996 0.019500000000000073 0.9993702120207498 0.009090083690298133 1.0 1.0067653102257266 1.0067653102257266 -0.007395098204976747
59770.76684835973 3.2874999999999996 0.019500000000000073 1.0194599389998242 0.00918973870386116 1.0 1.0067651735184124 1.0067651735184124 0.012694765481411796
59770.76686430315 3.2874999999999996 0.019500000000000073 1.0168720751198865 0.009180155319533194 1.0 1.0067650368110985 1.0067650368110985 0.010107038308788008
59770.76688024657 3.2874999999999996 0.019500000000000073 1.0075450968307884 0.009122907564092215 1.0 1.0067649001037844 1.0067649001037844 0.0007801967270040233
59770.76689618999 3.2874999999999996 0.019500000000000073 1.0209638372185927 0.009203535630772499 1.0 1.0067647633964703 1.0067647633964703 0.014199073822122488
59770.76691213341 3.2874999999999996 0.019500000000000073 1.00207228234238 0.009102410877793512 1.0 1.0067646266891563 1.0067646266891563 -0.004692344346776345
59770.76692807683 3.2874999999999996 0.019500000000000073 1.0044752673384134 0.009108644363078726 1.0 1.0067644899818422 1.0067644899818422 -0.00228922264342879
59770.766944020244 3.2874999999999996 0.019500000000000073 1.0175422125863818 0.00920502216235667 1.0 1.0067643532745905 1.0067643532745905 0.010777859311791316
59770.76695996367 3.2874999999999996 0.019500000000000073 0.9986413191634648 0.009070742971419904 1.0 1.0067642165672142 1.0067642165672142 -0.008122897403749385
59770.76697590709 3.2874999999999996 0.019500000000000073 0.9830412512866251 0.011025646531365748 1.0 1.0067640798599 1.0067640798599 -0.0237228285732749
59770.76699185051 3.2874999999999996 0.019500000000000073 0.9993824194621631 0.00907347939508153 1.0 1.006763943152586 1.006763943152586 -0.0073815236904229975
59770.767007793926 3.2874999999999996 0.019500000000000073 0.9958161988364221 0.009074582954319397 1.0 1.0067638064453344 1.0067638064453344 -0.010947607608912224
59770.76702373735 3.2874999999999996 0.019500000000000073 1.0004709727810648 0.009082438435128404 1.0 1.0067636697379578 1.0067636697379578 -0.006292696956893051
59770.767039680766 3.2874999999999996 0.019500000000000073 1.005717087339383 0.009098058711325439 1.0 1.0067635330307063 1.0067635330307063 -0.0010464456913232834
59770.767055624194 3.2874999999999996 0.019500000000000073 1.0029540536399368 0.009091989021876646 1.0 1.0067633963233298 1.0067633963233298 -0.0038093426833929467
59770.76707156761 3.2874999999999996 0.019500000000000073 1.007820391531722 0.009102524460814578 1.0 1.006763259616078 1.006763259616078 0.0010571319156440495
59770.767087511034 3.2874999999999996 0.019500000000000073 1.0089079322423866 0.009119092183880495 1.0 1.0067631229087017 1.0067631229087017 0.002144809333684883
59770.767103454455 3.2874999999999996 0.019500000000000073 1.0214953485187421 0.00920114073524548 1.0 1.0067629862013876 1.0067629862013876 0.01473236231735453
59770.76711939787 3.2874999999999996 0.019500000000000073 1.0048340959618896 0.009105940863245699 1.0 1.0067628494941359 1.0067628494941359 -0.0019287535322463079
59770.767135341295 3.2874999999999996 0.019500000000000073 1.0202651056005452 0.009198700820183673 1.0 1.0067627127867596 1.0067627127867596 0.013502392813785624
59770.76715128471 3.2874999999999996 0.019500000000000073 1.012513895651908 0.009166816055211446 1.0 1.0067625760795078 1.0067625760795078 0.00575131957240016
59770.767167228136 3.2874999999999996 0.019500000000000073 1.0210580693047338 0.009208918812892406 1.0 1.0067624393721313 1.0067624393721313 0.014295629932602472
59770.76718317155 3.2874999999999996 0.019500000000000073 1.0176392760779684 0.009193979783295442 1.0 1.0067623026648798 1.0067623026648798 0.010876973413088686
59770.76719911498 3.2874999999999996 0.019500000000000073 1.0180726301646597 0.009192045757178089 1.0 1.0067621659575032 1.0067621659575032 0.011310464207156423
59770.76721505839 3.2874999999999996 0.019500000000000073 1.0210437267480563 0.009204604919503312 1.0 1.0067620292502515 1.0067620292502515 0.014281697497804835
59770.76723100181 3.2874999999999996 0.019500000000000073 1.002409434338311 0.009089373757865924 1.0 1.0067618925429376 1.0067618925429376 -0.004352458204626597
59770.76724694523 3.2874999999999996 0.019500000000000073 0.9999271338534875 0.009093813498686359 1.0 1.0067617558356234 1.0067617558356234 -0.006834621982135913
59770.76726288866 3.2874999999999996 0.019500000000000073 0.9977417798956744 0.009084776790570619 1.0 1.006761619128247 1.006761619128247 -0.009019839232572546
59770.76727883207 3.2874999999999996 0.019500000000000073 1.0230785398348876 0.009215177919387094 1.0 1.0067614824209954 1.0067614824209954 0.016317057413892222
59770.76729477549 3.2874999999999996 0.019500000000000073 1.0009196840438337 0.009090023714848036 1.0 1.0067613457136813 1.0067613457136813 -0.005841661669847564
59770.76731071891 3.2874999999999996 0.019500000000000073 0.9958872238483197 0.009060424514236455 1.0 1.0067612090063671 1.0067612090063671 -0.010873985158047383
59770.76732666233 3.2874999999999996 0.019500000000000073 1.0222670532606015 0.009204561196284461 1.0 1.0067610722990532 1.0067610722990532 0.015505980961548316
59770.76734260575 3.2874999999999996 0.019500000000000073 1.0251219109137997 0.009223925413697076 1.0 1.006760935591739 1.006760935591739 0.018360975322060602
59770.76735854917 3.2874999999999996 0.019500000000000073 1.0000927702554088 0.009075519746584548 1.0 1.006760798884425 1.006760798884425 -0.006668028629016165
59770.76737449259 3.2874999999999996 0.019500000000000073 1.0242286608059414 0.009209596908103293 1.0 1.006760662177111 1.006760662177111 0.017467998628830417
59770.76739043601 3.2874999999999996 0.019500000000000073 1.026239417898857 0.009219184852971973 1.0 1.0067605254697969 1.0067605254697969 0.01947889242906009
59770.767406379426 3.2874999999999996 0.019500000000000073 0.9966247754802734 0.00907020400039478 1.0 1.0067603887625451 1.0067603887625451 -0.01013561328227175
59770.76742232285 3.2874999999999996 0.019500000000000073 0.9943934716974518 0.009065034730851374 1.0 1.0067602520551688 1.0067602520551688 -0.012366780357716989
59770.76743826627 3.2874999999999996 0.019500000000000073 1.0131989278535556 0.009186169969526186 1.0 1.0067601153478547 1.0067601153478547 0.006438812505700886
59770.767454209694 3.2874999999999996 0.019500000000000073 0.9979772775757648 0.00907162516586122 1.0 1.0067599786405406 1.0067599786405406 -0.008782701064775744
59770.76747015311 3.2874999999999996 0.019500000000000073 1.0225469657646171 0.009206659535045708 1.0 1.006759841933289 1.006759841933289 0.015787123831328076
59770.767486096534 3.2874999999999996 0.019500000000000073 1.0137135754817905 0.00917677790758872 1.0 1.0067597052259125 1.0067597052259125 0.006953870255878014
59770.76750203995 3.2874999999999996 0.019500000000000073 1.0157424395900625 0.009173010879119956 1.0 1.0067595685186608 1.0067595685186608 0.008982871071401721
59770.767517983375 3.2874999999999996 0.019500000000000073 1.017483830483662 0.009186351811864387 1.0 1.0067594318112845 1.0067594318112845 0.010724398672377511
59770.76753392679 3.2874999999999996 0.019500000000000073 0.9991887780439297 0.009098826410771244 1.0 1.0067592951040327 1.0067592951040327 -0.0075705170601030325
59770.767549870216 3.2874999999999996 0.019500000000000073 1.0027688788828748 0.009092593566790395 1.0 1.0067591583966564 1.0067591583966564 -0.003990279513781614
59770.76756581363 3.2874999999999996 0.019500000000000073 0.9980150529244678 0.00907673763895372 1.0 1.0067590216894047 1.0067590216894047 -0.008743968764936882
59770.76758175705 3.2874999999999996 0.019500000000000073 0.9948351168485674 0.00906416943944668 1.0 1.0067588849820905 1.0067588849820905 -0.011923768133523138
59770.76759770047 3.2874999999999996 0.019500000000000073 0.9987876981925712 0.009069228945745897 1.0 1.0067587482747766 1.0067587482747766 -0.007971050082205444
59770.76761364389 3.2874999999999996 0.019500000000000073 1.0005809395684877 0.009079019666374309 1.0 1.0067586115674625 1.0067586115674625 -0.0061776719989747875
59770.76762958731 3.2874999999999996 0.019500000000000073 0.9983729577360068 0.00907524030994781 1.0 1.0067584748601484 1.0067584748601484 -0.008385517124141595
59770.76764553073 3.2874999999999996 0.019500000000000073 1.0163408462659373 0.009189187143043613 1.0 1.0067583381528344 1.0067583381528344 0.009582508113102906
