eureka_custom_plots/data/stage5_lcfit_results/S5_wasp39b_ap4_bg8_Table_Save_ch52.txt
# %ECSV 1.0
# ---
# datatype:
# - {name: time, datatype: float64}
# - {name: wavelength, datatype: float64}
# - {name: bin_width, datatype: float64}
# - {name: lcdata, datatype: float64}
# - {name: lcerr, datatype: float64}
# - {name: transit, datatype: float64}
# - {name: polynom, datatype: float64}
# - {name: model, datatype: float64}
# - {name: residuals, datatype: float64}
# schema: astropy-2.0
time wavelength bin_width lcdata lcerr transit polynom model residuals
[from data line 11288]
59770.82398957624 5.0125 0.01949999999999985 0.9954259671273664 0.011051584278872836 0.978140445865112 1.006295933764301 0.9842987533244625 0.011127213802903935
59770.82400551966 5.0125 0.01949999999999985 0.9834061253222294 0.011021291859997694 0.9781403566025916 1.006295876626871 0.9842986076115251 -0.0008924822892957263
59770.82402146308 5.0125 0.01949999999999985 0.9749843436699788 0.010994771510451124 0.9781402674766543 1.0062958194894414 0.9842984620360412 -0.00931411836606244
59770.82403740649 5.0125 0.01949999999999985 0.9793989996322695 0.010989553750579214 0.9781401784872755 1.0062957623520374 0.9842983165980109 -0.004899316965741418
59770.82405334992 5.0125 0.01949999999999985 0.9927710225548083 0.011053520714562219 0.9781400896342664 1.0062957052145816 0.9842981712971681 0.00847285125764019
59770.82406929333 5.0125 0.01949999999999985 0.9537523119188399 0.010970779747455016 0.9781400009177179 1.0062956480771779 0.9842980261337063 -0.030545714214866404
59770.82408523676 5.0125 0.01949999999999985 0.9862514824287508 0.01106295254428063 0.9781399123374035 1.006295590939722 0.9842978811072953 0.0019536013214555004
59770.82410118017 5.0125 0.01949999999999985 0.9615059596214264 0.010951731331507869 0.9781398238934138 1.006295533802318 0.9842977362181282 -0.02279177659670184
59770.8241171236 5.0125 0.01949999999999985 1.0055155301213548 0.011060872412025293 0.9781397355855228 1.0062954766648622 0.9842975914658759 0.02121793865547883
59770.82413306701 5.0125 0.01949999999999985 0.995954920522328 0.012471256699653025 0.9781396474138213 1.0062954195274585 0.9842974468507316 0.011657473671596419
59770.824149010434 5.0125 0.01949999999999985 0.9735837041945195 0.011008471892341888 0.9781395593781245 1.0062953623900286 0.9842973023724326 -0.010713598177913175
59770.824164953854 5.0125 0.01949999999999985 0.976534046264355 0.011004809645990554 0.9781394714784007 1.0062953052525987 0.9842971580309728 -0.007763111766617814
59770.824180897274 5.0125 0.01949999999999985 0.9893414240856564 0.011041461689956058 0.978139383714588 1.0062952481151688 0.9842970138262896 0.0050444102593667495
59770.824196840695 5.0125 0.01949999999999985 0.9757409066653832 0.011037225833479452 0.9781392960866141 1.0062951909777391 0.9842968697583107 -0.008555963092927499
59770.82421278411 5.0125 0.01949999999999985 0.9711256833640673 0.010945954227835664 0.978139208594455 1.0062951338403352 0.9842967258270366 -0.013171042462969296
59770.824228727535 5.0125 0.01949999999999985 0.9722254942391476 0.01101994021519989 0.9781391212379253 1.0062950767028793 0.984296582032205 -0.012071087793057433
59770.82424467095 5.0125 0.01949999999999985 0.9799731585993124 0.010984471656045665 0.9781390340171149 1.0062950195654756 0.984296438374008 -0.004323279774695599
59770.824260614376 5.0125 0.01949999999999985 0.9874068329292908 0.011060118584444608 0.9781389469318006 1.0062949624280197 0.9842962948521191 0.003110538077171654
59770.82427655779 5.0125 0.01949999999999985 0.9659385810103539 0.011030956180232808 0.9781388599820723 1.0062949052906158 0.9842961514667303 -0.018357570456376426
59770.82429250122 5.0125 0.01949999999999985 0.9981631848372493 0.01105701214563176 0.9781387731677076 1.00629484815316 0.9842960082175165 0.013867176619732802
59770.82430844463 5.0125 0.01949999999999985 0.9843939952752643 0.011053460541923563 0.9781386864887961 1.0062947910157563 0.9842958651046694 9.813017059490114e-05
59770.82432438804 5.0125 0.01949999999999985 0.9910297663027501 0.011029201025911577 0.9781385999451937 1.0062947338783523 0.9842957221279929 0.006734044174757203
59770.82434033147 5.0125 0.01949999999999985 0.9992084426987726 0.01108605250537006 0.9781385135367571 1.0062946767408965 0.9842955792872919 0.014912863411480681
59770.82435627489 5.0125 0.01949999999999985 1.0044962091277172 0.011102831284265162 0.978138427263538 1.0062946196034666 0.9842954365826949 0.020200772545022283
59770.82437221831 5.0125 0.01949999999999985 1.0012303118432433 0.011081341847295815 0.978138341125428 1.0062945624660369 0.9842952940140677 0.016935017829175614
59770.82438816172 5.0125 0.01949999999999985 0.9924926315870971 0.011065832949252272 0.9781382551224038 1.006294505328633 0.9842951515814116 0.008197480005685542
59770.82440410515 5.0125 0.01949999999999985 0.9917944183405123 0.011051659866287053 0.9781381692542831 1.006294448191177 0.984295009284467 0.007499409056045292
59770.824420048564 5.0125 0.01949999999999985 0.9723416382255907 0.011017424769499733 0.9781380835211546 1.0062943910537734 0.9842948671234252 -0.011953228897834456
59770.82443599199 5.0125 0.01949999999999985 0.9805796003566001 0.01102361868912621 0.9781379979227991 1.0062943339163175 0.9842947250979635 -0.0037151247413633737
59770.824451935405 5.0125 0.01949999999999985 0.9990255000123847 0.011103339144024064 0.978137912459305 1.0062942767789136 0.9842945832082727 0.014730916804111982
59770.824467878825 5.0125 0.01949999999999985 0.9922257445584319 0.011088415739702153 0.9781378271304936 1.006294219641484 0.9842944414540967 0.007931303104335208
59770.824483822245 5.0125 0.01949999999999985 1.0027447757478396 0.011077850310987212 0.9781377419363345 1.006294162504054 0.9842942998354303 0.018450475912409336
59770.82449976566 5.0125 0.01949999999999985 0.9836653938767947 0.011016762732938477 0.9781376568768048 1.0062941053666503 0.9842941583522758 -0.0006287644754811028
59770.824515709086 5.0125 0.01949999999999985 0.9848267328546589 0.011050966303648654 0.9781375719517241 1.0062940482291942 0.9842940170043752 0.0005327158502836937
59770.8245316525 5.0125 0.01949999999999985 0.9714191236421712 0.011005173099652535 0.9781374871611804 1.0062939910917905 0.9842938757919193 -0.012874752149748092
59770.82454759593 5.0125 0.01949999999999985 0.9753294381365225 0.011041578188258726 0.978137402504957 1.0062939339543346 0.9842937347145876 -0.008964296578065079
59770.82456353934 5.0125 0.01949999999999985 0.9826951446241173 0.011032724987794586 0.9781373179831414 1.0062938768169307 0.9842935937725703 -0.001598449148452974
59770.82457948277 5.0125 0.01949999999999985 0.9701946689558952 0.011010052468717753 0.978137233595518 1.0062938196794748 0.9842934529655485 -0.014098784009653254
59770.82459542618 5.0125 0.01949999999999985 0.9801749617599147 0.011051060494795787 0.9781371493421738 1.0062937625420711 0.9842933122937118 -0.004118350533797055
59770.82461136961 5.0125 0.01949999999999985 0.9761167906554731 0.011043967638928107 0.9781370652228939 1.0062937054046153 0.9842931717567417 -0.008176381101268615
59770.82462731302 5.0125 0.01949999999999985 0.998345943529451 0.011053587292857329 0.9781369812377652 1.0062936482672113 0.9842930313548276 0.014052912174623455
59770.82464325644 5.0125 0.01949999999999985 0.9841199750506057 0.011009290237676795 0.9781368973866121 1.0062935911297817 0.9842928910877167 -0.0001729160371110039
59770.82465919986 5.0125 0.01949999999999985 0.9923914252559134 0.011068019234513726 0.9781368136694052 1.0062935339923518 0.9842927509554042 0.008098674300509145
59770.824675143274 5.0125 0.01949999999999985 0.972948394576373 0.011021726179005818 0.9781367300861219 1.006293476854948 0.9842926109578936 -0.0113442163815205
59770.8246910867 5.0125 0.01949999999999985 0.9647030288550005 0.011001943777197744 0.9781366466365854 1.006293419717492 0.9842924710949296 -0.01958944223992909
59770.824707030115 5.0125 0.01949999999999985 0.9787015940478802 0.010962648554422971 0.9781365633208818 1.0062933625800883 0.9842923313667016 -0.005590737318821426
59770.82472297354 5.0125 0.01949999999999985 0.9803835862828566 0.011051786232780355 0.978136480138799 1.0062933054426324 0.9842921917728937 -0.003908605490037131
59770.824738916956 5.0125 0.01949999999999985 0.9909145613956138 0.011033520370490334 0.9781363970904227 1.0062932483052287 0.9842920523136944 0.006622509081919414
59770.82475486038 5.0125 0.01949999999999985 0.9792156502659781 0.011000642586708558 0.9781363141755411 1.0062931911677726 0.9842919129887883 -0.005076262722810143
59770.824770803796 5.0125 0.01949999999999985 0.9821975863838689 0.011036100012147488 0.9781362313942403 1.006293134030369 0.9842917737983642 -0.0020941874144952966
59770.82478674721 5.0125 0.01949999999999985 0.9881084151435688 0.011059467744234917 0.9781361487463831 1.0062930768929652 0.9842916347422329 0.0038167804013359286
59770.82480269064 5.0125 0.01949999999999985 0.9811478911900418 0.011038750656130322 0.9781360662318329 1.0062930197555093 0.984291495820206 -0.003143604630164276
59770.82481863406 5.0125 0.01949999999999985 "" "" 0.9781359838506373 1.0062929626180794 0.9842913570324077 ""
59770.82483457748 5.0125 0.01949999999999985 0.9849434886600322 0.011102708289116373 0.9781359016027003 1.0062929054806495 0.9842912183787159 0.0006522702813163139
59770.82485052089 5.0125 0.01949999999999985 0.97752280774692 0.011028386689173244 0.9781358194879929 1.0062928483432458 0.9842910798591273 -0.006768272112207319
59770.82486646432 5.0125 0.01949999999999985 0.978288680492432 0.011030330536695315 0.9781357375063439 1.0062927912057897 0.9842909414733925 -0.006002260980960461
59770.82488240773 5.0125 0.01949999999999985 0.9777875977552145 0.011030934475493331 0.9781356556578382 1.006292734068386 0.9842908032216994 -0.006503205466484863
59770.82489835116 5.0125 0.01949999999999985 0.97724988334966 0.011023084622922476 0.9781355739422675 1.0062926769309302 0.9842906651037361 -0.007040781754076075
59770.82491429457 5.0125 0.01949999999999985 0.9765737703793731 0.0110245209337003 0.978135492359716 1.0062926197935265 0.9842905271196895 -0.007716756740316355
59770.824930238 5.0125 0.01949999999999985 0.9822504585514121 0.011065657805904053 0.9781354109099761 1.0062925626560704 0.9842903892692483 -0.002039930717836147
59770.82494618141 5.0125 0.01949999999999985 0.9953248109483098 0.011076584416088591 0.9781353295931323 1.0062925055186667 0.9842902515526 0.011034559395709853
59770.824962124825 5.0125 0.01949999999999985 0.9767571460387708 0.011009160060487081 0.97813524840905 1.006292448381263 0.9842901139695578 -0.007532967930786949
59770.82497806825 5.0125 0.01949999999999985 0.9904967591368128 0.01104213746347348 0.9781351673575952 1.006292391243807 0.9842899765199359 0.006206782616876905
59770.824994011666 5.0125 0.01949999999999985 0.9749582142112362 0.010992939455963007 0.9781350864388523 1.0062923341064032 0.9842898392039211 -0.009331624992684917
59770.82500995509 5.0125 0.01949999999999985 0.9914120249027455 0.011066472473892933 0.9781350056526148 1.0062922769689473 0.9842897020212039 0.007122322881541576
59770.825025898506 5.0125 0.01949999999999985 0.9767347399834173 0.011018857494741413 0.9781349249989667 1.0062922198315436 0.9842895649719706 -0.00755482498855331
59770.825041841934 5.0125 0.01949999999999985 0.9766812490506247 0.01102370384394493 0.9781348444777025 1.0062921626940877 0.9842894280559124 -0.007608179005287652
59770.82505778535 5.0125 0.01949999999999985 0.9690011457059713 0.010998035357184664 0.978134764088906 1.0062921055566838 0.9842892912732154 -0.015288145567244116
59770.82507372877 5.0125 0.01949999999999985 0.9803310944417236 0.01102101749611647 0.978134683832407 1.006292048419254 0.9842891546236321 -0.003958060181908474
59770.82508967219 5.0125 0.01949999999999985 0.9861514980492209 0.011068204491880798 0.9781346037081845 1.0062919912818242 0.984289018107167 0.0018624799420539073
59770.82510561561 5.0125 0.01949999999999985 0.977781524060664 0.011022591042822409 0.9781345237161736 1.0062919341443943 0.9842888817237543 -0.006507357663090296
59770.82512155903 5.0125 0.01949999999999985 0.9856558621386053 0.01106829962785288 0.9781344438563186 1.0062918770069644 0.9842887454733381 0.0013671166652672317
59770.82513750244 5.0125 0.01949999999999985 0.9703225407483933 0.0110238919849089 0.9781343641285916 1.0062918198695607 0.984288609355916 -0.013966068607522697
59770.82515344587 5.0125 0.01949999999999985 1.0051590365076544 0.01107204833112374 0.9781342845328264 1.0062917627321049 0.984288473371244 0.020870563136410336
59770.82516938928 5.0125 0.01949999999999985 0.990945133844611 0.011046048468374954 0.9781342050691059 1.006291705594701 0.9842883375195075 0.00665679632510352
59770.82518533271 5.0125 0.01949999999999985 0.9659084785559837 0.010987037776621985 0.9781341257372277 1.006291648457245 0.9842882018004011 -0.01837972324441739
59770.82520127612 5.0125 0.01949999999999985 0.9928310926469067 0.011081061732425929 0.9781340465372743 1.0062915913198414 0.9842880662141096 0.00854302643279714
59770.82521721955 5.0125 0.01949999999999985 0.9938509387352846 0.011054618319166869 0.9781339674690441 1.0062915341823855 0.984287930760328 0.009563007974956683
59770.82523316296 5.0125 0.01949999999999985 0.9832648558418636 0.011017430538953033 0.9781338885326195 1.0062914770449816 0.984287795439241 -0.0010229395973774258
59770.82524910638 5.0125 0.01949999999999985 0.9871700649427742 0.0110451816030668 0.9781338097278335 1.0062914199075519 0.9842876602506048 0.0028824046921693824
59770.8252650498 5.0125 0.01949999999999985 0.9996030785509916 0.011067180781559653 0.9781337310546657 1.006291362770122 0.9842875251944235 0.01531555335656809
59770.825280993224 5.0125 0.01949999999999985 0.9779949814758359 0.010976463753272821 0.9781336525130525 1.006291305632692 0.9842873902706336 -0.006292408794797755
59770.825296936644 5.0125 0.01949999999999985 0.9846901717353919 0.011000954906969071 0.9781335741029393 1.0062912484952622 0.9842872554791798 0.000402916256212027
59770.82531288006 5.0125 0.01949999999999985 0.9768842119103806 0.01101860072585611 0.9781334958242989 1.0062911913578585 0.9842871208200606 -0.007402908909680095
59770.825328823485 5.0125 0.01949999999999985 0.9913373158095878 0.011084082154949819 0.9781334176769682 1.0062911342204026 0.9842869862930351 0.007050329516552711
59770.8253447669 5.0125 0.01949999999999985 0.9865416910011227 0.011031378199673054 0.9781333396610288 1.0062910770829987 0.9842868518982872 0.0022548391028354153
59770.825360710325 5.0125 0.01949999999999985 0.9741331711783847 0.011063538629015872 0.978133261776282 1.0062910199455428 0.9842867176355155 -0.010153546457130735
59770.82537665374 5.0125 0.01949999999999985 0.9920851856378069 0.011081549518585667 0.9781331840228091 1.0062909628081391 0.9842865835049033 0.00779860213290362
59770.825392597166 5.0125 0.01949999999999985 0.9823647620528864 0.01102500060176204 0.9781331064004124 1.0062909056706832 0.9842864495061497 -0.0019216874532633765
59770.82540854058 5.0125 0.01949999999999985 0.9895245962382125 0.011046863867885344 0.9781330289091726 1.0062908485332793 0.984286315639438 0.005238280598774514
59770.82542448399 5.0125 0.01949999999999985 0.9703857316251592 0.011000201324794213 0.978132951548962 1.0062907913958756 0.9842861819045886 -0.013900450279429433
59770.82544042742 5.0125 0.01949999999999985 0.9865716446009409 0.011064139924623103 0.9781328743196532 1.0062907342584198 0.9842860483014224 0.002285596299518522
59770.82545637083 5.0125 0.01949999999999985 0.9814673941479563 0.011050756257629439 0.978132797221327 1.006290677121016 0.9842859148301226 -0.00281852068216637
59770.82547231426 5.0125 0.01949999999999985 0.9664710757562832 0.010970639689391819 0.978132720253787 1.00629061998356 0.9842857814903893 -0.01781470573410604
59770.82548825767 5.0125 0.01949999999999985 1.0018116817276543 0.011099339647841266 0.9781326434171137 1.0062905628461563 0.9842856482824061 0.01752603344524828
59770.8255042011 5.0125 0.01949999999999985 1.0006291580669608 0.011092614462865788 0.9781325667111116 1.0062905057087004 0.9842855152058736 0.01634364286108725
59770.82552014451 5.0125 0.01949999999999985 0.984167243334259 0.011047037541600104 0.9781324901358609 1.0062904485712965 0.9842853822609747 -0.00011813892671574955
59770.825536087934 5.0125 0.01949999999999985 0.9799792725168738 0.011042889702324817 0.9781324136911999 1.0062903914338668 0.9842852494474704 -0.0043059769305966444
