eureka_custom_plots/data/stage5_lcfit_results/S5_wasp39b_ap4_bg8_Table_Save_ch33.txt
# %ECSV 1.0
# ---
# datatype:
# - {name: time, datatype: float64}
# - {name: wavelength, datatype: float64}
# - {name: bin_width, datatype: float64}
# - {name: lcdata, datatype: float64}
# - {name: lcerr, datatype: float64}
# - {name: transit, datatype: float64}
# - {name: polynom, datatype: float64}
# - {name: model, datatype: float64}
# - {name: residuals, datatype: float64}
# schema: astropy-2.0
time wavelength bin_width lcdata lcerr transit polynom model residuals
[from data line 20527]
59770.97129082412 4.284 0.019000000000000128 1.009282263105969 0.007234207683905693 1.0 1.006122352605895 1.006122352605895 0.0031599105000739147
59770.97130676754 4.284 0.019000000000000128 1.0012593303890416 0.007195168745717567 1.0 1.0061222907355296 1.0061222907355296 -0.004862960346488032
59770.97132271096 4.284 0.019000000000000128 1.0175589258444935 0.007252225837213187 1.0 1.0061222288651641 1.0061222288651641 0.011436696979329364
59770.97133865437 4.284 0.019000000000000128 1.012658752055568 0.007244342035023208 1.0 1.0061221669948268 1.0061221669948268 0.0065365850607412845
59770.971354597794 4.284 0.019000000000000128 1.0141432267316006 0.0072450465273312 1.0 1.0061221051244613 1.0061221051244613 0.008021121607139303
59770.971370541214 4.284 0.019000000000000128 0.9974472986498389 0.007210086826631256 1.0 1.0061220432540958 1.0061220432540958 -0.008674744604256879
59770.971386484634 4.284 0.019000000000000128 1.0040684474386798 0.00723014281080531 1.0 1.0061219813837303 1.0061219813837303 -0.0020535339450504786
59770.97140242805 4.284 0.019000000000000128 0.999831550714355 0.007212607712939881 1.0 1.0061219195133932 1.0061219195133932 -0.006290368799038215
59770.97141837147 4.284 0.019000000000000128 1.0141277120575958 0.007235908354655999 1.0 1.0061218576430278 1.0061218576430278 0.008005854414568025
59770.97143431489 4.284 0.019000000000000128 1.0006226992754148 0.007213188898703529 1.0 1.0061217957726623 1.0061217957726623 -0.0054990964972474465
59770.9714502583 4.284 0.019000000000000128 1.0053355017751056 0.00723412428070706 1.0 1.006121733902325 1.006121733902325 -0.0007862321272193995
59770.97146620173 4.284 0.019000000000000128 0.9962416281794249 0.007212694884841653 1.0 1.0061216720319313 1.0061216720319313 -0.009880043852506404
59770.97148214514 4.284 0.019000000000000128 1.0057912166633278 0.0072049612472524565 1.0 1.006121610161594 1.006121610161594 -0.00033039349826613496
59770.97149808856 4.284 0.019000000000000128 1.0105267852668103 0.007226946933802025 1.0 1.0061215482912287 1.0061215482912287 0.0044052369755815945
59770.97151403198 4.284 0.019000000000000128 0.9955956160237398 0.00720424492957439 1.0 1.0061214864208632 1.0061214864208632 -0.010525870397123382
59770.971529975395 4.284 0.019000000000000128 1.0028925005551605 0.007203850742926892 1.0 1.006121424550526 1.006121424550526 -0.0032289239953653404
59770.971545918816 4.284 0.019000000000000128 0.9966659905863182 0.007208926235612895 1.0 1.0061213626801604 1.0061213626801604 -0.009455372093842174
59770.97156186223 4.284 0.019000000000000128 0.9980541980409908 0.0072120249451184705 1.0 1.006121300809823 1.006121300809823 -0.008067102768832268
59770.971577805656 4.284 0.019000000000000128 1.0119143628480234 0.0072527599441500655 1.0 1.0061212389394294 1.0061212389394294 0.005793123908593989
59770.97159374907 4.284 0.019000000000000128 1.0093769355332318 0.007223783484624756 1.0 1.0061211770690923 1.0061211770690923 0.003255758464139502
59770.97160969249 4.284 0.019000000000000128 1.0141797359757183 0.007247018457342595 1.0 1.0061211151987268 1.0061211151987268 0.008058620776991487
59770.97162563591 4.284 0.019000000000000128 1.0075191307516522 0.007213696786197043 1.0 1.0061210533283613 1.0061210533283613 0.0013980774232909
59770.97164157933 4.284 0.019000000000000128 1.0012129340320945 0.00721734239411009 1.0 1.0061209914579958 1.0061209914579958 -0.00490805742590128
59770.97165752274 4.284 0.019000000000000128 1.005438028649729 0.007219670016031252 1.0 1.0061209295876585 1.0061209295876585 -0.0006829009379294426
59770.97167346616 4.284 0.019000000000000128 1.0159098851402157 0.007255633762480984 1.0 1.006120867717293 1.006120867717293 0.009789017422922708
59770.97168940958 4.284 0.019000000000000128 1.0007894076327337 0.007219023621115584 1.0 1.0061208058469278 1.0061208058469278 -0.005331398214194039
59770.971705353 4.284 0.019000000000000128 0.9953294614449193 0.007209547550187835 1.0 1.0061207439765905 1.0061207439765905 -0.010791282531671165
59770.97172129642 4.284 0.019000000000000128 1.0118036714077152 0.007235476510689153 1.0 1.006120682106225 1.006120682106225 0.005682989301490249
59770.97173723984 4.284 0.019000000000000128 1.0122879294688456 0.007242937143033871 1.0 1.0061206202358595 1.0061206202358595 0.00616730923298614
59770.97175318326 4.284 0.019000000000000128 1.0047936334433927 0.00723662262681689 1.0 1.006120558365494 1.006120558365494 -0.0013269249221012913
59770.97176912667 4.284 0.019000000000000128 1.0000394735188773 0.007213473380134402 1.0 1.006120496495157 1.006120496495157 -0.006081022976279549
59770.97178507009 4.284 0.019000000000000128 1.0183165583109257 0.0072593078431022985 1.0 1.0061204346247914 1.0061204346247914 0.01219612368613432
59770.97180101351 4.284 0.019000000000000128 1.0129106367791758 0.0072352555698059545 1.0 1.006120372754426 1.006120372754426 0.006790264024749915
59770.971816956924 4.284 0.019000000000000128 1.005451131305356 0.007239127970656714 1.0 1.0061203108840886 1.0061203108840886 -0.0006691795787325816
59770.971832900344 4.284 0.019000000000000128 1.0062613658073096 0.007209104880943871 1.0 1.006120249013723 1.006120249013723 0.0001411167935865265
59770.97184884377 4.284 0.019000000000000128 1.0097556194839858 0.0072087561474575845 1.0 1.0061201871433294 1.0061201871433294 0.0036354323406564415
59770.971864787185 4.284 0.019000000000000128 1.0060654911714029 0.007212263069943801 1.0 1.006120125272992 1.006120125272992 -5.4634101589234874e-05
59770.9718807306 4.284 0.019000000000000128 0.9951757355655123 0.007190506993111306 1.0 1.006120063402655 1.006120063402655 -0.01094432783714272
59770.97189667402 4.284 0.019000000000000128 1.0110314685639565 0.0072223038159177485 1.0 1.0061200015322895 1.0061200015322895 0.004911467031667005
59770.97191261744 4.284 0.019000000000000128 1.0068049532465138 0.007225782874854928 1.0 1.006119939661924 1.006119939661924 0.0006850135845897221
59770.97192856086 4.284 0.019000000000000128 1.0213031710186424 0.0072466038846664615 1.0 1.0061198777915585 1.0061198777915585 0.015183293227083894
59770.97194450427 4.284 0.019000000000000128 1.0156942548745398 0.007262106262786116 1.0 1.0061198159212212 1.0061198159212212 0.009574438953318554
59770.9719604477 4.284 0.019000000000000128 1.0054309363733558 0.00723277206856778 1.0 1.0061197540508275 1.0061197540508275 -0.0006888176774717536
59770.97197639111 4.284 0.019000000000000128 0.995248180746638 0.007205881251573005 1.0 1.0061196921804905 1.0061196921804905 -0.010871511433852454
59770.971992334526 4.284 0.019000000000000128 1.0094612081015162 0.007227069794807296 1.0 1.0061196303101532 1.0061196303101532 0.003341577791363015
59770.97200827795 4.284 0.019000000000000128 1.008120440781898 0.007212834749199565 1.0 1.0061195684397595 1.0061195684397595 0.0020008723421385266
59770.972024221366 4.284 0.019000000000000128 1.0060372839143001 0.007217677886055081 1.0 1.0061195065694222 1.0061195065694222 -8.222265512203286e-05
59770.97204016479 4.284 0.019000000000000128 0.9978555397783454 0.007215041419318227 1.0 1.0061194446990567 1.0061194446990567 -0.008263904920711274
59770.9720561082 4.284 0.019000000000000128 0.9946542831403943 0.007209117294402483 1.0 1.0061193828287196 1.0061193828287196 -0.01146509968832532
59770.97207205163 4.284 0.019000000000000128 1.0231154156122952 0.007269575145760971 1.0 1.006119320958326 1.006119320958326 0.01699609465396934
59770.97208799504 4.284 0.019000000000000128 0.9982593656423417 0.007197510211656298 1.0 1.0061192590879886 1.0061192590879886 -0.00785989344564686
59770.97210393846 4.284 0.019000000000000128 0.9984786352792921 0.007209962468846304 1.0 1.006119197217623 1.006119197217623 -0.007640561938330959
59770.97211988188 4.284 0.019000000000000128 1.003493821529059 0.007220592178946407 1.0 1.0061191353472576 1.0061191353472576 -0.002625313818198638
59770.9721358253 4.284 0.019000000000000128 1.0061775472229075 0.007228150654613648 1.0 1.0061190734768921 1.0061190734768921 5.847374601541944e-05
59770.972151768714 4.284 0.019000000000000128 1.0055002309798968 0.007208710813354161 1.0 1.0061190116065548 1.0061190116065548 -0.0006187806266579887
59770.97216771213 4.284 0.019000000000000128 1.0017423672424415 0.0072156552117303725 1.0 1.0061189497362177 1.0061189497362177 -0.00437658249377626
59770.972183655555 4.284 0.019000000000000128 1.0108631044589027 0.0072415053101267885 1.0 1.006118887865824 1.006118887865824 0.004744216593078665
59770.97219959897 4.284 0.019000000000000128 1.0141915803910837 0.007250092894223072 1.0 1.0061188259954867 1.0061188259954867 0.00807275439559696
59770.97221554239 4.284 0.019000000000000128 1.0053339067322666 0.007226579122198071 1.0 1.0061187641251212 1.0061187641251212 -0.0007848573928546099
59770.97223148581 4.284 0.019000000000000128 1.0031766238549396 0.007232474970274147 1.0 1.0061187022547557 1.0061187022547557 -0.002942078399816195
59770.97224742923 4.284 0.019000000000000128 0.9961001192251168 0.007197933062584058 1.0 1.0061186403843903 1.0061186403843903 -0.010018521159273486
59770.97226337264 4.284 0.019000000000000128 1.0004049559106731 0.007225240612956864 1.0 1.0061185785140532 1.0061185785140532 -0.005713622603380042
59770.972279316054 4.284 0.019000000000000128 1.0090856447064853 0.007256065292994801 1.0 1.0061185166437159 1.0061185166437159 0.002967128062769442
59770.97229525948 4.284 0.019000000000000128 0.9979451918583244 0.007207874397312201 1.0 1.0061184547733222 1.0061184547733222 -0.008173262914997759
59770.9723112029 4.284 0.019000000000000128 0.9973740391231756 0.007210850064523039 1.0 1.0061183929029567 1.0061183929029567 -0.008744353779781111
59770.972327146315 4.284 0.019000000000000128 1.0148355019794864 0.007251281181638477 1.0 1.0061183310326194 1.0061183310326194 0.00871717094686697
59770.972343089736 4.284 0.019000000000000128 1.0203593603155627 0.0072609665768935015 1.0 1.0061182691622539 1.0061182691622539 0.014241091153308849
59770.972359033156 4.284 0.019000000000000128 1.005741615055734 0.007231349748764632 1.0 1.0061182072918886 1.0061182072918886 -0.0003765922361547158
59770.97237497657 4.284 0.019000000000000128 0.9994686732474349 0.007184472815098733 1.0 1.0061181454215513 1.0061181454215513 -0.006649472174116378
59770.97239091999 4.284 0.019000000000000128 1.006932570715175 0.00723153844257614 1.0 1.0061180835511858 1.0061180835511858 0.0008144871639892415
59770.97240686341 4.284 0.019000000000000128 1.0009023511637447 0.00719871614119845 1.0 1.0061180216808203 1.0061180216808203 -0.00521567051707561
59770.97242280683 4.284 0.019000000000000128 0.9986396644595387 0.007202124115135725 1.0 1.0061179598104548 1.0061179598104548 -0.007478295350916153
59770.97243875024 4.284 0.019000000000000128 0.9949911396304978 0.007200135042016624 1.0 1.0061178979401177 1.0061178979401177 -0.011126758309619955
59770.97245469366 4.284 0.019000000000000128 1.009531609726118 0.007230819088462995 1.0 1.0061178360697522 1.0061178360697522 0.0034137736563657484
59770.97247063708 4.284 0.019000000000000128 0.9991953015904461 0.007212988588015016 1.0 1.0061177741993867 1.0061177741993867 -0.006922472608940633
59770.9724865805 4.284 0.019000000000000128 0.999543403074916 0.007208021735334031 1.0 1.0061177123290495 1.0061177123290495 -0.006574309254133492
59770.97250252392 4.284 0.019000000000000128 1.0074282104153283 0.007237600543986818 1.0 1.006117650458684 1.006117650458684 0.0013105599566443082
59770.97251846734 4.284 0.019000000000000128 1.0247966653075646 0.007275696090920308 1.0 1.0061175885883185 1.0061175885883185 0.01867907671924618
59770.97253441076 4.284 0.019000000000000128 1.0040610315366987 0.0072260663968444485 1.0 1.006117526717953 1.006117526717953 -0.002056495181254281
59770.97255035417 4.284 0.019000000000000128 1.0147665214778059 0.0072574600804484685 1.0 1.0061174648476159 1.0061174648476159 0.00864905663019
59770.97256629759 4.284 0.019000000000000128 1.0105360118162738 0.007221229672397328 1.0 1.0061174029772504 1.0061174029772504 0.004418608839023452
59770.97258224101 4.284 0.019000000000000128 0.9942939105606214 0.007181961417965475 1.0 1.0061173411068849 1.0061173411068849 -0.011823430546263447
59770.97259818443 4.284 0.019000000000000128 1.0013260517737135 0.007204938624104219 1.0 1.0061172792365194 1.0061172792365194 -0.004791227462805914
59770.97261412785 4.284 0.019000000000000128 1.0179439529895 0.007266560253004698 1.0 1.006117217366154 1.006117217366154 0.01182673562334613
59770.972630071265 4.284 0.019000000000000128 1.001321117079369 0.007217965986154081 1.0 1.0061171554958166 1.0061171554958166 -0.004796038416447601
59770.972646014685 4.284 0.019000000000000128 "" "" 1.0 1.0061170936254513 1.0061170936254513 ""
59770.9726619581 4.284 0.019000000000000128 1.0073550910224245 0.0072296415814891955 1.0 1.006117031755114 1.006117031755114 0.0012380592673104651
59770.972677901525 4.284 0.019000000000000128 1.0094461440872406 0.007227953707421907 1.0 1.0061169698847203 1.0061169698847203 0.003329174202520324
59770.97269384494 4.284 0.019000000000000128 0.9986409290786655 0.007214918189895191 1.0 1.006116908014383 1.006116908014383 -0.007475978935717498
59770.97270978836 4.284 0.019000000000000128 1.0088369208545758 0.007234981899796314 1.0 1.0061168461440175 1.0061168461440175 0.00272007471055824
59770.97272573178 4.284 0.019000000000000128 1.0149843950484743 0.007235227645645141 1.0 1.006116784273652 1.006116784273652 0.008867610774822232
59770.97274167519 4.284 0.019000000000000128 1.0100197668606365 0.007239638537574344 1.0 1.006116722403315 1.006116722403315 0.0039030444573215917
59770.97275761861 4.284 0.019000000000000128 0.9994910339242155 0.007202287667377176 1.0 1.0061166605329495 1.0061166605329495 -0.006625626608734003
59770.97277356203 4.284 0.019000000000000128 1.0099821142649053 0.007229130335540238 1.0 1.006116598662584 1.006116598662584 0.00386551560232129
59770.97278950545 4.284 0.019000000000000128 1.007237853758403 0.00722824751017485 1.0 1.0061165367922185 1.0061165367922185 0.0011213169661845601
59770.972805448866 4.284 0.019000000000000128 1.0077479494160273 0.007214448378919094 1.0 1.0061164749218812 1.0061164749218812 0.0016314744941461345
59770.972821392286 4.284 0.019000000000000128 0.9954654060259223 0.007209625628760031 1.0 1.0061164130515157 1.0061164130515157 -0.010651007025593406
59770.97283733571 4.284 0.019000000000000128 0.9968221562618041 0.007196559957756661 1.0 1.0061163511811504 1.0061163511811504 -0.009294194919346244
59770.97285327913 4.284 0.019000000000000128 1.0124414211014663 0.007235598316813736 1.0 1.006116289310785 1.006116289310785 0.006325131790681393
59770.97286922254 4.284 0.019000000000000128 1.0024041293799741 0.007212679647088282 1.0 1.0061162274404476 1.0061162274404476 -0.0037120980604734566
59770.97288516596 4.284 0.019000000000000128 1.015375383095647 0.007241762153481108 1.0 1.006116165570082 1.006116165570082 0.0092592175255648
59770.97290110938 4.284 0.019000000000000128 1.0107148777325943 0.007238833973830788 1.0 1.0061161036997166 1.0061161036997166 0.004598774032877673
59770.97291705279 4.284 0.019000000000000128 1.0056713292622028 0.007209136800486412 1.0 1.0061160418293795 1.0061160418293795 -0.00044471256717670826
59770.972932996214 4.284 0.019000000000000128 0.9999272827369896 0.007208017574147445 1.0 1.006115979959014 1.006115979959014 -0.00618869722202442
59770.972948939634 4.284 0.019000000000000128 1.014000910982352 0.007241308402847679 1.0 1.0061159180886485 1.0061159180886485 0.00788499289370348
59770.972964883054 4.284 0.019000000000000128 1.0026253898442208 0.007209934375578193 1.0 1.006115856218283 1.006115856218283 -0.003490466374062251
59770.97298082647 4.284 0.019000000000000128 1.0047937536398344 0.007237873230442797 1.0 1.0061157943479457 1.0061157943479457 -0.0013220407081113716
59770.97299676989 4.284 0.019000000000000128 0.997935838410421 0.007193643544935627 1.0 1.0061157324775802 1.0061157324775802 -0.008179894067159243
