eureka_custom_plots/data/stage5_lcfit_results/S5_wasp39b_ap4_bg8_Table_Save_ch29.txt
# %ECSV 1.0
# ---
# datatype:
# - {name: time, datatype: float64}
# - {name: wavelength, datatype: float64}
# - {name: bin_width, datatype: float64}
# - {name: lcdata, datatype: float64}
# - {name: lcerr, datatype: float64}
# - {name: transit, datatype: float64}
# - {name: polynom, datatype: float64}
# - {name: model, datatype: float64}
# - {name: residuals, datatype: float64}
# schema: astropy-2.0
time wavelength bin_width lcdata lcerr transit polynom model residuals
[from data line 13517]
59770.85952745812 4.131 0.019000000000000128 0.9787437119891957 0.006760561438757582 0.9781231808567676 1.0061445630361312 0.9841333203986432 -0.005389608409447466
59770.85954340153 4.131 0.019000000000000128 0.9778403522294552 0.006752591364742473 0.9781237862649723 1.0061444971631366 0.9841338650948739 -0.006293512865418682
59770.85955934496 4.131 0.019000000000000128 1.002701538405623 0.006833529412795185 0.9781243923910371 1.0061444312900818 0.9841344105132368 0.018567127892386237
59770.85957528837 4.131 0.019000000000000128 0.9875179371736574 0.006785256812842639 0.978124999234706 1.006144365417087 0.984134956653592 0.0033829805200654706
59770.8595912318 4.131 0.019000000000000128 0.9914594211235936 0.006805701196288318 0.9781256067978991 1.0061442995440322 0.9841355035177536 0.007323917605840058
59770.85960717521 4.131 0.019000000000000128 0.9831285848022624 0.00676961285980467 0.9781262150803607 1.0061442336710373 0.9841360511055818 -0.001007466303319382
59770.85962311863 4.131 0.019000000000000128 0.9843401755368907 0.006772510974953976 0.9781268240837346 1.0061441677980125 0.9841365994186422 0.0002035761182485052
59770.85963906205 4.131 0.019000000000000128 0.9824439666595024 0.006772446436962892 0.9781274338086117 1.0061441019249877 0.9841371484575584 -0.0016931817980559982
59770.859655005464 4.131 0.019000000000000128 0.9845448572437597 0.00676152999367429 0.9781280442555293 1.006144036051993 0.9841376982229009 0.00040715902085886047
59770.85967094889 4.131 0.019000000000000128 0.9777747085371888 0.006754657441107469 0.9781286554261578 1.0061439701789383 0.9841382487162611 -0.006363540179072258
59770.859686892305 4.131 0.019000000000000128 0.9827422232270688 0.006775009102434745 0.9781292673202422 1.0061439043059435 0.9841387999375003 -0.0013965767104314741
59770.85970283573 4.131 0.019000000000000128 0.989710801473685 0.006794483528424365 0.978129879939722 1.0061438384328887 0.9841393518884525 0.00557144958523248
59770.859718779146 4.131 0.019000000000000128 0.9915950017065086 0.0067738917108398165 0.9781304932843434 1.0061437725598938 0.9841399045689793 0.007455097137529343
59770.859734722566 4.131 0.019000000000000128 0.985802535817533 0.006790434925848224 0.9781311073557848 1.006143706686869 0.9841404579806812 0.0016620778368517941
59770.859750665986 4.131 0.019000000000000128 0.9807444919805026 0.006771234535426328 0.9781317221545919 1.0061436408138442 0.9841410121241365 -0.0033965201436338965
59770.85976660941 4.131 0.019000000000000128 0.9924322360498922 0.006788714568989092 0.978132337681649 1.0061435749408196 0.9841415670002353 0.008290669049656918
59770.85978255283 4.131 0.019000000000000128 0.9909527691745789 0.0067871779074646825 0.9781329539377708 1.0061435090677948 0.9841421226097964 0.006810646564782474
59770.85979849625 4.131 0.019000000000000128 0.9816975843398281 0.006779722115409647 0.9781335709238441 1.00614344319477 0.9841426789537123 -0.0024450946138842022
59770.85981443966 4.131 0.019000000000000128 0.9896679381188497 0.0067698827997817726 0.9781341886404188 1.0061433773217752 0.9841432360325653 0.0055247020862844165
59770.85983038308 4.131 0.019000000000000128 0.9864260697721607 0.006797048041752154 0.9781348070889031 1.0061433114487504 0.9841437938477136 0.0022822759244471857
59770.8598463265 4.131 0.019000000000000128 0.9922199205484923 0.006794951709190225 0.9781354262699034 1.0061432455757255 0.9841443523997964 0.008075568148695922
59770.85986226992 4.131 0.019000000000000128 0.9862979449752732 0.0067785500262062875 0.9781360461842415 1.006143179702701 0.9841449116896407 0.002153033285632544
59770.85987821334 4.131 0.019000000000000128 0.9926854944991322 0.006788895988648905 0.9781366668328131 1.0061431138296761 0.984145471718147 0.008540022780985201
59770.859894156754 4.131 0.019000000000000128 0.9850428038463827 0.006783999450136624 0.9781372882161727 1.0061430479566813 0.9841460324859029 0.0008967713604797201
59770.85991010018 4.131 0.019000000000000128 0.9783057274054433 0.006766616738325999 0.9781379103360283 1.0061429820836265 0.9841465939945384 -0.005840866589095106
59770.859926043595 4.131 0.019000000000000128 0.979985812450822 0.006759637138856533 0.9781385331921282 1.0061429162106317 0.9841471562439176 -0.004161343793095629
59770.859941987015 4.131 0.019000000000000128 0.9864494789056768 0.006755814714920178 0.978139156786166 1.0061428503376069 0.9841477192356565 0.0023017596700203313
59770.859957930435 4.131 0.019000000000000128 0.9837461699701554 0.006779181229085276 0.9781397811187567 1.0061427844645823 0.9841482829704029 -0.00040211300024750596
59770.85997387386 4.131 0.019000000000000128 0.991259767950471 0.0067968558824064405 0.9781404061910222 1.0061427185915273 0.9841488474492558 0.007110920501215201
59770.859989817276 4.131 0.019000000000000128 0.9847148540727453 0.0067729041467537035 0.9781410320030007 1.0061426527185326 0.9841494126723423 0.0005654414004029329
59770.86000576069 4.131 0.019000000000000128 0.9822932450514917 0.006766258560996622 0.9781416585561239 1.0061425868455378 0.9841499786410433 -0.001856733589551518
59770.86002170412 4.131 0.019000000000000128 0.9954830438529269 0.007864286036866173 0.9781422858518276 1.006142520972483 0.984150545356745 0.011332498496181898
59770.86003764753 4.131 0.019000000000000128 0.9973197419229064 0.006816756237266944 0.9781429138898624 1.0061424550994882 0.9841511128193134 0.013168629103592955
59770.86005359096 4.131 0.019000000000000128 0.9772153208017337 0.006735977814305367 0.9781435426722305 1.0061423892264334 0.9841516810306458 -0.006936360228912086
59770.86006953437 4.131 0.019000000000000128 0.9859172290704753 0.006797500399187845 0.9781441721986825 1.0061423233534388 0.9841522499906086 0.0017649790798667242
59770.86008547779 4.131 0.019000000000000128 0.9738456002911102 0.0067522670674273495 0.9781448024709352 1.006142257480414 0.9841528197008403 -0.010307219409730117
59770.86010142121 4.131 0.019000000000000128 0.9951382468784432 0.0068108788808663 0.9781454334896147 1.0061421916073892 0.9841533901620007 0.01098485671644256
59770.860117364624 4.131 0.019000000000000128 0.9894189440710435 0.006798534768878179 0.9781460652552937 1.0061421257343943 0.9841539613746948 0.0052649826963486746
59770.86013330805 4.131 0.019000000000000128 0.979911091793378 0.006756053211044522 0.9781466977697151 1.0061420598613395 0.9841545333405882 -0.004243441547210236
59770.860149251464 4.131 0.019000000000000128 0.9907298224361546 0.006789749460077004 0.9781473310326311 1.006141993988345 0.9841551060595491 0.0065747163766054495
59770.860165194885 4.131 0.019000000000000128 0.9788404570625855 0.006758235431892932 0.9781479650457712 1.00614192811532 0.9841556795332289 -0.0053152224706434215
59770.860181138305 4.131 0.019000000000000128 0.9815893835690135 0.006774345566434224 0.9781485998097683 1.0061418622422953 0.984156253762294 -0.0025668701932805016
59770.860197081725 4.131 0.019000000000000128 0.9787496250127894 0.006747793532142443 0.978149235325495 1.0061417963692705 0.9841568287476219 -0.0054072037348325
59770.860213025146 4.131 0.019000000000000128 0.9645391342597539 0.006744786625347326 0.9781498715938253 1.0061417304962457 0.9841574044900918 -0.01961827023033791
59770.860228968566 4.131 0.019000000000000128 0.9725235564556542 0.006755176826782774 0.9781505086156899 1.0061416646232209 0.9841579809906403 -0.011634424534986088
59770.860244911986 4.131 0.019000000000000128 0.9658718328285306 0.006738751944114738 0.9781511463919477 1.006141598750196 0.9841585582501313 -0.018286725421600702
59770.86026085541 4.131 0.019000000000000128 0.9895104918081293 0.00678812671820897 0.9781517849235327 1.0061415328771712 0.9841591362695044 0.00535135553862498
59770.86027679882 4.131 0.019000000000000128 0.9730687334772001 0.006752919299382608 0.9781524242110298 1.0061414670041766 0.9841597150493772 -0.011090981572177028
59770.86029274224 4.131 0.019000000000000128 0.9895008268089902 0.006797129720164839 0.9781530642559122 1.0061414011311518 0.984160294591173 0.005340532217817162
59770.86030868566 4.131 0.019000000000000128 0.9849828549060688 0.006774373928183111 0.9781537050588234 1.006141335258127 0.9841608748955687 0.0008219800105001562
59770.86032462908 4.131 0.019000000000000128 0.9759289919056843 0.006762914449374621 0.9781543466206306 1.0061412693851022 0.9841614559634365 -0.008232464057752242
59770.8603405725 4.131 0.019000000000000128 0.9850267961843326 0.006781303642681121 0.978154988942276 1.0061412035120774 0.9841620377957243 0.0008647583886083332
59770.860356515914 4.131 0.019000000000000128 0.9965902019800272 0.0068044848682566345 0.9781556320243505 1.0061411376390827 0.984162620393056 0.012427581586971215
59770.86037245934 4.131 0.019000000000000128 0.9786690320249053 0.006778580940849899 0.9781562758686374 1.0061410717660277 0.9841632037571372 -0.005494171732231878
59770.860388402754 4.131 0.019000000000000128 0.9970715649572597 0.006808643649210515 0.9781569204748929 1.0061410058930331 0.9841637878878403 0.012907777069419368
59770.860404346175 4.131 0.019000000000000128 0.9809502092157791 0.0067736313282537675 0.9781575658448859 1.0061409400200083 0.9841643727868566 -0.0032141635710775107
59770.860420289595 4.131 0.019000000000000128 0.9949980923242218 0.006795237085639159 0.9781582119792693 1.0061408741469835 0.9841649584548724 0.010833133869349365
59770.860436233015 4.131 0.019000000000000128 0.9831059476146764 0.006763669746538241 0.9781588588789211 1.0061408082739587 0.9841655448927707 -0.0010595972780943486
59770.860452176436 4.131 0.019000000000000128 1.0003107457244382 0.006810631280494214 0.9781595065447961 1.0061407424009339 0.9841661321015123 0.016144613622925963
59770.86046811985 4.131 0.019000000000000128 0.9956964063304308 0.006818165997153626 0.9781601549774938 1.0061406765279393 0.9841667200817295 0.01152968624870132
59770.860484063276 4.131 0.019000000000000128 0.9937448615504025 0.006787489963233499 0.9781608041788166 1.0061406106548842 0.9841673088351471 0.0095775527152554
59770.86050000669 4.131 0.019000000000000128 0.9933426181895078 0.0067978965167757345 0.9781614541485225 1.0061405447818896 0.9841678983616398 0.009174719827867994
59770.86051595012 4.131 0.019000000000000128 0.9878061855319024 0.0067857489179326234 0.9781621048887009 1.0061404789088348 0.9841684886631915 0.003637696868710849
59770.86053189353 4.131 0.019000000000000128 0.9812484594644694 0.006775458827740367 0.9781627563991104 1.00614041303584 0.9841690797396767 -0.002920620275207342
59770.86054783695 4.131 0.019000000000000128 0.9773080884748623 0.0067606950115226706 0.9781634086815444 1.0061403471628152 0.9841696715928118 -0.006861583117949488
59770.86056378037 4.131 0.019000000000000128 0.9729911370582424 0.00674892260242694 0.9781640617366679 1.0061402812897904 0.9841702642232949 -0.011179127165052538
59770.86057972378 4.131 0.019000000000000128 0.9817817573034747 0.006757882436807715 0.9781647155650905 1.0061402154167958 0.9841708576317689 -0.0023891003282942025
59770.86059566721 4.131 0.019000000000000128 0.9854529132432222 0.006781281658654699 0.9781653701686331 1.0061401495437408 0.9841714518199771 0.0012814614232450339
59770.860611610624 4.131 0.019000000000000128 0.9849642211595981 0.0067737538153639755 0.9781660255470568 1.0061400836707461 0.9841720467877969 0.0007921743718012353
59770.860627554044 4.131 0.019000000000000128 0.9845422756959394 0.006777375274029719 0.9781666817021677 1.0061400177977213 0.984172642536957 0.00036963315898241866
59770.860643497464 4.131 0.019000000000000128 1.0027227572864543 0.0068162081792848125 0.9781673386346386 1.0061399519246965 0.9841732390681636 0.01854951821829076
59770.860659440885 4.131 0.019000000000000128 0.9699553346171865 0.006740606850187821 0.9781679963453894 1.0061398860516717 0.9841738363823421 -0.0142185017651556
59770.860675384305 4.131 0.019000000000000128 0.9886594950732979 0.006771145534983182 0.9781686548353425 1.006139820178647 0.9841744344804204 0.0044850605928774545
59770.86069132772 4.131 0.019000000000000128 0.9910172086118976 0.006798163945035464 0.9781693141051732 1.0061397543056523 0.9841750333631073 0.006842175248790272
59770.86070727114 4.131 0.019000000000000128 0.9765241917510598 0.006762940927380948 0.9781699741563974 1.0061396884326275 0.984175633031869 -0.00765144128080919
59770.860723214566 4.131 0.019000000000000128 0.9894639203864654 0.006784789348498648 0.9781706349900007 1.0061396225595727 0.9841762334876968 0.005287686898768573
59770.86073915798 4.131 0.019000000000000128 0.9875047613175179 0.00680265501768174 0.9781712966059943 1.0061395566865778 0.9841768347306902 0.0033279265868276786
59770.8607551014 4.131 0.019000000000000128 1.0001616294972941 0.007894569571786716 0.9781719590062262 1.006139490813553 0.9841774367626202 0.015984192734673996
59770.86077104482 4.131 0.019000000000000128 0.9944397508168422 0.006797502284365486 0.9781726221913802 1.0061394249405282 0.9841780395842039 0.010261711232638304
59770.86078698824 4.131 0.019000000000000128 0.9868346899453778 0.006789429484410424 0.978173286162371 1.0061393590675034 0.9841786431963615 0.0026560467490163164
59770.86080293166 4.131 0.019000000000000128 0.9913077113914973 0.006775205176933661 0.978173950920192 1.0061392931944786 0.9841792476000926 0.007128463791404749
59770.86081887507 4.131 0.019000000000000128 0.9834042755122219 0.006766490689602391 0.9781746164654724 1.006139227321484 0.9841798527960594 -0.0007755772838374808
59770.8608348185 4.131 0.019000000000000128 0.9851695383093556 0.00678800709659517 0.9781752828000756 1.0061391614484292 0.9841804587860481 0.0009890795233075123
59770.860850761914 4.131 0.019000000000000128 0.9692681565170052 0.006761469894623588 0.9781759499237674 1.0061390955754344 0.9841810655699408 -0.01491290905293563
59770.860866705334 4.131 0.019000000000000128 0.9854395938862351 0.0067870224623734965 0.9781766178383967 1.0061390297024095 0.9841816731495091 0.001257920736726037
59770.860882648754 4.131 0.019000000000000128 0.9853330541872324 0.006793149584043996 0.9781772865446567 1.0061389638293847 0.98418228152548 0.0011507726617523417
59770.860898592175 4.131 0.019000000000000128 0.9712859225879116 0.00674834223948412 0.9781779560434751 1.00613889795636 0.9841828906987867 -0.012896968110875151
59770.860914535595 4.131 0.019000000000000128 "" "" 0.9781786263358575 1.0061388320833353 0.9841835006704409 ""
59770.86093047901 4.131 0.019000000000000128 0.9880843287975907 0.006784465453134581 0.9781792974224431 1.0061387662103405 0.9841841114411146 0.0039002173564760545
59770.860946422436 4.131 0.019000000000000128 0.9957208263973476 0.006811392682466392 0.9781799693051155 1.0061387003372857 0.984184723012615 0.011536103384732654
59770.86096236585 4.131 0.019000000000000128 0.9802933340029485 0.006751524661005396 0.9781806419836429 1.0061386344642909 0.9841853353848258 -0.003892001381877286
59770.86097830927 4.131 0.019000000000000128 0.9745178324656123 0.006748570011113897 0.9781813154598936 1.006138568591266 0.984185948559539 -0.009668116093926704
59770.86099425269 4.131 0.019000000000000128 0.9756423994084558 0.006758358129286171 0.9781819897345725 1.0061385027182412 0.9841865625374928 -0.008544163129037052
59770.86101019611 4.131 0.019000000000000128 0.9831475188990343 0.006776114711484346 0.9781826648086183 1.0061384368452166 0.9841871773196317 -0.0010396584205973891
59770.86102613953 4.131 0.019000000000000128 0.9888991238946649 0.00679614018504865 0.9781833406830502 1.0061383709721918 0.9841877929069807 0.004711330987684281
59770.86104208294 4.131 0.019000000000000128 0.9909758097971605 0.006793491212044237 0.9781840173585176 1.006138305099197 0.9841884093002223 0.006787400496938156
59770.86105802637 4.131 0.019000000000000128 0.9809091055627625 0.006778764095945848 0.9781846948369237 1.0061382392261422 0.9841890265011837 -0.0032799209384212213
