eureka_custom_plots/data/stage5_lcfit_results/S5_wasp39b_ap4_bg8_Table_Save_ch38.txt
# %ECSV 1.0
# ---
# datatype:
# - {name: time, datatype: float64}
# - {name: wavelength, datatype: float64}
# - {name: bin_width, datatype: float64}
# - {name: lcdata, datatype: float64}
# - {name: lcerr, datatype: float64}
# - {name: transit, datatype: float64}
# - {name: polynom, datatype: float64}
# - {name: model, datatype: float64}
# - {name: residuals, datatype: float64}
# schema: astropy-2.0
time wavelength bin_width lcdata lcerr transit polynom model residuals
[from data line 9705]
59770.79875114292 4.476 0.019000000000000128 0.9880499816208446 0.008714123289088112 0.9784619385757112 1.0066124934601877 0.9849320117455856 0.003117969875258919
59770.798767086344 4.476 0.019000000000000128 0.9769567728164995 0.00868779023196772 0.9784597603747682 1.0066124522073625 0.9849297787770738 -0.007973005960574264
59770.798783029764 4.476 0.019000000000000128 0.9625624195720892 0.008655372543532644 0.9784575853913016 1.0066124109545562 0.9849275490475117 -0.022365129475422463
59770.798798973185 4.476 0.019000000000000128 0.9813223350145022 0.008702295548796738 0.9784554136162543 1.00661236970175 0.9849253225477637 -0.0036029875332614925
59770.7988149166 4.476 0.019000000000000128 0.9889877033455896 0.008709676360379667 0.9784532450423669 1.0066123284489625 0.9849230992705402 0.004064604075049383
59770.79883086002 4.476 0.019000000000000128 0.997569948685191 0.008736735961805882 0.9784510796595968 1.0066122871961563 0.9849208792056952 0.012649069479495845
59770.79884680344 4.476 0.019000000000000128 0.9840019652691506 0.00870935450469349 0.9784489174609504 1.00661224594335 0.9849186623462067 -0.0009166970770561056
59770.79886274686 4.476 0.019000000000000128 0.9923211337987932 0.00870468146655885 0.978446758438279 1.0066122046905437 0.9849164486838718 0.007404685114921317
59770.79887869028 4.476 0.019000000000000128 1.0054374490096698 0.008763304471304278 0.9784446025836597 1.0066121634377374 0.9849142382107149 0.020523210798954916
59770.7988946337 4.476 0.019000000000000128 0.9971225029028652 0.008741412077650076 0.9784424498892045 1.0066121221849311 0.9849120309187952 0.012210471984069993
59770.79891057712 4.476 0.019000000000000128 0.9886405356563904 0.008704083944051628 0.9784403003468768 1.0066120809321248 0.9849098268000229 0.003730708856367504
59770.79892652053 4.476 0.019000000000000128 0.9821894773245339 0.008702786564687318 0.978438153949855 1.0066120396793374 0.9849076258475491 -0.002718148523015218
59770.79894246396 4.476 0.019000000000000128 0.9938808981432498 0.008732123297292291 0.9784360106873836 1.0066119984265123 0.9849054280504915 0.008975470092758231
59770.79895840737 4.476 0.019000000000000128 0.982110410509849 0.008698110986867638 0.9784338705555005 1.0066119571737249 0.9849032334049352 -0.0027928228950862
59770.7989743508 4.476 0.019000000000000128 0.9812495284943659 0.008702161712673974 0.9784317335426004 1.0066119159208997 0.9849010418991242 -0.003651513404758333
59770.79899029421 4.476 0.019000000000000128 0.9676658442900686 0.008644015034738294 0.9784295996447806 1.0066118746681123 0.9848988535292031 -0.01723300923913451
59770.79900623764 4.476 0.019000000000000128 0.9807227770394533 0.008667197596623948 0.9784274688504555 1.0066118334152871 0.9848966682834358 -0.004173891243982486
59770.799022181054 4.476 0.019000000000000128 0.9794415069040926 0.008692022612012167 0.9784253411559665 1.0066117921624997 0.9848944861582126 -0.005452979254120027
59770.79903812448 4.476 0.019000000000000128 0.987070426160492 0.00871918398998251 0.9784232165496233 1.0066117509096746 0.984892307141692 0.002178119018800051
59770.799054067895 4.476 0.019000000000000128 0.9849351081812783 0.008713894636524208 0.9784210950278246 1.0066117096568872 0.9848901312303222 4.497695095606602e-05
59770.79907001132 4.476 0.019000000000000128 0.9873461916030251 0.008722028307655278 0.9784189765791449 1.006611668404062 0.984887958412528 0.0024582331904970944
59770.799085954735 4.476 0.019000000000000128 0.9789754934188287 0.00869705277782438 0.9784168611998549 1.0066116271512746 0.9848857886846287 -0.005910295265800003
59770.799101898156 4.476 0.019000000000000128 0.9975998912447067 0.008722969869301721 0.978414748879646 1.0066115858984683 0.9848836220361921 0.012716269208514652
59770.799117841576 4.476 0.019000000000000128 0.9890969158347974 0.008705471812243699 0.9784126396119147 1.006611544645662 0.9848814584605889 0.0042154573742084755
59770.799133784996 4.476 0.019000000000000128 0.9882232149368005 0.008697780156810579 0.9784105333892956 1.0066115033928558 0.9848792979504047 0.0033439169863958007
59770.79914972842 4.476 0.019000000000000128 0.9669347827865127 0.009968579546432689 0.9784084302044552 1.0066114621400495 0.9848771404982573 -0.017942357711744572
59770.79916567184 4.476 0.019000000000000128 0.9956376273131167 0.008743371812238769 0.9784063300499111 1.0066114208872432 0.9848749860966141 0.01076264121650261
59770.79918161526 4.476 0.019000000000000128 0.9921564378304351 0.008735439150845356 0.9784042329184555 1.006611379634437 0.9848728347382194 0.007283603092215651
59770.79919755867 4.476 0.019000000000000128 0.9852440926807076 0.00871231161501847 0.9784021388036382 1.0066113383816493 0.9848706864165985 0.0003734062641090885
59770.79921350209 4.476 0.019000000000000128 0.9883086428475812 0.008703014866433713 0.9784000476963183 1.006611297128843 0.9848685411225128 0.0034401017250684784
59770.79922944551 4.476 0.019000000000000128 0.9941556508392617 0.008727367768888245 0.9783979595902921 1.0066112558760367 0.9848663988497357 0.009289251989526015
59770.79924538894 4.476 0.019000000000000128 0.9880591722294999 0.008705893864190222 0.9783958744772738 1.0066112146232116 0.9848642595899079 0.00319491263959204
59770.79926133235 4.476 0.019000000000000128 0.9685155856058892 0.008669222482708188 0.9783937923530461 1.0066111733704242 0.9848621233388389 -0.016346537732949695
59770.79927727577 4.476 0.019000000000000128 0.9856685847869362 0.008702933503477662 0.9783917132076374 1.0066111321176179 0.9848599900864355 0.0008085947005006533
59770.79929321919 4.476 0.019000000000000128 0.9787516615374703 0.008701681788018972 0.9783896370347842 1.0066110908648116 0.9848578598264112 -0.006106198288940878
59770.79930916261 4.476 0.019000000000000128 1.0029677288214007 0.008769934363525038 0.9783875638275288 1.0066110496120053 0.9848557325517616 0.018111996269639108
59770.79932510603 4.476 0.019000000000000128 0.984621317602091 0.008703027189707615 0.9783854935787049 1.006611008359199 0.9848536082552728 -0.0002322906531817548
59770.79934104945 4.476 0.019000000000000128 0.9682003466293588 0.008667700470168802 0.9783834262813559 1.0066109671063928 0.9848514869299417 -0.0166511403005829
59770.79935699287 4.476 0.019000000000000128 0.9843805174785306 0.008699433938929118 0.9783813619285547 1.0066109258535865 0.9848493685687953 -0.0004688510902647325
59770.79937293629 4.476 0.019000000000000128 0.9864213491123195 0.008717070187902382 0.9783793005132257 1.0066108846007802 0.9848472531647107 0.0015740959476088223
59770.79938887971 4.476 0.019000000000000128 0.9877051513665328 0.008712686974735803 0.9783772420294538 1.0066108433479928 0.9848451407117517 0.002860010654781142
59770.799404823134 4.476 0.019000000000000128 0.9886176266972801 0.008698483587366952 0.9783751864675453 1.0066108020951676 0.984843031200105 0.0037745954971751816
59770.79942076655 4.476 0.019000000000000128 0.9901027511390913 0.008733126888959549 0.9783731338243185 1.0066107608423802 0.9848409246266411 0.005261826512450218
59770.799436709975 4.476 0.019000000000000128 0.9707305876302013 0.008674846314475428 0.9783710840892531 1.006610719589555 0.9848388209806962 -0.014108233350494936
59770.79945265339 4.476 0.019000000000000128 0.9709499896186411 0.008651786832555233 0.978369037259215 1.0066106783367677 0.9848367202591887 -0.013886730640547573
59770.799468596815 4.476 0.019000000000000128 0.9839370392903647 0.008719238612873005 0.9783669933236935 1.0066106370839425 0.9848346224514644 -0.0008975831610996687
59770.79948454023 4.476 0.019000000000000128 0.983045024348064 0.008712819831617657 0.9783649522797778 1.006610595831155 0.9848325275546668 -0.001787503206602814
59770.79950048365 4.476 0.019000000000000128 0.9796054691167045 0.008673293269807009 0.9783629141177905 1.0066105545783488 0.9848304355589985 -0.005224966442293977
59770.79951642707 4.476 0.019000000000000128 0.9833270569464752 0.008711244812561414 0.9783608788320391 1.0066105133255425 0.9848283464587478 -0.0015012895122726855
59770.799532370496 4.476 0.019000000000000128 0.9853546760498035 0.008701080142479127 0.9783588464149745 1.0066104720727174 0.9848262602462967 0.0005284158035068209
59770.79954831391 4.476 0.019000000000000128 0.9874532567831729 0.00870198974340438 0.978356816862658 1.00661043081993 0.9848241769177355 0.002629079865437367
59770.79956425732 4.476 0.019000000000000128 0.9870385086382358 0.008691054154970354 0.9783547901666532 1.0066103895671425 0.9848220964645348 0.0022164121737010545
59770.79958020075 4.476 0.019000000000000128 0.9818592171981977 0.008719128931448689 0.9783527663185619 1.0066103483143174 0.9848200188782036 -0.002960801680005898
59770.79959614416 4.476 0.019000000000000128 0.9828159969845353 0.00870372854525683 0.9783507453154541 1.00661030706153 0.984817944155866 -0.0020019471713307313
59770.79961208759 4.476 0.019000000000000128 0.9861772717914201 0.008687188198596695 0.9783487271471757 1.0066102658087048 0.9848158722872266 0.0013613995041935611
59770.799628031 4.476 0.019000000000000128 0.9963428979708331 0.008748556795167076 0.9783467118108402 1.0066102245559174 0.9848138032694533 0.01152909470137975
59770.79964397443 4.476 0.019000000000000128 0.9907462660846212 0.008714736431250803 0.9783446992963575 1.0066101833030923 0.9848117370923151 0.005934528992306176
59770.799659917844 4.476 0.019000000000000128 0.9661012020498694 0.00867266648002568 0.9783426896008849 1.0066101420503049 0.9848096737530241 -0.018708471703154705
59770.799675861264 4.476 0.019000000000000128 0.9968986270817182 0.008761871787578703 0.9783406827152641 1.0066101007974986 0.9848076132423056 0.012091013839412579
59770.799691804685 4.476 0.019000000000000128 0.9964379305981521 0.008714947928783578 0.9783386786340857 1.0066100595446923 0.9848055555547326 0.011632375043419518
59770.79970774811 4.476 0.019000000000000128 0.9804922003738387 0.008691884734776657 0.9783366773499363 1.0066100182918671 0.984803500682824 -0.0043113003089853
59770.799723691525 4.476 0.019000000000000128 0.995001266066072 0.008707917436246469 0.9783346788593033 1.0066099770390797 0.9848014486230987 0.010199817442973269
59770.799739634946 4.476 0.019000000000000128 0.9842741347064459 0.008682459442345252 0.9783326831531478 1.0066099357862734 0.9847993993664027 -0.0005252646599568367
59770.799755578366 4.476 0.019000000000000128 0.9821713169741865 0.008703607311216008 0.9783306902259852 1.0066098945334672 0.984797352907233 -0.0026260359330465555
59770.799771521786 4.476 0.019000000000000128 0.9785516929610486 0.008679881548524533 0.9783287000716029 1.0066098532806607 0.9847953092393357 -0.0062436162782870674
59770.79978746521 4.476 0.019000000000000128 0.986633012667979 0.008707026445989894 0.9783267126838149 1.0066098120278544 0.9847932683564836 0.0018397443114953616
59770.79980340863 4.476 0.019000000000000128 0.9897635818464762 0.008721408665209757 0.9783247280562861 1.006609770775048 0.9847912302522994 0.004972351594176749
59770.79981935205 4.476 0.019000000000000128 0.9858099807665351 0.008731800131375466 0.9783227461829378 1.0066097295222418 0.9847891949206639 0.001020785845871286
59770.79983529547 4.476 0.019000000000000128 0.9786307223841706 0.008701648596720334 0.9783207670574857 1.0066096882694355 0.9847871623552508 -0.006156439971080174
59770.79985123888 4.476 0.019000000000000128 0.9868892188340995 0.008690934128510948 0.9783187906747556 1.0066096470166481 0.9847851325508697 0.002104086283229778
59770.79986718231 4.476 0.019000000000000128 0.9690909140265229 0.008690877698351938 0.9783168170259434 1.006609605763823 0.984783105498603 -0.01569219147208012
59770.79988312572 4.476 0.019000000000000128 0.9975822232092826 0.008715181628295066 0.9783148461084912 1.0066095645110356 0.9847810811959491 0.012801142013333489
59770.79989906915 4.476 0.019000000000000128 0.9837629448557723 0.008688937389610187 0.9783128779127932 1.0066095232582104 0.9847790596331646 -0.001016114777392274
59770.79991501256 4.476 0.019000000000000128 0.9745997001637673 0.008676012442371069 0.9783109124363311 1.006609482005423 0.9847770408077879 -0.01017734064402065
59770.79993095598 4.476 0.019000000000000128 0.9808663452680069 0.00868691774751229 0.9783089496704074 1.0066094407526167 0.9847750247110086 -0.003908679443001772
59770.7999468994 4.476 0.019000000000000128 0.9901303183213422 0.008719196981569203 0.9783069896099883 1.0066093994998104 0.9847730113377776 0.005357306983564625
59770.799962842815 4.476 0.019000000000000128 0.9865526705711444 0.00874395988617559 0.9783050322498894 1.006609358247023 0.9847710006828944 0.0017816698882500148
59770.79997878624 4.476 0.019000000000000128 0.9731515533851256 0.008659792109456003 0.9783030775814989 1.0066093169941979 0.9847689927376344 -0.011617439352508807
59770.79999472966 4.476 0.019000000000000128 0.9782005514096612 0.008662600129630398 0.9783011256016584 1.0066092757413916 0.9847669874988735 -0.0065664360892122575
59770.80001067308 4.476 0.019000000000000128 0.9908436449004038 0.008729724193577862 0.9782991763034433 1.0066092344885853 0.9847649849596226 0.0060786599407811615
59770.800026616496 4.476 0.019000000000000128 0.9836245053271602 0.008719383422418497 0.9782972296819265 1.006609193235798 0.9847629851149401 -0.0011384797877799224
59770.800042559924 4.476 0.019000000000000128 0.9867988829314358 0.008689587530982822 0.9782952857286034 1.0066091519829727 0.9847609879562095 0.0020378949752263287
59770.80005850334 4.476 0.019000000000000128 0.991284826095577 0.008751746609360447 0.978293344441121 1.0066091107301853 0.9847589934811357 0.006525832614441285
59770.800074446764 4.476 0.019000000000000128 0.9893087339789689 0.00870269873462479 0.9782914058101841 1.0066090694773602 0.984757001680288 0.004551732298680888
59770.80009039018 4.476 0.019000000000000128 0.974668980158174 0.008684401870449129 0.9782894698334746 1.0066090282245728 0.9847550125514064 -0.010086032393232358
59770.800106333605 4.476 0.019000000000000128 1.003154396527798 0.008755323712458346 0.9782875365017517 1.0066089869717476 0.9847530260851148 0.018401370442683196
59770.80012227702 4.476 0.019000000000000128 0.9841282001261811 0.008711332843607412 0.9782856058127329 1.0066089457189602 0.9847510422791894 -0.0006228421530083406
59770.80013822044 4.476 0.019000000000000128 0.9799252654766035 0.008695614738114615 0.9782836777580661 1.006608904466154 0.9847490611251669 -0.004823795648563389
59770.80015416386 4.476 0.019000000000000128 0.9665833028087796 0.008658332246320724 0.9782817523329972 1.0066088632133476 0.98474708261828 -0.018163779809500458
59770.800170107286 4.476 0.019000000000000128 0.9854877103268922 0.008701703811277368 0.9782798295308426 1.0066088219605225 0.9847451067517822 0.0007426035751100235
59770.8001860507 4.476 0.019000000000000128 1.0078267145849786 0.008748095998411021 0.9782779093486648 1.006608780707735 0.9847431335227717 0.02308358106220698
59770.80020199412 4.476 0.019000000000000128 0.984255204804361 0.008685942119009495 0.9782759917782126 1.0066087394549288 0.9847411629228868 -0.00048595811852580884
59770.80021793754 4.476 0.019000000000000128 0.9888267846962357 0.008711885494687974 0.9782740768146466 1.0066086982021225 0.9847391949472747 0.004087589748961062
59770.80023388096 4.476 0.019000000000000128 1.0015704243091834 0.008763585922175583 0.9782721644524258 1.0066086569493162 0.9847372295903569 0.016833194718826494
59770.80024982438 4.476 0.019000000000000128 0.978848857374188 0.00866837545024596 0.9782702546860302 1.00660861569651 0.9847352668465771 -0.005886409472389054
59770.80026576779 4.476 0.019000000000000128 0.9837550298824852 0.008729964570904815 0.9782683475106769 1.0066085744437225 0.9847333067111387 -0.0009782768286534793
59770.80028171122 4.476 0.019000000000000128 0.9988284823220178 0.008737356434368944 0.9782664429182978 1.0066085331908974 0.9847313491758645 0.014097133146153351
