eureka_custom_plots/data/stage5_lcfit_results/S5_wasp39b_ap4_bg8_Table_Save_ch33.txt
# %ECSV 1.0
# ---
# datatype:
# - {name: time, datatype: float64}
# - {name: wavelength, datatype: float64}
# - {name: bin_width, datatype: float64}
# - {name: lcdata, datatype: float64}
# - {name: lcerr, datatype: float64}
# - {name: transit, datatype: float64}
# - {name: polynom, datatype: float64}
# - {name: model, datatype: float64}
# - {name: residuals, datatype: float64}
# schema: astropy-2.0
time wavelength bin_width lcdata lcerr transit polynom model residuals
[from data line 12831]
59770.848590272464 4.284 0.019000000000000128 0.9747327845794861 0.00713914243925533 0.9765389172877922 1.0065985068961423 0.982982616067867 -0.008249831488380877
59770.848606215885 4.284 0.019000000000000128 0.9769866957893453 0.007134922979874801 0.9765392524793787 1.0065984450257768 0.982982893052377 -0.005996197263031688
59770.848622159305 4.284 0.019000000000000128 0.973652710350911 0.007141839916250568 0.976539588141442 1.0065983831554113 0.9829831705104268 -0.009330460159515774
59770.84863810272 4.284 0.019000000000000128 0.9763070147133277 0.007140713573864898 0.9765399242740713 1.006598321285074 0.9829834484421335 -0.006676433728805775
59770.848654046145 4.284 0.019000000000000128 0.9712049672179011 0.007129458815583451 0.9765402608779395 1.0065982594146803 0.9829837268480918 -0.011778759630190705
59770.84866998956 4.284 0.019000000000000128 0.971762822581523 0.007154476884632631 0.9765405979526693 1.0065981975443432 0.9829840057280321 -0.011221183146509106
59770.84868593298 4.284 0.019000000000000128 0.9750066050337234 0.007140495909864402 0.9765409354989448 1.0065981356739777 0.98298428508256 -0.007977680048836588
59770.8487018764 4.284 0.019000000000000128 0.9951992763319985 0.00718242269986436 0.9765412735168271 1.0065980738036122 0.9829845649117646 0.012214711420233892
59770.84871781983 4.284 0.019000000000000128 0.9860079583551592 0.0071595577332161315 0.9765416120067196 1.0065980119332185 0.9829848452160244 0.0030231131391348365
59770.84873376324 4.284 0.019000000000000128 0.9866910835081983 0.007176514447076162 0.97654195096837 1.0065979500628812 0.982985125995168 0.003705957513030378
59770.84874970665 4.284 0.019000000000000128 0.9830404512568961 0.007157719401764061 0.9765422904023096 1.006597888192544 0.9829854072496748 5.504400722133873e-05
59770.84876565008 4.284 0.019000000000000128 0.9917178269225806 0.007176012818552027 0.9765426303091007 1.0065978263221502 0.9829856889800559 0.008732137942524698
59770.84878159349 4.284 0.019000000000000128 0.9638695046988568 0.00708804103870105 0.9765429706883335 1.0065977644518131 0.982985971186009 -0.01911646648715226
59770.84879753692 4.284 0.019000000000000128 0.9723439138237546 0.007138625335087408 0.976543311540857 1.0065977025814195 0.9829862538682781 -0.010642340044523468
59770.848813480334 4.284 0.019000000000000128 0.9910479604439597 0.007160850401485554 0.9765436528662897 1.0065976407110822 0.9829865370265892 0.008061423417370484
59770.84882942376 4.284 0.019000000000000128 0.987287920154001 0.007154126462391071 0.9765439946654733 1.0065975788406885 0.9829868206616795 0.004301099492321492
59770.848845367174 4.284 0.019000000000000128 0.983994453006106 0.007144941070567259 0.9765443369380253 1.0065975169703512 0.9829871047732743 0.0010073482328316619
59770.84886131059 4.284 0.019000000000000128 1.0001432304533802 0.007186737000510922 0.9765446796844827 1.0065974551000139 0.9829873893618585 0.017155841091521684
59770.848877254015 4.284 0.019000000000000128 0.9716119330213674 0.007136939319394116 0.9765450229053841 1.0065973932296202 0.9829876744279193 -0.011375741406551954
59770.84889319743 4.284 0.019000000000000128 0.9834809971775651 0.00714899690424196 0.976545366600346 1.006597331359283 0.982987959971181 0.0004930372063840505
59770.848909140856 4.284 0.019000000000000128 0.9786479319372647 0.00713766962927044 0.976545710770216 1.0065972694888894 0.9829882459923862 -0.004340314055121475
59770.84892508427 4.284 0.019000000000000128 0.9841880176021859 0.0071617596917525 0.9765460554146095 1.006597207618552 0.9829885324912577 0.0011994851109281557
59770.84894102769 4.284 0.019000000000000128 0.976840754182613 0.0071431388942763225 0.9765464005342273 1.0065971457481866 0.9829888194684185 -0.006148065285805582
59770.84895697111 4.284 0.019000000000000128 0.97989417910985 0.007140010902341455 0.9765467461291328 1.006597083877821 0.98298910692396 -0.0030949278141100267
59770.84897291452 4.284 0.019000000000000128 0.9860855321209638 0.007157024638250685 0.9765470921994195 1.0065970220074838 0.9829893948580034 0.00309613726296043
59770.84898885795 4.284 0.019000000000000128 0.9761303132910565 0.00712415108231914 0.9765474387457815 1.00659696013709 0.9829896832711649 -0.006859369980108387
59770.84900480137 4.284 0.019000000000000128 0.9765609150411434 0.007126221306144075 0.9765477857679926 1.0065968982667248 0.9829899721632994 -0.006429057122156023
59770.84902074479 4.284 0.019000000000000128 0.986753284987797 0.007157717255456452 0.9765481332664375 1.0065968363963593 0.9829902615347663 0.0037630234530307005
59770.8490366882 4.284 0.019000000000000128 0.9813180842552165 0.007143926489047529 0.9765484812411801 1.006596774526022 0.9829905513856574 -0.0016724671304408911
59770.84905263162 4.284 0.019000000000000128 0.9725376083989433 0.00713746698195593 0.9765488296927978 1.0065967126556565 0.9829908417164989 -0.010453233317555544
59770.849068575044 4.284 0.019000000000000128 0.9732755447533081 0.007132998756165334 0.9765491786213553 1.006596650785291 0.9829911325273831 -0.009715587774074996
59770.849084518464 4.284 0.019000000000000128 0.9903091468041644 0.007176101988937198 0.9765495280270787 1.0065965889149255 0.9829914238185379 0.007317722985626496
59770.849100461885 4.284 0.019000000000000128 0.9823181652100705 0.0071523142958828815 0.9765498779102251 1.00659652704456 0.9829917155902217 -0.0006735503801511555
59770.849116405305 4.284 0.019000000000000128 0.9785150625265807 0.007146173257911448 0.9765502282710108 1.0065964651741948 0.9829920078426525 -0.00447694531607179
59770.849132348725 4.284 0.019000000000000128 0.989351979018204 0.007178467656964239 0.9765505791096937 1.0065964033038293 0.9829923005760892 0.0063596784421148245
59770.84914829214 4.284 0.019000000000000128 0.9918388120916324 0.007181353538006588 0.9765509304263387 1.006596341433492 0.9829925937906251 0.008846218301007291
59770.84916423556 4.284 0.019000000000000128 0.9805692193009561 0.007151390163392026 0.9765512822214987 1.0065962795631265 0.9829928874867613 -0.0024236681858051945
59770.849180178986 4.284 0.019000000000000128 0.9804823639539855 0.007157950348913609 0.9765516344954335 1.0065962176927328 0.9829931816647594 -0.0025108177107738827
59770.8491961224 4.284 0.019000000000000128 0.9886445438771294 0.007160428576188455 0.9765519872478825 1.0065961558223955 0.9829934763244395 0.005651067552689959
59770.84921206582 4.284 0.019000000000000128 0.9788674053757204 0.007132606674925083 0.976552340479564 1.00659609395203 0.982993771466442 -0.004126366090721589
59770.84922800924 4.284 0.019000000000000128 0.9768450789794275 0.007151851227428372 0.9765526941905752 1.0065960320816647 0.9829940670908923 -0.006148988111464804
59770.84924395266 4.284 0.019000000000000128 0.9745125822522351 0.007133644846153529 0.976553048381136 1.0065959702112992 0.9829943631980114 -0.00848178094577623
59770.84925989608 4.284 0.019000000000000128 0.9776467655765486 0.007132937552211482 0.9765534030515072 1.0065959083409337 0.9829946597880618 -0.00534789421151316
59770.84927583949 4.284 0.019000000000000128 0.9885604721017096 0.007168426603157457 0.9765537582017552 1.0065958464705964 0.9829949568611379 0.0055655152405716946
59770.84929178292 4.284 0.019000000000000128 0.9790381050424011 0.007149263294994432 0.9765541138326043 1.0065957846002027 0.9829952544178859 -0.003957149375484859
59770.849307726334 4.284 0.019000000000000128 0.9910217392049281 0.0071638046888713725 0.9765544699436586 1.0065957227298654 0.9829955524580176 0.008026186746910469
59770.849323669754 4.284 0.019000000000000128 0.9760969455027967 0.007149711501295639 0.9765548265356442 1.0065956608595 0.9829958509821811 -0.006898905479384432
59770.849339613174 4.284 0.019000000000000128 0.9759668693499068 0.007141302102417393 0.9765551836086284 1.0065955989891346 0.9829961499904716 -0.007029280640564739
59770.84935555659 4.284 0.019000000000000128 0.9840113691499197 0.007153557023954511 0.9765555411627096 1.0065955371187973 0.9829964494830155 0.001014919666904257
59770.849371500015 4.284 0.019000000000000128 0.9821600347105612 0.007156524002833018 0.9765558991986069 1.0065954752484036 0.9829967494604538 -0.0008367147498925531
59770.84938744343 4.284 0.019000000000000128 0.9658548466373986 0.007109943151572556 0.9765562577159221 1.0065954133780664 0.9829970499224961 -0.017142203285097524
59770.849403386856 4.284 0.019000000000000128 0.9724204768336495 0.007134587341037967 0.976556616715553 1.0065953515076727 0.9829973508699357 -0.010576874036286155
59770.84941933027 4.284 0.019000000000000128 0.9859205645934829 0.0071490127757082985 0.9765569761970689 1.0065952896373354 0.9829976523024491 0.002922912291033808
59770.84943527369 4.284 0.019000000000000128 0.9773876892498609 0.007131183043616204 0.9765573361612349 1.00659522776697 0.9829979542207238 -0.0056102649708629215
59770.84945121711 4.284 0.019000000000000128 0.9854991197368167 0.0071662548709084456 0.9765576966081191 1.0065951658966046 0.9829982566248556 0.0025008631119610714
59770.84946716053 4.284 0.019000000000000128 0.9874826364280754 0.0071611754939310416 0.9765580575379572 1.006595104026239 0.982998559515082 0.004484076912993462
59770.84948310395 4.284 0.019000000000000128 0.980714513641879 0.007152344175643405 0.9765584189510164 1.0065950421558736 0.9829988628916716 -0.0022843492497925943
59770.84949904736 4.284 0.019000000000000128 0.9841309516100475 0.00716628454102833 0.9765587808473652 1.0065949802855363 0.982999166754721 0.0011317848553265009
59770.84951499079 4.284 0.019000000000000128 0.9793616731203537 0.007145157702243739 0.9765591432277432 1.0065949184151426 0.9829994711048917 -0.003637797984538005
59770.8495309342 4.284 0.019000000000000128 0.9781982259387948 0.007157511807306876 0.9765595060917477 1.0065948565448053 0.9829997759418887 -0.004801550003093902
59770.84954687763 4.284 0.019000000000000128 0.9924122383967803 0.00716030647678 0.9765598694402774 1.0065947946744116 0.9830000812665062 0.009412157130274101
59770.849562821044 4.284 0.019000000000000128 0.9787139414217072 0.007145020743698218 0.9765602332729292 1.0065947328040745 0.9830003870784488 -0.004286445656741633
59770.849578764464 4.284 0.019000000000000128 0.9943015293479407 0.0071824527254074335 0.9765605975904352 1.006594670933709 0.9830006933783704 0.011300835969570322
59770.849594707885 4.284 0.019000000000000128 0.9732771972691971 0.007126671092956288 0.9765609623928977 1.0065946090633435 0.9830010001664014 -0.009723802897204203
59770.8496106513 4.284 0.019000000000000128 0.9802101884254154 0.007132372635354679 0.9765613276803865 1.0065945471930062 0.9830013074426396 -0.002791119017224175
59770.849626594725 4.284 0.019000000000000128 1.0015003040891268 0.008302826674619528 0.9765616934536481 1.0065944853226125 0.9830016152077538 0.01849868888137307
59770.84964253814 4.284 0.019000000000000128 0.9764612458958066 0.0071367186330955025 0.9765620597122774 1.0065944234522752 0.9830019234614462 -0.0065406775656395855
59770.849658481566 4.284 0.019000000000000128 0.9792887874117921 0.007148128336934242 0.9765624264571815 1.0065943615818815 0.9830022322045198 -0.003713444792727616
59770.84967442498 4.284 0.019000000000000128 0.9905267116383936 0.007160098908036764 0.9765627936879545 1.0065942997115445 0.9830025414366761 0.007524170201717473
59770.8496903684 4.284 0.019000000000000128 0.9843816100403485 0.007167478773216505 0.9765631614053464 1.006594237841179 0.9830028511585869 0.0013787588817616436
59770.84970631182 4.284 0.019000000000000128 0.9643163766334826 0.007110691459576413 0.976563529609429 1.0065941759708135 0.9830031613703524 -0.0186867847368698
59770.84972225524 4.284 0.019000000000000128 0.9831896802492739 0.007137410400036844 0.9765638983004762 1.006594114100448 0.9830034720722478 0.0001862081770260815
59770.84973819866 4.284 0.019000000000000128 0.9700062635407308 0.007116541920485781 0.9765642674787298 1.0065940522300825 0.9830037832645168 -0.012997519723785933
59770.84975414208 4.284 0.019000000000000128 0.9916947573393334 0.007192767093511229 0.9765646371444328 1.006593990359717 0.9830040949474036 0.008690662391929838
59770.84977008549 4.284 0.019000000000000128 0.9827855352821939 0.007136484104156845 0.9765650072976885 1.00659392848938 0.9830044071210402 -0.0002188718388462796
59770.84978602891 4.284 0.019000000000000128 0.9960992351774817 0.007177990115990477 0.9765653779390833 1.0065938666190144 0.9830047197859609 0.013094515391520734
59770.849801972334 4.284 0.019000000000000128 0.9829723316348127 0.007163513975692709 0.9765657490686895 1.006593804748649 0.9830050329422665 -3.2701307453808504e-05
59770.849817915754 4.284 0.019000000000000128 0.9875090681227453 0.007163366513694853 0.9765661206867837 1.0065937428782834 0.9830053465902351 0.004503721532510219
59770.849833859174 4.284 0.019000000000000128 0.9801697217374006 0.007141053085543443 0.9765664927935999 1.006593681007918 0.983005660730102 -0.0028359389927014034
59770.849849802595 4.284 0.019000000000000128 0.9872582103053927 0.007171915577068265 0.9765668653894152 1.0065936191375524 0.9830059753621464 0.004252234943246336
59770.849865746015 4.284 0.019000000000000128 0.986094209960854 0.007160860020561289 0.9765672384744752 1.006593557267187 0.9830062904866153 0.0030879194742386984
59770.84988168943 4.284 0.019000000000000128 0.9898774851754759 0.007171213471421474 0.9765676120488528 1.0065934953968498 0.9830066061036096 0.006870879071866343
59770.84989763285 4.284 0.019000000000000128 0.9973486888575057 0.00718199649175056 0.9765679861131722 1.0065934335264843 0.9830069222137021 0.0143417666438036
59770.84991357627 4.284 0.019000000000000128 0.984172930075962 0.007163359502243343 0.9765683606675075 1.0065933716561188 0.9830072388169951 0.0011656912589668167
59770.849929519696 4.284 0.019000000000000128 "" "" 0.9765687357122798 1.0065933097857251 0.9830075559138848 ""
59770.84994546311 4.284 0.019000000000000128 0.987168737684851 0.007184199794812658 0.9765691112472474 1.0065932479153878 0.9830078735042105 0.004160864180640544
59770.84996140653 4.284 0.019000000000000128 0.9743583848843457 0.007110951562750658 0.9765694872731691 1.0065931860450223 0.9830081915886532 -0.008649806704307483
59770.84997734995 4.284 0.019000000000000128 0.9853014118094937 0.007159388648687293 0.9765698637901516 1.0065931241746569 0.9830085101673478 0.002292901642145906
59770.84999329336 4.284 0.019000000000000128 0.9934995450551766 0.007180017831134971 0.9765702407982695 1.0065930623043198 0.983008829240397 0.010490715814779561
59770.85000923679 4.284 0.019000000000000128 0.9864716636661535 0.0071561491442664014 0.9765706182982952 1.006593000433926 0.9830091488084953 0.003462514857658139
59770.8500251802 4.284 0.019000000000000128 0.9868814021445604 0.007156463388591241 0.9765709962898128 1.0065929385635888 0.9830094688713342 0.0038719332732262135
59770.85004112363 4.284 0.019000000000000128 0.9845874274501865 0.007179930704207158 0.9765713747737604 1.006592876693195 0.9830097894297478 0.001577638020438643
59770.850057067044 4.284 0.019000000000000128 0.9853051839930085 0.007168757871823062 0.9765717537497214 1.0065928148228578 0.9830101104834268 0.002295073509581691
59770.850073010464 4.284 0.019000000000000128 0.9928651986823814 0.007168491205486225 0.976572133218472 1.0065927529524923 0.9830104320330698 0.00985476664931162
59770.850088953885 4.284 0.019000000000000128 0.9983902627592017 0.007201288647840677 0.976572513180088 1.0065926910821268 0.9830107540787805 0.015379508680421261
59770.8501048973 4.284 0.019000000000000128 0.9840379602150401 0.0071510097271510805 0.9765728936346781 1.0065926292117897 0.9830110766206961 0.001026883594343997
59770.850120840725 4.284 0.019000000000000128 0.9835314952032966 0.007168351157163901 0.9765732745830117 1.006592567341396 0.9830113996595078 0.0005200955437888455
