eureka_custom_plots/data/stage5_lcfit_results/S5_wasp39b_ap4_bg8_Table_Save_ch13.txt
# %ECSV 1.0
# ---
# datatype:
# - {name: time, datatype: float64}
# - {name: wavelength, datatype: float64}
# - {name: bin_width, datatype: float64}
# - {name: lcdata, datatype: float64}
# - {name: lcerr, datatype: float64}
# - {name: transit, datatype: float64}
# - {name: polynom, datatype: float64}
# - {name: model, datatype: float64}
# - {name: residuals, datatype: float64}
# schema: astropy-2.0
time wavelength bin_width lcdata lcerr transit polynom model residuals
[from data line 10266]
59770.80769540139 3.5175 0.01949999999999985 0.9811104338035401 0.0043587193631959625 0.9781955456935978 1.0064015567277491 0.9844575199701868 -0.0033470861666466956
59770.8077113448 3.5175 0.01949999999999985 0.9942318141509392 0.004381034306704134 0.9781947627422775 1.0064014809159454 0.9844566578480499 0.009775156302889276
59770.80772728823 3.5175 0.01949999999999985 0.9861528013131536 0.0043758843087556235 0.9781939807725437 1.0064014051040726 0.9844557967138342 0.0016970045993194294
59770.80774323164 3.5175 0.01949999999999985 0.9861004184553331 0.00436640434488487 0.9781931997844154 1.0064013292922689 0.9844549365676937 0.0016454818876394661
59770.80775917506 3.5175 0.01949999999999985 0.9921550992086302 0.004368530150648793 0.9781924197754507 1.0064012534804307 0.9844540774070693 0.007701021801560959
59770.80777511848 3.5175 0.01949999999999985 0.9854801986362425 0.004368671514661736 0.9781916407445893 1.0064011776685924 0.9844532192309273 0.0010269794053151537
59770.8077910619 3.5175 0.01949999999999985 0.9842285938997878 0.004364936979569125 0.9781908626904348 1.0064011018567542 0.9844523620378626 -0.0002237681380747869
59770.80780700532 3.5175 0.01949999999999985 0.9784620404357108 0.0043539628662622055 0.9781900856115937 1.0064010260449159 0.984451505826472 -0.005989465390761173
59770.807822948744 3.5175 0.01949999999999985 0.9806354105019139 0.004349827255379097 0.9781893095066532 1.0064009502330777 0.984450650595334 -0.003815240093420047
59770.807838892164 3.5175 0.01949999999999985 0.9933555989418608 0.004381697113680177 0.9781885343742708 1.0064008744212394 0.9844497963430967 0.008905802598764057
59770.807854835584 3.5175 0.01949999999999985 0.9837213000388952 0.004361860300709733 0.9781877602130389 1.0064007986094012 0.9844489430683439 -0.0007276430294486103
59770.807870779 3.5175 0.01949999999999985 0.9787550159036406 0.004349065526859923 0.978186987021934 1.0064007227975975 0.9844480907700784 -0.005693074866437886
59770.807886722425 3.5175 0.01949999999999985 0.9874609334460014 0.004366137821452013 0.9781862147985043 1.0064006469857247 0.9844472394457319 0.003013694000269518
59770.807902665845 3.5175 0.01949999999999985 0.9824002330778402 0.004356507448567917 0.9781854435424246 1.0064005711738866 0.9844463890950778 -0.002046156017237566
59770.80791860926 3.5175 0.01949999999999985 0.988934390710243 0.0043732318102325494 0.9781846732523649 1.0064004953620829 0.9844455397167772 0.004488850993465854
59770.80793455268 3.5175 0.01949999999999985 0.9727299714602289 0.004337560001057602 0.9781839039262205 1.0064004195502445 0.9844446913086443 -0.011714719848415434
59770.8079504961 3.5175 0.01949999999999985 0.9834966429877761 0.004356901142992832 0.9781831355629802 1.0064003437384064 0.9844438438696954 -0.0009472008819193523
59770.80796643952 3.5175 0.01949999999999985 0.9824555605425284 0.00435629964481211 0.9781823681612802 1.006400267926568 0.9844429973985572 -0.001987436856028868
59770.80798238294 3.5175 0.01949999999999985 0.9876191047411873 0.004367528968837257 0.9781816017197369 1.0064001921147299 0.9844421518938374 0.0031769528473498676
59770.80799832636 3.5175 0.01949999999999985 0.9820481529340224 0.004355771927800587 0.9781808362370358 1.0064001163028917 0.9844413073542126 -0.00239315442019028
59770.80801426978 3.5175 0.01949999999999985 0.9742380120622992 0.004345727455544004 0.9781800717117991 1.0064000404910534 0.9844404637782961 -0.010202451715996874
59770.8080302132 3.5175 0.01949999999999985 0.9777875217536512 0.004349190587725193 0.9781793081426742 1.0063999646792152 0.9844396211647265 -0.006652099411075252
59770.80804615661 3.5175 0.01949999999999985 0.9902999780294726 0.004368679706255898 0.978178545528641 1.0063998888674115 0.9844387795125106 0.005861198516961985
59770.80806210004 3.5175 0.01949999999999985 0.9885840867834177 0.004367628243989992 0.9781777838673396 1.0063998130555387 0.9844379388191716 0.004146147964246061
59770.80807804346 3.5175 0.01949999999999985 0.980659859565809 0.0043523093088559 0.9781770231584603 1.0063997372437004 0.9844370990844995 -0.0037772395186904673
59770.80809398688 3.5175 0.01949999999999985 0.9829511050236123 0.004359877993380468 0.9781762634003094 1.0063996614318622 0.9844362603067555 -0.0014851552831431913
59770.808109930294 3.5175 0.01949999999999985 0.9862975732360929 0.0043647021931786665 0.9781755045918988 1.0063995856200585 0.9844354224849786 0.0018621507511142887
59770.80812587372 3.5175 0.01949999999999985 0.9845584002092542 0.004362858390411188 0.9781747467308402 1.0063995098081857 0.9844345856166637 0.00012381459259047656
59770.808141817135 3.5175 0.01949999999999985 0.9858882130952941 0.004360176183116872 0.9781739898171808 1.006399433996382 0.9844337497019935 0.0014544633933005757
59770.808157760555 3.5175 0.01949999999999985 0.9935204449720216 0.004374601198570692 0.978173233848583 1.0063993581845438 0.9844329147385137 0.009087530233507946
59770.808173703976 3.5175 0.01949999999999985 0.9745172813782849 0.005016720926089583 0.9781724788240473 1.0063992823727055 0.9844320807252517 -0.009914799346966818
59770.808189647396 3.5175 0.01949999999999985 0.9839650556830734 0.004353972101862661 0.9781717247422489 1.0063992065608673 0.9844312476608744 -0.000466191977801067
59770.808205590816 3.5175 0.01949999999999985 0.984146436580164 0.00436549367504195 0.9781709716018656 1.006399130749029 0.9844304155440506 -0.0002839789638866552
59770.80822153423 3.5175 0.01949999999999985 "" "" 0.9781702194019043 1.0063990549372253 0.9844295843738148 ""
59770.80823747766 3.5175 0.01949999999999985 0.9872091540514816 0.004364361440620563 0.9781694681400482 1.0063989791253525 0.9844287541477336 0.00278039990374801
59770.80825342107 3.5175 0.01949999999999985 0.9883618560682461 0.004370477426251116 0.9781687178163521 1.0063989033135488 0.9844279248659968 0.0039339312022492745
59770.8082693645 3.5175 0.01949999999999985 0.9827402954743887 0.004355282363340751 0.9781679684281159 1.006398827501676 0.9844270965257522 -0.00168680105136354
59770.80828530791 3.5175 0.01949999999999985 0.9835387082532729 0.00435558457242703 0.9781672199754183 1.0063987516898725 0.9844262691272139 -0.0008875608739409291
59770.80830125134 3.5175 0.01949999999999985 0.9857216115923974 0.004359102225100072 0.9781664724555682 1.0063986758779995 0.9844254426675375 0.0012961689248598418
59770.80831719475 3.5175 0.01949999999999985 0.9877703019195754 0.004364902602864575 0.9781657258686242 1.006398600066196 0.9844246171469178 0.00334568477265762
59770.80833313817 3.5175 0.01949999999999985 0.976366810523604 0.004350642187438678 0.9781649802122924 1.0063985242543576 0.984423792562944 -0.008056982039340022
59770.80834908159 3.5175 0.01949999999999985 0.9839715375306467 0.004360361027885227 0.9781642354855989 1.0063984484425195 0.9844229689146701 -0.0004514313840233708
59770.80836502502 3.5175 0.01949999999999985 0.9889777359919264 0.00437234697360859 0.978163491686905 1.0063983726306465 0.984422146200412 0.004555589791514381
59770.80838096843 3.5175 0.01949999999999985 0.9820220625811756 0.004357233541650677 0.9781627488159499 1.006398296818843 0.9844213244200096 -0.002399261838833988
59770.808396911845 3.5175 0.01949999999999985 0.9742607851091016 0.00434110347471531 0.9781620068707337 1.0063982210070392 0.9844205035713818 -0.010159718462280143
59770.80841285527 3.5175 0.01949999999999985 0.9902248853893538 0.004374785053695947 0.9781612658493268 1.0063981451951665 0.9844196836525186 0.005805201736835186
59770.808428798686 3.5175 0.01949999999999985 0.9827560314813415 0.00436070315790055 0.9781605257517952 1.0063980693833627 0.9844188646636218 -0.0016628331822803322
59770.80844474211 3.5175 0.01949999999999985 0.9824559758084151 0.004361675555372843 0.9781597865754871 1.00639799357149 0.984418046601887 -0.0019620707934718817
59770.80846068553 3.5175 0.01949999999999985 0.9853600801491845 0.004356765634369003 0.9781590483204698 1.0063979177596862 0.9844172294675172 0.0009428506816673288
59770.808476628954 3.5175 0.01949999999999985 0.9831285071778764 0.004363928550081994 0.9781583109841437 1.0063978419478135 0.9844164132577604 -0.0012879060798840491
59770.80849257237 3.5175 0.01949999999999985 0.9884238275487828 0.004367200331138503 0.9781575745665777 1.0063977661360097 0.9844155979728212 0.004008229575961586
59770.80850851579 3.5175 0.01949999999999985 0.9818110958441889 0.004357110847706649 0.9781568390654778 1.0063976903241716 0.9844147836102892 -0.0026036877661003155
59770.80852445921 3.5175 0.01949999999999985 0.9891797367232212 0.00436707703556072 0.9781561044799162 1.0063976145123332 0.9844139701692642 0.004765766553956996
59770.808540402635 3.5175 0.01949999999999985 0.9829534604321959 0.004368215079346757 0.9781553708082875 1.0063975387004604 0.9844131576480968 -0.0014596972159008903
59770.80855634605 3.5175 0.01949999999999985 0.9825672180291052 0.004354899444105251 0.9781546380503248 1.0063974628886567 0.9844123460466192 -0.0018451280175140194
59770.80857228947 3.5175 0.01949999999999985 0.9822609153192241 0.00435588024883348 0.9781539062037917 1.0063973870768186 0.9844115353624795 -0.0021506200432553912
59770.80858823289 3.5175 0.01949999999999985 0.9900006416561508 0.004374847532027241 0.9781531752677481 1.0063973112649802 0.9844107255947647 0.0055899160613860355
59770.80860417631 3.5175 0.01949999999999985 0.9825173253346591 0.004354757780853635 0.9781524452409378 1.006397235453142 0.9844099167422108 -0.0018925914075517136
59770.80862011973 3.5175 0.01949999999999985 0.9867393720291487 0.0043651577367061125 0.9781517161221078 1.0063971596413037 0.9844091088035561 0.0023302632255925992
59770.80863606315 3.5175 0.01949999999999985 0.9852499437082876 0.004365211759634685 0.9781509879099864 1.0063970838294656 0.9844083017775213 0.0008416419307663014
59770.80865200657 3.5175 0.01949999999999985 0.9839101508183378 0.004360802177308452 0.9781502606033675 1.0063970080176272 0.9844074956628914 -0.0004973448445536599
59770.80866794998 3.5175 0.01949999999999985 0.9913733903204931 0.004372908315439058 0.9781495342013202 1.0063969322058237 0.9844066904587642 0.006966699861728931
59770.8086838934 3.5175 0.01949999999999985 0.9945306705732291 0.004376577537230908 0.978148808701929 1.0063968563939854 0.9844058861631431 0.010124784410086018
59770.80869983682 3.5175 0.01949999999999985 0.985330042711025 0.004365658746796523 0.97814808410429 1.0063967805821472 0.9844050827751528 0.0009249599358721605
59770.808715780244 3.5175 0.01949999999999985 0.9812950282318977 0.0043561136600293055 0.9781473604071442 1.0063967047703088 0.9844042802935257 -0.0031092520616279318
59770.808731723664 3.5175 0.01949999999999985 0.9871274560286681 0.0043633271137775995 0.9781466376092975 1.0063966289584707 0.9844034787170599 0.0027239773116082278
59770.808747667084 3.5175 0.01949999999999985 0.9948512861265969 0.004376160964443679 0.9781459157094964 1.0063965531466323 0.9844026780444936 0.01044860808210335
59770.808763610505 3.5175 0.01949999999999985 0.9854975578216634 0.004366332116811629 0.9781451947065102 1.0063964773347942 0.9844018782745882 0.0010956795470751235
59770.808779553925 3.5175 0.01949999999999985 0.9902743577985176 0.004373565441800887 0.9781444745991105 1.0063964015229558 0.9844010794061071 0.005873278392410475
59770.80879549734 3.5175 0.01949999999999985 0.9891862927622608 0.00436600885716615 0.9781437553863838 1.0063963257111523 0.9844002814381648 0.004786011324095951
59770.808811440766 3.5175 0.01949999999999985 0.9895242829468855 0.004369666718227562 0.9781430370661508 1.0063962498992793 0.9843994843684659 0.0051247985784196315
59770.808827384186 3.5175 0.01949999999999985 0.9789341265310363 0.004346661241474229 0.9781423196381677 1.0063961740874412 0.9843986881968669 -0.005464561665830647
59770.808843327606 3.5175 0.01949999999999985 0.9793964338487209 0.004355186519686709 0.9781416031008838 1.0063960982756028 0.9843978929217728 -0.005001459073051939
59770.80885927102 3.5175 0.01949999999999985 0.981361804099338 0.004358212866908666 0.9781408874534143 1.0063960224637993 0.9843970985423269 -0.0030352944429888895
59770.80887521445 3.5175 0.01949999999999985 0.984303443004055 0.004359573421710015 0.9781401726935531 1.0063959466519263 0.9843963050562071 -9.286205215208732e-05
59770.80889115786 3.5175 0.01949999999999985 0.9805627964802774 0.0043514923994473756 0.9781394588213917 1.0063958708401228 0.984395512463641 -0.003832715983363544
59770.80890710128 3.5175 0.01949999999999985 0.9888485785162298 0.004371705469027149 0.978138745834771 1.0063957950282845 0.9843947207623535 0.0044538577538763
59770.8089230447 3.5175 0.01949999999999985 0.9856283175503264 0.004356529790499224 0.9781380337327954 1.0063957192164463 0.9843939299514772 0.001234387598849196
59770.80893898812 3.5175 0.01949999999999985 0.9862880400371404 0.004364382410489203 0.9781373225142609 1.006395643404608 0.9843931400298002 0.0018949000073402722
59770.80895493154 3.5175 0.01949999999999985 0.979874811778264 0.004351447301634404 0.9781366121779462 1.0063955675927698 0.9843923509960931 -0.0045175392178291585
59770.808970874954 3.5175 0.01949999999999985 0.9863806462619918 0.004362987019038917 0.9781359027230212 1.006395491780966 0.9843915628495541 0.0019890834124377532
59770.80898681838 3.5175 0.01949999999999985 0.9762057262252082 0.004341313497179701 0.9781351941472852 1.0063954159690933 0.9843907755878669 -0.008185049362658736
59770.809002761795 3.5175 0.01949999999999985 0.9847955960779745 0.0043611044492025425 0.9781344864508555 1.0063953401572896 0.9843899892112845 0.00040560686669000034
59770.80901870522 3.5175 0.01949999999999985 0.976944703268476 0.004349302834237394 0.9781337796312309 1.0063952643454168 0.9843892037171543 -0.007444500448678282
59770.809034648635 3.5175 0.01949999999999985 0.9866392429721544 0.004370075483035843 0.9781330736885097 1.006395188533613 0.9843884191057102 0.0022508238664442626
59770.80905059206 3.5175 0.01949999999999985 0.9903953235122706 0.00436150697763918 0.9781323686202398 1.0063951127217403 0.984387635374349 0.006007688137921519
59770.809066535476 3.5175 0.01949999999999985 0.9861348519455029 0.004362805831747422 0.9781316644265204 1.0063950369099366 0.9843868525233057 0.0017479994221971662
59770.8090824789 3.5175 0.01949999999999985 0.9867775869811306 0.00436433529778098 0.978130961104867 1.0063949610980638 0.9843860705499443 0.0023915164311862913
59770.809098422316 3.5175 0.01949999999999985 0.9826139169869397 0.004358765689483869 0.9781302586554009 1.00639488528626 0.9843852894545221 -0.0017713724675824105
59770.809114365744 3.5175 0.01949999999999985 0.977163983285917 0.004347169663526719 0.9781295570756451 1.0063948094743873 0.9843845092344107 -0.00722052594849365
59770.80913030916 3.5175 0.01949999999999985 0.976606788406107 0.00434584280779325 0.9781288563657026 1.0063947336625836 0.9843837298898487 -0.0077769414837416395
59770.80914625257 3.5175 0.01949999999999985 0.9896121418034681 0.004367709154122631 0.9781281565237914 1.00639465785078 0.9843829514189752 0.005229190384492877
59770.809162196 3.5175 0.01949999999999985 0.9847579266910492 0.004358529795952722 0.9781274575480747 1.006394582038907 0.9843821738198735 0.0003757528711757496
59770.80917813941 3.5175 0.01949999999999985 0.984989206023083 0.004360081071227128 0.9781267594386779 1.0063945062271036 0.9843813970928051 0.0006078089302778977
59770.80919408284 3.5175 0.01949999999999985 0.9818843955219106 0.004355570941998985 0.9781260621931434 1.0063944304152306 0.9843806212351609 -0.0024962257132502552
59770.80921002625 3.5175 0.01949999999999985 0.9815837897455001 0.004353654717757321 0.9781253658115777 1.006394354603427 0.9843798462471838 -0.002796056501683686
59770.80922596968 3.5175 0.01949999999999985 0.9877157303312731 0.004364668990974067 0.9781246702915714 1.0063942787915543 0.9843790721263128 0.003336658204960319
