eureka_custom_plots/data/stage5_lcfit_results/S5_wasp39b_ap4_bg8_Table_Save_ch19.txt
# %ECSV 1.0
# ---
# datatype:
# - {name: time, datatype: float64}
# - {name: wavelength, datatype: float64}
# - {name: bin_width, datatype: float64}
# - {name: lcdata, datatype: float64}
# - {name: lcerr, datatype: float64}
# - {name: transit, datatype: float64}
# - {name: polynom, datatype: float64}
# - {name: model, datatype: float64}
# - {name: residuals, datatype: float64}
# schema: astropy-2.0
time wavelength bin_width lcdata lcerr transit polynom model residuals
[from data line 17920]
59770.92972633195 3.7475 0.01949999999999985 1.014890347123876 0.005204803514502981 1.0 1.0059452303258656 1.0059452303258656 0.008945116798010355
59770.92974227537 3.7475 0.01949999999999985 1.001099449648494 0.005180902939657609 1.0 1.0059451764464262 1.0059451764464262 -0.0048457267979322705
59770.929758218794 3.7475 0.01949999999999985 0.9969900600040544 0.00517011601803141 1.0 1.0059451225669869 1.0059451225669869 -0.008955062562932437
59770.92977416221 3.7475 0.01949999999999985 0.9995263783918816 0.005164912340946756 1.0 1.0059450686875722 1.0059450686875722 -0.006418690295690532
59770.929790105634 3.7475 0.01949999999999985 0.9924431342560018 0.005158640115397215 1.0 1.0059450148081084 1.0059450148081084 -0.013501880552106549
59770.92980604905 3.7475 0.01949999999999985 1.0071370195017828 0.005182590027734864 1.0 1.0059449609286937 1.0059449609286937 0.0011920585730891275
59770.92982199247 3.7475 0.01949999999999985 1.0080079950611822 0.0051978750594512116 1.0 1.0059449070492543 1.0059449070492543 0.002063088011927894
59770.92983793589 3.7475 0.01949999999999985 1.0067500125444726 0.005186362490435315 1.0 1.005944853169815 1.005944853169815 0.000805159374657638
59770.9298538793 3.7475 0.01949999999999985 1.0137968833509812 0.005202003478971846 1.0 1.0059447992904003 1.0059447992904003 0.00785208406058091
59770.92986982272 3.7475 0.01949999999999985 1.0071201932601748 0.005182138003529171 1.0 1.005944745410961 1.005944745410961 0.001175447849213862
59770.92988576614 3.7475 0.01949999999999985 1.0002229750547151 0.005181214682252262 1.0 1.0059446915315218 1.0059446915315218 -0.0057217164768066375
59770.92990170956 3.7475 0.01949999999999985 1.0060023031305931 0.0051850531779291985 1.0 1.0059446376520824 1.0059446376520824 5.766547851071557e-05
59770.929917652975 3.7475 0.01949999999999985 1.0035860917679214 0.005180100411565094 1.0 1.0059445837726677 1.0059445837726677 -0.0023584920047463598
59770.9299335964 3.7475 0.01949999999999985 1.0031052988961044 0.005182258380426949 1.0 1.0059445298932037 1.0059445298932037 -0.0028392309970992624
59770.929949539815 3.7475 0.01949999999999985 1.005950386418203 0.005180197019635316 1.0 1.005944476013789 1.005944476013789 5.910404413889125e-06
59770.92996548323 3.7475 0.01949999999999985 1.0035371590939342 0.0051822788706434655 1.0 1.0059444221343743 1.0059444221343743 -0.002407263040440144
59770.929981426656 3.7475 0.01949999999999985 0.9979788638677747 0.005173553988866063 1.0 1.0059443682549105 1.0059443682549105 -0.007965504387135836
59770.929997370076 3.7475 0.01949999999999985 1.0002404076970646 0.005169936135085387 1.0 1.0059443143754712 1.0059443143754712 -0.0057039066784065895
59770.93001331349 3.7475 0.01949999999999985 1.0058211535726511 0.005184260918979077 1.0 1.0059442604960565 1.0059442604960565 -0.00012310692340533613
59770.93002925691 3.7475 0.01949999999999985 1.0058215325783273 0.0051870629138123184 1.0 1.005944206616617 1.005944206616617 -0.00012267403828980505
59770.93004520033 3.7475 0.01949999999999985 1.0038869034002194 0.005178188075464612 1.0 1.005944152737178 1.005944152737178 -0.002057249336958611
59770.93006114374 3.7475 0.01949999999999985 1.0146288805789156 0.005205090916199231 1.0 1.0059440988577633 1.0059440988577633 0.00868478172115239
59770.93007708717 3.7475 0.01949999999999985 1.0126823064915282 0.005194507637406315 1.0 1.0059440449782993 1.0059440449782993 0.0067382615132289825
59770.93009303058 3.7475 0.01949999999999985 1.0088002794783615 0.005191929283871999 1.0 1.0059439910988845 1.0059439910988845 0.0028562883794769345
59770.930108974004 3.7475 0.01949999999999985 1.0060891099182034 0.005179424700599889 1.0 1.0059439372194452 1.0059439372194452 0.00014517269875824468
59770.930124917424 3.7475 0.01949999999999985 1.008391834894264 0.0051891797592645336 1.0 1.005943883340006 1.005943883340006 0.002447951554257921
59770.93014086084 3.7475 0.01949999999999985 1.0116739109703965 0.00519529968314588 1.0 1.0059438294605911 1.0059438294605911 0.005730081509805363
59770.93015680426 3.7475 0.01949999999999985 0.9989110336436561 0.005171379022897944 1.0 1.005943775581152 1.005943775581152 -0.007032741937495923
59770.93017274768 3.7475 0.01949999999999985 1.0092610214947406 0.0051903285657787755 1.0 1.0059437217017126 1.0059437217017126 0.0033172997930279724
59770.9301886911 3.7475 0.01949999999999985 1.004673260594471 0.00518101926555747 1.0 1.0059436678222733 1.0059436678222733 -0.0012704072278022505
59770.93020463451 3.7475 0.01949999999999985 1.0171746225390255 0.005212521453689529 1.0 1.0059436139428586 1.0059436139428586 0.01123100859616688
59770.93022057794 3.7475 0.01949999999999985 1.0005913165306402 0.0051744174468657915 1.0 1.0059435600633948 1.0059435600633948 -0.0053522435327546525
59770.93023652135 3.7475 0.01949999999999985 1.0050443313200306 0.005181818406797487 1.0 1.00594350618398 1.00594350618398 -0.0008991748639495256
59770.930252464765 3.7475 0.01949999999999985 1.000746091276405 0.005187120849993154 1.0 1.0059434523045654 1.0059434523045654 -0.005197361028160374
59770.93026840819 3.7475 0.01949999999999985 1.002924048083668 0.005183430427490801 1.0 1.0059433984251014 1.0059433984251014 -0.0030193503414333023
59770.93028435161 3.7475 0.01949999999999985 1.0051950533700214 0.005178884198033254 1.0 1.005943344545662 1.005943344545662 -0.0007482911756406807
59770.930300295026 3.7475 0.01949999999999985 1.0137271550262583 0.00519410221474969 1.0 1.0059432906662473 1.0059432906662473 0.007783864360010995
59770.930316238446 3.7475 0.01949999999999985 0.9956111455446873 0.0051564601681431945 1.0 1.0059432367868082 1.0059432367868082 -0.010332091242120867
59770.930332181866 3.7475 0.01949999999999985 1.002954891655468 0.005179177600526801 1.0 1.0059431829073688 1.0059431829073688 -0.00298829125190081
59770.93034812528 3.7475 0.01949999999999985 0.9974206203514115 0.005168731059930394 1.0 1.0059431290279541 1.0059431290279541 -0.008522508676542584
59770.93036406871 3.7475 0.01949999999999985 1.0055748524750092 0.005186496061887437 1.0 1.0059430751484901 1.0059430751484901 -0.0003682226734809113
59770.93038001212 3.7475 0.01949999999999985 1.0095102910845954 0.00519035553137507 1.0 1.0059430212690754 1.0059430212690754 0.0035672698155200244
59770.93039595554 3.7475 0.01949999999999985 1.0117153639963328 0.005191171471908916 1.0 1.0059429673896363 1.0059429673896363 0.005772396606696484
59770.93041189896 3.7475 0.01949999999999985 1.0108529782518956 0.005190223111928584 1.0 1.005942913510197 1.005942913510197 0.004910064741698639
59770.93042784237 3.7475 0.01949999999999985 1.0087154188290113 0.0051847857263970076 1.0 1.0059428596307822 1.0059428596307822 0.002772559198229052
59770.93044378579 3.7475 0.01949999999999985 1.0019724024711056 0.0051764172050552774 1.0 1.0059428057513429 1.0059428057513429 -0.0039704032802372335
59770.93045972922 3.7475 0.01949999999999985 1.008338617439222 0.005187024089607979 1.0 1.0059427518718789 1.0059427518718789 0.0023958655673430584
59770.930475672634 3.7475 0.01949999999999985 1.0066715704828468 0.005183834035198378 1.0 1.0059426979924642 1.0059426979924642 0.0007288724903826704
59770.93049161605 3.7475 0.01949999999999985 1.0079128637303396 0.005181725982367243 1.0 1.0059426441130495 1.0059426441130495 0.0019702196172901587
59770.930507559475 3.7475 0.01949999999999985 1.005520263212587 0.005183019516785103 1.0 1.0059425902335857 1.0059425902335857 -0.0004223270209986474
59770.93052350289 3.7475 0.01949999999999985 1.0117545563020547 0.005186440957481185 1.0 1.005942536354171 1.005942536354171 0.0058120199478837176
59770.93053944631 3.7475 0.01949999999999985 1.00050956048251 0.005177931277526349 1.0 1.0059424824747316 1.0059424824747316 -0.005432921992221562
59770.93055538973 3.7475 0.01949999999999985 1.0171776516547182 0.005198835244458421 1.0 1.0059424285952923 1.0059424285952923 0.011235223059425925
59770.93057133315 3.7475 0.01949999999999985 1.0038686743984873 0.00517957823446432 1.0 1.0059423747158531 1.0059423747158531 -0.0020737003173658675
59770.93058727656 3.7475 0.01949999999999985 1.000820807582146 0.005161788221393923 1.0 1.0059423208364384 1.0059423208364384 -0.005121513254292331
59770.93060321998 3.7475 0.01949999999999985 1.0172278012260563 0.00520614343927849 1.0 1.005942266956999 1.005942266956999 0.011285534269057207
59770.9306191634 3.7475 0.01949999999999985 1.0042333659642397 0.005181612097594936 1.0 1.0059422130775597 1.0059422130775597 -0.0017088471133199779
59770.930635106815 3.7475 0.01949999999999985 1.0075012916286474 0.005178584339087013 1.0 1.005942159198145 1.005942159198145 0.0015591324305024301
59770.93065105024 3.7475 0.01949999999999985 1.0075586412424318 0.005188722699311005 1.0 1.0059421053186812 1.0059421053186812 0.0016165359237505506
59770.930666993656 3.7475 0.01949999999999985 1.012452974529429 0.005196998582372146 1.0 1.0059420514392665 1.0059420514392665 0.006510923090162546
59770.930682937076 3.7475 0.01949999999999985 1.0125999923895652 0.0052011383852578015 1.0 1.0059419975598272 1.0059419975598272 0.0066579948297380565
59770.9306988805 3.7475 0.01949999999999985 1.004407688142613 0.0051778075499517755 1.0 1.0059419436803878 1.0059419436803878 -0.0015342555377748646
59770.93071482391 3.7475 0.01949999999999985 0.9945354913821842 0.005169657222221478 1.0 1.005941889800973 1.005941889800973 -0.011406398418788877
59770.93073076733 3.7475 0.01949999999999985 1.0102182692575818 0.005189399262011 1.0 1.0059418359215337 1.0059418359215337 0.004276433336048102
59770.93074671076 3.7475 0.01949999999999985 0.9999836910063219 0.00517197147188232 1.0 1.00594178204207 1.00594178204207 -0.00595809103574807
59770.93076265417 3.7475 0.01949999999999985 1.0036502120953419 0.005180065168101342 1.0 1.0059417281626553 1.0059417281626553 -0.0022915160673133705
59770.93077859758 3.7475 0.01949999999999985 0.9949351386042437 0.005164666045180708 1.0 1.0059416742832406 1.0059416742832406 -0.011006535678996898
59770.93079454101 3.7475 0.01949999999999985 1.0027554557058616 0.0051771694701145095 1.0 1.0059416204037765 1.0059416204037765 -0.003186164697914995
59770.930810484424 3.7475 0.01949999999999985 1.0050731652265978 0.005177429297250585 1.0 1.0059415665243618 1.0059415665243618 -0.0008684012977639988
59770.930826427844 3.7475 0.01949999999999985 1.0002736049274985 0.005170638047280368 1.0 1.0059415126449225 1.0059415126449225 -0.005667907717423981
59770.930842371265 3.7475 0.01949999999999985 1.010865166496567 0.00519296815463919 1.0 1.0059414587654834 1.0059414587654834 0.0049237077310837485
59770.930858314685 3.7475 0.01949999999999985 1.0038463208390527 0.005183238938966011 1.0 1.005941404886044 1.005941404886044 -0.0020950840469913246
59770.9308742581 3.7475 0.01949999999999985 1.010013209695635 0.005191372029484418 1.0 1.0059413510066293 1.0059413510066293 0.004071858689005614
59770.93089020152 3.7475 0.01949999999999985 1.0100560578603965 0.00519351315802486 1.0 1.00594129712719 1.00594129712719 0.004114760733206602
59770.93090614494 3.7475 0.01949999999999985 1.0100271661273086 0.00519175910275882 1.0 1.0059412432477506 1.0059412432477506 0.004085922879558002
59770.93092208835 3.7475 0.01949999999999985 1.010196600549572 0.005194572136264937 1.0 1.0059411893683359 1.0059411893683359 0.004255411181236068
59770.93093803178 3.7475 0.01949999999999985 1.0024362290344773 0.005180650705667451 1.0 1.005941135488872 1.005941135488872 -0.0035049064543948294
59770.93095397519 3.7475 0.01949999999999985 0.9987163105732788 0.005172028275397181 1.0 1.0059410816094574 1.0059410816094574 -0.007224771036178579
59770.93096991861 3.7475 0.01949999999999985 1.0129505969444887 0.005191205562029439 1.0 1.005941027730018 1.005941027730018 0.007009569214470712
59770.93098586203 3.7475 0.01949999999999985 1.0076543569189993 0.0051830106130667936 1.0 1.0059409738505787 1.0059409738505787 0.0017133830684206153
59770.93100180545 3.7475 0.01949999999999985 1.0115813991610243 0.00519567072476927 1.0 1.0059409199711395 1.0059409199711395 0.005640479189884751
59770.931017748866 3.7475 0.01949999999999985 1.016428321132516 0.005189380445349546 1.0 1.0059408660917246 1.0059408660917246 0.010487455040791405
59770.93103369229 3.7475 0.01949999999999985 1.0066313058617342 0.005186611971424171 1.0 1.0059408122122608 1.0059408122122608 0.0006904936494733782
59770.93104963571 3.7475 0.01949999999999985 1.0077931803112061 0.005193206537867555 1.0 1.0059407583328461 1.0059407583328461 0.0018524219783599971
59770.93106557912 3.7475 0.01949999999999985 1.0040816397745072 0.0051871844633748 1.0 1.0059407044534314 1.0059407044534314 -0.0018590646789242715
59770.93108152255 3.7475 0.01949999999999985 1.0067830421392205 0.005181969709606329 1.0 1.0059406505739674 1.0059406505739674 0.00084239156525312
59770.93109746596 3.7475 0.01949999999999985 1.012527619829402 0.005188461378092855 1.0 1.0059405966945527 1.0059405966945527 0.006587023134849268
59770.93111340938 3.7475 0.01949999999999985 1.0033967817538554 0.005973553340513242 1.0 1.0059405428151136 1.0059405428151136 -0.0025437610612581985
59770.9311293528 3.7475 0.01949999999999985 1.0053755367186055 0.005189924613241252 1.0 1.0059404889356742 1.0059404889356742 -0.0005649522170687593
59770.93114529622 3.7475 0.01949999999999985 1.0069260589352031 0.005192611940241616 1.0 1.0059404350562349 1.0059404350562349 0.000985623878968278
59770.931161239634 3.7475 0.01949999999999985 1.0067040626425732 0.005182671075329248 1.0 1.0059403811768202 1.0059403811768202 0.0007636814657530078
59770.931177183054 3.7475 0.01949999999999985 1.0172797903052706 0.006014139637530929 1.0 1.0059403272973808 1.0059403272973808 0.011339463007889794
59770.931193126475 3.7475 0.01949999999999985 1.0034043638434074 0.005185211918676703 1.0 1.0059402734179417 1.0059402734179417 -0.002535909574534312
59770.931209069895 3.7475 0.01949999999999985 0.9999678283097105 0.005173576230780263 1.0 1.0059402195385023 1.0059402195385023 -0.005972391228791785
59770.931225013315 3.7475 0.01949999999999985 1.0177250266602405 0.005212411331004894 1.0 1.005940165659063 1.005940165659063 0.011784861001177482
59770.93124095673 3.7475 0.01949999999999985 1.0147429260525087 0.005209227101248585 1.0 1.0059401117796483 1.0059401117796483 0.008802814272860449
59770.93125690015 3.7475 0.01949999999999985 1.0068690360944168 0.005179347810118406 1.0 1.005940057900209 1.005940057900209 0.0009289781942078967
59770.93127284357 3.7475 0.01949999999999985 0.9946878202529981 0.005160175174477084 1.0 1.0059400040207698 1.0059400040207698 -0.011252183767771706
59770.93128878699 3.7475 0.01949999999999985 1.009319596759148 0.005186895931191449 1.0 1.0059399501413304 1.0059399501413304 0.0033796466178175333
59770.9313047304 3.7475 0.01949999999999985 1.0107891264842879 0.005190478946139967 1.0 1.0059398962619157 1.0059398962619157 0.004849230222372158
59770.93132067383 3.7475 0.01949999999999985 1.000635388627753 0.005172371644605255 1.0 1.0059398423824517 1.0059398423824517 -0.005304453754698679
59770.93133661724 3.7475 0.01949999999999985 1.0079986751374141 0.0051947502395411444 1.0 1.005939788503037 1.005939788503037 0.002058886634377144
59770.931352560656 3.7475 0.01949999999999985 1.004290179069432 0.005184334033142211 1.0 1.0059397346236223 1.0059397346236223 -0.0016495555541902185
59770.93136850408 3.7475 0.01949999999999985 0.9992688283003976 0.005175050703910444 1.0 1.0059396807441585 1.0059396807441585 -0.006670852443760866
59770.9313844475 3.7475 0.01949999999999985 1.002170338101031 0.005179709351097546 1.0 1.0059396268647438 1.0059396268647438 -0.0037692887637128525
59770.93140039092 3.7475 0.01949999999999985 1.0026193973637918 0.005182379431088219 1.0 1.0059395729853045 1.0059395729853045 -0.0033201756215126554
59770.93141633434 3.7475 0.01949999999999985 1.003821021394766 0.005180752716041835 1.0 1.005939519105865 1.005939519105865 -0.0021184977110990655
