eureka_custom_plots/data/stage5_lcfit_results/S5_wasp39b_ap4_bg8_Table_Save_ch26.txt
# %ECSV 1.0
# ---
# datatype:
# - {name: time, datatype: float64}
# - {name: wavelength, datatype: float64}
# - {name: bin_width, datatype: float64}
# - {name: lcdata, datatype: float64}
# - {name: lcerr, datatype: float64}
# - {name: transit, datatype: float64}
# - {name: polynom, datatype: float64}
# - {name: model, datatype: float64}
# - {name: residuals, datatype: float64}
# schema: astropy-2.0
time wavelength bin_width lcdata lcerr transit polynom model residuals
[from data line 6272]
59770.744017382145 4.016 0.019000000000000128 1.0148612843043148 0.006331032352403154 1.0 1.006687194058705 1.006687194058705 0.008174090245609777
59770.74403332556 4.016 0.019000000000000128 0.9950492714820731 0.0062839105247836586 1.0 1.0066871349863795 1.0066871349863795 -0.0116378635043064
59770.744049268986 4.016 0.019000000000000128 1.0115648268826805 0.006332083995497215 1.0 1.0066870759139999 1.0066870759139999 0.004877750968680594
59770.7440652124 4.016 0.019000000000000128 1.0123683646323973 0.006343970336387485 1.0 1.0066870168416744 1.0066870168416744 0.005681347790722935
59770.744081155826 4.016 0.019000000000000128 1.005611418836318 0.006301773239384324 1.0 1.0066869577692947 1.0066869577692947 -0.0010755389329766274
59770.74409709925 4.016 0.019000000000000128 1.0072170656587414 0.006326749275726361 1.0 1.0066868986969422 1.0066868986969422 0.0005301669617991944
59770.74411304267 4.016 0.019000000000000128 1.0128240252019816 0.0063263455083463396 1.0 1.0066868396245896 1.0066868396245896 0.006137185577391957
59770.74412898609 4.016 0.019000000000000128 1.0108683418397797 0.006321198748975122 1.0 1.006686780552237 1.006686780552237 0.004181561287542657
59770.7441449295 4.016 0.019000000000000128 0.9962712010094774 0.0062952711683140995 1.0 1.0066867214799113 1.0066867214799113 -0.010415520470433925
59770.74416087293 4.016 0.019000000000000128 1.0001802191639277 0.006316991689949497 1.0 1.006686662407532 1.006686662407532 -0.006506443243604165
59770.74417681634 4.016 0.019000000000000128 1.0075262302723524 0.006321180250235536 1.0 1.0066866033352062 1.0066866033352062 0.0008396269371462317
59770.74419275977 4.016 0.019000000000000128 1.0089763879853666 0.006313960802996321 1.0 1.0066865442628268 1.0066865442628268 0.0022898437225398194
59770.74420870318 4.016 0.019000000000000128 0.9998949647211935 0.006302917282843102 1.0 1.006686485190501 1.006686485190501 -0.006791520469307533
59770.74422464661 4.016 0.019000000000000128 1.0054001686458554 0.006319852054565167 1.0 1.0066864261181216 1.0066864261181216 -0.0012862574722662945
59770.74424059002 4.016 0.019000000000000128 1.003913073537671 0.006315629153697856 1.0 1.006686367045796 1.006686367045796 -0.002773293508125052
59770.74425653344 4.016 0.019000000000000128 0.9991983949382962 0.006290493133602765 1.0 1.0066863079734434 1.0066863079734434 -0.007487913035147176
59770.74427247686 4.016 0.019000000000000128 1.0168138513914864 0.006347190865623078 1.0 1.0066862489010908 1.0066862489010908 0.01012760249039557
59770.74428842029 4.016 0.019000000000000128 1.012811989713957 0.006328837308883929 1.0 1.0066861898287114 1.0066861898287114 0.006125799885245531
59770.74430436371 4.016 0.019000000000000128 1.0120182558994502 0.006331003175549888 1.0 1.0066861307563588 1.0066861307563588 0.0053321251430913374
59770.74432030712 4.016 0.019000000000000128 1.0019471326591414 0.006307369352761565 1.0 1.0066860716840331 1.0066860716840331 -0.004738939024891753
59770.74433625055 4.016 0.019000000000000128 0.996830188542525 0.006289297620752756 1.0 1.0066860126116537 1.0066860126116537 -0.00985582406912866
59770.744352193964 4.016 0.019000000000000128 1.017035248807745 0.0063302145226281255 1.0 1.006685953539328 1.006685953539328 0.010349295268416991
59770.74436813739 4.016 0.019000000000000128 1.013104149472222 0.00632753219244845 1.0 1.0066858944669486 1.0066858944669486 0.006418255005273377
59770.744384080805 4.016 0.019000000000000128 1.0021780897601464 0.006319908203598175 1.0 1.0066858353946229 1.0066858353946229 -0.004507745634476423
59770.74440002423 4.016 0.019000000000000128 1.0073940553058875 0.006312227866537177 1.0 1.0066857763222434 1.0066857763222434 0.0007082789836441172
59770.744415967645 4.016 0.019000000000000128 1.0061370293151193 0.006322160523126173 1.0 1.0066857172499177 1.0066857172499177 -0.000548687934798453
59770.744431911065 4.016 0.019000000000000128 1.0145272118406858 0.006334602614195295 1.0 1.0066856581775652 1.0066856581775652 0.00784155366312067
59770.744447854486 4.016 0.019000000000000128 1.0078049800555393 0.00631623713000131 1.0 1.0066855991052126 1.0066855991052126 0.0011193809503267094
59770.744463797906 4.016 0.019000000000000128 1.005663771117854 0.006322834720073931 1.0 1.00668554003286 1.00668554003286 -0.0010217689150060494
59770.744479741326 4.016 0.019000000000000128 1.0096649723797804 0.006323358095386815 1.0 1.0066854809605075 1.0066854809605075 0.002979491419272895
59770.74449568475 4.016 0.019000000000000128 1.0088556860623177 0.006327178942619008 1.0 1.006685421888155 1.006685421888155 0.0021702641741627726
59770.744511628174 4.016 0.019000000000000128 1.0039426464053092 0.006323384041700123 1.0 1.0066853628157755 1.0066853628157755 -0.002742716410466306
59770.74452757159 4.016 0.019000000000000128 1.0167310944967485 0.0063363812354733364 1.0 1.0066853037434498 1.0066853037434498 0.0100457907532987
59770.744543515015 4.016 0.019000000000000128 1.0055521059534935 0.006310055716392037 1.0 1.0066852446710701 1.0066852446710701 -0.0011331387175765872
59770.74455945843 4.016 0.019000000000000128 1.006898541076164 0.006330115321839322 1.0 1.0066851855987446 1.0066851855987446 0.00021335547741929695
59770.744575401855 4.016 0.019000000000000128 1.010721151869775 0.006330827696562521 1.0 1.006685126526365 1.006685126526365 0.004036025343409966
59770.74459134527 4.016 0.019000000000000128 1.0029898172165692 0.006299996153018588 1.0 1.0066850674540395 1.0066850674540395 -0.0036952502374703045
59770.74460728869 4.016 0.019000000000000128 1.0119638641699382 0.00632491192981441 1.0 1.006685008381687 1.006685008381687 0.005278855788251269
59770.74462323211 4.016 0.019000000000000128 1.0131188689216688 0.006325552708559839 1.0 1.0066849493093344 1.0066849493093344 0.0064339196123344156
59770.74463917553 4.016 0.019000000000000128 1.0081773686598947 0.006307092358685466 1.0 1.0066848902369818 1.0066848902369818 0.0014924784229128907
59770.74465511895 4.016 0.019000000000000128 0.9997375410592801 0.006296535259580444 1.0 1.0066848311646293 1.0066848311646293 -0.006947290105349113
59770.74467106237 4.016 0.019000000000000128 1.0043330701975484 0.006317188316952828 1.0 1.0066847720922767 1.0066847720922767 -0.002351701894728331
59770.74468700579 4.016 0.019000000000000128 1.0112551744795926 0.0063253271847139424 1.0 1.0066847130199241 1.0066847130199241 0.00457046145966844
59770.74470294921 4.016 0.019000000000000128 1.0032237276397296 0.0063100027912732235 1.0 1.0066846539475716 1.0066846539475716 -0.003460926307842005
59770.74471889263 4.016 0.019000000000000128 1.0035453531062144 0.0063120072206358825 1.0 1.006684594875219 1.006684594875219 -0.003139241769004597
59770.74473483605 4.016 0.019000000000000128 "" "" 1.0 1.0066845358028664 1.0066845358028664 ""
59770.74475077948 4.016 0.019000000000000128 1.0067080162238327 0.00632330739177507 1.0 1.0066844767304868 1.0066844767304868 2.3539493345881013e-05
59770.74476672289 4.016 0.019000000000000128 1.0094543147794497 0.0063177054453246225 1.0 1.0066844176581613 1.0066844176581613 0.0027698971212883894
59770.74478266631 4.016 0.019000000000000128 1.0047045820817635 0.006322861175928047 1.0 1.0066843585858087 1.0066843585858087 -0.0019797765040452386
59770.74479860973 4.016 0.019000000000000128 1.009055514577153 0.00633731574369046 1.0 1.0066842995134562 1.0066842995134562 0.002371215063696752
59770.74481455315 4.016 0.019000000000000128 0.9969631909693211 0.006290911081371452 1.0 1.0066842404411034 1.0066842404411034 -0.009721049471782317
59770.74483049657 4.016 0.019000000000000128 1.0052308065238504 0.006320229027777112 1.0 1.0066841813687508 1.0066841813687508 -0.0014533748449003792
59770.74484643999 4.016 0.019000000000000128 1.0143526387320356 0.006338760309749748 1.0 1.0066841222963983 1.0066841222963983 0.007668516435637374
59770.74486238341 4.016 0.019000000000000128 1.011790270360705 0.006327787623387093 1.0 1.0066840632240457 1.0066840632240457 0.005106207136659213
59770.744878326834 4.016 0.019000000000000128 1.0077671500918373 0.006317376133877147 1.0 1.0066840041516931 1.0066840041516931 0.0010831459401441368
59770.74489427025 4.016 0.019000000000000128 1.0134376595695476 0.006339120735659308 1.0 1.0066839450793676 1.0066839450793676 0.006753714490179918
59770.744910213674 4.016 0.019000000000000128 1.011734905021732 0.006320026229335428 1.0 1.006683886006988 1.006683886006988 0.005051019014743918
59770.744926157095 4.016 0.019000000000000128 1.0040624416513166 0.00631681544997389 1.0 1.0066838269346354 1.0066838269346354 -0.002621385283318789
59770.744942100515 4.016 0.019000000000000128 1.0062058621712202 0.006333023416868983 1.0 1.0066837678622829 1.0066837678622829 -0.00047790569106265224
59770.744958043935 4.016 0.019000000000000128 1.0074458653823182 0.006309412532963979 1.0 1.0066837087899303 1.0066837087899303 0.0007621565923878748
59770.744973987355 4.016 0.019000000000000128 0.99709367127442 0.006299202205399002 1.0 1.0066836497175777 1.0066836497175777 -0.009589978443157787
59770.744989930776 4.016 0.019000000000000128 1.001167857437161 0.006296130432346252 1.0 1.0066835906452252 1.0066835906452252 -0.0055157332080642
59770.745005874196 4.016 0.019000000000000128 1.0051749444480016 0.006317291459703379 1.0 1.0066835315728726 1.0066835315728726 -0.001508587124871008
59770.745021817616 4.016 0.019000000000000128 1.0013236235309433 0.006299507222362717 1.0 1.00668347250052 1.00668347250052 -0.005359848969576753
59770.74503776104 4.016 0.019000000000000128 1.0095788756681474 0.006330037511190969 1.0 1.0066834134281675 1.0066834134281675 0.00289546223997994
59770.74505370446 4.016 0.019000000000000128 1.0073558606182529 0.006320265009245118 1.0 1.006683354355815 1.006683354355815 0.0006725062624379774
59770.74506964787 4.016 0.019000000000000128 1.009217455952811 0.0063243478999467 1.0 1.0066832952834894 1.0066832952834894 0.002534160669321661
59770.7450855913 4.016 0.019000000000000128 1.0142803280272283 0.006335307686556106 1.0 1.0066832362111098 1.0066832362111098 0.007597091816118562
59770.74510153471 4.016 0.019000000000000128 1.0007852275436238 0.006305446062265598 1.0 1.0066831771387843 1.0066831771387843 -0.005897949595160545
59770.74511747814 4.016 0.019000000000000128 1.0157898332529662 0.0063259189672796035 1.0 1.0066831180664046 1.0066831180664046 0.009106715186561587
59770.74513342155 4.016 0.019000000000000128 1.0113214996764701 0.006328917757315834 1.0 1.006683058994079 1.006683058994079 0.004638440682391165
59770.74514936498 4.016 0.019000000000000128 1.0131338826543705 0.0063326805716695835 1.0 1.0066829999216995 1.0066829999216995 0.006450882732671026
59770.7451653084 4.016 0.019000000000000128 1.0072431710400143 0.006301109568606813 1.0 1.006682940849347 1.006682940849347 0.0005602301906673102
59770.74518125181 4.016 0.019000000000000128 1.011922272550863 0.006322834191601975 1.0 1.0066828817770213 1.0066828817770213 0.005239390773841723
59770.74519719524 4.016 0.019000000000000128 1.002100487345178 0.0063116876450901045 1.0 1.0066828227046418 1.0066828227046418 -0.0045823353594638405
59770.74521313866 4.016 0.019000000000000128 1.0083501057875777 0.006310381233490414 1.0 1.0066827636322893 1.0066827636322893 0.0016673421552884093
59770.74522908208 4.016 0.019000000000000128 1.0123292462103115 0.006322804729136458 1.0 1.0066827045599367 1.0066827045599367 0.0056465416503748145
59770.74524502549 4.016 0.019000000000000128 1.0063649563249446 0.006322400445977035 1.0 1.006682645487611 1.006682645487611 -0.00031768916266639025
59770.74526096892 4.016 0.019000000000000128 1.0045916232213337 0.006312712119454344 1.0 1.0066825864152316 1.0066825864152316 -0.002090963193897899
59770.745276912334 4.016 0.019000000000000128 1.0171025689285147 0.0063451969300190505 1.0 1.0066825273429059 1.0066825273429059 0.01042004158560883
59770.74529285576 4.016 0.019000000000000128 0.9929606476942593 0.006293912105386726 1.0 1.0066824682705264 1.0066824682705264 -0.01372182057626714
59770.745308799174 4.016 0.019000000000000128 1.0046114694971475 0.006314433849511016 1.0 1.0066824091982007 1.0066824091982007 -0.0020709397010532093
59770.7453247426 4.016 0.019000000000000128 1.0080250536575208 0.00632340796771373 1.0 1.0066823501258213 1.0066823501258213 0.0013427035316995184
59770.745340686015 4.016 0.019000000000000128 1.0216513341603413 0.006349233879505265 1.0 1.0066822910534956 1.0066822910534956 0.014969043106845659
59770.745356629435 4.016 0.019000000000000128 1.0205119095103161 0.006356553759752119 1.0 1.006682231981143 1.006682231981143 0.013829677529173079
59770.74537257286 4.016 0.019000000000000128 1.0010370191480202 0.0063077684515989284 1.0 1.0066821729087636 1.0066821729087636 -0.005645153760743371
59770.745388516276 4.016 0.019000000000000128 1.0000505647908415 0.006295793435098875 1.0 1.006682113836438 1.006682113836438 -0.006631549045596374
59770.7454044597 4.016 0.019000000000000128 1.0090252978676153 0.006317114921378713 1.0 1.0066820547640585 1.0066820547640585 0.0023432431035568246
59770.74542040312 4.016 0.019000000000000128 1.010722030038521 0.0063422166922577905 1.0 1.0066819956917328 1.0066819956917328 0.004040034346788124
59770.745436346544 4.016 0.019000000000000128 1.004636245737488 0.006314340187624253 1.0 1.0066819366193533 1.0066819366193533 -0.0020456908818653474
59770.74545228996 4.016 0.019000000000000128 1.0030295884502343 0.0062980007343172665 1.0 1.0066818775470276 1.0066818775470276 -0.003652289096793382
59770.74546823338 4.016 0.019000000000000128 1.0051648751886242 0.0063206190297954955 1.0 1.006681818474675 1.006681818474675 -0.001516943286050898
59770.7454841768 4.016 0.019000000000000128 1.0133033398856948 0.0063338750709006205 1.0 1.0066817594023225 1.0066817594023225 0.006621580483372247
59770.745500120225 4.016 0.019000000000000128 0.9966519264570955 0.006290301781523258 1.0 1.006681700329943 1.006681700329943 -0.010029773872847536
59770.74551606364 4.016 0.019000000000000128 0.9990371394375244 0.0063084154986184976 1.0 1.0066816412576174 1.0066816412576174 -0.007644501820093019
59770.74553200706 4.016 0.019000000000000128 1.0159026262171584 0.006351400616033445 1.0 1.0066815821852648 1.0066815821852648 0.00922104403189361
59770.74554795048 4.016 0.019000000000000128 1.0092645674478826 0.006314253745841075 1.0 1.0066815231129123 1.0066815231129123 0.0025830443349703636
59770.7455638939 4.016 0.019000000000000128 0.9999562804618202 0.006323293795547992 1.0 1.0066814640405597 1.0066814640405597 -0.006725183578739524
59770.74557983733 4.016 0.019000000000000128 1.0107687619206003 0.006334300132505392 1.0 1.00668140496818 1.00668140496818 0.00408735695242024
59770.74559578074 4.016 0.019000000000000128 1.0111010088876533 0.006318733637628417 1.0 1.0066813458958546 1.0066813458958546 0.004419662991798745
59770.74561172417 4.016 0.019000000000000128 1.0110945688952653 0.006320596559497429 1.0 1.006681286823475 1.006681286823475 0.00441328207179037
59770.74562766758 4.016 0.019000000000000128 1.0065596163840902 0.006321366164597303 1.0 1.0066812277511494 1.0066812277511494 -0.00012161136705923781
59770.745643611 4.016 0.019000000000000128 0.9973850376494041 0.006307263816290393 1.0 1.0066811686787969 1.0066811686787969 -0.009296131029392751
59770.74565955442 4.016 0.019000000000000128 1.0132257784056253 0.006338482012185902 1.0 1.0066811096064443 1.0066811096064443 0.00654466879918103
59770.74567549785 4.016 0.019000000000000128 1.005783576135282 0.006321424495562099 1.0 1.0066810505340646 1.0066810505340646 -0.0008974743987826272
59770.74569144126 4.016 0.019000000000000128 1.0041816102492147 0.006317157141335573 1.0 1.0066809914617392 1.0066809914617392 -0.002499381212524465
59770.74570738468 4.016 0.019000000000000128 1.0028371628399968 0.006309736911942585 1.0 1.0066809323893866 1.0066809323893866 -0.0038437695493898083
