eureka_custom_plots/data/stage5_lcfit_results/S5_wasp39b_ap4_bg8_Table_Save_ch58.txt
# %ECSV 1.0
# ---
# datatype:
# - {name: time, datatype: float64}
# - {name: wavelength, datatype: float64}
# - {name: bin_width, datatype: float64}
# - {name: lcdata, datatype: float64}
# - {name: lcerr, datatype: float64}
# - {name: transit, datatype: float64}
# - {name: polynom, datatype: float64}
# - {name: model, datatype: float64}
# - {name: residuals, datatype: float64}
# schema: astropy-2.0
time wavelength bin_width lcdata lcerr transit polynom model residuals
[from data line 2818]
59770.688948808034 5.2425 0.01949999999999985 0.9910751608593329 0.013323634525410955 1.0 1.0066593945043545 1.0066593945043545 -0.015584233645021595
59770.68896475145 5.2425 0.01949999999999985 0.9891442041823949 0.013308776373173197 1.0 1.0066593587665786 1.0066593587665786 -0.017515154584183734
59770.688980694875 5.2425 0.01949999999999985 1.0154381064633566 0.013404249704286485 1.0 1.00665932302877 1.00665932302877 0.008778783434586712
59770.68899663829 5.2425 0.01949999999999985 1.004013457015431 0.013366635368135277 1.0 1.006659287290994 1.006659287290994 -0.002645830275562977
59770.68901258171 5.2425 0.01949999999999985 1.008650921340239 0.013345723938683801 1.0 1.0066592515532018 1.0066592515532018 0.0019916697870372424
59770.689028525136 5.2425 0.01949999999999985 0.9968135378276342 0.013396166408424797 1.0 1.006659215815393 1.006659215815393 -0.009845677987758927
59770.689044468556 5.2425 0.01949999999999985 1.0069706844975246 0.013321382540828595 1.0 1.0066591800776008 1.0066591800776008 0.0003115044199237804
59770.689060411976 5.2425 0.01949999999999985 0.9765499196946045 0.013263403429670011 1.0 1.0066591443398085 1.0066591443398085 -0.030109224645204047
59770.68907635539 5.2425 0.01949999999999985 0.9892268199733958 0.01327797827781089 1.0 1.0066591086020324 1.0066591086020324 -0.01743228862863666
59770.68909229882 5.2425 0.01949999999999985 1.0109919869719786 0.013366278589170213 1.0 1.006659072864224 1.006659072864224 0.004332914107754604
59770.68910824224 5.2425 0.01949999999999985 0.9968058628391246 0.013325682562189434 1.0 1.0066590371264317 1.0066590371264317 -0.009853174287307032
59770.68912418566 5.2425 0.01949999999999985 1.0085007045115124 0.014922184355567782 1.0 1.0066590013886394 1.0066590013886394 0.0018417031228730174
59770.68914012908 5.2425 0.01949999999999985 0.9945703186448092 0.013319843031545677 1.0 1.0066589656508471 1.0066589656508471 -0.012088647006037956
59770.6891560725 5.2425 0.01949999999999985 0.9945389135161802 0.013370328430816153 1.0 1.0066589299130548 1.0066589299130548 -0.012120016396874655
59770.68917201592 5.2425 0.01949999999999985 0.9886971545328573 0.013307834436404754 1.0 1.0066588941752626 1.0066588941752626 -0.017961739642405217
59770.68918795934 5.2425 0.01949999999999985 1.0213306978279735 0.013341195447619636 1.0 1.0066588584374703 1.0066588584374703 0.014671839390503205
59770.68920390276 5.2425 0.01949999999999985 1.014252912455431 0.013375168404625526 1.0 1.006658822699678 1.006658822699678 0.007594089755752931
59770.68921984618 5.2425 0.01949999999999985 0.9980569037616135 0.013322178643240364 1.0 1.0066587869618857 1.0066587869618857 -0.00860188320027222
59770.6892357896 5.2425 0.01949999999999985 1.013671689399823 0.013409467520337507 1.0 1.0066587512240934 1.0066587512240934 0.007012938175729566
59770.68925173302 5.2425 0.01949999999999985 0.99352669194558 0.013277119382197675 1.0 1.0066587154863011 1.0066587154863011 -0.013132023540721183
59770.68926767645 5.2425 0.01949999999999985 1.0066646589781396 0.013354182152939615 1.0 1.0066586797484924 1.0066586797484924 5.9792296471794515e-06
59770.68928361986 5.2425 0.01949999999999985 1.0133501125271223 0.013424475524080591 1.0 1.0066586440107166 1.0066586440107166 0.006691468516405674
59770.68929956328 5.2425 0.01949999999999985 1.0338679039534941 0.013417867455294222 1.0 1.006658608272924 1.006658608272924 0.027209295680570067
59770.6893155067 5.2425 0.01949999999999985 1.0225254632464587 0.013421065493667946 1.0 1.0066585725351318 1.0066585725351318 0.015866890711326853
59770.68933145013 5.2425 0.01949999999999985 1.0072339186170116 0.013399938832859577 1.0 1.0066585367973233 1.0066585367973233 0.0005753818196883032
59770.68934739355 5.2425 0.01949999999999985 1.0109139153221873 0.013345805550996402 1.0 1.006658501059531 1.006658501059531 0.0042554142626562985
59770.68936333696 5.2425 0.01949999999999985 1.006123474375246 0.013373596894127607 1.0 1.006658465321755 1.006658465321755 -0.0005349909465088842
59770.68937928039 5.2425 0.01949999999999985 1.0061213194482237 0.01335783181170554 1.0 1.0066584295839465 1.0066584295839465 -0.0005371101357227737
59770.6893952238 5.2425 0.01949999999999985 1.0128447080163736 0.013386794426870597 1.0 1.0066583938461704 1.0066583938461704 0.006186314170203211
59770.68941116723 5.2425 0.01949999999999985 0.9814478645072449 0.013304039086145657 1.0 1.006658358108362 1.006658358108362 -0.025210493601117046
59770.68942711065 5.2425 0.01949999999999985 1.017967181101884 0.013343453457863984 1.0 1.0066583223705696 1.0066583223705696 0.011308858731314375
59770.68944305407 5.2425 0.01949999999999985 1.0042492357724973 0.013335646570559025 1.0 1.0066582866327773 1.0066582866327773 -0.002409050860280093
59770.68945899749 5.2425 0.01949999999999985 1.006251149366214 0.013304923870138161 1.0 1.006658250894985 1.006658250894985 -0.00040710152877099226
59770.689474940904 5.2425 0.01949999999999985 0.9813447091509775 0.013286677630358875 1.0 1.006658215157209 1.006658215157209 -0.0253135060062315
59770.68949088433 5.2425 0.01949999999999985 0.9926173065278153 0.013332085233118419 1.0 1.0066581794194005 1.0066581794194005 -0.014040872891585177
59770.68950682776 5.2425 0.01949999999999985 1.009142921101299 0.013362544068866335 1.0 1.0066581436815918 1.0066581436815918 0.002484777419707207
59770.68952277117 5.2425 0.01949999999999985 1.0161641093042157 0.013363828697051367 1.0 1.006658107943816 1.006658107943816 0.009506001360399807
59770.68953871459 5.2425 0.01949999999999985 1.0253666821788894 0.01340240478152324 1.0 1.0066580722060234 1.0066580722060234 0.01870860997286594
59770.68955465801 5.2425 0.01949999999999985 0.995943018662689 0.013319836200972693 1.0 1.0066580364682312 1.0066580364682312 -0.010715017805542182
59770.68957060143 5.2425 0.01949999999999985 0.9868784943358305 0.01324842739949498 1.0 1.0066580007304389 1.0066580007304389 -0.019779506394608348
59770.68958654486 5.2425 0.01949999999999985 1.0218748236072845 0.0133181096079254 1.0 1.0066579649926304 1.0066579649926304 0.01521685861465416
59770.68960248827 5.2425 0.01949999999999985 0.984595291167765 0.013288556384971595 1.0 1.0066579292548543 1.0066579292548543 -0.022062638087089304
59770.6896184317 5.2425 0.01949999999999985 1.010088369352016 0.013360583244050534 1.0 1.0066578935170458 1.0066578935170458 0.003430475834970137
59770.689634375114 5.2425 0.01949999999999985 0.9889655483718841 0.01330699364064211 1.0 1.0066578577792697 1.0066578577792697 -0.017692309407385642
59770.689650318534 5.2425 0.01949999999999985 1.027245382369619 0.013472840859999802 1.0 1.0066578220414775 1.0066578220414775 0.020587560328141574
59770.68966626196 5.2425 0.01949999999999985 1.0103990013669433 0.01336063012298504 1.0 1.006657786303669 1.006657786303669 0.0037412150632742946
59770.689682205375 5.2425 0.01949999999999985 0.995675982541815 0.013315307780767806 1.0 1.006657750565893 1.006657750565893 -0.01098176802407791
59770.6896981488 5.2425 0.01949999999999985 1.0018611324303637 0.01335812042228798 1.0 1.0066577148280844 1.0066577148280844 -0.004796582397720739
59770.689714092216 5.2425 0.01949999999999985 1.0148635840563893 0.013404028028351434 1.0 1.0066576790903083 1.0066576790903083 0.008205904966080979
59770.68973003564 5.2425 0.01949999999999985 1.0148922758105543 0.013376474649216989 1.0 1.0066576433524999 1.0066576433524999 0.008234632458054447
59770.68974597906 5.2425 0.01949999999999985 1.0124808797748 0.013318831563928957 1.0 1.0066576076147076 1.0066576076147076 0.005823272160092374
59770.68976192248 5.2425 0.01949999999999985 1.0066907363558941 0.013395435700737276 1.0 1.0066575718769315 1.0066575718769315 3.316447896262176e-05
59770.689777865904 5.2425 0.01949999999999985 1.0226663587097191 0.013447178983341966 1.0 1.0066575361391228 1.0066575361391228 0.016008822570596326
59770.689793809324 5.2425 0.01949999999999985 0.9994077572676885 0.013378947694615236 1.0 1.0066575004013305 1.0066575004013305 -0.007249743133642017
59770.689809752745 5.2425 0.01949999999999985 0.9959367212125503 0.013264359688099577 1.0 1.0066574646635382 1.0066574646635382 -0.010720743450987946
59770.689825696165 5.2425 0.01949999999999985 1.0104113137515887 0.01342927400524648 1.0 1.006657428925746 1.006657428925746 0.0037538848258427127
59770.689841639585 5.2425 0.01949999999999985 0.9976328175537437 0.013259703182408829 1.0 1.0066573931879537 1.0066573931879537 -0.009024575634209997
59770.689857583006 5.2425 0.01949999999999985 1.0107944092021413 0.013426085053367048 1.0 1.0066573574501614 1.0066573574501614 0.00413705175197987
59770.689873526426 5.2425 0.01949999999999985 0.9975414360046153 0.013341848055405465 1.0 1.006657321712369 1.006657321712369 -0.00911588570775379
59770.689889469846 5.2425 0.01949999999999985 1.0148135700614207 0.01336989271619688 1.0 1.0066572859745768 1.0066572859745768 0.008156284086843879
59770.68990541327 5.2425 0.01949999999999985 0.9838052133353744 0.013341411834213704 1.0 1.0066572502367845 1.0066572502367845 -0.022852036901410133
59770.68992135669 5.2425 0.01949999999999985 1.0001303126465664 0.013375961526068703 1.0 1.0066572144989923 1.0066572144989923 -0.0065269018524258815
59770.68993730011 5.2425 0.01949999999999985 1.010508209971855 0.013395401721333827 1.0 1.0066571787612 1.0066571787612 0.003851031210654998
59770.68995324353 5.2425 0.01949999999999985 1.01120413092192 0.013394862872015623 1.0 1.0066571430234077 1.0066571430234077 0.004546987898512267
59770.689969186955 5.2425 0.01949999999999985 1.02141800955538 0.013376407032721662 1.0 1.0066571072855992 1.0066571072855992 0.014760902269780773
59770.68998513037 5.2425 0.01949999999999985 0.9843870489703576 0.013300601301948727 1.0 1.0066570715478231 1.0066570715478231 -0.022270022577465576
59770.69000107379 5.2425 0.01949999999999985 1.0153181965486562 0.013435528084589471 1.0 1.0066570358100309 1.0066570358100309 0.008661160738625329
59770.690017017216 5.2425 0.01949999999999985 1.0193032652782024 0.013388886567057869 1.0 1.0066570000722221 1.0066570000722221 0.012646265205980223
59770.69003296063 5.2425 0.01949999999999985 1.002105475852767 0.01333524149539205 1.0 1.0066569643344463 1.0066569643344463 -0.0045514884816793
59770.690048904056 5.2425 0.01949999999999985 1.02842000543759 0.01347624961743631 1.0 1.0066569285966376 1.0066569285966376 0.021763076840952467
59770.69006484747 5.2425 0.01949999999999985 1.0227584039310629 0.01336553579807292 1.0 1.0066568928588617 1.0066568928588617 0.016101511072201147
59770.6900807909 5.2425 0.01949999999999985 1.006340577638399 0.013360665870155261 1.0 1.006656857121053 1.006656857121053 -0.00031627948265411376
59770.69009673432 5.2425 0.01949999999999985 1.0183638840033877 0.01342404850901625 1.0 1.0066568213832607 1.0066568213832607 0.011707062620126996
59770.69011267773 5.2425 0.01949999999999985 1.0035327754913645 0.013310652802176196 1.0 1.0066567856454849 1.0066567856454849 -0.003124010154120338
59770.69012862116 5.2425 0.01949999999999985 0.9857128424074632 0.013318032656460832 1.0 1.0066567499076762 1.0066567499076762 -0.02094390750021302
59770.69014456457 5.2425 0.01949999999999985 1.004262525774474 0.01335642635108552 1.0 1.0066567141699003 1.0066567141699003 -0.0023941883954263776
59770.690160508 5.2425 0.01949999999999985 1.014466287054549 0.01338936149120294 1.0 1.0066566784320916 1.0066566784320916 0.007809608622457498
59770.69017645142 5.2425 0.01949999999999985 1.0134373779221681 0.013327185611234258 1.0 1.0066566426942993 1.0066566426942993 0.006780735227868817
59770.69019239484 5.2425 0.01949999999999985 1.012935167356128 0.013409191102844283 1.0 1.006656606956507 1.006656606956507 0.006278560399620936
59770.69020833826 5.2425 0.01949999999999985 1.0279583865586985 0.01341866078120642 1.0 1.0066565712187148 1.0066565712187148 0.021301815339983765
59770.69022428167 5.2425 0.01949999999999985 1.0337845494801827 0.01343444125181127 1.0 1.0066565354809387 1.0066565354809387 0.027128013999244027
59770.6902402251 5.2425 0.01949999999999985 1.0048962411761035 0.013355173985898368 1.0 1.0066564997431302 1.0066564997431302 -0.0017602585670266624
59770.69025616853 5.2425 0.01949999999999985 0.9865888612237472 0.014861336386857271 1.0 1.0066564640053215 1.0066564640053215 -0.020067602781574267
59770.69027211194 5.2425 0.01949999999999985 1.0047286014466141 0.013371263377170456 1.0 1.0066564282675456 1.0066564282675456 -0.0019278268209315108
59770.69028805536 5.2425 0.01949999999999985 1.0111486379102068 0.013384817041759828 1.0 1.0066563925297534 1.0066563925297534 0.004492245380453452
59770.69030399878 5.2425 0.01949999999999985 1.0002312477539514 0.013286068089362477 1.0 1.006656356791961 1.006656356791961 -0.006425109038009635
59770.6903199422 5.2425 0.01949999999999985 1.0003762359468664 0.013323240532670472 1.0 1.0066563210541688 1.0066563210541688 -0.00628008510730238
59770.69033588563 5.2425 0.01949999999999985 0.9874522238847502 0.013372230906478226 1.0 1.00665628531636 1.00665628531636 -0.01920406143160991
59770.69035182904 5.2425 0.01949999999999985 1.026375298214053 0.013471048424850423 1.0 1.0066562495785842 1.0066562495785842 0.019719048635468805
59770.69036777247 5.2425 0.01949999999999985 1.001578607282095 0.01330869891942479 1.0 1.0066562138407755 1.0066562138407755 -0.005077606558680614
59770.69038371588 5.2425 0.01949999999999985 1.0094950005850365 0.01338109490127644 1.0 1.0066561781029997 1.0066561781029997 0.002838822482036818
59770.6903996593 5.2425 0.01949999999999985 1.0090446121131804 0.013359689865701524 1.0 1.0066561423652074 1.0066561423652074 0.002388469747973021
59770.69041560273 5.2425 0.01949999999999985 0.9920730598910726 0.013338412025985586 1.0 1.0066561066273987 1.0066561066273987 -0.014583046736326044
59770.69043154614 5.2425 0.01949999999999985 0.9981344213750876 0.013336141721719305 1.0 1.0066560708896228 1.0066560708896228 -0.008521649514535268
59770.69044748957 5.2425 0.01949999999999985 1.0067999075288323 0.013347190747554557 1.0 1.0066560351518141 1.0066560351518141 0.00014387237701818378
59770.690463432984 5.2425 0.01949999999999985 1.0112223660516888 0.013390623557948228 1.0 1.006655999414038 1.006655999414038 0.004566366637650754
59770.69047937641 5.2425 0.01949999999999985 1.0099167812769756 0.013364322219656942 1.0 1.0066559636762296 1.0066559636762296 0.0032608176007460354
59770.69049531983 5.2425 0.01949999999999985 1.01606410800915 0.013357966452382354 1.0 1.0066559279384373 1.0066559279384373 0.009408180070712646
59770.69051126325 5.2425 0.01949999999999985 1.0077460109208067 0.013355304368409569 1.0 1.006655892200645 1.006655892200645 0.0010901187201617368
59770.69052720667 5.2425 0.01949999999999985 1.0180824401003667 0.013336430430641678 1.0 1.0066558564628527 1.0066558564628527 0.011426583637514032
59770.69054315009 5.2425 0.01949999999999985 1.028909235979757 0.01340601813408465 1.0 1.0066558207250604 1.0066558207250604 0.022253415254696485
59770.69055909351 5.2425 0.01949999999999985 0.9786384531985093 0.01325407766674543 1.0 1.0066557849872682 1.0066557849872682 -0.02801733178875887
59770.69057503693 5.2425 0.01949999999999985 1.0046903837849517 0.013370962749205484 1.0 1.0066557492494759 1.0066557492494759 -0.0019653654645241936
59770.69059098035 5.2425 0.01949999999999985 1.0238105713984664 0.01334928310202109 1.0 1.0066557135116836 1.0066557135116836 0.017154857886782837
59770.690606923774 5.2425 0.01949999999999985 0.9927765921906783 0.013319040595990404 1.0 1.0066556777738913 1.0066556777738913 -0.013879085583213047
59770.690622867194 5.2425 0.01949999999999985 1.022473496587996 0.01338947980291943 1.0 1.006655642036099 1.006655642036099 0.015817854551896993
59770.690638810614 5.2425 0.01949999999999985 1.0267842419788358 0.013419879494049413 1.0 1.0066556062983067 1.0066556062983067 0.020128635680529028
