eureka_custom_plots/data/stage5_lcfit_results/S5_wasp39b_ap4_bg8_Table_Save_ch10.txt
# %ECSV 1.0
# ---
# datatype:
# - {name: time, datatype: float64}
# - {name: wavelength, datatype: float64}
# - {name: bin_width, datatype: float64}
# - {name: lcdata, datatype: float64}
# - {name: lcerr, datatype: float64}
# - {name: transit, datatype: float64}
# - {name: polynom, datatype: float64}
# - {name: model, datatype: float64}
# - {name: residuals, datatype: float64}
# schema: astropy-2.0
time wavelength bin_width lcdata lcerr transit polynom model residuals
[from data line 14970]
59770.88269324619 3.4025 0.019500000000000073 0.9885997179514556 0.0041007647198888315 0.9851403797250133 1.005961043312999 0.9910128441979384 -0.002413126246482822
59770.88270918961 3.4025 0.019500000000000073 0.9937138808292493 0.0041084434498323275 0.9851620752026001 1.0059609400867513 0.9910345673086224 0.0026793135206268914
59770.88272513302 3.4025 0.019500000000000073 0.9912777035210554 0.0041027823411426 0.9851837832986372 1.0059608368605506 0.9910563031085404 0.00022140041251494935
59770.88274107645 3.4025 0.019500000000000073 0.997522895231221 0.004114046122108736 0.985205503960407 1.0059607336342558 0.9910780515445177 0.006444843686703283
59770.88275701986 3.4025 0.019500000000000073 0.9918515783468086 0.004106844318310294 0.9852272370625248 1.005960630408055 0.9910998124906037 0.0007517658562048446
59770.88277296328 3.4025 0.019500000000000073 0.9929270047582852 0.004107687057155779 0.985248982552652 1.0059605271818073 0.9911215858940051 0.001805418864280095
59770.8827889067 3.4025 0.019500000000000073 0.996572337570815 0.004112447474491104 0.985270740335907 1.0059604239555595 0.991143371659317 0.005428965911497996
59770.88280485012 3.4025 0.019500000000000073 0.9950065682403102 0.00411600551825877 0.9852925103194494 1.0059603207293588 0.9911651696931885 0.0038413985471217327
59770.882820793544 3.4025 0.019500000000000073 0.9882666105468473 0.004102880329809324 0.9853142924509141 1.0059602175030637 0.9911869799427989 -0.0029203693959516386
59770.88283673696 3.4025 0.019500000000000073 0.9913306821044241 0.004103489659151698 0.9853360866056872 1.0059601142768633 0.9912088022829743 0.000121879821449844
59770.88285268038 3.4025 0.019500000000000073 0.9925475333332905 0.004109237336650288 0.9853578927324019 1.0059600110506153 0.991230636661898 0.0013168966713924535
59770.8828686238 3.4025 0.019500000000000073 1.001281519226085 0.004121797703779139 0.985379710737017 1.0059599078243675 0.9912524829850116 0.010029036241073541
59770.88288456722 3.4025 0.019500000000000073 0.9961830349083157 0.004107811167387209 0.9854015405376365 1.0059598045981197 0.991274341169927 0.0049086937383887586
59770.88290051064 3.4025 0.019500000000000073 0.9918100689599303 0.004104653450782352 0.9854233820525347 1.005959701371872 0.9912962111344279 0.0005138578255023951
59770.88291645405 3.4025 0.019500000000000073 0.9938515375835643 0.004106847311869981 0.9854452351881443 1.0059595981456713 0.9913180927844322 0.0025334447991320896
59770.88293239747 3.4025 0.019500000000000073 0.9891895266826973 0.004101984434025102 0.9854670998839288 1.0059594949194235 0.991339986058946 -0.0021504593762486923
59770.8829483409 3.4025 0.019500000000000073 0.9914656006804681 0.004100948477483324 0.9854889760567836 1.0059593916931286 0.9913618908743663 0.00010370980610174829
59770.88296428431 3.4025 0.019500000000000073 0.9939950955682632 0.004107384998211117 0.9855108635952754 1.005959288466928 0.991383807118731 0.0026112884495321786
59770.88298022773 3.4025 0.019500000000000073 0.9972267670792068 0.004112433546241516 0.9855327624488777 1.0059591852406802 0.9914057347410697 0.005821032338137022
59770.88299617115 3.4025 0.019500000000000073 0.9946790119837817 0.0041102344806631585 0.9855546725248359 1.0059590820144324 0.9914276736481185 0.0032513383356632675
59770.883012114566 3.4025 0.019500000000000073 0.9905260352127985 0.004103339445155468 0.9855765937330627 1.0059589787882317 0.9914496237492957 -0.0009235885364972107
59770.88302805799 3.4025 0.019500000000000073 1.0016358722035361 0.0041174748832768305 0.985598526021675 1.0059588755619366 0.9914715849922663 0.010164287211269829
59770.883044001406 3.4025 0.019500000000000073 0.9923051631009369 0.004103808491109021 0.9856204692698307 1.0059587723357362 0.991493557255651 0.0008116058452858343
59770.88305994483 3.4025 0.019500000000000073 0.9886240270943184 0.004101668982910611 0.9856424234278784 1.0059586691094882 0.9915155404893592 -0.00289151339504079
59770.88307588825 3.4025 0.019500000000000073 0.9931748215275438 0.00410387047003466 0.985664388403821 1.0059585658832404 0.991537534600889 0.0016372869266547685
59770.88309183166 3.4025 0.019500000000000073 1.0011909910534795 0.004119810833636121 0.9856863641083355 1.0059584626570397 0.9915595395004283 0.009631451553051229
59770.88310777509 3.4025 0.019500000000000073 0.9879373966846816 0.004099905989354925 0.9857083504903916 1.0059583594307449 0.9915815551365 -0.0036441584518184245
59770.88312371851 3.4025 0.019500000000000073 0.984407433053367 0.004091350110566533 0.9857303474399978 1.005958256204497 0.9916035813985932 -0.007196148345226194
59770.88313966192 3.4025 0.019500000000000073 0.992578135857161 0.0041031157366124135 0.9857523548778051 1.0059581529782964 0.991625618206883 0.0009525176502780397
59770.88315560534 3.4025 0.019500000000000073 0.9981788130074486 0.004114403856998702 0.9857743727430877 1.0059580497520486 0.9916476655001855 0.006531147507263135
59770.88317154876 3.4025 0.019500000000000073 0.9948504199378547 0.004116149502875725 0.9857964009472739 1.0059579465258008 0.9916697231894447 0.003180696748410039
59770.88318749218 3.4025 0.019500000000000073 0.9926429422744452 0.0041119810965629 0.985818439409564 1.005957843299553 0.9916917911933761 0.0009511510810690238
59770.8832034356 3.4025 0.019500000000000073 0.9899698208674574 0.004102991274560143 0.9858404880512206 1.0059577400733053 0.9917138694327702 -0.001744048565312739
59770.883219379015 3.4025 0.019500000000000073 0.9908582970791079 0.004105226225835268 0.9858625467834425 1.0059576368471046 0.99173595781834 -0.0008776607392321223
59770.88323532244 3.4025 0.019500000000000073 0.9860821460755086 0.004095934049156491 0.9858846155564938 1.0059575336208095 0.9917580562999104 -0.005675910224401837
59770.883251265856 3.4025 0.019500000000000073 0.9894257640708917 0.004095442242392237 0.985906694251862 1.005957430394609 0.9917801647584465 -0.0023544006875548806
59770.88326720927 3.4025 0.019500000000000073 0.991886241220738 0.004106908653767446 0.9859287828098857 1.0059573271684084 0.9918022831338348 8.395808690320195e-05
59770.883283152696 3.4025 0.019500000000000073 0.9986120570916287 0.004114793740047163 0.9859508811729962 1.0059572239421133 0.9918244113680676 0.006787645723561053
59770.88329909611 3.4025 0.019500000000000073 0.9882334166755128 0.00409648773209154 0.9859729892224107 1.0059571207159126 0.9918465493418378 -0.003613132666325014
59770.88331503954 3.4025 0.019500000000000073 0.9877100454847908 0.004095394058126374 0.9859951069193847 1.0059570174896177 0.991868697015981 -0.004158651531190216
59770.88333098295 3.4025 0.019500000000000073 0.9910642642215943 0.004098159655850349 0.986017234146018 1.005956914263417 0.9918908542720775 -0.0008265900504831336
59770.88334692637 3.4025 0.019500000000000073 0.9922189573399357 0.004105071824457554 0.9860393708536261 1.0059568110371693 0.9919130210610104 0.0003059362789252784
59770.88336286979 3.4025 0.019500000000000073 0.9911101884708725 0.004103176842930744 0.9860615169552805 1.0059567078109215 0.9919351972953772 -0.0008250088245046472
59770.8833788132 3.4025 0.019500000000000073 0.9921653318370597 0.004102721450027027 0.9860836723616048 1.0059566045847208 0.9919573828853122 0.00020794895174747197
59770.88339475663 3.4025 0.019500000000000073 0.9835884918006061 0.004089200817245537 0.9861058370262925 1.005956501358426 0.9919795777840914 -0.008391085983485258
59770.88341070005 3.4025 0.019500000000000073 0.9833899852155218 0.004091707191614654 0.986128010841649 1.0059563981321782 0.9920017818835148 -0.008611796667993055
59770.883426643464 3.4025 0.019500000000000073 0.9900071199881397 0.004103377271451561 0.9861501937289364 1.0059562949059775 0.9920239951043728 -0.0020168751162330523
59770.883442586884 3.4025 0.019500000000000073 0.9883830964901801 0.004099091200228634 0.9861723856326482 1.0059561916797297 0.9920462173907326 -0.003663120900552541
59770.883458530305 3.4025 0.019500000000000073 0.9939912314703069 0.00411258537761565 0.986194586464056 1.005956088453482 0.992068448653381 0.0019227828169259276
59770.88347447372 3.4025 0.019500000000000073 0.9878771669431388 0.004097310964433809 0.9862167961371073 1.0059559852272812 0.9920906888057965 -0.004213521862657776
59770.883490417145 3.4025 0.019500000000000073 0.9994472025968361 0.004119385452617754 0.9862390146044219 1.0059558820009862 0.9921129378001747 0.007334264796661327
59770.88350636056 3.4025 0.019500000000000073 0.9891504872679677 0.00410094473065207 0.9862612417487168 1.0059557787747855 0.9921351955187173 -0.0029847082507495903
59770.883522303986 3.4025 0.019500000000000073 0.9970424392056699 0.004113588491732126 0.9862834775344494 1.0059556755484906 0.9921574619254817 0.0048849772801882185
59770.8835382474 3.4025 0.019500000000000073 0.9919402012876073 0.004105432699087981 0.9863057218445537 1.00595557232229 0.9921797369028873 -0.00023953561528000655
59770.88355419081 3.4025 0.019500000000000073 0.9882547120361198 0.004101408302405341 0.9863279746225283 1.0059554690960892 0.9922020203940011 -0.003947308357881263
59770.88357013424 3.4025 0.019500000000000073 0.9910881282691235 0.004103893745985019 0.9863502358120197 1.0059553658697944 0.9922243123420383 -0.0011361840729148254
59770.88358607765 3.4025 0.019500000000000073 0.9942488093343641 0.004110551450960498 0.9863725052962838 1.0059552626435937 0.9922466126297427 0.0020021967046214284
59770.88360202108 3.4025 0.019500000000000073 1.001856656723818 0.004124032697608016 0.9863947830411111 1.0059551594172988 0.9922689212225128 0.009587735501305317
59770.88361796449 3.4025 0.019500000000000073 0.9906461948075026 0.004099268653476629 0.9864170689280345 1.0059550561910982 0.9922912380013593 -0.0016450431938567212
59770.88363390791 3.4025 0.019500000000000073 0.9905128092287813 0.004100341414879669 0.9864393629127899 1.0059549529648504 0.9923135629216125 -0.0018007536928312806
59770.883649851334 3.4025 0.019500000000000073 1.001518630531022 0.004118478741232087 0.986461664910002 1.0059548497386026 0.9923358958974328 0.009182734633589207
59770.883665794754 3.4025 0.019500000000000073 0.9983296536769515 0.004120829524959811 0.9864839748427793 1.0059547465123546 0.9923582368514681 0.005971416825483411
59770.883681738174 3.4025 0.019500000000000073 0.9982915837280535 0.004113393568430342 0.9865062926369318 1.0059546432861068 0.9923805857090845 0.005910998018968994
59770.883697681595 3.4025 0.019500000000000073 0.9970392122046968 0.004113280170088381 0.9865286182157984 1.005954540059859 0.9924029423931617 0.0046362698115350875
59770.88371362501 3.4025 0.019500000000000073 0.9934476484664304 0.004105957683006839 0.9865509514950815 1.0059544368336584 0.9924253068189446 0.001022341647485825
59770.88372956843 3.4025 0.019500000000000073 0.9900239586978358 0.004098744190244322 0.9865732924190128 1.0059543336074106 0.9924476789302371 -0.0024237202324013385
59770.88374551185 3.4025 0.019500000000000073 0.9938084735300614 0.004112918651492227 0.9865956409028759 1.0059542303811628 0.9924700586418626 0.0013384148881988578
59770.88376145526 3.4025 0.019500000000000073 0.9892635317245467 0.004108171307302264 0.9866179968620525 1.0059541271549621 0.9924924458687432 -0.0032289141441964597
59770.88377739869 3.4025 0.019500000000000073 0.9950432704421136 0.004117733289755305 0.9866403602514755 1.0059540239286673 0.9925148405654017 0.0025284298767118685
59770.8837933421 3.4025 0.019500000000000073 0.9898618792484309 0.004107619148543803 0.9866627309563489 1.0059539207024666 0.9925372426165422 -0.00267536336811125
59770.88380928553 3.4025 0.019500000000000073 0.9924284617089506 0.004103513025121956 0.9866851089421889 1.0059538174761717 0.9925596519872872 -0.00013119027833663477
59770.88382522894 3.4025 0.019500000000000073 0.9878604025209661 0.004097279965248408 0.9867074940937425 1.005953714249971 0.9925820685618816 -0.0047216660409155065
59770.883841172355 3.4025 0.019500000000000073 0.9991426955971184 0.004116418241432966 0.9867298863579802 1.0059536110237703 0.9926044922868847 0.006538203310233692
59770.88385711578 3.4025 0.019500000000000073 0.9924354575204803 0.0041059258524017905 0.9867522856800642 1.0059535077974755 0.9926269231070373 -0.00019146558655691592
59770.8838730592 3.4025 0.019500000000000073 0.9866089228019899 0.004103484804564714 0.9867746919553902 1.0059534045712275 0.9926493609172491 -0.006040438115259228
59770.88388900262 3.4025 0.019500000000000073 0.9978862594403798 0.004112126768827727 0.9867971051209005 1.0059533013449797 0.9926718056540388 0.005214453786341
59770.88390494604 3.4025 0.019500000000000073 0.9961494995799757 0.004107562328142347 0.9868195250909639 1.005953198118779 0.9926942572313099 0.003455242348665788
59770.88392088946 3.4025 0.019500000000000073 0.9835100158388026 0.0040886612355515595 0.9868419518137629 1.0059530948925313 0.9927167155968409 -0.00920669975803834
59770.88393683288 3.4025 0.019500000000000073 0.9945322564464988 0.00410559311913497 0.9868643852038701 1.0059529916662835 0.9927391806647408 0.0017930757817580245
59770.8839527763 3.4025 0.019500000000000073 0.9934651324791006 0.004108107135218743 0.9868868251889243 1.0059528884400357 0.992761652362215 0.0007034801168855909
59770.88396871971 3.4025 0.019500000000000073 0.9810462957394106 0.00408976471983597 0.9869092716836827 1.005952785213835 0.992784130603558 -0.011737834864147367
59770.88398466314 3.4025 0.019500000000000073 0.9944085851087368 0.0041104850214335 0.9869317246464947 1.0059526819875402 0.9928066153467299 0.001601969762006883
59770.88400060655 3.4025 0.019500000000000073 0.9894072749370937 0.0041025758863811376 0.9869541839630971 1.0059525787613395 0.992829106476971 -0.003421831539877296
59770.88401654997 3.4025 0.019500000000000073 0.9978268742401103 0.004113421766177315 0.9869766495900927 1.0059524755350917 0.9928516039504844 0.004975270289625855
59770.88403249339 3.4025 0.019500000000000073 0.9894813264864859 0.00410242716051432 0.9869991214452231 1.005952372308844 0.9928741076845669 -0.003392781198080952
59770.884048436805 3.4025 0.019500000000000073 0.9882591631244936 0.004098972450070933 0.9870215994437145 1.0059522690826432 0.9928966175939844 -0.00463745446949082
59770.88406438023 3.4025 0.019500000000000073 0.9898473657485204 0.004103146150668031 0.9870440835444434 1.0059521658563484 0.9929191336372273 -0.003071767888706889
59770.884080323645 3.4025 0.019500000000000073 0.9941424971208582 0.004105970747715708 0.9870665736335645 1.0059520626301477 0.9929416556999568 0.0012008414209013774
59770.88409626707 3.4025 0.019500000000000073 0.9918377871637035 0.004103592772634041 0.9870890696786074 1.0059519594038526 0.9929641837493212 -0.0011263965856176394
59770.884112210486 3.4025 0.019500000000000073 0.9900728998403905 0.004105443263437077 0.9871115715665418 1.005951856177652 0.9929867176718019 -0.002913817831411425
59770.8841281539 3.4025 0.019500000000000073 0.9932901467141996 0.004109015495962256 0.9871340792442732 1.0059517529514512 0.9930092574138935 0.0002808893003061197
59770.88414409733 3.4025 0.019500000000000073 0.9895497062167733 0.004096471943472211 0.9871565926607687 1.0059516497251564 0.9930318029241645 -0.0034820967073911913
59770.88416004075 3.4025 0.019500000000000073 0.9944602467665976 0.004111312985286794 0.9871791117130116 1.0059515464989086 0.9930543540991229 0.0014058926674747063
59770.88417598416 3.4025 0.019500000000000073 1.002533010521164 0.004118153211974557 0.9872016363273505 1.005951443272708 0.9930769108646771 0.009456099656486971
59770.88419192758 3.4025 0.019500000000000073 0.9899378978213136 0.004099284094318199 0.9872241664536857 1.0059513400464601 0.9930994731703348 -0.003161575349021173
59770.884207871 3.4025 0.019500000000000073 0.9924505635945463 0.004102952307952949 0.9872467020081298 1.0059512368202124 0.9931220409317538 -0.0006714773372075156
59770.88422381442 3.4025 0.019500000000000073 0.9912408126637644 0.004100502943262044 0.9872692429199129 1.0059511335939646 0.9931446140777416 -0.0019038014139771686
