eureka_custom_plots/data/stage5_lcfit_results/S5_wasp39b_ap4_bg8_Table_Save_ch00.txt
# %ECSV 1.0
# ---
# datatype:
# - {name: time, datatype: float64}
# - {name: wavelength, datatype: float64}
# - {name: bin_width, datatype: float64}
# - {name: lcdata, datatype: float64}
# - {name: lcerr, datatype: float64}
# - {name: transit, datatype: float64}
# - {name: polynom, datatype: float64}
# - {name: model, datatype: float64}
# - {name: residuals, datatype: float64}
# schema: astropy-2.0
time wavelength bin_width lcdata lcerr transit polynom model residuals
[from data line 18377]
59770.93701247429 3.019 0.018999999999999906 0.9673348727530544 0.027697505752728654 1.0 1.007128744229028 1.007128744229028 -0.039793871475973575
59770.93702841771 3.019 0.018999999999999906 1.0317909462282762 0.02831494203810491 1.0 1.0071286833086066 1.0071286833086066 0.024662262919669553
59770.93704436113 3.019 0.018999999999999906 0.9690119469303714 0.027723743142562984 1.0 1.0071286223881855 1.0071286223881855 -0.03811667545781405
59770.93706030455 3.019 0.018999999999999906 1.0391690141016325 0.028393504039241412 1.0 1.0071285614677643 1.0071285614677643 0.03204045263386823
59770.93707624797 3.019 0.018999999999999906 1.0034329153756283 0.027779059263938338 1.0 1.0071285005473707 1.0071285005473707 -0.0036955851717423993
59770.937092191394 3.019 0.018999999999999906 1.011005191199422 0.02788113565008025 1.0 1.0071284396269218 1.0071284396269218 0.0038767515725002255
59770.93710813481 3.019 0.018999999999999906 1.0061531259632575 0.0278292991321391 1.0 1.0071283787065284 1.0071283787065284 -0.0009752527432709268
59770.93712407822 3.019 0.018999999999999906 1.0355696672667596 0.02837056581050004 1.0 1.0071283177861348 1.0071283177861348 0.028441349480624822
59770.93714002165 3.019 0.018999999999999906 1.0285029179296221 0.028333922418333612 1.0 1.0071282568656859 1.0071282568656859 0.021374661063936262
59770.93715596507 3.019 0.018999999999999906 0.9669215892390804 0.027694116941156404 1.0 1.0071281959452645 1.0071281959452645 -0.040206606706184034
59770.93717190848 3.019 0.018999999999999906 1.0076404326145325 0.02785267532850904 1.0 1.007128135024871 1.007128135024871 0.0005122975896614257
59770.9371878519 3.019 0.018999999999999906 1.0180575923604802 0.02814793477834612 1.0 1.00712807410445 1.00712807410445 0.01092951825603028
59770.93720379532 3.019 0.018999999999999906 1.0016199170445592 0.02781954339528923 1.0 1.0071280131840286 1.0071280131840286 -0.005508096139469343
59770.937219738735 3.019 0.018999999999999906 1.034563255459184 0.028380376968654947 1.0 1.0071279522636352 1.0071279522636352 0.027435303195548766
59770.937235682155 3.019 0.018999999999999906 1.0109030360251852 0.027933948921787365 1.0 1.007127891343214 1.007127891343214 0.0037751446819711543
59770.937251625575 3.019 0.018999999999999906 1.0080150437847024 0.02789838146408472 1.0 1.0071278304227926 1.0071278304227926 0.0008872133619097777
59770.937267568996 3.019 0.018999999999999906 1.033937390102276 0.028376543325750885 1.0 1.0071277695023715 1.0071277695023715 0.026809620599904438
59770.93728351241 3.019 0.018999999999999906 0.9702603471730681 0.027778425940055355 1.0 1.007127708581978 1.007127708581978 -0.036867361408910004
59770.93729945583 3.019 0.018999999999999906 1.028342982554693 0.028319981699430993 1.0 1.0071276476615567 1.0071276476615567 0.021215334893136317
59770.93731539925 3.019 0.018999999999999906 1.0172208049538232 0.027975769625435958 1.0 1.0071275867411356 1.0071275867411356 0.010093218212687605
59770.93733134266 3.019 0.018999999999999906 0.9698341535461171 0.02781696432139612 1.0 1.0071275258207422 1.0071275258207422 -0.037293372274625036
59770.93734728609 3.019 0.018999999999999906 1.0339043964880092 0.028332667020834527 1.0 1.007127464900293 1.007127464900293 0.026776931587716213
59770.9373632295 3.019 0.018999999999999906 0.9776364142063525 0.0278071136696225 1.0 1.0071274039798996 1.0071274039798996 -0.029490989773547138
59770.93737917292 3.019 0.018999999999999906 1.0327556651082053 0.028387029135777543 1.0 1.0071273430594783 1.0071273430594783 0.025628322048727004
59770.93739511634 3.019 0.018999999999999906 0.9669543886488201 0.027678302335196758 1.0 1.0071272821390571 1.0071272821390571 -0.040172893490237005
59770.93741105976 3.019 0.018999999999999906 1.03335832501796 0.028341928884306155 1.0 1.0071272212186637 1.0071272212186637 0.026231103799296385
59770.93742700318 3.019 0.018999999999999906 1.0384653277315457 0.028441432039262086 1.0 1.0071271602982423 1.0071271602982423 0.03133816743330331
59770.937442946604 3.019 0.018999999999999906 1.0348543429621355 0.028337416115886815 1.0 1.0071270993777934 1.0071270993777934 0.027727243584342087
59770.93745889002 3.019 0.018999999999999906 1.035784098531195 0.0283599206059144 1.0 1.0071270384574 1.0071270384574 0.028657060073794982
59770.93747483343 3.019 0.018999999999999906 1.0351225173533878 0.028352409698995207 1.0 1.0071269775370064 1.0071269775370064 0.027995539816381365
59770.93749077686 3.019 0.018999999999999906 0.9987873864602516 0.02774596421579531 1.0 1.0071269166165575 1.0071269166165575 -0.008339530156305952
59770.93750672027 3.019 0.018999999999999906 1.071632156141215 0.04107152987332604 1.0 1.007126855696164 1.007126855696164 0.0645053004450511
59770.93752266369 3.019 0.018999999999999906 1.0203881711130294 0.028010916195049508 1.0 1.0071267947757427 1.0071267947757427 0.013261376337286634
59770.93753860711 3.019 0.018999999999999906 0.9838365967631234 0.027914416433912265 1.0 1.0071267338553216 1.0071267338553216 -0.023290137092198182
59770.93755455053 3.019 0.018999999999999906 1.027720241508209 0.02829217945766638 1.0 1.0071266729349002 1.0071266729349002 0.02059356857330874
59770.937570493945 3.019 0.018999999999999906 1.0123843552737377 0.02793405971933955 1.0 1.0071266120145068 1.0071266120145068 0.005257743259230896
59770.937586437365 3.019 0.018999999999999906 1.009364705565712 0.027865817600497462 1.0 1.0071265510940857 1.0071265510940857 0.0022381544716263413
59770.937602380785 3.019 0.018999999999999906 1.0342738635303255 0.02838725250098962 1.0 1.0071264901736643 1.0071264901736643 0.027147373356661175
59770.9376183242 3.019 0.018999999999999906 0.9687521935425741 0.02770201399543795 1.0 1.007126429253271 1.007126429253271 -0.03837423571069676
59770.937634267626 3.019 0.018999999999999906 1.0160408383586248 0.027935563758017094 1.0 1.0071263683328218 1.0071263683328218 0.008914470025803034
59770.93765021104 3.019 0.018999999999999906 1.028178642640145 0.02828857600510621 1.0 1.0071263074124284 1.0071263074124284 0.021052335227716545
59770.93766615446 3.019 0.018999999999999906 1.0053745444462927 0.027822145438722495 1.0 1.0071262464920072 1.0071262464920072 -0.0017517020457145094
59770.93768209788 3.019 0.018999999999999906 1.0036667327964053 0.027846487204907015 1.0 1.0071261855715858 1.0071261855715858 -0.0034594527751805604
59770.9376980413 3.019 0.018999999999999906 0.9642658172234715 0.02776909756120661 1.0 1.0071261246511647 1.0071261246511647 -0.0428603074276932
59770.93771398471 3.019 0.018999999999999906 1.097078043962148 0.04147158904134999 1.0 1.0071260637307713 1.0071260637307713 0.08995198023137663
59770.93772992814 3.019 0.018999999999999906 1.0434285002484653 0.02847844566949172 1.0 1.0071260028103222 1.0071260028103222 0.03630249743814318
59770.93774587155 3.019 0.018999999999999906 0.9751520950836225 0.02777791389269051 1.0 1.0071259418899288 1.0071259418899288 -0.031973846806306216
59770.93776181497 3.019 0.018999999999999906 1.0257530566762345 0.02818101105995026 1.0 1.0071258809695354 1.0071258809695354 0.01862717570669914
59770.937777758394 3.019 0.018999999999999906 1.0395667169501301 0.028398554192257636 1.0 1.0071258200490862 1.0071258200490862 0.0324408969010439
59770.93779370181 3.019 0.018999999999999906 0.9769507258553211 0.027824689610295317 1.0 1.0071257591286928 1.0071257591286928 -0.030175033273371787
59770.93780964523 3.019 0.018999999999999906 0.9594886793270302 0.02760911842931233 1.0 1.0071256982082715 1.0071256982082715 -0.04763701888124128
59770.93782558865 3.019 0.018999999999999906 1.0351099292991013 0.028342221936569066 1.0 1.0071256372878503 1.0071256372878503 0.027984292011250966
59770.93784153207 3.019 0.018999999999999906 1.0326725702209771 0.02831251904950683 1.0 1.0071255763674292 1.0071255763674292 0.025546993853547972
59770.93785747548 3.019 0.018999999999999906 1.0238562420234638 0.028228722179853206 1.0 1.0071255154470355 1.0071255154470355 0.016730726576428268
59770.9378734189 3.019 0.018999999999999906 1.030093643978188 0.02831770087392592 1.0 1.0071254545266144 1.0071254545266144 0.02296818945157364
59770.93788936232 3.019 0.018999999999999906 1.0379160374299516 0.02840101592932132 1.0 1.0071253936061932 1.0071253936061932 0.0307906438237584
59770.93790530574 3.019 0.018999999999999906 1.0301946851188495 0.028303561996890655 1.0 1.0071253326857719 1.0071253326857719 0.023069352433077617
59770.93792124916 3.019 0.018999999999999906 1.0312703743565792 0.028338955695823977 1.0 1.0071252717653507 1.0071252717653507 0.024145102591228484
59770.937937192575 3.019 0.018999999999999906 1.0073677851754115 0.027841007939740935 1.0 1.0071252108449573 1.0071252108449573 0.00024257433045415944
59770.937953135995 3.019 0.018999999999999906 1.028418613206412 0.02827162512022738 1.0 1.007125149924536 1.007125149924536 0.02129346328187598
59770.937969079416 3.019 0.018999999999999906 1.0210742233288241 0.02822323983255182 1.0 1.0071250890041148 1.0071250890041148 0.013949134324709345
59770.937985022836 3.019 0.018999999999999906 0.9744613596715873 0.02782969249174303 1.0 1.0071250280836934 1.0071250280836934 -0.032663668412106106
59770.93800096625 3.019 0.018999999999999906 1.0335622650192413 0.028336470732497003 1.0 1.0071249671633 1.0071249671633 0.02643729785594129
59770.93801690968 3.019 0.018999999999999906 1.0054884427705186 0.027835416100015525 1.0 1.007124906242851 1.007124906242851 -0.0016364634723322613
59770.93803285309 3.019 0.018999999999999906 0.9707415408364595 0.027737074354172515 1.0 1.0071248453224575 1.0071248453224575 -0.036383304485998025
59770.9380487965 3.019 0.018999999999999906 0.9760969174606516 0.027803049942633627 1.0 1.007124784402064 1.007124784402064 -0.031027866941412463
59770.93806473992 3.019 0.018999999999999906 0.967936518221094 0.02762884564147688 1.0 1.007124723481643 1.007124723481643 -0.03918820526054889
59770.93808068334 3.019 0.018999999999999906 1.0283528464686809 0.028285698385010525 1.0 1.0071246625612216 1.0071246625612216 0.021228183907459286
59770.93809662676 3.019 0.018999999999999906 1.0377250020962492 0.02836351687549062 1.0 1.0071246016408004 1.0071246016408004 0.030600400455448762
59770.93811257018 3.019 0.018999999999999906 0.9662713718436186 0.02774653437370218 1.0 1.007124540720407 1.007124540720407 -0.04085316887678847
59770.938128513604 3.019 0.018999999999999906 0.9748238583514287 0.02779850070713989 1.0 1.007124479799958 1.007124479799958 -0.03230062144852919
59770.93814445702 3.019 0.018999999999999906 1.0460456456131941 0.028503698303276565 1.0 1.0071244188795645 1.0071244188795645 0.03892122673362963
59770.93816040044 3.019 0.018999999999999906 0.9679040850256246 0.027718757152548498 1.0 1.0071243579591431 1.0071243579591431 -0.039220272933518485
59770.93817634386 3.019 0.018999999999999906 0.9636253526610656 0.02771014451110892 1.0 1.007124297038722 1.007124297038722 -0.043498944377656334
59770.93819228728 3.019 0.018999999999999906 0.9680466229333069 0.027698923559668097 1.0 1.0071242361183008 1.0071242361183008 -0.03907761318499392
59770.93820823069 3.019 0.018999999999999906 1.024916031462728 0.02825766441701056 1.0 1.0071241751979072 1.0071241751979072 0.017791856264820716
59770.93822417411 3.019 0.018999999999999906 1.038861438625133 0.028404305894043642 1.0 1.007124114277486 1.007124114277486 0.03173732434764687
59770.93824011753 3.019 0.018999999999999906 1.0317985343354774 0.02832635320620266 1.0 1.007124053357065 1.007124053357065 0.024674480978412516
59770.938256060945 3.019 0.018999999999999906 1.0089420416308232 0.02791232337182391 1.0 1.0071239924366713 1.0071239924366713 0.0018180491941519605
59770.93827200437 3.019 0.018999999999999906 1.0306081943417797 0.028318673985251796 1.0 1.0071239315162224 1.0071239315162224 0.023484262825557378
59770.938287947785 3.019 0.018999999999999906 0.9695502236518312 0.027701453915982093 1.0 1.0071238705958288 1.0071238705958288 -0.03757364694399756
59770.938303891206 3.019 0.018999999999999906 0.9712186823185607 0.027719443614273618 1.0 1.0071238096754076 1.0071238096754076 -0.03590512735684692
59770.938319834626 3.019 0.018999999999999906 0.9745392354131582 0.027750421364676744 1.0 1.0071237487549864 1.0071237487549864 -0.032584513341828214
59770.93833577804 3.019 0.018999999999999906 0.9719620733398259 0.027759472726075797 1.0 1.0071236878345928 1.0071236878345928 -0.03516161449476696
59770.93835172146 3.019 0.018999999999999906 1.028996273179519 0.028277764978733758 1.0 1.0071236269141717 1.0071236269141717 0.02187264626534735
59770.93836766489 3.019 0.018999999999999906 1.0880919704084997 0.041299752995178504 1.0 1.0071235659937225 1.0071235659937225 0.08096840441477715
59770.9383836083 3.019 0.018999999999999906 0.9708848114557577 0.027743576191157478 1.0 1.0071235050733292 1.0071235050733292 -0.03623869361757148
59770.93839955171 3.019 0.018999999999999906 1.0307948249384755 0.028296459745717158 1.0 1.0071234441529358 1.0071234441529358 0.023671380785539764
59770.93841549514 3.019 0.018999999999999906 1.0407282804748046 0.02845404109696865 1.0 1.0071233832324866 1.0071233832324866 0.033604897242317966
59770.93843143855 3.019 0.018999999999999906 0.9657597424042792 0.02778438096178794 1.0 1.0071233223120932 1.0071233223120932 -0.04136357990781403
59770.938447381974 3.019 0.018999999999999906 1.0307427166612657 0.028328171885972215 1.0 1.007123261391672 1.007123261391672 0.023619455269593637
59770.938463325394 3.019 0.018999999999999906 1.0708826130463427 0.040994624558568636 1.0 1.0071232004712507 1.0071232004712507 0.06375941257509199
59770.938479268814 3.019 0.018999999999999906 1.0109191037404361 0.027914004753771024 1.0 1.0071231395508295 1.0071231395508295 0.003795964189606593
59770.93849521223 3.019 0.018999999999999906 0.960053856837616 0.027578846695352432 1.0 1.0071230786304362 1.0071230786304362 -0.04706922179282014
59770.93851115565 3.019 0.018999999999999906 1.0226786176516005 0.02823192466798665 1.0 1.0071230177100148 1.0071230177100148 0.01555559994158573
59770.93852709907 3.019 0.018999999999999906 1.0301242136814597 0.0283067025253618 1.0 1.0071229567895936 1.0071229567895936 0.02300125689186605
59770.93854304248 3.019 0.018999999999999906 1.02920761543715 0.02825339097527571 1.0 1.0071228958692002 1.0071228958692002 0.022084719567949662
59770.93855898591 3.019 0.018999999999999906 0.9513367180001657 0.027490524655072138 1.0 1.007122834948751 1.007122834948751 -0.055786116948585374
59770.93857492932 3.019 0.018999999999999906 1.0026369939856508 0.027791716410935415 1.0 1.0071227740283577 1.0071227740283577 -0.004485780042706944
59770.93859087274 3.019 0.018999999999999906 0.957785657044256 0.027555314972593396 1.0 1.0071227131079363 1.0071227131079363 -0.04933705606368033
59770.93860681616 3.019 0.018999999999999906 0.9733745871009016 0.027762978817074027 1.0 1.0071226521875152 1.0071226521875152 -0.03374806508661354
59770.938622759575 3.019 0.018999999999999906 1.0131559550286438 0.027901553350040974 1.0 1.0071225912671218 1.0071225912671218 0.00603336376152197
59770.938638702995 3.019 0.018999999999999906 1.00662541432581 0.027875592447519113 1.0 1.0071225303467004 1.0071225303467004 -0.0004971160208904202
59770.93865464642 3.019 0.018999999999999906 1.036613185284197 0.028365318822300343 1.0 1.0071224694262515 1.0071224694262515 0.029490715857945604
59770.938670589836 3.019 0.018999999999999906 1.036860445201202 0.02842488445185938 1.0 1.007122408505858 1.007122408505858 0.029738036695343917
59770.93868653325 3.019 0.018999999999999906 1.0169390885677547 0.02795983170337292 1.0 1.0071223475854645 1.0071223475854645 0.00981674098229024
59770.93870247668 3.019 0.018999999999999906 1.0234054196296045 0.028044870823786632 1.0 1.0071222866650156 1.0071222866650156 0.016283132964588942
59770.93871842009 3.019 0.018999999999999906 1.0257144025068834 0.02827616606120449 1.0 1.0071222257446222 1.0071222257446222 0.018592176762261214
