eureka_custom_plots/data/stage5_lcfit_results/S5_wasp39b_ap4_bg8_Table_Save_ch27.txt
# %ECSV 1.0
# ---
# datatype:
# - {name: time, datatype: float64}
# - {name: wavelength, datatype: float64}
# - {name: bin_width, datatype: float64}
# - {name: lcdata, datatype: float64}
# - {name: lcerr, datatype: float64}
# - {name: transit, datatype: float64}
# - {name: polynom, datatype: float64}
# - {name: model, datatype: float64}
# - {name: residuals, datatype: float64}
# schema: astropy-2.0
time wavelength bin_width lcdata lcerr transit polynom model residuals
[from data line 8310]
59770.77651007223 4.054 0.019000000000000128 1.0098565398275072 0.00638948943677535 0.9997291326499926 1.0065399961019625 1.006267357280542 0.003589182546965164
59770.77652601565 4.054 0.019000000000000128 0.9993824664693188 0.006370193187254525 0.9997208152849218 1.0065399363065182 1.0062589257411856 -0.006876459271866753
59770.77654195907 4.054 0.019000000000000128 1.004389801893995 0.006384428417829002 0.9997124158015498 1.006539876511074 1.0062504115474795 -0.0018606096534845573
59770.7765579025 4.054 0.019000000000000128 1.0039708341359346 0.0063684015700467556 0.9997039350718442 1.0065398167156026 1.0062418155770807 -0.002270981441146125
59770.77657384591 4.054 0.019000000000000128 1.0096962975397514 0.006383172966116034 0.999695373958556 1.0065397569201857 1.006233138698479 0.0034631588412723513
59770.77658978933 4.054 0.019000000000000128 1.0159327104486697 0.006398060678104859 0.9996867332783981 1.0065396971247416 1.0062243817336611 0.009708328715008596
59770.77660573275 4.054 0.019000000000000128 1.013249719568289 0.006394559765762847 0.9996780138415695 1.0065396373292974 1.0062155454981658 0.007034174070123189
59770.776621676174 4.054 0.019000000000000128 1.0114619811630825 0.006385698571719368 0.9996692164332831 1.0065395775338533 1.006206630782355 0.0052553503807275526
59770.776637619594 4.054 0.019000000000000128 1.0001396047298372 0.006370408663295828 0.9996603418186487 1.006539517738409 1.0061976383563558 -0.0060580336265185775
59770.776653563014 4.054 0.019000000000000128 0.995737462704997 0.006344504366217334 0.9996513907438124 1.0065394579429647 1.0061885689712078 -0.010451106266210819
59770.776669506435 4.054 0.019000000000000128 1.004679761621642 0.0063697771121576634 0.9996423639357447 1.0065393981475206 1.0061794233586492 -0.0014996617370071075
59770.776685449855 4.054 0.019000000000000128 1.0191314060124013 0.006401484634969632 0.9996332621045778 1.0065393383520764 1.0061702022334695 0.01296120377893173
59770.77670139327 4.054 0.019000000000000128 0.9960777063969234 0.006367195111434595 0.9996240859475588 1.0065392785566596 1.006160906297516 -0.010083199900592699
59770.776717336696 4.054 0.019000000000000128 0.998575647310009 0.006361093122903734 0.99961483612869 1.0065392187611881 1.0061515362190647 -0.007575888909055695
59770.77673328011 4.054 0.019000000000000128 1.0031992209821556 0.006371668380325865 0.999605513326341 1.0065391589657713 1.0061420926810434 -0.002942871698887739
59770.776749223536 4.054 0.019000000000000128 1.0078039577889688 0.006387826125009508 0.9995961181695736 1.0065390991702998 1.0061325763165312 0.0016713814724376164
59770.77676516695 4.054 0.019000000000000128 1.0105721748161838 0.006386760548511318 0.9995866513077516 1.0065390393748828 1.0061229877792601 0.004449187036923652
59770.77678111038 4.054 0.019000000000000128 1.0020327937180316 0.006353989946718131 0.9995771133418093 1.0065389795794113 1.0061133276739982 -0.0040805339559666365
59770.77679705379 4.054 0.019000000000000128 1.0039727291139666 0.006373177312383456 0.9995675048937498 1.0065389197839945 1.0061035966269376 -0.0021308675129709798
59770.77681299722 4.054 0.019000000000000128 1.013225856670694 0.006403962636102159 0.9995578265381855 1.006538859988523 1.0060937952163511 0.007132061454342864
59770.77682894063 4.054 0.019000000000000128 1.0148282232273091 0.006384948349962008 0.9995480788728401 1.0065388001931062 1.0060839240439927 0.008744299183316429
59770.77684488406 4.054 0.019000000000000128 1.0106940539977751 0.006376054544765153 0.9995382624476136 1.0065387403976347 1.0060739836632613 0.004620070334513837
59770.77686082747 4.054 0.019000000000000128 1.013127245187474 0.00639132568047182 0.99952837783717 1.0065386806022179 1.0060639746527003 0.007063270534773736
59770.77687677089 4.054 0.019000000000000128 1.0164105601871887 0.006403829701244024 0.9995184255732876 1.0065386208067735 1.0060538975474946 0.010356662639694036
59770.77689271431 4.054 0.019000000000000128 1.0069575151409709 0.006380041040995496 0.9995084061956081 1.0065385610113293 1.0060437528908546 0.0009137622501163012
59770.77690865773 4.054 0.019000000000000128 1.0023682617570218 0.0063609490669412115 0.9994983202280442 1.0065385012158852 1.0060335412101304 -0.003665279453108683
59770.77692460115 4.054 0.019000000000000128 1.0096738980776643 0.006386663183855317 0.9994881681854273 1.006538441420441 1.0060232630235315 0.003650635054132767
59770.77694054457 4.054 0.019000000000000128 1.0057573053741393 0.006376826560954052 0.9994779505726787 1.0065383816249969 1.0060129188392928 -0.0002556134651534592
59770.77695648799 4.054 0.019000000000000128 0.9971496826357589 0.0063648815966836 0.999467667885416 1.0065383218295527 1.0060025091562834 -0.008852826520524548
59770.77697243141 4.054 0.019000000000000128 1.0075728333412322 0.006382235137549525 0.9994573206102519 1.0065382620341086 1.0059920344643098 0.001580798876922307
59770.776988374826 4.054 0.019000000000000128 1.0099932340364468 0.006381607949265987 0.9994469092299105 1.0065382022386915 1.005981495249291 0.004011738787155883
59770.77700431825 4.054 0.019000000000000128 1.0045630872787765 0.0063818806352892166 0.9994364341996572 1.00653814244322 1.0059708919693986 -0.001407804690622072
59770.777020261674 4.054 0.019000000000000128 1.008641895767064 0.0063944956455534215 0.9994258959946519 1.006538082647776 1.0059602251029924 0.002681670664071545
59770.777036205094 4.054 0.019000000000000128 1.0049066688348336 0.006365030103596968 0.9994152950637097 1.0065380228523317 1.0059494951018062 -0.0010428262669726074
59770.77705214851 4.054 0.019000000000000128 0.9986841626047701 0.006365929547732875 0.9994046318574382 1.006537963056915 1.0059387024194317 -0.00725453981466162
59770.777068091935 4.054 0.019000000000000128 1.016862149305616 0.006403919716308828 0.9993939067991948 1.0065379032614434 1.005927847481924 0.010934301823692039
59770.77708403535 4.054 0.019000000000000128 1.004749047524571 0.006373099250964241 0.9993831203397908 1.0065378434660266 1.0059169307431617 -0.0011678832185906263
59770.777099978775 4.054 0.019000000000000128 1.0058543280128902 0.006372342132023961 0.9993722728835223 1.0065377836705551 1.0059059526099856 -5.1624597095401015e-05
59770.77711592219 4.054 0.019000000000000128 1.0087584516433266 0.0063773879932365165 0.9993613648669547 1.006537723875138 1.005894913521936 0.0028635381213906186
59770.777131865616 4.054 0.019000000000000128 1.0132096864508238 0.006377655841200051 0.9993503966807084 1.0065376640796666 1.0058838138720885 0.007325872578735293
59770.77714780903 4.054 0.019000000000000128 1.012168043312242 0.006395235982665619 0.9993393687491402 1.0065376042842498 1.005872654087694 0.006295389224547865
59770.77716375245 4.054 0.019000000000000128 1.0146432670270158 0.006405317327272489 0.9993282814547781 1.0065375444888056 1.0058614345537105 0.008781832473305329
59770.77717969587 4.054 0.019000000000000128 1.0234301280540725 0.0064078302919329385 0.999317135194426 1.0065374846933615 1.0058501556695734 0.017579972384499154
59770.77719563929 4.054 0.019000000000000128 1.0003473771251674 0.006374057009957383 0.9993059303538736 1.0065374248979173 1.0058388178236055 -0.005491440698438099
59770.77721158271 4.054 0.019000000000000128 1.0040665878035238 0.0063867909611284865 0.9992946673134862 1.0065373651024732 1.0058274213986689 -0.001760833595145117
59770.77722752613 4.054 0.019000000000000128 1.0097734073316986 0.006379888931429838 0.9992833464470384 1.0065373053070288 1.005815966770992 0.003957440560706571
59770.77724346955 4.054 0.019000000000000128 1.0019690515930388 0.0063693459562898175 0.9992719681238273 1.0065372455115846 1.0058044543122973 -0.0038354027192584184
59770.77725941297 4.054 0.019000000000000128 1.0107670717689705 0.006401333649599384 0.9992605327075164 1.0065371857161405 1.0057928843886348 0.004974187380335726
59770.77727535639 4.054 0.019000000000000128 1.0048117578639904 0.0063945022279636166 0.9992490405565853 1.0065371259206963 1.0057812573608387 -0.000969499496848325
59770.77729129981 4.054 0.019000000000000128 1.0167631985791734 0.006401455183998562 0.9992374920244763 1.0065370661252522 1.0057695735846715 0.01099362499450196
59770.77730724323 4.054 0.019000000000000128 1.0099524517584662 0.006388636400768437 0.9992258874597103 1.006537006329808 1.0057578334109425 0.00419461834752366
59770.77732318665 4.054 0.019000000000000128 0.9960696211584434 0.006356720225705305 0.9992142272063641 1.0065369465343639 1.0057460371859879 -0.009676416027544432
59770.777339130065 4.054 0.019000000000000128 1.0201715303035215 0.006415057509104022 0.9992025116082526 1.0065368867389468 1.005734185255907 0.014437345047614514
59770.77735507349 4.054 0.019000000000000128 0.9979301815019284 0.006364621745271513 0.9991907409839172 1.0065368269434753 1.005722277941252 -0.007792096439323659
59770.777371016906 4.054 0.019000000000000128 0.9939053746864919 0.00635331154976101 0.9991789156851987 1.0065367671480585 1.0057103155962823 -0.011804940909790451
59770.77738696033 4.054 0.019000000000000128 1.0066619214616634 0.0063823203444770375 0.9991670360159297 1.006536707352587 1.0056982985267175 0.0009636229349458958
59770.77740290375 4.054 0.019000000000000128 0.993036421411408 0.006343810370389671 0.9991551023195792 1.0065366475571702 1.0056862270783906 -0.012649805666982594
59770.777418847174 4.054 0.019000000000000128 0.9972634941779593 0.006361345765618692 0.9991431148917566 1.0065365877616987 1.0056741015487436 -0.008410607370784251
59770.777434790594 4.054 0.019000000000000128 1.0004814249865888 0.006359125299746994 0.999131074061681 1.0065365279662546 1.0056619222692391 -0.005180497282650354
59770.77745073401 4.054 0.019000000000000128 1.0092665455219347 0.006392564284154566 0.9991189801391368 1.0065364681708378 1.0056496895516962 0.0036168559702385306
59770.777466677435 4.054 0.019000000000000128 1.013778622139693 0.006395044704191063 0.9991068334128158 1.0065364083753663 1.0056374036866211 0.008141218453071808
59770.777482620855 4.054 0.019000000000000128 1.0203328370351965 0.006415784562945321 0.9990946342012897 1.006536348579922 1.005625064994759 0.014707772040437606
59770.777498564275 4.054 0.019000000000000128 1.0073768114753308 0.0063870764405823365 0.9990823827970177 1.0065362887844778 1.0056126737704632 0.0017641377048676077
59770.77751450769 4.054 0.019000000000000128 1.010495614548396 0.006386940581797889 0.9990700795001737 1.006536228989061 1.0056002303159062 0.004895384232489919
59770.777530451116 4.054 0.019000000000000128 1.0062630892467646 0.006377891885211126 0.9990577245849575 1.0065361691935895 1.0055877349070073 0.0006753543397572948
59770.77754639453 4.054 0.019000000000000128 1.0087797858471481 0.006383714260927092 0.9990453183610324 1.0065361093981726 1.0055751878555723 0.003204597991575797
59770.77756233796 4.054 0.019000000000000128 1.0058959168528319 0.006385086448732648 0.9990328610899418 1.0065360496027012 1.0055625894247542 0.0003333274280776788
59770.77757828137 4.054 0.019000000000000128 1.0020255671857372 0.006369169540737104 0.999020353075594 1.006535989807284 1.0055499399205654 -0.003524372734828196
59770.7775942248 4.054 0.019000000000000128 1.0064459513680626 0.006384829601432754 0.9990077945724787 1.0065359300118126 1.0055372395990596 0.0009087117690029789
59770.77761016821 4.054 0.019000000000000128 1.0033051395920103 0.006373129830546802 0.9989951858783136 1.0065358702163958 1.0055244887600185 -0.0022193491680082555
59770.77762611163 4.054 0.019000000000000128 1.009507242814175 0.0063955695734249545 0.9989825272470283 1.0065358104209516 1.005511687658958 0.003995555155216879
59770.77764205505 4.054 0.019000000000000128 1.0158603494881924 0.006410419271495075 0.998969818953185 1.0065357506255075 1.0054988365722715 0.010361512915920912
59770.77765799847 4.054 0.019000000000000128 0.9991675877424954 0.0063673633615241 0.998957061261461 1.0065356908300633 1.0054859357663746 -0.006318348023879206
59770.77767394189 4.054 0.019000000000000128 1.0133726093622675 0.006390143739292933 0.9989442544347357 1.0065356310346192 1.005472985505874 0.007899623856393534
59770.77768988531 4.054 0.019000000000000128 1.0082527297486457 0.006378396929749351 0.9989313987326837 1.006535571239175 1.0054599860521498 0.0027927436964958474
59770.77770582873 4.054 0.019000000000000128 1.017094105194397 0.006393696281587473 0.9989184944121978 1.0065355114437307 1.005446937663783 0.011647167530614011
59770.77772177215 4.054 0.019000000000000128 1.00905019553549 0.006386211589415705 0.9989055417274448 1.0065354516482865 1.00543384059661 0.0036163549388801286
59770.777737715565 4.054 0.019000000000000128 1.0081821823643955 0.006381890381555083 0.9988925409359434 1.0065353918528697 1.0054206951098683 0.002761487254527184
59770.77775365899 4.054 0.019000000000000128 1.0020499520610722 0.006357723880071136 0.9988794922688692 1.0065353320573982 1.0054075014361716 -0.0033575493750994667
59770.77776960241 4.054 0.019000000000000128 1.0025927729582176 0.0063801667354504476 0.9988663959898525 1.006535272261954 1.005394259840963 -0.0028014868827455075
59770.77778554583 4.054 0.019000000000000128 1.0037148327838683 0.00636627078000752 0.998853252337036 1.00653521246651 1.005380970563923 -0.001666137780054644
59770.77780148925 4.054 0.019000000000000128 0.9975831086211129 0.006354774864696684 0.9988400615578521 1.006535152671093 1.0053676338541366 -0.0077845252330237535
59770.777817432674 4.054 0.019000000000000128 0.9999675962291705 0.006366510304242095 0.9988268238728569 1.0065350928756216 1.0053542499335282 -0.005386653704357647
59770.77783337609 4.054 0.019000000000000128 1.0027293766737129 0.006363754686979527 0.9988135395430738 1.0065350330802045 1.005340819064944 -0.0026114423912311224
59770.777849319515 4.054 0.019000000000000128 0.9937955304259631 0.006352367232045745 0.9988002087784954 1.006534973284733 1.0053273414596486 -0.011531811033685502
59770.77786526293 4.054 0.019000000000000128 1.0026610622129837 0.006361625170578555 0.9987868318349251 1.0065349134893162 1.0053138173752345 -0.0026527551622508305
59770.777881206355 4.054 0.019000000000000128 1.0152095699456065 0.006399175430027644 0.9987734089176528 1.0065348536938448 1.0053002470182322 0.009909322927374342
59770.77789714977 4.054 0.019000000000000128 1.0087337636658038 0.0063887276385008246 0.9987599402789729 1.006534793898428 1.0052866306427022 0.003447133023101623
59770.77791309319 4.054 0.019000000000000128 1.0003232217096383 0.006370486183047729 0.9987464261255192 1.0065347341029838 1.005272968456555 -0.004949746746916617
59770.77792903661 4.054 0.019000000000000128 1.0063568123153095 0.006385801752311806 0.9987328666866819 1.0065346743075394 1.0052592606907145 0.0010975516245950168
59770.77794498004 4.054 0.019000000000000128 1.0063585301676277 0.0063763004436551965 0.998719262177632 1.006534614512068 1.0052455075617397 0.00111302260588797
59770.77796092345 4.054 0.019000000000000128 1.0003093938089922 0.006358762158210168 0.9987056128351406 1.006534554716651 1.0052317093080383 -0.004922315499046093
59770.77797686687 4.054 0.019000000000000128 1.0026741126742305 0.006366286337688236 0.9986919188588956 1.006534494921207 1.0052178661305295 -0.0025437534562990916
59770.77799281029 4.054 0.019000000000000128 1.0092933143739606 0.0063886944925699895 0.9986781804690671 1.0065344351257628 1.005203978250857 0.004089336123103582
59770.77800875371 4.054 0.019000000000000128 0.9937333049271266 0.006349075589612591 0.9986643978791565 1.0065343753303186 1.0051900458839256 -0.011456740956798939
59770.77802469713 4.054 0.019000000000000128 1.0082232846881392 0.006384105503559725 0.9986505713003638 1.0065343155348745 1.005176069242323 0.0030472154458160983
59770.77804064055 4.054 0.019000000000000128 1.0045168719799764 0.00637610281010639 0.9986367009420174 1.0065342557394303 1.0051620485367536 -0.000645176556777205
