eureka_custom_plots/data/stage5_lcfit_results/S5_wasp39b_ap4_bg8_Table_Save_ch49.txt
# %ECSV 1.0
# ---
# datatype:
# - {name: time, datatype: float64}
# - {name: wavelength, datatype: float64}
# - {name: bin_width, datatype: float64}
# - {name: lcdata, datatype: float64}
# - {name: lcerr, datatype: float64}
# - {name: transit, datatype: float64}
# - {name: polynom, datatype: float64}
# - {name: model, datatype: float64}
# - {name: residuals, datatype: float64}
# schema: astropy-2.0
time wavelength bin_width lcdata lcerr transit polynom model residuals
[from data line 18939]
59770.94597267556 4.8975 0.01949999999999985 1.0078908565324152 0.010030422124882062 1.0 1.0058553881211374 1.0058553881211374 0.0020354684112777743
59770.94598861898 4.8975 0.01949999999999985 0.9952331315625195 0.010026495365001269 1.0 1.0058553275348612 1.0058553275348612 -0.010622195972341708
59770.9460045624 4.8975 0.01949999999999985 1.0086515795356856 0.010053005964189642 1.0 1.005855266948585 1.005855266948585 0.002796312587100669
59770.94602050581 4.8975 0.01949999999999985 1.0121370313095321 0.010090026644606533 1.0 1.0058552063623363 1.0058552063623363 0.006281824947195869
59770.94603644924 4.8975 0.01949999999999985 0.9880016698906191 0.00998669350665741 1.0 1.0058551457760325 1.0058551457760325 -0.017853475885413417
59770.946052392654 4.8975 0.01949999999999985 1.0160130088757044 0.010052556592876167 1.0 1.0058550851897838 1.0058550851897838 0.010157923685920611
59770.946068336074 4.8975 0.01949999999999985 0.998891495298112 0.009990218377102227 1.0 1.0058550246035076 1.0058550246035076 -0.006963529305395566
59770.946084279494 4.8975 0.01949999999999985 1.0049554456195557 0.01002420445954876 1.0 1.0058549640172314 1.0058549640172314 -0.0008995183976756582
59770.946100222915 4.8975 0.01949999999999985 0.9763062210214152 0.009946430723508199 1.0 1.005854903430955 1.005854903430955 -0.029548682409539784
59770.94611616633 4.8975 0.01949999999999985 1.01037679766069 0.010037267511689357 1.0 1.0058548428447065 1.0058548428447065 0.004521954815983609
59770.94613210975 4.8975 0.01949999999999985 0.9924719959150586 0.009992621790207372 1.0 1.0058547822584303 1.0058547822584303 -0.013382786343371644
59770.94614805317 4.8975 0.01949999999999985 1.0112526809766247 0.010036549698413165 1.0 1.0058547216721538 1.0058547216721538 0.005397959304470845
59770.94616399658 4.8975 0.01949999999999985 1.0163845257308455 0.010086646524083337 1.0 1.0058546610859054 1.0058546610859054 0.010529864644940101
59770.94617994 4.8975 0.01949999999999985 1.0141666089977772 0.010062192099329978 1.0 1.0058546004996292 1.0058546004996292 0.00831200849814806
59770.94619588342 4.8975 0.01949999999999985 1.0017691665505895 0.010035330344100056 1.0 1.005854539913353 1.005854539913353 -0.004085373362763489
59770.94621182684 4.8975 0.01949999999999985 0.9953886521550424 0.010011419290866668 1.0 1.0058544793270765 1.0058544793270765 -0.010465827172034148
59770.946227770255 4.8975 0.01949999999999985 1.024791847676866 0.01010576752993936 1.0 1.005854418740828 1.005854418740828 0.018937428936038003
59770.946243713675 4.8975 0.01949999999999985 1.0119519369116141 0.010038071198744279 1.0 1.0058543581545518 1.0058543581545518 0.006097578757062294
59770.946259657096 4.8975 0.01949999999999985 0.9978265628772132 0.010049084048727026 1.0 1.0058542975682754 1.0058542975682754 -0.008027734691062216
59770.946275600516 4.8975 0.01949999999999985 1.0083032735727981 0.010024569431750417 1.0 1.0058542369819992 1.0058542369819992 0.002449036590798981
59770.946291543936 4.8975 0.01949999999999985 0.9990557331631235 0.011215884671819616 1.0 1.005854176395723 1.005854176395723 -0.006798443232599483
59770.94630748735 4.8975 0.01949999999999985 1.0004717310888078 0.00998579613734109 1.0 1.0058541158094743 1.0058541158094743 -0.005382384720666433
59770.94632343077 4.8975 0.01949999999999985 1.0113721278899952 0.010053439552016097 1.0 1.005854055223198 1.005854055223198 0.005518072666797158
59770.94633937419 4.8975 0.01949999999999985 0.9947558265009515 0.010044435091415952 1.0 1.0058539946369218 1.0058539946369218 -0.01109816813597031
59770.94635531761 4.8975 0.01949999999999985 0.9945018684432746 0.009991521230340304 1.0 1.0058539340506456 1.0058539340506456 -0.011352065607371009
59770.94637126102 4.8975 0.01949999999999985 0.9853135248116416 0.009978611967085818 1.0 1.005853873464397 1.005853873464397 -0.020540348652755336
59770.94638720445 4.8975 0.01949999999999985 1.0091570138223858 0.010070440397953141 1.0 1.0058538128780932 1.0058538128780932 0.0033032009442925947
59770.946403147864 4.8975 0.01949999999999985 1.0239296111135607 0.010071513011561239 1.0 1.0058537522918445 1.0058537522918445 0.01807585882171625
59770.94641909128 4.8975 0.01949999999999985 0.9886828755572825 0.010008984855946389 1.0 1.0058536917055958 1.0058536917055958 -0.017170816148313284
59770.946435034704 4.8975 0.01949999999999985 1.023080831608033 0.01007971858326364 1.0 1.005853631119292 1.005853631119292 0.017227200488741046
59770.94645097812 4.8975 0.01949999999999985 1.0040460548767234 0.010036959880323779 1.0 1.0058535705330434 1.0058535705330434 -0.0018075156563199801
59770.94646692154 4.8975 0.01949999999999985 1.013338879766175 0.010046297872886968 1.0 1.0058535099467671 1.0058535099467671 0.00748536981940795
59770.94648286496 4.8975 0.01949999999999985 1.0162319470290178 0.010019576668725882 1.0 1.005853449360491 1.005853449360491 0.010378497668526832
59770.94649880838 4.8975 0.01949999999999985 0.9946974901428344 0.010019803997730562 1.0 1.0058533887742147 1.0058533887742147 -0.011155898631380334
59770.94651475179 4.8975 0.01949999999999985 1.0199817667118094 0.010082579491500559 1.0 1.005853328187966 1.005853328187966 0.014128438523843379
59770.94653069521 4.8975 0.01949999999999985 1.0149033284607663 0.010057774072748382 1.0 1.0058532676016898 1.0058532676016898 0.009050060859076448
59770.94654663863 4.8975 0.01949999999999985 1.0103923448684446 0.010058264647263554 1.0 1.0058532070154136 1.0058532070154136 0.004539137853031061
59770.94656258205 4.8975 0.01949999999999985 1.0109196025798903 0.010038788409934777 1.0 1.0058531464291371 1.0058531464291371 0.005066456150753185
59770.946578525465 4.8975 0.01949999999999985 0.998541066644722 0.01002647996729396 1.0 1.0058530858428887 1.0058530858428887 -0.007312019198166708
59770.946594468885 4.8975 0.01949999999999985 1.0164375209782426 0.010046642761319504 1.0 1.0058530252566125 1.0058530252566125 0.010584495721630116
59770.946610412306 4.8975 0.01949999999999985 1.005667619913174 0.010023689373247123 1.0 1.005852964670336 1.005852964670336 -0.00018534475716203147
59770.94662635572 4.8975 0.01949999999999985 0.9954579094844513 0.010006090712431904 1.0 1.0058529040840876 1.0058529040840876 -0.01039499459963622
59770.946642299146 4.8975 0.01949999999999985 1.0124849644823033 0.010030523248781112 1.0 1.0058528434977836 1.0058528434977836 0.006632120984519707
59770.94665824256 4.8975 0.01949999999999985 0.9869022737994583 0.010011673802752419 1.0 1.005852782911535 1.005852782911535 -0.01895050911207663
59770.94667418598 4.8975 0.01949999999999985 1.0172565319035622 0.010078585443484554 1.0 1.0058527223252587 1.0058527223252587 0.011403809578303559
59770.9466901294 4.8975 0.01949999999999985 0.9948283760454227 0.009992632668495875 1.0 1.0058526617389825 1.0058526617389825 -0.011024285693559732
59770.94670607281 4.8975 0.01949999999999985 1.0008560917329483 0.010056105879990673 1.0 1.0058526011527338 1.0058526011527338 -0.0049965094197854665
59770.94672201623 4.8975 0.01949999999999985 0.9963436137719247 0.010010904889685703 1.0 1.0058525405664576 1.0058525405664576 -0.009508926794532857
59770.94673795966 4.8975 0.01949999999999985 1.0035078489509734 0.00998116389463728 1.0 1.0058524799801538 1.0058524799801538 -0.0023446310291803663
59770.946753903074 4.8975 0.01949999999999985 0.9741701029570237 0.009952223171577993 1.0 1.0058524193939051 1.0058524193939051 -0.031682316436881464
59770.94676984649 4.8975 0.01949999999999985 1.0004416877741418 0.00999176429258696 1.0 1.0058523588076564 1.0058523588076564 -0.005410671033514669
59770.946785789914 4.8975 0.01949999999999985 0.9943801162801926 0.009998602802559214 1.0 1.0058522982213527 1.0058522982213527 -0.011472181941160065
59770.94680173333 4.8975 0.01949999999999985 1.0122594267984446 0.010007388470760407 1.0 1.005852237635104 1.005852237635104 0.006407189163340599
59770.94681767675 4.8975 0.01949999999999985 1.0173289420833578 0.01004508652312609 1.0 1.0058521770488278 1.0058521770488278 0.01147676503452999
59770.94683362016 4.8975 0.01949999999999985 1.008113580303288 0.010032599753048512 1.0 1.005852116462579 1.005852116462579 0.0022614638407087995
59770.94684956359 4.8975 0.01949999999999985 1.0080699718849704 0.010020222968356007 1.0 1.0058520558762754 1.0058520558762754 0.002217916008695031
59770.946865507 4.8975 0.01949999999999985 1.0106958521947889 0.010007598852628908 1.0 1.0058519952900267 1.0058519952900267 0.004843856904762189
59770.946881450414 4.8975 0.01949999999999985 1.0120574964909963 0.010053814655128427 1.0 1.005851934703778 1.005851934703778 0.006205561787218317
59770.94689739384 4.8975 0.01949999999999985 1.010240085245012 0.011222961984116915 1.0 1.0058518741174742 1.0058518741174742 0.004388211127537733
59770.946913337255 4.8975 0.01949999999999985 0.9916378689960134 0.009990286827987797 1.0 1.0058518135312255 1.0058518135312255 -0.014213944535212186
59770.946929280675 4.8975 0.01949999999999985 1.0003482565836341 0.010014080900138478 1.0 1.0058517529449493 1.0058517529449493 -0.005503496361315197
59770.946945224096 4.8975 0.01949999999999985 0.9974504337274677 0.009996663754947633 1.0 1.005851692358673 1.005851692358673 -0.008401258631205444
59770.946961167516 4.8975 0.01949999999999985 1.0161234851164378 0.01005952016005905 1.0 1.0058516317723967 1.0058516317723967 0.010271853344041126
59770.94697711093 4.8975 0.01949999999999985 0.9979820905197326 0.01001992554396513 1.0 1.0058515711861482 1.0058515711861482 -0.007869480666415574
59770.94699305435 4.8975 0.01949999999999985 1.0051466323203702 0.010048653795508554 1.0 1.005851510599872 1.005851510599872 -0.0007048782795018305
59770.94700899777 4.8975 0.01949999999999985 1.0151792603421568 0.010069599623754203 1.0 1.0058514500135955 1.0058514500135955 0.009327810328561226
59770.94702494119 4.8975 0.01949999999999985 1.0010018202415407 0.010027085375315803 1.0 1.0058513894273193 1.0058513894273193 -0.004849569185778613
59770.94704088461 4.8975 0.01949999999999985 1.0098674799255585 0.010027068338156054 1.0 1.0058513288410431 1.0058513288410431 0.0040161510845153625
59770.94705682802 4.8975 0.01949999999999985 1.0100301115272496 0.010025242172028895 1.0 1.0058512682547944 1.0058512682547944 0.004178843272455213
59770.94707277144 4.8975 0.01949999999999985 1.0062927248513898 0.010053669126899529 1.0 1.0058512076685182 1.0058512076685182 0.0004415171828715536
59770.947088714864 4.8975 0.01949999999999985 1.0102205639089936 0.010036232709157886 1.0 1.005851147082242 1.005851147082242 0.0043694168267516265
59770.947104658284 4.8975 0.01949999999999985 1.016488896365611 0.010067359227103783 1.0 1.0058510864959658 1.0058510864959658 0.010637809869645132
59770.9471206017 4.8975 0.01949999999999985 1.0234781093190086 0.010101743205723311 1.0 1.005851025909717 1.005851025909717 0.017627083409291533
59770.947136545125 4.8975 0.01949999999999985 1.0075456461159062 0.010029179072496163 1.0 1.0058509653234133 1.0058509653234133 0.0016946807924929086
59770.94715248854 4.8975 0.01949999999999985 1.002861080403582 0.010030174940975623 1.0 1.0058509047371647 1.0058509047371647 -0.0029898243335826358
59770.94716843195 4.8975 0.01949999999999985 1.0160849999396881 0.010046036221361307 1.0 1.005850844150916 1.005850844150916 0.010234155788772181
59770.94718437537 4.8975 0.01949999999999985 1.0154566956713365 0.010068273714648567 1.0 1.0058507835646397 1.0058507835646397 0.009605912106696701
59770.9472003188 4.8975 0.01949999999999985 1.000372810219971 0.01000253123107599 1.0 1.005850722978336 1.005850722978336 -0.005477912758365067
59770.94721626221 4.8975 0.01949999999999985 1.0185889290848527 0.010076996928697264 1.0 1.0058506623920873 1.0058506623920873 0.012738266692765343
59770.947232205624 4.8975 0.01949999999999985 0.9976141310543618 0.01004084249093243 1.0 1.0058506018058386 1.0058506018058386 -0.008236470751476821
59770.94724814905 4.8975 0.01949999999999985 1.007340635165492 0.010017006045720353 1.0 1.0058505412195349 1.0058505412195349 0.001490093945957227
59770.947264092465 4.8975 0.01949999999999985 1.0096992579797712 0.010027562484817483 1.0 1.0058504806332862 1.0058504806332862 0.0038487773464850328
59770.947280035885 4.8975 0.01949999999999985 1.0067272624451025 0.010011644209836846 1.0 1.00585042004701 1.00585042004701 0.0008768423980924922
59770.947295979306 4.8975 0.01949999999999985 1.0200987360944314 0.010073805263178023 1.0 1.0058503594607338 1.0058503594607338 0.014248376633697601
59770.947311922726 4.8975 0.01949999999999985 1.0117147618005113 0.010052071815152034 1.0 1.0058502988744573 1.0058502988744573 0.005864462926054026
59770.94732786614 4.8975 0.01949999999999985 0.9897758520666387 0.00997922507217177 1.0 1.0058502382882089 1.0058502382882089 -0.016074386221570203
59770.94734380956 4.8975 0.01949999999999985 1.01403655030598 0.010069846248246082 1.0 1.0058501777019326 1.0058501777019326 0.00818637260404742
59770.94735975298 4.8975 0.01949999999999985 0.9968018602712573 0.010012247356488774 1.0 1.0058501171156562 1.0058501171156562 -0.009048256844398916
59770.94737569639 4.8975 0.01949999999999985 1.0142366985386315 0.01005618371635422 1.0 1.0058500565294077 1.0058500565294077 0.008386642009223788
59770.94739163982 4.8975 0.01949999999999985 1.0067538833642253 0.01004885719148343 1.0 1.0058499959431038 1.0058499959431038 0.0009038874211215742
59770.94740758323 4.8975 0.01949999999999985 1.0162015003165445 0.010008387103584628 1.0 1.005849935356855 1.005849935356855 0.010351564959689474
59770.94742352665 4.8975 0.01949999999999985 0.9989703540332733 0.010008745569661753 1.0 1.0058498747705789 1.0058498747705789 -0.006879520737305578
59770.947439470074 4.8975 0.01949999999999985 1.0243541065508173 0.0100593709231166 1.0 1.0058498141843026 1.0058498141843026 0.01850429236651463
59770.94745541349 4.8975 0.01949999999999985 1.0097044996295017 0.011246469086260537 1.0 1.0058497535980542 1.0058497535980542 0.0038547460314475313
59770.94747135691 4.8975 0.01949999999999985 1.0289266705812452 0.011246020251005873 1.0 1.0058496930117777 1.0058496930117777 0.02307697756946747
59770.94748730033 4.8975 0.01949999999999985 1.0068341249462975 0.010044261106530894 1.0 1.0058496324255015 1.0058496324255015 0.000984492520796021
59770.94750324375 4.8975 0.01949999999999985 1.0022274177762247 0.010028341867906323 1.0 1.0058495718392253 1.0058495718392253 -0.0036221540630005933
59770.94751918716 4.8975 0.01949999999999985 1.003433280041307 0.010004599262787817 1.0 1.0058495112529766 1.0058495112529766 -0.0024162312116695617
59770.94753513058 4.8975 0.01949999999999985 1.0015594990703303 0.010024505439387347 1.0 1.0058494506667004 1.0058494506667004 -0.004289951596370134
59770.947551074 4.8975 0.01949999999999985 1.0085580267386614 0.01121477775346298 1.0 1.0058493900804242 1.0058493900804242 0.0027086366582371735
59770.94756701742 4.8975 0.01949999999999985 1.0205084562280387 0.010059505516628509 1.0 1.005849329494148 1.005849329494148 0.014659126733890693
59770.947582960835 4.8975 0.01949999999999985 1.0112534605174621 0.010059387634311 1.0 1.0058492689078993 1.0058492689078993 0.005404191609562847
59770.94759890426 4.8975 0.01949999999999985 1.0161955218285619 0.010056858637032415 1.0 1.0058492083215955 1.0058492083215955 0.010346313506966354
59770.947614847675 4.8975 0.01949999999999985 1.0105211745166556 0.010108044665941588 1.0 1.0058491477353468 1.0058491477353468 0.004672026781308736
59770.94763079109 4.8975 0.01949999999999985 0.993805629086739 0.009987546271800577 1.0 1.0058490871490982 1.0058490871490982 -0.01204345806235918
59770.947646734516 4.8975 0.01949999999999985 1.0123623019184373 0.010049705460089965 1.0 1.0058490265627944 1.0058490265627944 0.006513275355642945
59770.94766267793 4.8975 0.01949999999999985 1.0104122945303864 0.010032544737206198 1.0 1.0058489659765457 1.0058489659765457 0.004563328553840673
