eureka_custom_plots/data/stage5_lcfit_results/S5_wasp39b_ap4_bg8_Table_Save_ch09.txt
# %ECSV 1.0
# ---
# datatype:
# - {name: time, datatype: float64}
# - {name: wavelength, datatype: float64}
# - {name: bin_width, datatype: float64}
# - {name: lcdata, datatype: float64}
# - {name: lcerr, datatype: float64}
# - {name: transit, datatype: float64}
# - {name: polynom, datatype: float64}
# - {name: model, datatype: float64}
# - {name: residuals, datatype: float64}
# schema: astropy-2.0
time wavelength bin_width lcdata lcerr transit polynom model residuals
[from data line 18853]
59770.94460154157 3.364 0.018999999999999906 1.013949355967456 0.005473085834564269 1.0 1.0053510385578164 1.0053510385578164 0.008598317409639566
59770.94461748498 3.364 0.018999999999999906 0.9993618450201768 0.005439960757861686 1.0 1.0053509258134963 1.0053509258134963 -0.005989080793319501
59770.9446334284 3.364 0.018999999999999906 1.007497424954727 0.0054558462740564515 1.0 1.0053508130691249 1.0053508130691249 0.0021466118856021676
59770.94464937182 3.364 0.018999999999999906 0.9975219845620584 0.005440999111900284 1.0 1.0053507003247533 1.0053507003247533 -0.007828715762694838
59770.94466531523 3.364 0.018999999999999906 1.0039113225405094 0.005461732626204318 1.0 1.0053505875804334 1.0053505875804334 -0.001439265039923976
59770.94468125866 3.364 0.018999999999999906 0.9934851275201858 0.0054233876055456345 1.0 1.0053504748360105 1.0053504748360105 -0.01186534731582467
59770.944697202074 3.364 0.018999999999999906 1.0130034825703242 0.005479083904587344 1.0 1.0053503620916904 1.0053503620916904 0.007653120478633868
59770.944713145494 3.364 0.018999999999999906 1.0066196416192612 0.005457438390043359 1.0 1.005350249347319 1.005350249347319 0.0012693922719422268
59770.94472908891 3.364 0.018999999999999906 0.9991085398971724 0.005432293243416747 1.0 1.0053501366029989 1.0053501366029989 -0.006241596705826469
59770.94474503233 3.364 0.018999999999999906 0.9933950388605463 0.00543344217491142 1.0 1.0053500238586275 1.0053500238586275 -0.01195498499808123
59770.94476097575 3.364 0.018999999999999906 0.9965944945264459 0.005435981232957308 1.0 1.005349911114256 1.005349911114256 -0.008755416587810205
59770.94477691916 3.364 0.018999999999999906 1.0016578473276494 0.005449602445091242 1.0 1.005349798369936 1.005349798369936 -0.0036919510422865898
59770.94479286259 3.364 0.018999999999999906 "" "" 1.0 1.005349685625513 1.005349685625513 ""
59770.944808806 3.364 0.018999999999999906 1.0110392862823605 0.005469126938356256 1.0 1.0053495728811932 1.0053495728811932 0.005689713401167307
59770.94482474942 3.364 0.018999999999999906 0.9990896747674253 0.005439434892688615 1.0 1.0053494601368216 1.0053494601368216 -0.006259785369396309
59770.94484069284 3.364 0.018999999999999906 1.004992270845077 0.0054544276194505486 1.0 1.0053493473924502 1.0053493473924502 -0.00035707654737326955
59770.94485663626 3.364 0.018999999999999906 1.0065516635423286 0.005449773800912211 1.0 1.0053492346480788 1.0053492346480788 0.0012024288942498185
59770.944872579676 3.364 0.018999999999999906 1.0072176239120236 0.005461410979034785 1.0 1.0053491219037587 1.0053491219037587 0.0018685020082649384
59770.9448885231 3.364 0.018999999999999906 1.0051545703563465 0.005453196714170025 1.0 1.0053490091593358 1.0053490091593358 -0.00019443880298930516
59770.944904466516 3.364 0.018999999999999906 1.0040705806603822 0.005449455844758967 1.0 1.0053488964150157 1.0053488964150157 -0.0012783157546334412
59770.94492040993 3.364 0.018999999999999906 1.0023623276183444 0.005456998386149936 1.0 1.0053487836706958 1.0053487836706958 -0.0029864560523513717
59770.94493635336 3.364 0.018999999999999906 1.008570657256896 0.005466919985157435 1.0 1.005348670926273 1.005348670926273 0.0032219863306230945
59770.94495229677 3.364 0.018999999999999906 1.0054853339048058 0.005456615423173151 1.0 1.0053485581819528 1.0053485581819528 0.00013677572285297757
59770.94496824019 3.364 0.018999999999999906 0.9968465562295473 0.005434339530033206 1.0 1.0053484454375814 1.0053484454375814 -0.008501889208034075
59770.94498418361 3.364 0.018999999999999906 1.0010216047020633 0.005453501554682617 1.0 1.00534833269321 1.00534833269321 -0.0043267279911467504
59770.94500012703 3.364 0.018999999999999906 1.0125713419790112 0.005476288054780739 1.0 1.0053482199488384 1.0053482199488384 0.007223122030172835
59770.945016070444 3.364 0.018999999999999906 0.9986404342674761 0.00544047277397107 1.0 1.0053481072045185 1.0053481072045185 -0.0067076729370424415
59770.945032013864 3.364 0.018999999999999906 1.0152556064737144 0.005468171848501716 1.0 1.0053479944601469 1.0053479944601469 0.00990761201356749
59770.945047957284 3.364 0.018999999999999906 1.0052550140743242 0.005459187675695173 1.0 1.0053478817157755 1.0053478817157755 -9.286764145133297e-05
59770.945063900705 3.364 0.018999999999999906 1.0047405498925954 0.005457361693873747 1.0 1.005347768971404 1.005347768971404 -0.000607219078808674
59770.945079844125 3.364 0.018999999999999906 1.002955097470392 0.005450610412719406 1.0 1.0053476562270327 1.0053476562270327 -0.0023925587566406836
59770.94509578754 3.364 0.018999999999999906 1.008263106299519 0.0054695611758341055 1.0 1.0053475434827126 1.0053475434827126 0.002915562816806494
59770.94511173096 3.364 0.018999999999999906 0.9958060854266265 0.005433264846767472 1.0 1.0053474307383412 1.0053474307383412 -0.009541345311714688
59770.94512767437 3.364 0.018999999999999906 1.0132473439781582 0.0054773355623372365 1.0 1.005347317994021 1.005347317994021 0.007900025984137082
59770.9451436178 3.364 0.018999999999999906 1.0045438972070766 0.005458158533392383 1.0 1.0053472052495982 1.0053472052495982 -0.0008033080425215999
59770.94515956121 3.364 0.018999999999999906 1.0046882643699104 0.005455114143728358 1.0 1.0053470925052783 1.0053470925052783 -0.0006588281353678838
59770.94517550463 3.364 0.018999999999999906 1.0081894487263703 0.00546355923319025 1.0 1.0053469797609067 1.0053469797609067 0.002842468965463585
59770.94519144805 3.364 0.018999999999999906 1.0176834156849417 0.006700187580140771 1.0 1.0053468670165353 1.0053468670165353 0.012336548668406389
59770.945207391465 3.364 0.018999999999999906 1.0008537594231006 0.005444708763915876 1.0 1.0053467542722152 1.0053467542722152 -0.004492994849114584
59770.945223334886 3.364 0.018999999999999906 1.0074463052633693 0.005457128668377566 1.0 1.0053466415278438 1.0053466415278438 0.0020996637355255032
59770.945239278306 3.364 0.018999999999999906 1.000311771683042 0.005453034379574806 1.0 1.0053465287834724 1.0053465287834724 -0.0050347571004303315
59770.945255221726 3.364 0.018999999999999906 0.9994682430697763 0.005439528931374766 1.0 1.0053464160391008 1.0053464160391008 -0.005878172969324469
59770.94527116514 3.364 0.018999999999999906 1.004920150020781 0.005453471227956173 1.0 1.005346303294781 1.005346303294781 -0.00042615327399997405
59770.94528710857 3.364 0.018999999999999906 1.009639912596713 0.005467412111756008 1.0 1.005346190550358 1.005346190550358 0.004293722046355031
59770.94530305198 3.364 0.018999999999999906 1.0139987338937444 0.005480821401391579 1.0 1.005346077806038 1.005346077806038 0.00865265608770649
59770.94531899539 3.364 0.018999999999999906 1.0090202756307416 0.005464218507783303 1.0 1.005345965061718 1.005345965061718 0.0036743105690235645
59770.94533493882 3.364 0.018999999999999906 1.0002757229033215 0.005443655028549861 1.0 1.0053458523172951 1.0053458523172951 -0.0050701294139736675
59770.94535088224 3.364 0.018999999999999906 0.9981690458095142 0.005446826402012642 1.0 1.0053457395729235 1.0053457395729235 -0.0071766937634093475
59770.945366825654 3.364 0.018999999999999906 0.9980952472141761 0.005443202124155225 1.0 1.0053456268286036 1.0053456268286036 -0.007250379614427538
59770.945382769074 3.364 0.018999999999999906 0.9996276483830095 0.005453069155875695 1.0 1.005345514084232 1.005345514084232 -0.005717865701222458
59770.945398712494 3.364 0.018999999999999906 1.009528508119821 0.00547179583179363 1.0 1.0053454013398606 1.0053454013398606 0.004183106779960477
59770.94541465591 3.364 0.018999999999999906 1.0023624163075795 0.005450736609965852 1.0 1.0053452885955407 1.0053452885955407 -0.0029828722879612357
59770.945430599335 3.364 0.018999999999999906 1.0030540950408902 0.005453581566906561 1.0 1.0053451758511178 1.0053451758511178 -0.0022910808102276636
59770.94544654275 3.364 0.018999999999999906 1.0065336652145176 0.005463067010579606 1.0 1.0053450631067977 1.0053450631067977 0.0011886021077198716
59770.94546248617 3.364 0.018999999999999906 1.008489955236427 0.005466118262018077 1.0 1.0053449503624263 1.0053449503624263 0.003145004874000712
59770.94547842958 3.364 0.018999999999999906 1.0071781888125868 0.005456615435524059 1.0 1.0053448376181062 1.0053448376181062 0.0018333511944805814
59770.945494373 3.364 0.018999999999999906 1.003537771328568 0.005453651811486734 1.0 1.0053447248737348 1.0053447248737348 -0.0018069535451668006
59770.94551031642 3.364 0.018999999999999906 1.0154050555981928 0.005478774727137802 1.0 1.0053446121293632 1.0053446121293632 0.010060443468829616
59770.94552625984 3.364 0.018999999999999906 1.0098707046171571 0.0054745172114550175 1.0 1.0053444993849918 1.0053444993849918 0.004526205232165292
59770.94554220326 3.364 0.018999999999999906 1.0116303656192462 0.005466699146907297 1.0 1.0053443866406204 1.0053443866406204 0.006285978978625817
59770.945558146675 3.364 0.018999999999999906 1.0077712509179728 0.005464267196156526 1.0 1.0053442738963003 1.0053442738963003 0.002426977021672494
59770.945574090096 3.364 0.018999999999999906 1.0042450974667534 0.005458960169722871 1.0 1.005344161151929 1.005344161151929 -0.0010990636851755387
59770.945590033516 3.364 0.018999999999999906 1.019053707497074 0.0054855139207831876 1.0 1.0053440484075575 1.0053440484075575 0.01370965908951649
59770.945605976936 3.364 0.018999999999999906 1.0052875714525267 0.005453081273481591 1.0 1.005343935663186 1.005343935663186 -5.636421065924324e-05
59770.94562192035 3.364 0.018999999999999906 0.9949136733650722 0.005424846014258661 1.0 1.005343822918866 1.005343822918866 -0.010430149553793844
59770.94563786378 3.364 0.018999999999999906 1.0046709760062225 0.005454225227355534 1.0 1.0053437101744431 1.0053437101744431 -0.0006727341682206678
59770.94565380719 3.364 0.018999999999999906 1.0024312739556565 0.005447736722960857 1.0 1.005343597430123 1.005343597430123 -0.0029123234744665716
59770.9456697506 3.364 0.018999999999999906 0.9979751704393277 0.005439659523398328 1.0 1.0053434846858031 1.0053434846858031 -0.007368314246475438
59770.94568569403 3.364 0.018999999999999906 1.0119036540175248 0.005468431952154328 1.0 1.0053433719413802 1.0053433719413802 0.0065602820761445635
59770.94570163744 3.364 0.018999999999999906 1.002161645305406 0.005449471670748157 1.0 1.0053432591970601 1.0053432591970601 -0.003181613891654056
59770.945717580864 3.364 0.018999999999999906 1.001537204628521 0.00544507198628092 1.0 1.0053431464526887 1.0053431464526887 -0.0038059418241678244
59770.945733524284 3.364 0.018999999999999906 1.007687714516894 0.0054592690603894435 1.0 1.0053430337083171 1.0053430337083171 0.002344680808576971
59770.945749467704 3.364 0.018999999999999906 0.9951141560500342 0.005436414653390225 1.0 1.0053429209639457 1.0053429209639457 -0.010228764913911559
59770.94576541112 3.364 0.018999999999999906 1.0054281845130209 0.005450940684199239 1.0 1.0053428082196258 1.0053428082196258 8.537629339500086e-05
59770.94578135454 3.364 0.018999999999999906 1.0015007143991161 0.005446176045634972 1.0 1.0053426954752542 1.0053426954752542 -0.00384198107613809
59770.94579729796 3.364 0.018999999999999906 1.0049068253719278 0.005449150755682887 1.0 1.0053425827308828 1.0053425827308828 -0.00043575735895506895
59770.94581324138 3.364 0.018999999999999906 1.0052597899848055 0.005460033367988823 1.0 1.0053424699865114 1.0053424699865114 -8.268000170597034e-05
59770.94582918479 3.364 0.018999999999999906 1.007529381530425 0.005459610132597241 1.0 1.0053423572421913 1.0053423572421913 0.0021870242882335855
59770.94584512821 3.364 0.018999999999999906 0.998655468069783 0.005446745865614553 1.0 1.00534224449782 1.00534224449782 -0.006686776428036945
59770.94586107163 3.364 0.018999999999999906 1.017821900087348 0.0067106122537834096 1.0 1.0053421317534483 1.0053421317534483 0.012479768333899743
59770.945877015045 3.364 0.018999999999999906 0.9986934235131681 0.005441626389053978 1.0 1.0053420190091285 1.0053420190091285 -0.006648595495960308
59770.94589295847 3.364 0.018999999999999906 1.0058431648718815 0.0054635971317667275 1.0 1.0053419062647055 1.0053419062647055 0.0005012586071759806
59770.945908901886 3.364 0.018999999999999906 1.0011402810817747 0.005437521121170142 1.0 1.0053417935203854 1.0053417935203854 -0.004201512438610777
59770.945924845306 3.364 0.018999999999999906 1.0151298473674981 0.0054768366087732225 1.0 1.005341680776014 1.005341680776014 0.009788166591484071
59770.945940788726 3.364 0.018999999999999906 1.0182686622407915 0.006695225552611405 1.0 1.0053415680316427 1.0053415680316427 0.012927094209148837
59770.94595673214 3.364 0.018999999999999906 1.0066669674569118 0.005457854385385547 1.0 1.0053414552873225 1.0053414552873225 0.0013255121695892047
59770.94597267556 3.364 0.018999999999999906 1.0032177028470928 0.005447983030666544 1.0 1.0053413425429512 1.0053413425429512 -0.0021236396958583814
59770.94598861898 3.364 0.018999999999999906 1.0080713975382107 0.005463272535255616 1.0 1.0053412297985795 1.0053412297985795 0.002730167739631195
59770.9460045624 3.364 0.018999999999999906 1.0120063359975333 0.005467578465573624 1.0 1.0053411170542081 1.0053411170542081 0.0066652189433251685
59770.94602050581 3.364 0.018999999999999906 1.0043090755480393 0.005456256162462467 1.0 1.0053410043098883 1.0053410043098883 -0.001031928761848988
59770.94603644924 3.364 0.018999999999999906 1.0056893187549745 0.005458328153912077 1.0 1.0053408915654654 1.0053408915654654 0.0003484271895091151
59770.946052392654 3.364 0.018999999999999906 "" "" 1.0 1.0053407788211453 1.0053407788211453 ""
59770.946068336074 3.364 0.018999999999999906 1.0053097903979906 0.0054589269548399955 1.0 1.0053406660767739 1.0053406660767739 -3.0875678783237603e-05
59770.946084279494 3.364 0.018999999999999906 1.0101161795567768 0.005470921206301627 1.0 1.0053405533324022 1.0053405533324022 0.004775626224374552
59770.946100222915 3.364 0.018999999999999906 1.0019348052366626 0.0054509140106235605 1.0 1.0053404405880308 1.0053404405880308 -0.0034056353513682858
59770.94611616633 3.364 0.018999999999999906 1.0070312049026988 0.005463990652012064 1.0 1.0053403278437107 1.0053403278437107 0.0016908770589880717
59770.94613210975 3.364 0.018999999999999906 1.0084281329124505 0.0054643700887469894 1.0 1.0053402150993394 1.0053402150993394 0.0030879178131111296
59770.94614805317 3.364 0.018999999999999906 1.003794229104665 0.005459650591796294 1.0 1.005340102354968 1.005340102354968 -0.001545873250302865
59770.94616399658 3.364 0.018999999999999906 1.0069399111352288 0.005468541738784449 1.0 1.0053399896106479 1.0053399896106479 0.001599921524580994
59770.94617994 3.364 0.018999999999999906 1.0058798366067145 0.005453589446648191 1.0 1.0053398768662765 1.0053398768662765 0.0005399597404380785
59770.94619588342 3.364 0.018999999999999906 1.003422560844456 0.00544995994042733 1.0 1.005339764121905 1.005339764121905 -0.0019172032774490422
59770.94621182684 3.364 0.018999999999999906 "" "" 1.0 1.0053396513775334 1.0053396513775334 ""
59770.946227770255 3.364 0.018999999999999906 1.007260658347167 0.0054543152959048505 1.0 1.0053395386332136 1.0053395386332136 0.0019211197139534786
59770.946243713675 3.364 0.018999999999999906 1.005603273962232 0.005466834771209168 1.0 1.0053394258888422 1.0053394258888422 0.0002638480733898607
59770.946259657096 3.364 0.018999999999999906 1.0058213590030323 0.005453362544879032 1.0 1.0053393131444706 1.0053393131444706 0.00048204585856170823
59770.946275600516 3.364 0.018999999999999906 "" "" 1.0 1.0053392004000992 1.0053392004000992 ""
59770.946291543936 3.364 0.018999999999999906 1.0037843159189461 0.005455495544548452 1.0 1.0053390876557278 1.0053390876557278 -0.001554771736781646
59770.94630748735 3.364 0.018999999999999906 1.0097102167792285 0.005461052294320391 1.0 1.0053389749114077 1.0053389749114077 0.004371241867820785
