eureka_custom_plots/data/stage5_lcfit_results/S5_wasp39b_ap4_bg8_Table_Save_ch26.txt
# %ECSV 1.0
# ---
# datatype:
# - {name: time, datatype: float64}
# - {name: wavelength, datatype: float64}
# - {name: bin_width, datatype: float64}
# - {name: lcdata, datatype: float64}
# - {name: lcerr, datatype: float64}
# - {name: transit, datatype: float64}
# - {name: polynom, datatype: float64}
# - {name: model, datatype: float64}
# - {name: residuals, datatype: float64}
# schema: astropy-2.0
time wavelength bin_width lcdata lcerr transit polynom model residuals
[from data line 8108]
59770.773289501405 4.016 0.019000000000000128 1.0018309120987934 0.006307651812696579 1.0 1.0065787372208694 1.0065787372208694 -0.004747825122076055
59770.773305444825 4.016 0.019000000000000128 1.0084095814968952 0.006316805177467202 1.0 1.0065786781485169 1.0065786781485169 0.001830903348378321
59770.773321388246 4.016 0.019000000000000128 1.002073723828363 0.006302370132038864 1.0 1.0065786190761643 1.0065786190761643 -0.004504895247801288
59770.773337331666 4.016 0.019000000000000128 1.003802671790751 0.006312474054784515 1.0 1.0065785600038117 1.0065785600038117 -0.002775888213060629
59770.77335327508 4.016 0.019000000000000128 1.0060800386618753 0.006317639435114208 1.0 1.006578500931486 1.006578500931486 -0.0004984622696107
59770.77336921851 4.016 0.019000000000000128 1.0054130243712098 0.006320068754608174 1.0 1.0065784418591066 1.0065784418591066 -0.0011654174878967805
59770.77338516192 4.016 0.019000000000000128 1.006577782064484 0.0063246996485052465 1.0 1.006578382786781 1.006578382786781 -6.007222970172421e-07
59770.77340110535 4.016 0.019000000000000128 0.9990164250913726 0.006296086860257746 1.0 1.0065783237144015 1.0065783237144015 -0.007561898623028918
59770.77341704876 4.016 0.019000000000000128 1.0077040242997755 0.00632508781277413 1.0 1.0065782646420758 1.0065782646420758 0.0011257596576996765
59770.77343299219 4.016 0.019000000000000128 1.0022643366554616 0.006316358471105546 1.0 1.0065782055696961 1.0065782055696961 -0.004313868914234575
59770.7734489356 4.016 0.019000000000000128 1.0097187082923227 0.0063171557591517515 1.0 1.0065781464973707 1.0065781464973707 0.003140561794952035
59770.77346487903 4.016 0.019000000000000128 1.0109647781804616 0.006333394163467993 1.0 1.006578087424991 1.006578087424991 0.004386690755470601
59770.77348082244 4.016 0.019000000000000128 1.002152053332272 0.006317995912218342 1.0 1.0065780283526655 1.0065780283526655 -0.004425975020393436
59770.77349676587 4.016 0.019000000000000128 1.0080884639086933 0.006307406597699365 1.0 1.0065779692802859 1.0065779692802859 0.001510494628407466
59770.77351270928 4.016 0.019000000000000128 1.010055238066007 0.006320886558181569 1.0 1.0065779102079604 1.0065779102079604 0.0034773278580466638
59770.7735286527 4.016 0.019000000000000128 1.0065410597335411 0.00631470188017862 1.0 1.0065778511356078 1.0065778511356078 -3.6791402066693735e-05
59770.77354459612 4.016 0.019000000000000128 1.013693591563046 0.006329893810640642 1.0 1.0065777920632553 1.0065777920632553 0.007115799499790798
59770.77356053954 4.016 0.019000000000000128 1.0170254726902233 0.006334386751498321 1.0 1.0065777329909027 1.0065777329909027 0.010447739699320557
59770.77357648296 4.016 0.019000000000000128 1.0017745324217 0.006296154289858078 1.0 1.0065776739185501 1.0065776739185501 -0.004803141496850127
59770.77359242638 4.016 0.019000000000000128 1.0042867883205695 0.006303199159182717 1.0 1.0065776148461976 1.0065776148461976 -0.0022908265256280647
59770.77360836981 4.016 0.019000000000000128 0.9942289028377401 0.006280838020083807 1.0 1.006577555773818 1.006577555773818 -0.012348652936077786
59770.773624313224 4.016 0.019000000000000128 1.0015760247304912 0.006303545912388402 1.0 1.0065774967014924 1.0065774967014924 -0.0050014719710012034
59770.773640256644 4.016 0.019000000000000128 1.0116263102875196 0.006334683898330524 1.0 1.0065774376291399 1.0065774376291399 0.005048872658379722
59770.773656200065 4.016 0.019000000000000128 1.0017991349155466 0.006312564764339332 1.0 1.0065773785567873 1.0065773785567873 -0.004778243641240687
59770.77367214349 4.016 0.019000000000000128 1.0003867012258802 0.006301356337149548 1.0 1.0065773194844077 1.0065773194844077 -0.006190618258527403
59770.773688086905 4.016 0.019000000000000128 1.0093634367599782 0.006319898369755444 1.0 1.0065772604120822 1.0065772604120822 0.002786176347896019
59770.773704030325 4.016 0.019000000000000128 1.0097105488584563 0.006329764581367785 1.0 1.0065772013397296 1.0065772013397296 0.0031333475187267368
59770.773719973746 4.016 0.019000000000000128 0.9978810198318288 0.006298182832786273 1.0 1.0065771422673768 1.0065771422673768 -0.00869612243554807
59770.773735917166 4.016 0.019000000000000128 1.008296362388081 0.006332393307179944 1.0 1.0065770831950243 1.0065770831950243 0.0017192791930566997
59770.773751860586 4.016 0.019000000000000128 0.9945252218881881 0.006301265817442176 1.0 1.0065770241226717 1.0065770241226717 -0.012051802234483544
59770.77376780401 4.016 0.019000000000000128 1.0028678667463475 0.006308775786431635 1.0 1.0065769650503191 1.0065769650503191 -0.003709098303971592
59770.77378374743 4.016 0.019000000000000128 1.0135952163112112 0.006325884951644715 1.0 1.0065769059779666 1.0065769059779666 0.007018310333244626
59770.77379969085 4.016 0.019000000000000128 1.0075674167047577 0.006311734982272125 1.0 1.006576846905614 1.006576846905614 0.0009905697991436924
59770.77381563426 4.016 0.019000000000000128 1.000284606789617 0.0062963683567694925 1.0 1.0065767878332885 1.0065767878332885 -0.006292181043671574
59770.77383157769 4.016 0.019000000000000128 1.0122131214659473 0.006324135704832854 1.0 1.0065767287609089 1.0065767287609089 0.005636392705038462
59770.7738475211 4.016 0.019000000000000128 1.0122757557821358 0.006323686320181833 1.0 1.0065766696885834 1.0065766696885834 0.005699086093552408
59770.77386346453 4.016 0.019000000000000128 1.0067493840874926 0.006316318411541021 1.0 1.0065766106162037 1.0065766106162037 0.00017277347128885623
59770.77387940794 4.016 0.019000000000000128 1.0180190168448444 0.006349973837442126 1.0 1.0065765515438783 1.0065765515438783 0.011442465300966154
59770.77389535137 4.016 0.019000000000000128 1.0054251356781778 0.006318150069140412 1.0 1.0065764924714986 1.0065764924714986 -0.0011513567933207902
59770.77391129478 4.016 0.019000000000000128 1.002228129946273 0.006307529178215418 1.0 1.0065764333991731 1.0065764333991731 -0.00434830345290016
59770.77392723821 4.016 0.019000000000000128 "" "" 1.0 1.0065763743267935 1.0065763743267935 ""
59770.77394318162 4.016 0.019000000000000128 1.000844401687909 0.006315954209553629 1.0 1.006576315254468 1.006576315254468 -0.005731913566558999
59770.77395912505 4.016 0.019000000000000128 0.9943676003817733 0.006280666032257739 1.0 1.0065762561820883 1.0065762561820883 -0.01220865580031505
59770.77397506846 4.016 0.019000000000000128 1.0006098997255932 0.0062987776867097205 1.0 1.0065761971097629 1.0065761971097629 -0.00596629738416965
59770.77399101188 4.016 0.019000000000000128 1.0019966259206963 0.006306347011252552 1.0 1.0065761380374103 1.0065761380374103 -0.004579512116714035
59770.774006955304 4.016 0.019000000000000128 1.0126683765450886 0.006310171965640003 1.0 1.0065760789650577 1.0065760789650577 0.0060922975800308254
59770.774022898724 4.016 0.019000000000000128 1.0080431794255933 0.006326476795629646 1.0 1.006576019892705 1.006576019892705 0.0014671595328883402
59770.774038842144 4.016 0.019000000000000128 1.0117083197947305 0.006312512581413451 1.0 1.0065759608203524 1.0065759608203524 0.005132358974378137
59770.774054785565 4.016 0.019000000000000128 1.0032177695121658 0.006307544371371025 1.0 1.0065759017479998 1.0065759017479998 -0.0033581322358340326
59770.774070728985 4.016 0.019000000000000128 1.0053713038480083 0.0063183066523919305 1.0 1.0065758426756473 1.0065758426756473 -0.0012045388276389346
59770.774086672405 4.016 0.019000000000000128 1.0036209016837125 0.0063013458375992025 1.0 1.0065757836032947 1.0065757836032947 -0.002954881919582153
59770.77410261582 4.016 0.019000000000000128 1.00486484568498 0.006314740546287419 1.0 1.0065757245309692 1.0065757245309692 -0.0017108788459891944
59770.774118559246 4.016 0.019000000000000128 0.9924537203891652 0.00628333958060756 1.0 1.0065756654585896 1.0065756654585896 -0.014121945069424324
59770.774134502666 4.016 0.019000000000000128 0.997623755763556 0.0062886654489154965 1.0 1.006575606386237 1.006575606386237 -0.008951850622681001
59770.77415044609 4.016 0.019000000000000128 1.0082953760550228 0.0063413149112916 1.0 1.0065755473138844 1.0065755473138844 0.0017198287411384072
59770.7741663895 4.016 0.019000000000000128 1.0064204809036186 0.006315266730327489 1.0 1.006575488241559 1.006575488241559 -0.00015500733794038268
59770.77418233293 4.016 0.019000000000000128 1.0086754161975977 0.006325232497505258 1.0 1.0065754291691793 1.0065754291691793 0.002099987028418404
59770.77419827634 4.016 0.019000000000000128 1.0085614633899058 0.006320495210045278 1.0 1.0065753700968538 1.0065753700968538 0.0019860932930519937
59770.77421421977 4.016 0.019000000000000128 1.0007265948115096 0.0063139480880154255 1.0 1.0065753110244742 1.0065753110244742 -0.0058487162129645665
59770.77423016318 4.016 0.019000000000000128 "" "" 1.0 1.0065752519521487 1.0065752519521487 ""
59770.77424610661 4.016 0.019000000000000128 0.9934971780725154 0.006283115098022222 1.0 1.006575192879769 1.006575192879769 -0.01307801480725368
59770.77426205002 4.016 0.019000000000000128 1.0079620377215741 0.006320264596599781 1.0 1.0065751338074436 1.0065751338074436 0.001386903914130544
59770.77427799344 4.016 0.019000000000000128 0.9968794714077445 0.006301386044080308 1.0 1.006575074735091 1.006575074735091 -0.009695603327346536
59770.77429393686 4.016 0.019000000000000128 1.0134910878870635 0.006329457015248476 1.0 1.0065750156627384 1.0065750156627384 0.006916072224325109
59770.77430988028 4.016 0.019000000000000128 1.000970381961314 0.006297379042197822 1.0 1.0065749565903859 1.0065749565903859 -0.0056045746290718235
59770.7743258237 4.016 0.019000000000000128 1.007784660525478 0.006313948405521252 1.0 1.006574897518033 1.006574897518033 0.0012097630074450194
59770.77434176712 4.016 0.019000000000000128 0.9983757156222806 0.006286797261136054 1.0 1.0065748384456805 1.0065748384456805 -0.008199122823399962
59770.77435771054 4.016 0.019000000000000128 1.0146816283512963 0.006337031581215123 1.0 1.006574779373328 1.006574779373328 0.008106848977968317
59770.77437365396 4.016 0.019000000000000128 1.0140472067368027 0.006326620022255426 1.0 1.0065747203009754 1.0065747203009754 0.007472486435827319
59770.774389597376 4.016 0.019000000000000128 1.0086669554221537 0.0063132777516926655 1.0 1.00657466122865 1.00657466122865 0.002092294193503763
59770.774405540804 4.016 0.019000000000000128 0.9954959821003844 0.006293986534241538 1.0 1.0065746021562703 1.0065746021562703 -0.01107862005588589
59770.774421484224 4.016 0.019000000000000128 1.0098523295878155 0.006334460417429088 1.0 1.0065745430839177 1.0065745430839177 0.0032777865038977616
59770.774437427644 4.016 0.019000000000000128 0.9969231804629044 0.006301679171811787 1.0 1.0065744840115651 1.0065744840115651 -0.009651303548660728
59770.77445337106 4.016 0.019000000000000128 1.0060512930394065 0.0063254741905500724 1.0 1.0065744249392397 1.0065744249392397 -0.0005231318998331069
59770.774469314485 4.016 0.019000000000000128 1.0130362046844166 0.006342021132994013 1.0 1.00657436586686 1.00657436586686 0.0064618388175565755
59770.7744852579 4.016 0.019000000000000128 1.0052279261576083 0.006315410162134912 1.0 1.0065743067945345 1.0065743067945345 -0.0013463806369262699
59770.774501201326 4.016 0.019000000000000128 1.0075214933141354 0.006310200717424651 1.0 1.0065742477221549 1.0065742477221549 0.0009472455919805611
59770.77451714474 4.016 0.019000000000000128 1.0070545490758693 0.006312559107415441 1.0 1.0065741886498294 1.0065741886498294 0.00048036042603993856
59770.774533088166 4.016 0.019000000000000128 1.0110510844554104 0.006320768674157063 1.0 1.0065741295774497 1.0065741295774497 0.004476954877960626
59770.77454903158 4.016 0.019000000000000128 1.007860834094658 0.006324724405156766 1.0 1.0065740705051243 1.0065740705051243 0.0012867635895337237
59770.774564975 4.016 0.019000000000000128 1.0035174922020953 0.006305273001473795 1.0 1.0065740114327717 1.0065740114327717 -0.003056519230676402
59770.77458091842 4.016 0.019000000000000128 0.993141833326662 0.006282505235078993 1.0 1.0065739523604191 1.0065739523604191 -0.013432119033757184
59770.77459686185 4.016 0.019000000000000128 1.0101537025624503 0.006316654812489852 1.0 1.0065738932880395 1.0065738932880395 0.0035798092744108168
59770.77461280526 4.016 0.019000000000000128 1.0113050999170432 0.006311708132320328 1.0 1.0065738342157138 1.0065738342157138 0.0047312657013294235
59770.77462874868 4.016 0.019000000000000128 1.004426556245881 0.006299781440938875 1.0 1.0065737751433612 1.0065737751433612 -0.002147218897480263
59770.7746446921 4.016 0.019000000000000128 1.0009396251805551 0.006306111606293762 1.0 1.0065737160710087 1.0065737160710087 -0.005634090890453525
59770.77466063552 4.016 0.019000000000000128 1.0017979244205097 0.006308692854449939 1.0 1.006573656998656 1.006573656998656 -0.004775732578146341
59770.77467657894 4.016 0.019000000000000128 1.0047858217652257 0.006302871318317814 1.0 1.0065735979263035 1.0065735979263035 -0.0017877761610778364
59770.77469252236 4.016 0.019000000000000128 1.0102399505683142 0.006331948937056748 1.0 1.006573538853951 1.006573538853951 0.0036664117143632158
59770.77470846578 4.016 0.019000000000000128 1.0112758518013323 0.006341098818377876 1.0 1.0065734797815984 1.0065734797815984 0.004702372019733891
59770.7747244092 4.016 0.019000000000000128 1.0063734019996087 0.006311055752778304 1.0 1.0065734207092458 1.0065734207092458 -0.00020001870963715085
59770.774740352615 4.016 0.019000000000000128 1.0056850733094265 0.006323953598957866 1.0 1.0065733616369203 1.0065733616369203 -0.0008882883274938802
59770.77475629604 4.016 0.019000000000000128 1.0075579987088668 0.00632440697089016 1.0 1.0065733025645407 1.0065733025645407 0.0009846961443260582
59770.774772239456 4.016 0.019000000000000128 1.013175526545881 0.00633870203823354 1.0 1.0065732434922152 1.0065732434922152 0.006602283053665836
59770.774788182884 4.016 0.019000000000000128 0.9933871776856498 0.006300154850043666 1.0 1.0065731844198356 1.0065731844198356 -0.013186006734185796
59770.7748041263 4.016 0.019000000000000128 0.9909452766555884 0.006292696902829752 1.0 1.00657312534751 1.00657312534751 -0.015627848691921686
59770.774820069724 4.016 0.019000000000000128 1.007571300179819 0.006312850499122962 1.0 1.0065730662751304 1.0065730662751304 0.0009982339046885613
59770.77483601314 4.016 0.019000000000000128 1.0196921256718396 0.0063490272529779 1.0 1.006573007202805 1.006573007202805 0.013119118469034685
59770.77485195656 4.016 0.019000000000000128 1.0182649585639127 0.006344969842880176 1.0 1.0065729481304524 1.0065729481304524 0.011692010433460354
59770.77486789998 4.016 0.019000000000000128 1.0066290389395904 0.0063224587685463945 1.0 1.0065728890580998 1.0065728890580998 5.614988149060807e-05
59770.774883843405 4.016 0.019000000000000128 0.9924685817593094 0.006293661624448975 1.0 1.0065728299857202 1.0065728299857202 -0.014104248226410765
59770.77489978682 4.016 0.019000000000000128 1.008067958931914 0.0063183952282851044 1.0 1.0065727709133947 1.0065727709133947 0.0014951880185192223
59770.77491573024 4.016 0.019000000000000128 1.0073518073591579 0.006315650003927185 1.0 1.006572711841042 1.006572711841042 0.0007790955181159465
59770.77493167366 4.016 0.019000000000000128 1.0175876771084933 0.0063319673657990004 1.0 1.0065726527686893 1.0065726527686893 0.011015024339803947
59770.77494761708 4.016 0.019000000000000128 0.9978859590288642 0.006293043067493514 1.0 1.0065725936963368 1.0065725936963368 -0.008686634667472548
59770.7749635605 4.016 0.019000000000000128 1.0005114522444096 0.006306838647263518 1.0 1.0065725346239842 1.0065725346239842 -0.006061082379574589
59770.77497950392 4.016 0.019000000000000128 1.0066674435633765 0.0063142303451527515 1.0 1.0065724755516317 1.0065724755516317 9.496801174480041e-05
