eureka_custom_plots/data/stage5_lcfit_results/S5_wasp39b_ap4_bg8_Table_Save_ch43.txt
# %ECSV 1.0
# ---
# datatype:
# - {name: time, datatype: float64}
# - {name: wavelength, datatype: float64}
# - {name: bin_width, datatype: float64}
# - {name: lcdata, datatype: float64}
# - {name: lcerr, datatype: float64}
# - {name: transit, datatype: float64}
# - {name: polynom, datatype: float64}
# - {name: model, datatype: float64}
# - {name: residuals, datatype: float64}
# schema: astropy-2.0
time wavelength bin_width lcdata lcerr transit polynom model residuals
[from data line 11697]
59770.830510434826 4.6675 0.019500000000000295 0.9785793952809838 0.008579225446887054 0.9775997384368401 1.0064014034459787 0.9838577487712576 -0.005278353490273835
59770.830526378246 4.6675 0.019500000000000295 0.9864797173437095 0.008619113145301362 0.9775996755578226 1.0064013452008618 0.9838576285493187 0.0026220887943908533
59770.830542321666 4.6675 0.019500000000000295 0.9789050245965507 0.008567708009321731 0.9775996128781866 1.0064012869557446 0.9838575085280448 -0.004952483931494056
59770.83055826508 4.6675 0.019500000000000295 0.968742717695817 0.00855158276949443 0.9775995503979008 1.006401228710654 0.9838573887074303 -0.015114671011613345
59770.83057420851 4.6675 0.019500000000000295 0.9742084447094843 0.008578961371735671 0.9775994881168109 1.0064011704655105 0.9838572690872424 -0.009648824377758047
59770.83059015193 4.6675 0.019500000000000295 0.9643082564168297 0.008545679368299997 0.9775994260349433 1.0064011122203935 0.9838571496675853 -0.019548893250755595
59770.83060609535 4.6675 0.019500000000000295 0.9785772479637571 0.008602802308606591 0.9775993641522038 1.0064010539752763 0.9838570304483379 -0.0052797824845808305
59770.83062203876 4.6675 0.019500000000000295 0.9972361909394926 0.008647674915226557 0.9775993024685559 1.0064009957301858 0.9838569114294897 0.01337927951000284
59770.83063798219 4.6675 0.019500000000000295 1.0010243095790796 0.008638129830323875 0.9775992409838543 1.0064009374850422 0.9838567926108167 0.017167516968262908
59770.8306539256 4.6675 0.019500000000000295 0.9774892484741394 0.008616658937492918 0.9775991796981465 1.0064008792399517 0.9838566739924701 -0.006367425518330694
59770.83066986902 4.6675 0.019500000000000295 0.981176698287531 0.008586129484457012 0.977599118611288 1.0064008209948347 0.9838565555742271 -0.0026798572866961745
59770.83068581244 4.6675 0.019500000000000295 0.986477950880426 0.008602184452483065 0.9775990577232413 1.0064007627497176 0.9838564373560752 0.0026215135243508048
59770.83070175586 4.6675 0.019500000000000295 0.9832717213688927 0.008613756037761114 0.9775989970339475 1.0064007045046006 0.9838563193379557 -0.000584597969062961
59770.83071769928 4.6675 0.019500000000000295 0.989709992547827 0.008592506931899368 0.9775989365433411 1.0064006462594837 0.9838562015198025 0.005853791028024524
59770.830733642695 4.6675 0.019500000000000295 0.9825819327968177 0.00859546968043534 0.9775988762513914 1.0064005880143931 0.9838560839016103 -0.0012741511047925647
59770.83074958612 4.6675 0.019500000000000295 0.9667260731768036 0.008555151503924578 0.9775988161579514 1.0064005297692495 0.9838559664831535 -0.017129893306349953
59770.830765529536 4.6675 0.019500000000000295 0.9791228599599656 0.008585084835369813 0.9775987562630694 1.006400471524159 0.9838558492645844 -0.00473298930461874
59770.83078147296 4.6675 0.019500000000000295 0.9735667536197016 0.008561870103551304 0.9775986965665764 1.0064004132790154 0.9838557322456293 -0.010288978625927703
59770.830797416376 4.6675 0.019500000000000295 0.9717735628276629 0.008581744033748192 0.9775986370685186 1.0064003550339249 0.9838556154264382 -0.012082052598775261
59770.8308133598 4.6675 0.019500000000000295 0.9863682637855304 0.008610057380247785 0.9775985777687558 1.0064002967888077 0.9838554988067921 0.0025127649787383133
59770.83082930322 4.6675 0.019500000000000295 0.98535312084873 0.008607665556799343 0.9775985186672516 1.0064002385436908 0.9838553823866807 0.0014977384620492584
59770.83084524664 4.6675 0.019500000000000295 0.9835214169305981 0.008603713206755537 0.9775984597639487 1.0064001802985736 0.9838552661660458 -0.00033384923544765854
59770.83086119006 4.6675 0.019500000000000295 0.9946849675296874 0.008626936243565106 0.9775984010587836 1.0064001220534566 0.9838551501448238 0.01082981738486355
59770.83087713348 4.6675 0.019500000000000295 0.9835057309301628 0.008578640667233892 0.9775983425516998 1.0064000638083395 0.9838550343229575 -0.0003493033927947087
59770.8308930769 4.6675 0.019500000000000295 0.9846827242248191 0.008598591004875096 0.9775982842426337 1.0064000055632225 0.9838549187003833 0.0008278055244357319
59770.83090902031 4.6675 0.019500000000000295 0.9778895683152168 0.008590080836542129 0.9775982261315564 1.006399947318132 0.9838548032770977 -0.00596523496188095
59770.83092496374 4.6675 0.019500000000000295 0.9872040848686227 0.008593749922804912 0.9775981682183261 1.0063998890729884 0.98385468805288 0.0033493968157426446
59770.83094090715 4.6675 0.019500000000000295 0.9808332483686497 0.008598371748226648 0.9775981105029891 1.0063998308278979 0.9838545730278808 -0.003021324659231106
59770.83095685057 4.6675 0.019500000000000295 0.9859670800277224 0.00860616060420087 0.9775980529854092 1.006399772582781 0.9838544582018852 0.0021126218258371576
59770.83097279399 4.6675 0.019500000000000295 0.9718719134579139 0.008550417876380573 0.9775979956655515 1.0063997143376637 0.9838543435748837 -0.011982430116969756
59770.83098873741 4.6675 0.019500000000000295 0.9823621235532305 0.008599838979736367 0.9775979385433605 1.0063996560925468 0.9838542291468207 -0.0014921055935902539
59770.83100468083 4.6675 0.019500000000000295 0.9780349068870843 0.008609782078576676 0.9775978816187744 1.0063995978474296 0.9838541149176336 -0.005819208030549361
59770.831020624246 4.6675 0.019500000000000295 0.9910157762969423 0.008609929498480978 0.9775978248917647 1.0063995396023393 0.9838540008873203 0.007161775409621929
59770.83103656767 4.6675 0.019500000000000295 0.9872872528232108 0.008576762782827665 0.9775977683621915 1.0063994813571955 0.9838538870556612 0.003433365767549601
59770.831052511094 4.6675 0.019500000000000295 0.9712146451919893 0.008547263588828355 0.9775977120300788 1.0063994231120785 0.9838537734227593 -0.012639128230769958
59770.83106845451 4.6675 0.019500000000000295 0.9832114252967791 0.008602968302653906 0.9775976558953657 1.006399364866988 0.9838536599885523 -0.0006422346917732691
59770.83108439793 4.6675 0.019500000000000295 0.971496818791339 0.008565727038465233 0.9775975999579462 1.006399306621871 0.9838535467528823 -0.012356727961543301
59770.83110034135 4.6675 0.019500000000000295 0.9901779571365588 0.008652128503072959 0.9775975442177872 1.0063992483767539 0.9838534337157415 0.006324523420817241
59770.83111628477 4.6675 0.019500000000000295 0.9730509695239219 0.008581844536251632 0.9775974886748303 1.006399190131637 0.9838533208770713 -0.010802351353149442
59770.83113222819 4.6675 0.019500000000000295 1.0069836105613732 0.008658172962727714 0.9775974333290222 1.0063991318865197 0.9838532082368178 0.023130402324555432
59770.83114817161 4.6675 0.019500000000000295 0.9854441750058544 0.008616248378038547 0.9775973781803028 1.0063990736414028 0.9838530957949209 0.0015910792109334881
59770.83116411503 4.6675 0.019500000000000295 0.9849974269636548 0.008615014914915927 0.9775973232286193 1.0063990153962856 0.9838529835513268 0.001144443412328
59770.83118005845 4.6675 0.019500000000000295 0.9845196849165863 0.008580145262530392 0.977597268473912 1.0063989571511687 0.9838528715059761 0.0006668134106101453
59770.83119600186 4.6675 0.019500000000000295 0.9859185952715522 0.008610073423769866 0.9775972139161537 1.0063988989060781 0.9838527596588669 0.0020658356126853628
59770.83121194528 4.6675 0.019500000000000295 0.9882269243898736 0.008623841178576817 0.977597159555235 1.006398840660961 0.983852648009837 0.0043742763800366236
59770.8312278887 4.6675 0.019500000000000295 "" "" 0.9775971053911287 1.006398782415844 0.9838525365588854 ""
59770.83124383212 4.6675 0.019500000000000295 0.9770791445065327 0.008572157000057904 0.9775970514237778 1.006398724170727 0.9838524253059546 -0.006773280799421966
59770.83125977554 4.6675 0.019500000000000295 0.9769692868178969 0.008569289858339612 0.977596997653126 1.00639866592561 0.9838523142509876 -0.0068830274330907715
59770.83127571896 4.6675 0.019500000000000295 0.9823015638154109 0.00862303300198036 0.9775969440791211 1.006398607680493 0.9838522033939322 -0.0015506395785213067
59770.83129166238 4.6675 0.019500000000000295 0.9905906267692471 0.008615920227665016 0.9775968907017056 1.0063985494353758 0.9838520927347302 0.006738534034516963
59770.831307605804 4.6675 0.019500000000000295 0.9754569642623849 0.00856142486636327 0.9775968375208282 1.0063984911902588 0.98385198227333 -0.00839501801094511
59770.831323549224 4.6675 0.019500000000000295 0.9976943859966468 0.008609944418016463 0.9775967845364311 1.0063984329451416 0.9838518720096735 0.013842513986973337
59770.831339492644 4.6675 0.019500000000000295 0.9803593986737262 0.008601967282175237 0.9775967317484635 1.0063983747000247 0.9838517619437097 -0.0034923632699834783
59770.83135543606 4.6675 0.019500000000000295 0.9763836827743199 0.008574797754089602 0.9775966791568929 1.0063983164549342 0.9838516520754313 -0.007467969301111488
59770.83137137948 4.6675 0.019500000000000295 0.9779241119096324 0.008604950046907003 0.9775966267616197 1.006398258209817 0.9838515424046866 -0.005927430495054287
59770.8313873229 4.6675 0.019500000000000295 0.9799341885577635 0.008595161439837427 0.9775965745626135 1.0063981999647 0.9838514329314709 -0.00391724437370744
59770.83140326632 4.6675 0.019500000000000295 0.9805394963324985 0.008578601752563562 0.9775965225598195 1.0063981417195829 0.9838513236557287 -0.00331182732323021
59770.83141920974 4.6675 0.019500000000000295 0.9837351489797271 0.008592586068516638 0.9775964707531876 1.006398083474466 0.9838512145774098 -0.00011606559768262414
59770.83143515316 4.6675 0.019500000000000295 0.9812497319110052 0.008573655418220747 0.9775964191426619 1.0063980252293487 0.9838511056964576 -0.0026013737854524432
59770.83145109658 4.6675 0.019500000000000295 1.000609945416997 0.009661513705871556 0.9775963677281928 1.0063979669842318 0.9838509970128227 0.016758948404174245
59770.83146704 4.6675 0.019500000000000295 0.9818515520964651 0.008593322667099178 0.9775963165097248 1.0063979087391148 0.9838508885264489 -0.0019993364299837335
59770.83148298341 4.6675 0.019500000000000295 0.9828726717784222 0.008608949029996534 0.9775962654872323 1.0063978504940243 0.9838507802373362 -0.0009781084589139954
59770.83149892683 4.6675 0.019500000000000295 0.9907119217607401 0.008623469912563712 0.9775962146606129 1.0063977922489071 0.9838506721453295 0.0068612496154105695
59770.83151487026 4.6675 0.019500000000000295 0.9950720485528148 0.009648238403709987 0.977596164029818 1.0063977340037635 0.9838505642503803 0.011221484302434526
59770.83153081367 4.6675 0.019500000000000295 1.00327188056959 0.00862717505206393 0.9775961135948633 1.006397675758673 0.9838504565525821 0.01942142401700786
59770.831546757094 4.6675 0.019500000000000295 0.9725885373177113 0.008565779021502525 0.97759606335563 1.006397617513556 0.9838503490517374 -0.011261811734026073
59770.831562700514 4.6675 0.019500000000000295 0.9978768131203632 0.008627786017829564 0.9775960133120887 1.0063975592684389 0.9838502417478423 0.014026571372520946
59770.831578643934 4.6675 0.019500000000000295 0.9897075400498356 0.008626479912525575 0.9775959634641871 1.006397501023322 0.9838501346408446 0.0058574054089910454
59770.831594587355 4.6675 0.019500000000000295 1.0019868945774217 0.008665626096709036 0.9775959138118772 1.0063974427782048 0.9838500277306954 0.01813686684672633
59770.831610530775 4.6675 0.019500000000000295 0.9823081460764927 0.008590933194614105 0.9775958643551054 1.0063973845330878 0.9838499210173414 -0.001541774940848617
59770.831626474195 4.6675 0.019500000000000295 0.9744280446804146 0.008598360980898185 0.9775958150938241 1.0063973262879706 0.9838498145007339 -0.009421769820319392
59770.83164241761 4.6675 0.019500000000000295 0.9755142136322598 0.008576525172064435 0.9775957660280031 1.0063972680428803 0.9838497081808691 -0.008335494548609379
59770.83165836103 4.6675 0.019500000000000295 0.9794123282574754 0.008574972514558018 0.9775957171575496 1.0063972097977631 0.9838496020576011 -0.004437273800125707
59770.83167430445 4.6675 0.019500000000000295 0.9835436370319465 0.008622109463118845 0.9775956684824337 1.0063971515526462 0.9838494961309263 -0.00030585909897984376
59770.83169024787 4.6675 0.019500000000000295 1.0006406751615553 0.008671606713191907 0.9775956200026087 1.006397093307529 0.9838493904007971 0.016791284760758196
59770.83170619129 4.6675 0.019500000000000295 0.9792889981791655 0.008598672999496803 0.9775955717180236 1.006397035062412 0.9838492848671625 -0.004560286687997017
59770.83172213471 4.6675 0.019500000000000295 0.9854140905620389 0.008617517425264102 0.977595523628628 1.006396976817295 0.9838491795299716 0.00156491103206724
59770.83173807813 4.6675 0.019500000000000295 0.9821923836829887 0.00858584555930672 0.9775954757343754 1.006396918572178 0.9838490743891778 -0.0016566907061891234
59770.83175402155 4.6675 0.019500000000000295 0.9936922445860152 0.008632019021661863 0.9775954280352145 1.0063968603270608 0.983848969444729 0.009843275141286245
59770.83176996496 4.6675 0.019500000000000295 0.9841565299014026 0.008587815063178784 0.9775953805311212 1.0063968020819705 0.9838488646966274 0.0003076652047752093
59770.83178590838 4.6675 0.019500000000000295 0.9878614154628558 0.00860525904552171 0.9775953332220003 1.0063967438368533 0.9838487601447247 0.004012655318131109
59770.83180185181 4.6675 0.019500000000000295 0.978553245094017 0.008567357237983058 0.9775952861078068 1.0063966855917097 0.9838486557889758 -0.005295410694958869
59770.831817795224 4.6675 0.019500000000000295 0.9900392984952393 0.008607278765372813 0.977595239188555 1.0063966273466192 0.9838485516294732 0.00619074686576615
59770.831833738644 4.6675 0.019500000000000295 0.9719209195564844 0.00857945496862168 0.9775951924641346 1.0063965691015022 0.9838484476660279 -0.01192752810954345
59770.831849682065 4.6675 0.019500000000000295 0.9771820479106105 0.008610462574145545 0.9775951459345186 1.006396510856385 0.9838483438986381 -0.006666295988027593
59770.831865625485 4.6675 0.019500000000000295 0.9751838674243442 0.008586766518077804 0.9775950995996578 1.006396452611268 0.9838482403272549 -0.008664372902910777
59770.831881568905 4.6675 0.019500000000000295 0.9642224466898307 0.008560420687201722 0.9775950534595081 1.006396394366151 0.9838481369518336 -0.019625690262002893
59770.831897512326 4.6675 0.019500000000000295 0.9835727083227894 0.00857440924093586 0.9775950075140197 1.006396336121034 0.9838480337723241 -0.0002753254495346802
59770.831913455746 4.6675 0.019500000000000295 0.9823500673512879 0.00860605839826626 0.9775949617631483 1.0063962778759168 0.9838479307886816 -0.001497863437393665
59770.83192939916 4.6675 0.019500000000000295 0.9763148859605704 0.008570017172730501 0.9775949162068658 1.0063962196308263 0.9838478280009041 -0.007532942040333723
59770.83194534258 4.6675 0.019500000000000295 0.9845886057922362 0.009623337403168276 0.9775948708450862 1.0063961613857093 0.983847725408853 0.0007408803833831579
59770.831961286 4.6675 0.019500000000000295 0.9739569071099077 0.008583681838057492 0.9775948256777819 1.0063961031405924 0.9838476230125264 -0.009890715902618696
59770.83197722943 4.6675 0.019500000000000295 0.9719979248259254 0.008564391688872419 0.9775947807048886 1.0063960448954485 0.9838475208118332 -0.011849595985907846
59770.83199317284 4.6675 0.019500000000000295 0.9930646633310727 0.008641513997563004 0.9775947359264215 1.0063959866503582 0.9838474188068674 0.009217244524205248
59770.83200911626 4.6675 0.019500000000000295 0.9813281518593833 0.00855554917988471 0.9775946913422715 1.006395928405241 0.9838473169974404 -0.0025191651380571667
59770.83202505968 4.6675 0.019500000000000295 0.986978824209705 0.008584403251064533 0.9775946469524165 1.006395870160124 0.9838472153835565 0.003131608826148491
