eureka_custom_plots/data/stage5_lcfit_results/S5_wasp39b_ap4_bg8_Table_Save_ch30.txt
# %ECSV 1.0
# ---
# datatype:
# - {name: time, datatype: float64}
# - {name: wavelength, datatype: float64}
# - {name: bin_width, datatype: float64}
# - {name: lcdata, datatype: float64}
# - {name: lcerr, datatype: float64}
# - {name: transit, datatype: float64}
# - {name: polynom, datatype: float64}
# - {name: model, datatype: float64}
# - {name: residuals, datatype: float64}
# schema: astropy-2.0
time wavelength bin_width lcdata lcerr transit polynom model residuals
[from data line 11875]
59770.8333483635 4.1690000000000005 0.018999999999999684 0.9938512686321125 0.006697435488820304 0.9777926074401107 1.006333925432576 0.9839858729041604 0.009865395727952087
59770.83336430691 4.1690000000000005 0.018999999999999684 "" "" 0.9777925769278701 1.0063338814120368 0.9839857991557012 ""
59770.83338025034 4.1690000000000005 0.018999999999999684 0.9896703471354087 0.006677061910360463 0.9777925466191925 1.0063338373914574 0.9839857256120574 0.005684621523351252
59770.83339619375 4.1690000000000005 0.018999999999999684 0.9768156187097694 0.006661659279981971 0.9777925165141046 1.0063337933709182 0.9839856522733351 -0.007170033563565714
59770.83341213717 4.1690000000000005 0.018999999999999684 0.9876205558300185 0.007755658642110103 0.9777924866125384 1.0063337493503588 0.9839855791394062 0.0036349766906123016
59770.833428080594 4.1690000000000005 0.018999999999999684 0.9831856981949654 0.006666738598521996 0.977792456914479 1.0063337053297996 0.9839855062102761 -0.0007998080153107656
59770.83344402401 4.1690000000000005 0.018999999999999684 0.982757747141324 0.006676936209890054 0.9777924274199118 1.0063336613092604 0.9839854334859491 -0.0012276863446251118
59770.833459967434 4.1690000000000005 0.018999999999999684 0.9827670334118962 0.006683608011281007 0.97779239812877 1.006333617288681 0.9839853609662992 -0.001218327554402987
59770.833475910855 4.1690000000000005 0.018999999999999684 0.9774163118710254 0.0066549909017963255 0.9777923690410663 1.0063335732681216 0.983985288651398 -0.006568976780372604
59770.833491854275 4.1690000000000005 0.018999999999999684 0.9793696044767546 0.00666666827839313 0.9777923401567592 1.0063335292475621 0.9839852165411843 -0.0046156120644297305
59770.83350779769 4.1690000000000005 0.018999999999999684 0.9822083836684445 0.006657633010742528 0.9777923114758367 1.006333485227023 0.9839851446356654 -0.0017767609672209028
59770.833523741116 4.1690000000000005 0.018999999999999684 0.9974133894962974 0.006709797505124631 0.9777922829982316 1.0063334412064435 0.9839850729347152 0.013428316561582276
59770.83353968453 4.1690000000000005 0.018999999999999684 0.9852459496320218 0.006690217639891767 0.9777922547239695 1.0063333971859043 0.9839850014384373 0.0012609481935845768
59770.83355562795 4.1690000000000005 0.018999999999999684 0.9788522607950364 0.006655267293462521 0.977792226652986 1.0063333531653451 0.9839849301467086 -0.0051326693516722255
59770.83357157137 4.1690000000000005 0.018999999999999684 0.9967562873814976 0.0067094240481371465 0.9777921987852666 1.0063333091447857 0.9839848590595334 0.012771428321964207
59770.83358751479 4.1690000000000005 0.018999999999999684 0.9870391712712445 0.006677187622762378 0.9777921711207872 1.0063332651242265 0.9839847881768882 0.00305438309435635
59770.83360345821 4.1690000000000005 0.018999999999999684 0.9990526368077719 0.007763233541451586 0.9777921436595208 1.006333221103667 0.9839847174987452 0.015067919309026734
59770.83361940162 4.1690000000000005 0.018999999999999684 0.981103136833867 0.006667928526038008 0.9777921164014541 1.0063331770831279 0.9839846470251109 -0.002881510191243941
59770.83363534505 4.1690000000000005 0.018999999999999684 0.986699149463267 0.006671519562949291 0.9777920893465253 1.0063331330625485 0.9839845767558641 0.002714572707402829
59770.83365128847 4.1690000000000005 0.018999999999999684 0.9907543382751849 0.006694026945007681 0.9777920624947463 1.006333089041989 0.9839845066910756 0.006769831584109265
59770.83366723189 4.1690000000000005 0.018999999999999684 0.9929108850997798 0.006684813966253152 0.9777920358460793 1.0063330450214298 0.983984436830688 0.008926448269091725
59770.833683175304 4.1690000000000005 0.018999999999999684 0.9816126933491673 0.006668478049596646 0.9777920094005111 1.0063330010008906 0.9839843671747074 -0.002371673825540044
59770.833699118724 4.1690000000000005 0.018999999999999684 0.9768847418002898 0.006666088415161942 0.9777919831579943 1.0063329569803312 0.9839842977230466 -0.007099555922756795
59770.833715062145 4.1690000000000005 0.018999999999999684 0.9824656436340685 0.006670535468268915 0.9777919571185151 1.006332912959772 0.9839842284757118 -0.0015185848416432446
59770.833731005565 4.1690000000000005 0.018999999999999684 0.9879683874398085 0.006670037510992769 0.9777919312820507 1.0063328689392126 0.9839841594326795 0.003984228007129054
59770.833746948985 4.1690000000000005 0.018999999999999684 0.9771214125348574 0.006670209460693783 0.9777919056485763 1.0063328249186534 0.9839840905939252 -0.006862678059067817
59770.833762892406 4.1690000000000005 0.018999999999999684 0.9887599750113478 0.0066693118105109195 0.9777918802180675 1.006332780898094 0.9839840219594239 0.004775953051923909
59770.833778835826 4.1690000000000005 0.018999999999999684 0.9830855439698922 0.006665944284590065 0.977791854990502 1.0063327368775348 0.9839839535291535 -0.0008984095592612373
59770.83379477924 4.1690000000000005 0.018999999999999684 0.9768949165557852 0.006658693909902799 0.9777918299658672 1.0063326928569956 0.9839838853031206 -0.007088968747335445
59770.83381072266 4.1690000000000005 0.018999999999999684 0.976099121246909 0.006653178782543566 0.9777918051441158 1.0063326488364361 0.9839838172812385 -0.007884696034329508
59770.83382666608 4.1690000000000005 0.018999999999999684 0.9752909688809686 0.006649240112145996 0.977791780525238 1.0063326048158767 0.9839837494635167 -0.008692780582548187
59770.8338426095 4.1690000000000005 0.018999999999999684 0.9799971552398817 0.006660222382937383 0.9777917561092099 1.0063325607953175 0.9839836818499317 -0.003986526610049945
59770.83385855292 4.1690000000000005 0.018999999999999684 0.9807867581037698 0.006670317579598616 0.9777917318960083 1.006332516774758 0.9839836144404596 -0.0031968563366897573
59770.83387449634 4.1690000000000005 0.018999999999999684 0.9936017121744573 0.0066953719164014715 0.9777917078856119 1.006332472754199 0.9839835472350791 0.009618164939378171
59770.83389043976 4.1690000000000005 0.018999999999999684 0.9819065274769209 0.006664165408113622 0.9777916840779978 1.0063324287336395 0.983983480233767 -0.002076952756846162
59770.83390638317 4.1690000000000005 0.018999999999999684 0.9881730204837561 0.0066992795217053315 0.977791660473154 1.0063323847131003 0.9839834134365312 0.00418960704722493
59770.8339223266 4.1690000000000005 0.018999999999999684 0.9855483816923709 0.006666324287185522 0.9777916370710275 1.0063323406925209 0.9839833468432589 0.001565034849111968
59770.83393827002 4.1690000000000005 0.018999999999999684 0.9895843220573302 0.0066850073646768276 0.9777916138716282 1.0063322966719617 0.9839832804540195 0.0056010416033106525
59770.833954213434 4.1690000000000005 0.018999999999999684 0.9956992733454233 0.006692411369934938 0.9777915908749335 1.0063322526514225 0.9839832142687899 0.011716059076633423
59770.833970156855 4.1690000000000005 0.018999999999999684 0.9931505016756184 0.0066877044221967975 0.9777915680809024 1.006332208630863 0.9839831482874893 0.009167353388129018
59770.833986100275 4.1690000000000005 0.018999999999999684 0.9897063859599082 0.006679637067709803 0.9777915454895234 1.0063321646103038 0.9839830825101264 0.00572330344978178
59770.834002043695 4.1690000000000005 0.018999999999999684 0.9847629183773476 0.006672108312975038 0.9777915231007751 1.0063321205897444 0.9839830169366791 0.000779901440668529
59770.834017987116 4.1690000000000005 0.018999999999999684 0.9924743533725205 0.0066844707145567684 0.9777915009146378 1.006332076569185 0.9839829515671277 0.008491401805392873
59770.834033930536 4.1690000000000005 0.018999999999999684 0.9830530931948198 0.0066583525290512405 0.9777914789310903 1.0063320325486258 0.9839828864014509 -0.0009297932066311132
59770.834049873956 4.1690000000000005 0.018999999999999684 0.9687915973678473 0.006635789744330406 0.9777914571501116 1.0063319885280664 0.9839828214396275 -0.015191224071780196
59770.83406581738 4.1690000000000005 0.018999999999999684 0.9785910361942682 0.006676802696713766 0.9777914355716826 1.0063319445075072 0.9839827566816383 -0.005391720487370022
59770.83408176079 4.1690000000000005 0.018999999999999684 0.9854584022553257 0.006659310705885789 0.9777914141957917 1.006331900486968 0.9839826921274911 0.0014757101278345397
59770.83409770421 4.1690000000000005 0.018999999999999684 0.9936375491524231 0.006679564007159464 0.9777913930224008 1.0063318564664085 0.9839826277771083 0.009654921375314762
59770.83411364763 4.1690000000000005 0.018999999999999684 0.9833265466856358 0.006673151985081462 0.9777913720514991 1.0063318124458493 0.983982563630499 -0.0006560169448631692
59770.83412959105 4.1690000000000005 0.018999999999999684 0.9755271061881332 0.006662022476592824 0.977791351283067 1.00633176842529 0.9839824996876427 -0.008455393499509523
59770.83414553447 4.1690000000000005 0.018999999999999684 0.979664653392219 0.006657158935644147 0.9777913307170861 1.0063317244047307 0.9839824359485216 -0.004317782556302663
59770.83416147789 4.1690000000000005 0.018999999999999684 0.9798474282560777 0.0066618460679861696 0.9777913103535367 1.0063316803841713 0.9839823724131154 -0.004134944157037634
59770.83417742131 4.1690000000000005 0.018999999999999684 0.9709355831485595 0.006657601394158529 0.9777912901923994 1.006331636363612 0.9839823090814046 -0.01304672593284506
59770.83419336473 4.1690000000000005 0.018999999999999684 0.9835643090864238 0.006662629942167224 0.9777912702336565 1.0063315923430527 0.9839822459533717 -0.00041793686694791
59770.834209308145 4.1690000000000005 0.018999999999999684 0.9805950439522086 0.00666758476620398 0.9777912504772979 1.0063315483225135 0.9839821830290257 -0.0033871390768170917
59770.83422525157 4.1690000000000005 0.018999999999999684 0.9923366188698431 0.0066839061571096715 0.9777912309232782 1.006331504301934 0.9839821203082624 0.00835449856158077
59770.834241194985 4.1690000000000005 0.018999999999999684 0.9861199468645471 0.006676349016032808 0.9777912115716146 1.0063314602813949 0.9839820577911773 0.0021378890733697586
59770.834257138406 4.1690000000000005 0.018999999999999684 0.9924662903126196 0.006702330039059516 0.9777911924222633 1.0063314162608354 0.9839819954776673 0.008484294834952277
59770.834273081826 4.1690000000000005 0.018999999999999684 0.9769855289088084 0.0066481766817035525 0.9777911734752145 1.0063313722402762 0.9839819333677426 -0.006996404458934236
59770.834289025246 4.1690000000000005 0.018999999999999684 0.983084257711714 0.006670447222508079 0.9777911547304515 1.0063313282197168 0.9839818714613859 -0.0008976137496718994
59770.83430496867 4.1690000000000005 0.018999999999999684 0.9855113931821358 0.0066556985286456705 0.9777911361879565 1.0063312841991576 0.9839818097585797 0.0015295834235560246
59770.83432091209 4.1690000000000005 0.018999999999999684 0.9798555213813437 0.006666137935182231 0.9777911178477117 1.0063312401785982 0.9839817482593055 -0.004126226877961825
59770.83433685551 4.1690000000000005 0.018999999999999684 0.993311703533612 0.006688034071955788 0.977791099709701 1.006331196158039 0.9839816869635478 0.009330016570064159
59770.83435279892 4.1690000000000005 0.018999999999999684 0.9928394850843698 0.0067082962682852 0.9777910817739153 1.0063311521374996 0.9839816258713162 0.008857859213053598
59770.83436874234 4.1690000000000005 0.018999999999999684 0.9933287349441469 0.006691718514510833 0.9777910640403209 1.0063311081169404 0.9839815649825383 0.009347169961608559
59770.83438468576 4.1690000000000005 0.018999999999999684 0.9782468410378475 0.006651482172282412 0.9777910465089106 1.006331064096381 0.9839815042972259 -0.005734663259378325
59770.83440062919 4.1690000000000005 0.018999999999999684 0.9891681794151191 0.006679395709486067 0.9777910291796598 1.0063310200758016 0.9839814438153348 0.005186735599784331
59770.8344165726 4.1690000000000005 0.018999999999999684 0.9706443088297315 0.006640609597268954 0.9777910120525755 1.0063309760552623 0.9839813835369311 -0.013337074707199581
59770.83443251602 4.1690000000000005 0.018999999999999684 0.9805092563131256 0.00665908818274725 0.977790995127619 1.0063309320347031 0.9839813234619167 -0.0034720671487911137
59770.83444845944 4.1690000000000005 0.018999999999999684 0.973282761272268 0.006644087782470443 0.9777909784047824 1.0063308880141437 0.983981263590303 -0.010698502318035041
59770.83446440286 4.1690000000000005 0.018999999999999684 0.986575665872187 0.0066596321950770036 0.977790961884049 1.0063308439935845 0.9839812039220739 0.002594461950113147
59770.83448034628 4.1690000000000005 0.018999999999999684 0.996696750362177 0.006702309721970018 0.977790945565405 1.006330799973025 0.9839811444572146 0.012715605904962346
59770.834496289695 4.1690000000000005 0.018999999999999684 0.992261127123661 0.006689354009666261 0.9777909294488413 1.006330755952486 0.9839810851957362 0.008280041927924753
59770.83451223312 4.1690000000000005 0.018999999999999684 0.9905268038588441 0.0066934696541839376 0.9777909135343219 1.0063307119319065 0.9839810261375433 0.006545777721300716
59770.834528176536 4.1690000000000005 0.018999999999999684 0.9968232649741002 0.006693777262034475 0.9777908978218608 1.0063306679113673 0.9839809672827287 0.012842297691371574
59770.834544119956 4.1690000000000005 0.018999999999999684 0.9787933238643982 0.00665477517955399 0.9777908823114212 1.0063306238908079 0.9839809086311959 -0.005187584766797704
59770.83456006338 4.1690000000000005 0.018999999999999684 0.9811767428893104 0.0066635261223233315 0.9777908670029968 1.0063305798702487 0.9839808501829589 -0.002804107293648439
59770.8345760068 4.1690000000000005 0.018999999999999684 0.9862730049040749 0.00668361021132696 0.9777908518965727 1.0063305358496892 0.9839807919380021 0.0022922129660727375
59770.83459195022 4.1690000000000005 0.018999999999999684 0.991599431610463 0.006704867599168678 0.9777908369921352 1.00633049182913 0.9839807338963121 0.007618697714150913
59770.83460789363 4.1690000000000005 0.018999999999999684 0.9954109772019204 0.006694070963519276 0.9777908222896767 1.0063304478085908 0.9839806760579006 0.011430301144019772
59770.83462383706 4.1690000000000005 0.018999999999999684 0.9931505151196959 0.006699249949013069 0.977790807789164 1.0063304037880114 0.9839806184226754 0.009169896697020508
59770.83463978047 4.1690000000000005 0.018999999999999684 0.98637879223288 0.0066863566356833186 0.9777907934906098 1.0063303597674722 0.9839805609907275 0.0023982312421525487
59770.8346557239 4.1690000000000005 0.018999999999999684 0.9680399780297768 0.006638441434510033 0.977790779393975 1.0063303157468928 0.9839805037619392 -0.015940525732162425
59770.83467166731 4.1690000000000005 0.018999999999999684 0.9818393855540307 0.006682572292512405 0.9777907654992722 1.0063302717263536 0.983980446736402 -0.002141061182371229
59770.83468761074 4.1690000000000005 0.018999999999999684 0.98522662331581 0.006674303088947035 0.9777907518064629 1.0063302277057742 0.9839803899139979 0.001246233401812069
59770.83470355415 4.1690000000000005 0.018999999999999684 0.9876326079697477 0.006687799595025385 0.9777907383155593 1.0063301836852347 0.983980333294818 0.0036522746749296786
59770.83471949757 4.1690000000000005 0.018999999999999684 0.9790810371367447 0.006664948012944237 0.9777907250265307 1.0063301396646755 0.9839802768787731 -0.004899239742028438
59770.83473544099 4.1690000000000005 0.018999999999999684 0.9754434447186278 0.006651583915310962 0.9777907119393703 1.0063300956441161 0.9839802206658749 -0.00853677594724711
59770.834751384406 4.1690000000000005 0.018999999999999684 0.9810113148942354 0.0066567574017635306 0.9777906990540726 1.006330051623577 0.9839801646561382 -0.0029688497619028142
59770.83476732783 4.1690000000000005 0.018999999999999684 0.9872785899963443 0.006687121138314914 0.9777906863706076 1.0063300076029975 0.9839801088494737 0.003298481146870591
