eureka_custom_plots/data/stage5_lcfit_results/S5_wasp39b_ap4_bg8_Table_Save_ch44.txt
# %ECSV 1.0
# ---
# datatype:
# - {name: time, datatype: float64}
# - {name: wavelength, datatype: float64}
# - {name: bin_width, datatype: float64}
# - {name: lcdata, datatype: float64}
# - {name: lcerr, datatype: float64}
# - {name: transit, datatype: float64}
# - {name: polynom, datatype: float64}
# - {name: model, datatype: float64}
# - {name: residuals, datatype: float64}
# schema: astropy-2.0
time wavelength bin_width lcdata lcerr transit polynom model residuals
[from data line 9899]
59770.80184416636 4.7059999999999995 0.018999999999999684 0.9777995221075396 0.00997432281044357 0.97861420790439 1.0064238108695684 0.9849006404902404 -0.007101118382700777
59770.80186010977 4.7059999999999995 0.018999999999999684 0.9920856135557445 0.00996499483496672 0.9786130385814363 1.006423755164977 0.9848994091425377 0.0071862044132068315
59770.80187605319 4.7059999999999995 0.018999999999999684 0.972157863464177 0.009905051011364348 0.9786118706207307 1.0064236994603601 0.9848981791659391 -0.01274031570176215
59770.80189199661 4.7059999999999995 0.018999999999999684 0.9969653624662258 0.00997533594962153 0.9786107040204055 1.0064236437557434 0.9848969505585898 0.012068411907635967
59770.80190794003 4.7059999999999995 0.018999999999999684 0.9887563387821042 0.009955884637929664 0.9786095387780595 1.0064235880511265 0.9848957233180726 0.0038606154640316026
59770.80192388345 4.7059999999999995 0.018999999999999684 0.9909041410317929 0.009994067926476318 0.9786083748914 1.0064235323465098 0.9848944974420802 0.0060096435897126765
59770.801939826866 4.7059999999999995 0.018999999999999684 0.9775959322096756 0.009961509330251847 0.9786072123585448 1.0064234766419184 0.9848932729287427 -0.00729734071906718
59770.801955770294 4.7059999999999995 0.018999999999999684 0.9715490919391234 0.009901618042018032 0.9786060511756028 1.0064234209372762 0.9848920497740694 -0.01334295783494599
59770.80197171371 4.7059999999999995 0.018999999999999684 0.9867955173479773 0.009971459208165617 0.9786048913423516 1.0064233652326848 0.9848908279779354 0.0019046893700419565
59770.80198765713 4.7059999999999995 0.018999999999999684 0.9776838507149851 0.009925073550352699 0.9786037328548497 1.006423309528068 0.9848896075362991 -0.007205756821313969
59770.80200360055 4.7059999999999995 0.018999999999999684 0.9805469887191502 0.009944159982888437 0.9786025757112764 1.006423253823451 0.9848883884473528 -0.004341399728202577
59770.80201954397 4.7059999999999995 0.018999999999999684 0.9862795802823493 0.009965587376756284 0.9786014199093829 1.0064231981188343 0.9848871707088334 0.0013924095735159403
59770.80203548739 4.7059999999999995 0.018999999999999684 0.9870726459632567 0.009948878743874566 0.9786002654468262 1.0064231424142174 0.9848859543183821 0.0021866916448746165
59770.80205143081 4.7059999999999995 0.018999999999999684 0.9896198015434572 0.009966657662501748 0.9785991123212711 1.0064230867096007 0.9848847392736488 0.004735062269808354
59770.80206737423 4.7059999999999995 0.018999999999999684 0.9703657836488983 0.009893248848502635 0.9785979605304891 1.0064230310049838 0.9848835255723903 -0.014517741923492089
59770.80208331765 4.7059999999999995 0.018999999999999684 0.9870861929819404 0.009955761646370654 0.978596810072159 1.006422975300367 0.9848823132122705 0.0022038797696699586
59770.80209926106 4.7059999999999995 0.018999999999999684 0.9887358551410566 0.009949663929296429 0.9785956609444982 1.0064229195957755 0.9848811021915195 0.003854752949537077
59770.80211520449 4.7059999999999995 0.018999999999999684 0.9872613157135505 0.00993791988866145 0.9785945131437052 1.0064228638911332 0.984879892506237 0.0023814232073134933
59770.80213114791 4.7059999999999995 0.018999999999999684 1.007231308322688 0.010014056123650387 0.9785933666690738 1.0064228081865165 0.9848786841557867 0.022352624166901314
59770.80214709133 4.7059999999999995 0.018999999999999684 0.9886102829464025 0.009944653435516737 0.9785922215178129 1.0064227524818996 0.9848774771373341 0.003732805809068429
59770.80216303474 4.7059999999999995 0.018999999999999684 0.9915447746360218 0.010000576595463715 0.9785910776881652 1.0064226967773082 0.9848762714491356 0.0066685031868861655
59770.80217897817 4.7059999999999995 0.018999999999999684 0.96484643123225 0.009905219933922238 0.9785899351763636 1.006422641072666 0.9848750670873249 -0.02002863585507486
59770.80219492158 4.7059999999999995 0.018999999999999684 0.9952667841816494 0.009977094217255875 0.9785887939822177 1.0064225853680746 0.9848738640518097 0.010392920129839722
59770.80221086501 4.7059999999999995 0.018999999999999684 0.9714798659248531 0.009934278414409952 0.9785876541014487 1.0064225296634324 0.9848726623381839 -0.013392796413330799
59770.802226808424 4.7059999999999995 0.018999999999999684 0.9824838142186157 0.009942077279130756 0.9785865155339074 1.006422473958841 0.9848714619463969 -0.002387647727781106
59770.80224275185 4.7059999999999995 0.018999999999999684 0.9769354439987491 0.009903132692914724 0.9785853782752675 1.0064224182541988 0.9848702628719945 -0.00793481887324543
59770.802258695265 4.7059999999999995 0.018999999999999684 0.9729105590051641 0.009885850251875232 0.978584242325389 1.0064223625496074 0.9848690651149354 -0.011958506109771339
59770.80227463868 4.7059999999999995 0.018999999999999684 0.9883252230524907 0.009978097267490901 0.9785831076810788 1.006422306845016 0.984867868671956 0.0034573543805347384
59770.802290582105 4.7059999999999995 0.018999999999999684 0.9983509558931436 0.009952777363756268 0.9785819743390571 1.0064222511403738 0.9848666735397054 0.013484282353438237
59770.80230652552 4.7059999999999995 0.018999999999999684 0.9704516893308702 0.009888499375339208 0.9785808422991961 1.0064221954357824 0.9848654797181541 -0.014413790387283854
59770.802322468946 4.7059999999999995 0.018999999999999684 0.9748644676693804 0.009925483050714532 0.978579711557281 1.0064221397311401 0.9848642872029606 -0.009999819533580201
59770.80233841236 4.7059999999999995 0.018999999999999684 0.9786985691640228 0.00991619969590701 0.9785785821131594 1.0064220840265485 0.9848630959940708 -0.006164526830048089
59770.80235435579 4.7059999999999995 0.018999999999999684 0.9825174839431691 0.009973038477278385 0.9785774539626341 1.0064220283219063 0.9848619060871611 -0.0023444221439919977
59770.8023702992 4.7059999999999995 0.018999999999999684 0.9838689490730552 0.009946619494161427 0.9785763271055944 1.006421972617315 0.9848607174822192 -0.000991768409163929
59770.80238624263 4.7059999999999995 0.018999999999999684 0.9815717442864706 0.00992642173839591 0.9785752015377948 1.0064219169126727 0.9848595301748724 -0.0032877858884017286
59770.80240218604 4.7059999999999995 0.018999999999999684 1.0001952613204126 0.010000566851317425 0.9785740772591327 1.0064218612080813 0.9848583441651171 0.015336917155295504
59770.80241812947 4.7059999999999995 0.018999999999999684 0.9615987907735778 0.009899858808994626 0.9785729542654462 1.006421805503439 0.9848571594486647 -0.023258368675086905
59770.80243407288 4.7059999999999995 0.018999999999999684 0.9945292643314536 0.009964498441241988 0.9785718325566406 1.0064217497988477 0.9848559760255192 0.009673288305934391
59770.8024500163 4.7059999999999995 0.018999999999999684 0.9893697041698921 0.009965390695437289 0.9785707121289916 1.0064216940942308 0.9848547938918576 0.004514910278034523
59770.80246595972 4.7059999999999995 0.018999999999999684 0.9905214227537622 0.00995683222955398 0.9785695929809556 1.006421638389614 0.9848536130461512 0.005667809707611049
59770.80248190314 4.7059999999999995 0.018999999999999684 0.9759200416475604 0.009881594889981348 0.9785684751103793 1.0064215826849972 0.9848524334862321 -0.008932391838671672
59770.80249784656 4.7059999999999995 0.018999999999999684 0.9599632935339427 0.009876531672305459 0.978567358515115 1.0064215269803805 0.9848512552099394 -0.024887961675996717
59770.80251378998 4.7059999999999995 0.018999999999999684 0.9782875216259471 0.009949027086962133 0.9785662431931186 1.0064214712757635 0.984850078215215 -0.006562556589267854
59770.8025297334 4.7059999999999995 0.018999999999999684 0.978789827803367 0.009930829229589768 0.9785651291422556 1.0064214155711468 0.984848902499911 -0.006059074696543987
59770.80254567682 4.7059999999999995 0.018999999999999684 0.9883821792070059 0.009932095694247552 0.9785640163604292 1.00642135986653 0.9848477280619164 0.0035344511450894345
59770.802561620236 4.7059999999999995 0.018999999999999684 0.9666050732525044 0.009893514051581159 0.9785629048460315 1.0064213041619385 0.984846554899638 -0.018241481647133573
59770.802577563656 4.7059999999999995 0.018999999999999684 0.9822532385930347 0.00991088519306553 0.9785617945960139 1.0064212484573216 0.9848453830099574 -0.0025921444169226815
59770.802593507084 4.7059999999999995 0.018999999999999684 0.984869051869208 0.009933475706502432 0.9785606856082684 1.0064211927526794 0.9848442123907531 2.4839478454885544e-05
59770.8026094505 4.7059999999999995 0.018999999999999684 1.008242725678749 0.01157441887011342 0.9785595778822296 1.006421137048088 0.9848430430415305 0.023399682637218477
59770.80262539392 4.7059999999999995 0.018999999999999684 0.9750559073221199 0.00992956798844374 0.9785584714143574 1.0064210813434713 0.9848418749586519 -0.009785967636532056
59770.80264133734 4.7059999999999995 0.018999999999999684 0.9947971870696589 0.010008507526219738 0.9785573662030408 1.0064210256388544 0.9848407081405204 0.009956478929138535
59770.80265728076 4.7059999999999995 0.018999999999999684 0.9731229215063999 0.009946121015860473 0.9785562622462902 1.0064209699342377 0.9848395425851336 -0.011716621078733724
59770.80267322418 4.7059999999999995 0.018999999999999684 0.979214172799773 0.009929858788957033 0.978555159542026 1.0064209142296208 0.9848383782903982 -0.005624205490625256
59770.8026891676 4.7059999999999995 0.018999999999999684 0.9876134980952618 0.009957029779042639 0.9785540580882064 1.0064208585250038 0.9848372152542592 0.0027762828410026197
59770.80270511102 4.7059999999999995 0.018999999999999684 1.0054493164139222 0.009980295414218767 0.9785529578827639 1.0064208028203872 0.9848360534746357 0.02061326293928656
59770.80272105444 4.7059999999999995 0.018999999999999684 0.9800705686631573 0.009933027180593633 0.9785518589237321 1.0064207471157702 0.9848348929495483 -0.004764324286390953
59770.80273699785 4.7059999999999995 0.018999999999999684 0.9859478196339807 0.009936634546537216 0.9785507612095312 1.0064206914111788 0.9848337336774318 0.001114085956548938
59770.80275294128 4.7059999999999995 0.018999999999999684 0.9789982179140188 0.009907910798752955 0.9785496647366839 1.0064206357065366 0.9848325756547117 -0.005834357740692964
59770.80276888469 4.7059999999999995 0.018999999999999684 0.9997203181114112 0.009954398511518017 0.9785485695051753 1.0064205800019452 0.9848314188814724 0.014888899229938746
59770.80278482812 4.7059999999999995 0.018999999999999684 0.9834879260703043 0.00992576979028302 0.9785474755109721 1.006420524297303 0.9848302633535548 -0.0013423372832505054
59770.80280077153 4.7059999999999995 0.018999999999999684 0.993765455832841 0.00999234505554893 0.9785463827540664 1.0064204685927116 0.9848291090710504 0.00893634676179067
59770.80281671496 4.7059999999999995 0.018999999999999684 0.9844024571347184 0.009952077740918216 0.9785452912305045 1.0064204128880694 0.9848279560298804 -0.0004254988951619687
59770.80283265837 4.7059999999999995 0.018999999999999684 0.9759610996331636 0.009939382594821442 0.9785442009402855 1.006420357183478 0.9848268042301432 -0.008865704596979662
59770.802848601794 4.7059999999999995 0.018999999999999684 0.999844361338285 0.010021377884226735 0.9785431118798803 1.006420301478861 0.9848256536682121 0.015018707670072962
59770.802864545214 4.7059999999999995 0.018999999999999684 0.9920058184735323 0.009962719182539777 0.9785420240478787 1.0064202457742444 0.9848245043426926 0.007181314130839667
59770.802880488634 4.7059999999999995 0.018999999999999684 0.9772262914332431 0.009953224465741647 0.9785409374422773 1.0064201900696275 0.9848233562515681 -0.007597064818325006
59770.802896432055 4.7059999999999995 0.018999999999999684 0.9907605330355922 0.009972642372436084 0.9785398520610781 1.0064201343650108 0.9848222093928279 0.005938323642764254
59770.80291237547 4.7059999999999995 0.018999999999999684 0.9885570325600092 0.009954267958018122 0.9785387679028845 1.0064200786604192 0.9848210637650907 0.003735968794918443
59770.802928318895 4.7059999999999995 0.018999999999999684 0.9857947829049069 0.009925986376117033 0.9785376849642059 1.006420022955777 0.9848199193647689 0.0009748635401379824
59770.80294426231 4.7059999999999995 0.018999999999999684 0.9807842244601053 0.00994358158807878 0.9785366032450652 1.0064199672511855 0.9848187761919849 -0.00403455173187961
59770.802960205736 4.7059999999999995 0.018999999999999684 0.9812995414958595 0.00995261253638482 0.9785355227415793 1.0064199115465433 0.9848176342427307 -0.003518092746871204
59770.80297614915 4.7059999999999995 0.018999999999999684 1.0037223574157592 0.009977175267348988 0.9785344434537777 1.006419855841952 0.9848164935171356 0.018905863898623587
59770.80299209258 4.7059999999999995 0.018999999999999684 0.976045850209654 0.009875627649316914 0.9785333653777298 1.0064198001373097 0.984815354011144 -0.008769503801489997
59770.80300803599 4.7059999999999995 0.018999999999999684 0.9796263678201445 0.009962948720921896 0.9785322885134723 1.0064197444327183 0.9848142157248918 -0.005187847904747356
59770.80302397941 4.7059999999999995 0.018999999999999684 0.9824391090399545 0.009910177743809308 0.9785312128576497 1.0064196887281014 0.9848130786549273 -0.002373969614972826
59770.80303992283 4.7059999999999995 0.018999999999999684 0.9797274444162348 0.009913745385255614 0.9785301384087814 1.0064196330234847 0.9848119427997855 -0.0050844983835506286
59770.80305586626 4.7059999999999995 0.018999999999999684 1.0084900409862196 0.010003454459044976 0.9785290651645219 1.0064195773188425 0.9848108081570801 0.02367923282913953
59770.80307180967 4.7059999999999995 0.018999999999999684 1.0013791458093684 0.00997729168944212 0.978527993124423 1.006419521614251 0.9848096747264349 0.016569471082933496
59770.80308775309 4.7059999999999995 0.018999999999999684 0.9813241815599711 0.009943427831628174 0.9785269222850954 1.0064194659096342 0.9848085425043638 -0.0034843609443926393
59770.80310369651 4.7059999999999995 0.018999999999999684 0.9863067057850259 0.009947503848305977 0.978525852645109 1.0064194102050175 0.9848074114894525 0.0014992942955733835
59770.80311963993 4.7059999999999995 0.018999999999999684 1.012855060612568 0.010075847733974045 0.978524784202636 1.0064193545004005 0.9848062816798606 0.028048778932707297
59770.80313558335 4.7059999999999995 0.018999999999999684 1.0026363620667231 0.009984843154072415 0.9785237169557607 1.0064192987957838 0.9848051530736607 0.017831208993062453
59770.80315152677 4.7059999999999995 0.018999999999999684 0.9807916167062919 0.009936311338438026 0.9785226509025727 1.006419243091167 0.9848040256689294 -0.004012408962637548
59770.80316747019 4.7059999999999995 0.018999999999999684 0.971872344857451 0.009923536715026658 0.9785215860412599 1.00641918738655 0.9848028994638429 -0.01293055460639192
59770.803183413605 4.7059999999999995 0.018999999999999684 0.9800385741935093 0.009913718590575 0.9785205223704142 1.0064191316819586 0.9848017744570088 -0.004763200263499523
59770.803199357026 4.7059999999999995 0.018999999999999684 0.9802111328779898 0.009945110729018944 0.978519459887157 1.006419075977342 0.9848006506454803 -0.004589517767490503
59770.803215300446 4.7059999999999995 0.018999999999999684 0.9850613816930035 0.009944915262949666 0.9785183985901837 1.006419020272725 0.9847995280279686 0.0002618536650349501
59770.803231243866 4.7059999999999995 0.018999999999999684 0.9927214045787763 0.010001717827611011 0.9785173384776105 1.0064189645681083 0.9847984066025779 0.007922997976198443
59770.80324718729 4.7059999999999995 0.018999999999999684 0.9771427661103252 0.009901152779971502 0.9785162795475582 1.0064189088634914 0.9847972863674166 -0.007654520257091346
59770.80326313071 4.7059999999999995 0.018999999999999684 1.0015421118139867 0.009985080851700048 0.978515221798245 1.0064188531588745 0.9847961673206914 0.01674594449329525
