eureka_custom_plots/data/stage5_lcfit_results/S5_wasp39b_ap4_bg8_Table_Save_ch56.txt
# %ECSV 1.0
# ---
# datatype:
# - {name: time, datatype: float64}
# - {name: wavelength, datatype: float64}
# - {name: bin_width, datatype: float64}
# - {name: lcdata, datatype: float64}
# - {name: lcerr, datatype: float64}
# - {name: transit, datatype: float64}
# - {name: polynom, datatype: float64}
# - {name: model, datatype: float64}
# - {name: residuals, datatype: float64}
# schema: astropy-2.0
time wavelength bin_width lcdata lcerr transit polynom model residuals
[from data line 20685]
59770.97380988423 5.166 0.018999999999999684 1.014974226508622 0.013514556698167328 1.0 1.0060263615546579 1.0060263615546579 0.008947864953964046
59770.97382582764 5.166 0.018999999999999684 0.9906603635698407 0.013456548909567769 1.0 1.0060263309313469 1.0060263309313469 -0.015365967361506194
59770.97384177106 5.166 0.018999999999999684 1.033941006291483 0.013516279122015648 1.0 1.006026300308022 1.006026300308022 0.027914705983460797
59770.97385771448 5.166 0.018999999999999684 0.9938224533553581 0.014918219032733262 1.0 1.0060262696846973 1.0060262696846973 -0.012203816329339201
59770.973873657895 5.166 0.018999999999999684 1.0089063547817978 0.013451157498887516 1.0 1.0060262390613863 1.0060262390613863 0.002880115720411469
59770.97388960132 5.166 0.018999999999999684 1.0340679891428326 0.01354004279311426 1.0 1.0060262084380476 1.0060262084380476 0.028041780704785024
59770.973905544735 5.166 0.018999999999999684 1.0077479770528006 0.013493851143035921 1.0 1.0060261778147366 1.0060261778147366 0.0017217992380640368
59770.973921488156 5.166 0.018999999999999684 0.9987115392481328 0.013395737560982437 1.0 1.0060261471914118 1.0060261471914118 -0.0073146079432789834
59770.97393743157 5.166 0.018999999999999684 1.0088520262720284 0.013484876436960556 1.0 1.006026116568101 1.006026116568101 0.002825909703927376
59770.97395337499 5.166 0.018999999999999684 1.0360245789428233 0.013582415499644139 1.0 1.006026085944776 1.006026085944776 0.029998492998047244
59770.97396931841 5.166 0.018999999999999684 1.0006763797622213 0.013438579053280388 1.0 1.0060260553214513 1.0060260553214513 -0.005349675559229938
59770.97398526183 5.166 0.018999999999999684 1.029503932112788 0.013524617614197564 1.0 1.0060260246981265 1.0060260246981265 0.02347790741466138
59770.97400120525 5.166 0.018999999999999684 1.0114934483916367 0.013496472042195498 1.0 1.0060259940748015 1.0060259940748015 0.005467454316835152
59770.97401714866 5.166 0.018999999999999684 1.0062022710980953 0.013443811867968175 1.0 1.0060259634514908 1.0060259634514908 0.00017630764660458986
59770.97403309208 5.166 0.018999999999999684 0.9973927136030488 0.01349024272900931 1.0 1.006025932828166 1.006025932828166 -0.008633219225117172
59770.974049035496 5.166 0.018999999999999684 0.9999479619312205 0.013418392907610507 1.0 1.006025902204855 1.006025902204855 -0.006077940273634508
59770.974064978924 5.166 0.018999999999999684 0.9987752162653211 0.013448969019301909 1.0 1.0060258715815162 1.0060258715815162 -0.007250655316195176
59770.97408092234 5.166 0.018999999999999684 0.9985638945732377 0.013369411166052503 1.0 1.0060258409582055 1.0060258409582055 -0.007461946384967777
59770.97409686576 5.166 0.018999999999999684 1.0229983581507276 0.013493829446826932 1.0 1.0060258103348805 1.0060258103348805 0.016972547815847117
59770.97411280918 5.166 0.018999999999999684 1.0004143994282095 0.013433400875138788 1.0 1.0060257797115557 1.0060257797115557 -0.005611380283346179
59770.97412875259 5.166 0.018999999999999684 1.0204908322447195 0.013470189244714558 1.0 1.006025749088245 1.006025749088245 0.014465083156474545
59770.97414469601 5.166 0.018999999999999684 1.0104993898695935 0.013541240335233197 1.0 1.00602571846492 1.00602571846492 0.004473671404673585
59770.974160639424 5.166 0.018999999999999684 0.9952825177996008 0.013434268880742022 1.0 1.0060256878416092 1.0060256878416092 -0.01074317004200842
59770.97417658285 5.166 0.018999999999999684 0.9888759708684065 0.013447109695409555 1.0 1.0060256572182702 1.0060256572182702 -0.01714968634986369
59770.974192526264 5.166 0.018999999999999684 1.0067430124843453 0.013492058813462042 1.0 1.0060256265949594 1.0060256265949594 0.0007173858893858576
59770.974208469685 5.166 0.018999999999999684 0.9761043697101771 0.013360771224535013 1.0 1.0060255959716347 1.0060255959716347 -0.029921226261457545
59770.974224413105 5.166 0.018999999999999684 0.9874088447348486 0.013410318654912327 1.0 1.0060255653483097 1.0060255653483097 -0.01861672061346109
59770.97424035652 5.166 0.018999999999999684 1.009940529178145 0.01341289283460088 1.0 1.006025534724999 1.006025534724999 0.003914994453146026
59770.97425629994 5.166 0.018999999999999684 0.9963970589330111 0.013443957798710403 1.0 1.0060255041016741 1.0060255041016741 -0.009628445168663013
59770.97427224336 5.166 0.018999999999999684 1.0228415218260445 0.013578054639695438 1.0 1.0060254734783491 1.0060254734783491 0.016816048347695345
59770.97428818678 5.166 0.018999999999999684 0.9929632553344134 0.013453539556251528 1.0 1.0060254428550244 1.0060254428550244 -0.013062187520610946
59770.97430413019 5.166 0.018999999999999684 0.9900278847962859 0.013376992012048231 1.0 1.0060254122317136 1.0060254122317136 -0.015997527435427705
59770.97432007361 5.166 0.018999999999999684 1.0083068252582124 0.013513946200596136 1.0 1.0060253816083886 1.0060253816083886 0.0022814436498237445
59770.97433601703 5.166 0.018999999999999684 1.0092870738832154 0.013411865095540217 1.0 1.0060253509850638 1.0060253509850638 0.00326172289815152
59770.97435196045 5.166 0.018999999999999684 1.0288670251645915 0.013550171537711903 1.0 1.006025320361739 1.006025320361739 0.022841704802852414
59770.974367903866 5.166 0.018999999999999684 1.0060564449149825 0.013505642314245263 1.0 1.006025289738428 1.006025289738428 3.1155176554387154e-05
59770.974383847286 5.166 0.018999999999999684 0.9992568109068493 0.013457887720907084 1.0 1.0060252591151033 1.0060252591151033 -0.006768448208254063
59770.974399790706 5.166 0.018999999999999684 1.0185475674141906 0.013501072319643778 1.0 1.0060252284917786 1.0060252284917786 0.012522338922412057
59770.97441573412 5.166 0.018999999999999684 1.0048215193459902 0.013446655596698965 1.0 1.0060251978684676 1.0060251978684676 -0.0012036785224773805
59770.97443167754 5.166 0.018999999999999684 1.0052703432368655 0.013480036376485094 1.0 1.0060251672451428 1.0060251672451428 -0.0007548240082773106
59770.97444762097 5.166 0.018999999999999684 1.023227990758658 0.013486164698108904 1.0 1.006025136621804 1.006025136621804 0.01720285413685385
59770.97446356438 5.166 0.018999999999999684 1.0037559993184346 0.013438158463765488 1.0 1.006025105998493 1.006025105998493 -0.002269106680058419
59770.97447950779 5.166 0.018999999999999684 1.0150159645907721 0.013531784915821165 1.0 1.0060250753751823 1.0060250753751823 0.008990889215589881
59770.97449545121 5.166 0.018999999999999684 1.020090116158802 0.013529076464652188 1.0 1.0060250447518573 1.0060250447518573 0.014065071406944796
59770.974511394634 5.166 0.018999999999999684 1.0040226143538367 0.0134628994345925 1.0 1.0060250141285325 1.0060250141285325 -0.002002399774695851
59770.974527338054 5.166 0.018999999999999684 0.997465082142042 0.01344587182823223 1.0 1.0060249835052077 1.0060249835052077 -0.008559901363165756
59770.97454328147 5.166 0.018999999999999684 0.9966849049406137 0.013441013536098724 1.0 1.0060249528818968 1.0060249528818968 -0.00934004794128307
59770.974559224895 5.166 0.018999999999999684 0.998503283429543 0.013418460873596869 1.0 1.006024922258558 1.006024922258558 -0.0075216388290150205
59770.97457516831 5.166 0.018999999999999684 1.0113476867406708 0.013532631590608536 1.0 1.0060248916352472 1.0060248916352472 0.00532279510542355
59770.97459111172 5.166 0.018999999999999684 1.0033458923809304 0.013478025274492947 1.0 1.0060248610119362 1.0060248610119362 -0.002678968631005807
59770.97460705515 5.166 0.018999999999999684 1.0076432949815999 0.013448187767807346 1.0 1.0060248303885975 1.0060248303885975 0.001618464593002411
59770.97462299856 5.166 0.018999999999999684 1.0147775266579495 0.013474034690322996 1.0 1.0060247997652867 1.0060247997652867 0.008752726892662821
59770.97463894198 5.166 0.018999999999999684 1.0165621870703392 0.013546656766983089 1.0 1.0060247691419617 1.0060247691419617 0.01053741792837748
59770.974654885395 5.166 0.018999999999999684 1.0243350486937028 0.013470388564208674 1.0 1.006024738518651 1.006024738518651 0.018310310175051914
59770.97467082882 5.166 0.018999999999999684 1.0043460006453362 0.013407099047868565 1.0 1.0060247078953122 1.0060247078953122 -0.0016787072499759859
59770.974686772235 5.166 0.018999999999999684 1.0038239914906817 0.013473063058512648 1.0 1.0060246772720012 1.0060246772720012 -0.002200685781319489
59770.97470271565 5.166 0.018999999999999684 1.024058947056965 0.013459881893314075 1.0 1.0060246466486904 1.0060246466486904 0.018034300408274584
59770.974718659076 5.166 0.018999999999999684 0.9826746382249089 0.013351015554492704 1.0 1.0060246160253516 1.0060246160253516 -0.02334997780044279
59770.974734602496 5.166 0.018999999999999684 1.0290300106904715 0.013519025870105495 1.0 1.0060245854020267 1.0060245854020267 0.023005425288444847
59770.97475054591 5.166 0.018999999999999684 1.006313863943441 0.013477156641999593 1.0 1.0060245547787159 1.0060245547787159 0.0002893091647251378
59770.97476648932 5.166 0.018999999999999684 0.9953830755173132 0.013431104862513601 1.0 1.0060245241554049 1.0060245241554049 -0.010641448638091688
59770.97478243275 5.166 0.018999999999999684 1.0122561921932285 0.013463244010130403 1.0 1.0060244935320661 1.0060244935320661 0.006231698661162355
59770.97479837616 5.166 0.018999999999999684 1.0349543211151775 0.01353379115083726 1.0 1.0060244629087554 1.0060244629087554 0.028929858206422132
59770.97481431958 5.166 0.018999999999999684 1.0128271492118406 0.013480543086321024 1.0 1.0060244322854304 1.0060244322854304 0.006802716926410213
59770.974830263 5.166 0.018999999999999684 1.0019807047725995 0.01346608677584486 1.0 1.0060244016621056 1.0060244016621056 -0.004043696889506121
59770.97484620642 5.166 0.018999999999999684 0.9972488189100465 0.013398129588961255 1.0 1.0060243710387808 1.0060243710387808 -0.008775552128734376
59770.97486214984 5.166 0.018999999999999684 1.0377089175325933 0.01353135166494692 1.0 1.0060243404154698 1.0060243404154698 0.03168457711712347
59770.97487809325 5.166 0.018999999999999684 0.9920352406115288 0.013447004464806888 1.0 1.006024309792159 1.006024309792159 -0.013989069180630254
59770.97489403668 5.166 0.018999999999999684 0.9967428564465867 0.01342575958040386 1.0 1.0060242791688203 1.0060242791688203 -0.009281422722233645
59770.97490998009 5.166 0.018999999999999684 1.0014679442604364 0.013429986397265547 1.0 1.0060242485455093 1.0060242485455093 -0.004556304285072921
59770.97492592351 5.166 0.018999999999999684 0.9898423940761154 0.013386830405311002 1.0 1.0060242179221845 1.0060242179221845 -0.016181823846069143
59770.97494186693 5.166 0.018999999999999684 0.9795839556716498 0.013418905586120097 1.0 1.0060241872988598 1.0060241872988598 -0.026440231627209987
59770.97495781035 5.166 0.018999999999999684 1.0062959266485443 0.013456147367135313 1.0 1.0060241566755348 1.0060241566755348 0.0002717699730094836
59770.974973753764 5.166 0.018999999999999684 1.0056533441857676 0.013451956373073356 1.0 1.006024126052224 1.006024126052224 -0.00037078186645644884
59770.974989697184 5.166 0.018999999999999684 1.0105470092299889 0.013431415930944185 1.0 1.0060240954288993 1.0060240954288993 0.004522913801089601
59770.975005640605 5.166 0.018999999999999684 1.0147952912072173 0.013485112931133239 1.0 1.0060240648055743 1.0060240648055743 0.008771226401643073
59770.975021584025 5.166 0.018999999999999684 1.0117764438523422 0.01350211798692228 1.0 1.0060240341822495 1.0060240341822495 0.005752409670092717
59770.97503752744 5.166 0.018999999999999684 0.9747310934754367 0.013412531683481011 1.0 1.0060240035589385 1.0060240035589385 -0.03129291008350177
59770.97505347086 5.166 0.018999999999999684 1.006047213149382 0.013491881724171617 1.0 1.0060239729356137 1.0060239729356137 2.324021376831631e-05
59770.97506941428 5.166 0.018999999999999684 1.0069408735470287 0.013479829723389743 1.0 1.006023942312289 1.006023942312289 0.0009169312347396819
59770.97508535769 5.166 0.018999999999999684 1.0013799681432882 0.01348808618809803 1.0 1.006023911688978 1.006023911688978 -0.004643943545689755
59770.97510130111 5.166 0.018999999999999684 1.0199508859904471 0.01345519385001696 1.0 1.0060238810656532 1.0060238810656532 0.013927004924793929
59770.97511724453 5.166 0.018999999999999684 1.0248814825862333 0.013511651294558665 1.0 1.0060238504423284 1.0060238504423284 0.0188576321439049
59770.97513318795 5.166 0.018999999999999684 1.003287900908461 0.013463138349232462 1.0 1.0060238198190035 1.0060238198190035 -0.0027359189105424786
59770.975149131365 5.166 0.018999999999999684 0.9920120720016056 0.013426548251059853 1.0 1.0060237891956927 1.0060237891956927 -0.014011717194087114
59770.975165074786 5.166 0.018999999999999684 1.0216642266548668 0.013470981950220815 1.0 1.006023758572368 1.006023758572368 0.01564046808249886
59770.975181018206 5.166 0.018999999999999684 0.9948996822557175 0.013424563329130708 1.0 1.006023727949043 1.006023727949043 -0.01112404569332548
59770.975196961626 5.166 0.018999999999999684 1.0294707012829938 0.013567645419735385 1.0 1.0060236973257182 1.0060236973257182 0.023447003957275614
59770.97521290504 5.166 0.018999999999999684 0.9773191377645193 0.013404511752043846 1.0 1.0060236667024074 1.0060236667024074 -0.028704528937888107
59770.97522884846 5.166 0.018999999999999684 0.9961944853404937 0.013480875090291666 1.0 1.0060236360790824 1.0060236360790824 -0.009829150738588699
59770.97524479188 5.166 0.018999999999999684 1.021427844278669 0.013489554650119107 1.0 1.0060236054557576 1.0060236054557576 0.01540423882291142
59770.97526073529 5.166 0.018999999999999684 1.0159036014576084 0.013487783903674031 1.0 1.0060235748324469 1.0060235748324469 0.00988002662516152
59770.97527667872 5.166 0.018999999999999684 1.0147267815897152 0.013497753188614629 1.0 1.006023544209108 1.006023544209108 0.008703237380607298
59770.97529262213 5.166 0.018999999999999684 0.991437954101174 0.013417978092677935 1.0 1.0060235135857971 1.0060235135857971 -0.014585559484623145
59770.975308565554 5.166 0.018999999999999684 1.005996865114631 0.013420789418027176 1.0 1.0060234829624723 1.0060234829624723 -2.6617847841414743e-05
59770.97532450897 5.166 0.018999999999999684 1.010821162039501 0.013468214928651785 1.0 1.0060234523391614 1.0060234523391614 0.0047977097003395475
59770.97534045239 5.166 0.018999999999999684 1.0109533428322868 0.01346683749146836 1.0 1.0060234217158366 1.0060234217158366 0.004929921116450187
59770.97535639581 5.166 0.018999999999999684 1.0272719633120297 0.013555600446325021 1.0 1.0060233910925116 1.0060233910925116 0.021248572219518147
59770.97537233922 5.166 0.018999999999999684 1.0223949466374447 0.01353134375679432 1.0 1.0060233604692008 1.0060233604692008 0.016371586168243857
59770.97538828265 5.166 0.018999999999999684 1.0099923539549658 0.013508647343212467 1.0 1.006023329845862 1.006023329845862 0.003969024109103714
59770.97540422606 5.166 0.018999999999999684 0.983846507922198 0.013398035487309423 1.0 1.006023299222551 1.006023299222551 -0.022176791300353105
59770.97542016948 5.166 0.018999999999999684 1.020790310644463 0.0135111213502964 1.0 1.0060232685992263 1.0060232685992263 0.0147670420452366
59770.975436112894 5.166 0.018999999999999684 0.9976953375129146 0.01346794827824286 1.0 1.0060232379759155 1.0060232379759155 -0.008327900463000915
59770.97545205632 5.166 0.018999999999999684 0.9945460286594311 0.013422540348187692 1.0 1.0060232073525766 1.0060232073525766 -0.011477178693145462
59770.975467999735 5.166 0.018999999999999684 1.0208254895064786 0.013489320906958972 1.0 1.0060231767292658 1.0060231767292658 0.014802312777212778
59770.975483943155 5.166 0.018999999999999684 1.0104521691804242 0.013472117858706115 1.0 1.006023146105941 1.006023146105941 0.004429023074483229
59770.975499886576 5.166 0.018999999999999684 1.0067458553261 0.013434629581577302 1.0 1.006023115482616 1.006023115482616 0.0007227398434839216
