eureka_custom_plots/data/stage5_lcfit_results/S5_wasp39b_ap4_bg8_Table_Save_ch21.txt
# %ECSV 1.0
# ---
# datatype:
# - {name: time, datatype: float64}
# - {name: wavelength, datatype: float64}
# - {name: bin_width, datatype: float64}
# - {name: lcdata, datatype: float64}
# - {name: lcerr, datatype: float64}
# - {name: transit, datatype: float64}
# - {name: polynom, datatype: float64}
# - {name: model, datatype: float64}
# - {name: residuals, datatype: float64}
# schema: astropy-2.0
time wavelength bin_width lcdata lcerr transit polynom model residuals
[from data line 16623]
59770.90904771777 3.824 0.018999999999999906 0.9965793220446829 0.0060522949157576795 1.0 1.0059308822997586 1.0059308822997586 -0.009351560255075664
59770.909063661195 3.824 0.018999999999999906 1.0098496702795823 0.0060755094051427394 1.0 1.005930823624809 1.005930823624809 0.003918846654773267
59770.90907960461 3.824 0.018999999999999906 1.0100458518940703 0.006072219875023499 1.0 1.0059307649499127 1.0059307649499127 0.00411508694415752
59770.90909554803 3.824 0.018999999999999906 1.014634756648284 0.006087736104953471 1.0 1.0059307062749898 1.0059307062749898 0.008704050373294248
59770.90911149145 3.824 0.018999999999999906 1.0167360337686746 0.00609398545040485 1.0 1.0059306476000667 1.0059306476000667 0.010805386168607933
59770.90912743486 3.824 0.018999999999999906 1.0059301603557589 0.006077671385705672 1.0 1.0059305889251706 1.0059305889251706 -4.2856941173674556e-07
59770.90914337829 3.824 0.018999999999999906 1.0102023336370733 0.006079269611726703 1.0 1.0059305302502208 1.0059305302502208 0.004271803386852513
59770.9091593217 3.824 0.018999999999999906 1.0094293151656275 0.006078416894084917 1.0 1.0059304715753246 1.0059304715753246 0.003498843590302947
59770.90917526512 3.824 0.018999999999999906 1.0028347313725343 0.006064799390912001 1.0 1.0059304129004016 1.0059304129004016 -0.003095681527867322
59770.90919120854 3.824 0.018999999999999906 0.9993360425613586 0.006062201312478262 1.0 1.0059303542254787 1.0059303542254787 -0.006594311664120167
59770.90920715196 3.824 0.018999999999999906 0.9968968145919698 0.006056363282159359 1.0 1.0059302955505558 1.0059302955505558 -0.009033480958586027
59770.909223095376 3.824 0.018999999999999906 1.00473406826877 0.006061880142279688 1.0 1.0059302368756595 1.0059302368756595 -0.001196168606889536
59770.9092390388 3.824 0.018999999999999906 1.006011942739703 0.00605350908161739 1.0 1.0059301782007097 1.0059301782007097 8.176453899322311e-05
59770.909254982216 3.824 0.018999999999999906 1.0080597628796018 0.006084613080474167 1.0 1.0059301195258135 1.0059301195258135 0.002129643353788291
59770.90927092564 3.824 0.018999999999999906 1.0168119522158199 0.006101789995017274 1.0 1.0059300608508905 1.0059300608508905 0.010881891364929341
59770.90928686906 3.824 0.018999999999999906 1.0048372175701852 0.006079272907633406 1.0 1.0059300021759676 1.0059300021759676 -0.0010927846057824375
59770.90930281247 3.824 0.018999999999999906 1.0068456961154855 0.00606541943280513 1.0 1.0059299435010713 1.0059299435010713 0.0009157526144141226
59770.90931875589 3.824 0.018999999999999906 1.0027619885048067 0.006049689828321518 1.0 1.0059298848261484 1.0059298848261484 -0.0031678963213417344
59770.90933469931 3.824 0.018999999999999906 0.9999444346295072 0.0060518394951295474 1.0 1.0059298261512255 1.0059298261512255 -0.005985391521718286
59770.90935064273 3.824 0.018999999999999906 1.0030080428105423 0.006070414598111818 1.0 1.0059297674763026 1.0059297674763026 -0.002921724665760239
59770.90936658615 3.824 0.018999999999999906 1.011537556992281 0.006078202134267911 1.0 1.0059297088013794 1.0059297088013794 0.005607848190901654
59770.90938252957 3.824 0.018999999999999906 0.99722049629232 0.006057418952526241 1.0 1.0059296501264565 1.0059296501264565 -0.008709153834136507
59770.909398472984 3.824 0.018999999999999906 1.0069845767351076 0.006068606975328942 1.0 1.0059295914515605 1.0059295914515605 0.001054985283547083
59770.909414416405 3.824 0.018999999999999906 1.0125534673500596 0.006098365689427165 1.0 1.0059295327766373 1.0059295327766373 0.006623934573422252
59770.909430359825 3.824 0.018999999999999906 1.002888949974103 0.006063939498634642 1.0 1.0059294741017144 1.0059294741017144 -0.003040524127611466
59770.909446303245 3.824 0.018999999999999906 1.0010625488782405 0.0060556087219131895 1.0 1.0059294154267915 1.0059294154267915 -0.004866866548550952
59770.909462246665 3.824 0.018999999999999906 1.0071711379148602 0.0060667700559408205 1.0 1.0059293567518686 1.0059293567518686 0.001241781162991673
59770.90947819008 3.824 0.018999999999999906 1.0008351062636596 0.006062562695509133 1.0 1.0059292980769723 1.0059292980769723 -0.005094191813312721
59770.9094941335 3.824 0.018999999999999906 1.009875658560148 0.006073399148788987 1.0 1.0059292394020494 1.0059292394020494 0.00394641915809868
59770.90951007692 3.824 0.018999999999999906 1.0088679230086113 0.006078048961422142 1.0 1.0059291807271262 1.0059291807271262 0.0029387422814850517
59770.90952602034 3.824 0.018999999999999906 1.0074810125610085 0.006068026182695277 1.0 1.0059291220522033 1.0059291220522033 0.0015518905088052204
59770.90954196375 3.824 0.018999999999999906 1.0079704359070267 0.006073351154939962 1.0 1.0059290633773073 1.0059290633773073 0.0020413725297194762
59770.90955790718 3.824 0.018999999999999906 1.0035393767901555 0.006059275086009048 1.0 1.0059290047023575 1.0059290047023575 -0.002389627912201986
59770.90957385059 3.824 0.018999999999999906 1.0038744517166498 0.006059527001577483 1.0 1.0059289460274612 1.0059289460274612 -0.0020544943108113944
59770.90958979401 3.824 0.018999999999999906 1.012684752219434 0.00607956532203789 1.0 1.0059288873525383 1.0059288873525383 0.006755864866895722
59770.90960573743 3.824 0.018999999999999906 1.0112075746700468 0.006069515236060877 1.0 1.0059288286776153 1.0059288286776153 0.0052787459924314994
59770.90962168085 3.824 0.018999999999999906 0.9986921557308863 0.006055724489369303 1.0 1.005928770002719 1.005928770002719 -0.007236614271832753
59770.909637624274 3.824 0.018999999999999906 0.9912573581867186 0.006032281748258314 1.0 1.0059287113277693 1.0059287113277693 -0.014671353141050725
59770.90965356769 3.824 0.018999999999999906 1.0104840925404268 0.00607062446826142 1.0 1.005928652652873 1.005928652652873 0.004555439887553803
59770.90966951111 3.824 0.018999999999999906 1.011292614378897 0.006084162241632339 1.0 1.00592859397795 1.00592859397795 0.005364020400946856
59770.90968545453 3.824 0.018999999999999906 1.0046957247333579 0.0060717386838464865 1.0 1.0059285353030272 1.0059285353030272 -0.0012328105696692848
59770.90970139794 3.824 0.018999999999999906 1.0058501959177477 0.006062685974829349 1.0 1.005928476628131 1.005928476628131 -7.828071038318285e-05
59770.90971734136 3.824 0.018999999999999906 1.0019298599514044 0.006055785036126528 1.0 1.005928417953208 1.005928417953208 -0.003998558001803598
59770.90973328479 3.824 0.018999999999999906 1.004738168385048 0.006060462221364657 1.0 1.0059283592782582 1.0059283592782582 -0.0011901908932101524
59770.9097492282 3.824 0.018999999999999906 1.0103555855006268 0.006079445329779446 1.0 1.0059283006033621 1.0059283006033621 0.004427284897264627
59770.909765171615 3.824 0.018999999999999906 1.014997868613156 0.006096116859906114 1.0 1.0059282419284659 1.0059282419284659 0.009069626684690135
59770.90978111504 3.824 0.018999999999999906 1.0004477744768163 0.006059698019820292 1.0 1.005928183253516 1.005928183253516 -0.005480408776699752
59770.909797058455 3.824 0.018999999999999906 1.014253302726571 0.006089568624322548 1.0 1.00592812457862 1.00592812457862 0.008325178147950973
59770.90981300188 3.824 0.018999999999999906 1.0024899550411548 0.006060760190718725 1.0 1.0059280659036702 1.0059280659036702 -0.003438110862515442
59770.909828945296 3.824 0.018999999999999906 1.0045766255738415 0.006070999748599233 1.0 1.005928007228774 1.005928007228774 -0.0013513816549324265
59770.909844888716 3.824 0.018999999999999906 1.00691055383184 0.006077641389238087 1.0 1.005927948553851 1.005927948553851 0.0009826052779888794
59770.90986083214 3.824 0.018999999999999906 0.9969869245863576 0.006055081575739843 1.0 1.0059278898789281 1.0059278898789281 -0.00894096529257049
59770.90987677555 3.824 0.018999999999999906 0.9977925716259964 0.006061290927520351 1.0 1.0059278312040318 1.0059278312040318 -0.008135259578035403
59770.90989271897 3.824 0.018999999999999906 1.0103009680214443 0.006081678083000461 1.0 1.005927772529109 1.005927772529109 0.004373195492335391
59770.9099086624 3.824 0.018999999999999906 1.0073142024364081 0.006072465400799402 1.0 1.0059277138541591 1.0059277138541591 0.0013864885822489903
59770.90992460581 3.824 0.018999999999999906 1.008493065360105 0.006075280989750187 1.0 1.0059276551792629 1.0059276551792629 0.0025654101808421093
59770.90994054922 3.824 0.018999999999999906 1.004338969702307 0.006073315639671798 1.0 1.0059275965043668 1.0059275965043668 -0.0015886268020597338
59770.90995649265 3.824 0.018999999999999906 1.0132290759606213 0.006086721738880108 1.0 1.005927537829417 1.005927537829417 0.007301538131204266
59770.909972436064 3.824 0.018999999999999906 1.0152908006247086 0.0060969261640542016 1.0 1.0059274791545207 1.0059274791545207 0.009363321470187813
59770.909988379484 3.824 0.018999999999999906 1.0115435029738085 0.006079818329600834 1.0 1.0059274204795978 1.0059274204795978 0.005616082494210639
59770.910004322905 3.824 0.018999999999999906 1.0006545534758766 0.006052356665883066 1.0 1.005927361804675 1.005927361804675 -0.005272808328798284
59770.910020266325 3.824 0.018999999999999906 1.003350028488552 0.00605320749595323 1.0 1.0059273031297518 1.0059273031297518 -0.0025772746411998337
59770.910036209745 3.824 0.018999999999999906 1.0152086101121764 0.006087680275791368 1.0 1.0059272444548288 1.0059272444548288 0.009281365657347607
59770.91005215316 3.824 0.018999999999999906 1.0097644452166086 0.006086598885150416 1.0 1.0059271857799328 1.0059271857799328 0.0038372594366757884
59770.91006809658 3.824 0.018999999999999906 1.0039541290671885 0.006064992487140039 1.0 1.0059271271050096 1.0059271271050096 -0.0019729980378211387
59770.91008404 3.824 0.018999999999999906 0.9950914944921914 0.006045365999635367 1.0 1.0059270684300867 1.0059270684300867 -0.01083557393789536
59770.91009998342 3.824 0.018999999999999906 1.0045045660112921 0.0060680288574477105 1.0 1.0059270097551638 1.0059270097551638 -0.001422443743871682
59770.91011592683 3.824 0.018999999999999906 1.0055752576021393 0.006079591473731971 1.0 1.0059269510802675 1.0059269510802675 -0.0003516934781282455
59770.91013187026 3.824 0.018999999999999906 1.0069602623949716 0.006067741062494435 1.0 1.0059268924053177 1.0059268924053177 0.001033369989653865
59770.91014781367 3.824 0.018999999999999906 0.9975792173276895 0.006052046256789995 1.0 1.0059268337304217 1.0059268337304217 -0.008347616402732183
59770.910163757086 3.824 0.018999999999999906 1.0141504794023677 0.0060860222846730455 1.0 1.0059267750555254 1.0059267750555254 0.008223704346842275
59770.91017970051 3.824 0.018999999999999906 1.00272100774822 0.006054010733452328 1.0 1.0059267163805756 1.0059267163805756 -0.003205708632355586
59770.91019564393 3.824 0.018999999999999906 1.0164440444326357 0.00609821092574905 1.0 1.0059266577056527 1.0059266577056527 0.010517386726982991
59770.91021158735 3.824 0.018999999999999906 0.9937147769350683 0.006046111351877141 1.0 1.0059265990307564 1.0059265990307564 -0.012211822095688163
59770.91022753077 3.824 0.018999999999999906 1.000342652092415 0.006055411850987903 1.0 1.0059265403558335 1.0059265403558335 -0.0055838882634184905
59770.91024347419 3.824 0.018999999999999906 1.0033383839417291 0.0060728936212607575 1.0 1.0059264816809106 1.0059264816809106 -0.0025880977391814497
59770.91025941761 3.824 0.018999999999999906 1.0056708571886204 0.006068495861717003 1.0 1.0059264230059877 1.0059264230059877 -0.0002555658173672981
59770.91027536103 3.824 0.018999999999999906 1.0050656310093968 0.0060587816303236475 1.0 1.0059263643310645 1.0059263643310645 -0.0008607333216676949
59770.91029130444 3.824 0.018999999999999906 1.0167994967628589 0.006097366557542701 1.0 1.0059263056561685 1.0059263056561685 0.010873191106690383
59770.91030724787 3.824 0.018999999999999906 1.0070781334070353 0.0060679131800395565 1.0 1.0059262469812187 1.0059262469812187 0.0011518864258166506
59770.91032319128 3.824 0.018999999999999906 1.010544510407391 0.006079068612397079 1.0 1.0059261883063224 1.0059261883063224 0.004618322101068495
59770.910339134694 3.824 0.018999999999999906 1.0014094543006118 0.0060574460701108895 1.0 1.0059261296314264 1.0059261296314264 -0.004516675330814568
59770.91035507812 3.824 0.018999999999999906 1.017542391560856 0.006091662484813461 1.0 1.0059260709564766 1.0059260709564766 0.011616320604379338
59770.910371021535 3.824 0.018999999999999906 1.018180135473919 0.006102061902894297 1.0 1.0059260122815803 1.0059260122815803 0.012254123192338762
59770.910386964955 3.824 0.018999999999999906 1.0058054456586527 0.006066781020379678 1.0 1.0059259536066574 1.0059259536066574 -0.00012050794800466669
59770.910402908376 3.824 0.018999999999999906 0.9951802441068559 0.006044017712661108 1.0 1.0059258949317345 1.0059258949317345 -0.01074565082487855
59770.910418851796 3.824 0.018999999999999906 1.009549107122347 0.006081005419361415 1.0 1.0059258362568113 1.0059258362568113 0.0036232708655357104
59770.91043479521 3.824 0.018999999999999906 1.0024165578862636 0.006068755385625765 1.0 1.0059257775819153 1.0059257775819153 -0.0035092196956516553
59770.91045073864 3.824 0.018999999999999906 1.0006551076799886 0.0060540288848141815 1.0 1.0059257189069655 1.0059257189069655 -0.005270611226976918
59770.91046668205 3.824 0.018999999999999906 1.0027108240102158 0.006063022722949326 1.0 1.0059256602320692 1.0059256602320692 -0.0032148362218533677
59770.91048262548 3.824 0.018999999999999906 1.0073584961903586 0.006071116226980579 1.0 1.0059256015571194 1.0059256015571194 0.0014328946332391457
59770.91049856889 3.824 0.018999999999999906 0.9984424596382613 0.00605885108053959 1.0 1.0059255428822234 1.0059255428822234 -0.007483083243962074
59770.9105145123 3.824 0.018999999999999906 0.9934350539009077 0.0060411874942977745 1.0 1.005925484207327 1.005925484207327 -0.012490430306419387
59770.91053045573 3.824 0.018999999999999906 1.0059114725054294 0.006073932646624213 1.0 1.0059254255323773 1.0059254255323773 -1.3953026947843838e-05
59770.910546399144 3.824 0.018999999999999906 1.0074519615172373 0.006072140960524747 1.0 1.0059253668574812 1.0059253668574812 0.0015265946597560198
59770.910562342564 3.824 0.018999999999999906 1.011205562524854 0.006078988784134723 1.0 1.005925308182558 1.005925308182558 0.0052802543422958426
59770.910578285984 3.824 0.018999999999999906 1.0016728339828764 0.0060596166218504196 1.0 1.0059252495076352 1.0059252495076352 -0.004252415524758746
59770.910594229405 3.824 0.018999999999999906 1.0016591300445754 0.0060707437313013484 1.0 1.0059251908327123 1.0059251908327123 -0.0042660607881368495
59770.91061017282 3.824 0.018999999999999906 1.0051124991273768 0.00607796094950995 1.0 1.005925132157816 1.005925132157816 -0.0008126330304392138
59770.91062611624 3.824 0.018999999999999906 1.0022974014352353 0.00607088907569555 1.0 1.005925073482893 1.005925073482893 -0.003627672047657793
59770.91064205966 3.824 0.018999999999999906 1.0076483000109944 0.006075315979934436 1.0 1.0059250148079701 1.0059250148079701 0.0017232852030242274
59770.91065800308 3.824 0.018999999999999906 1.0033029518833985 0.006063151313088231 1.0 1.0059249561330472 1.0059249561330472 -0.0026220042496487572
59770.9106739465 3.824 0.018999999999999906 0.9988178348124297 0.006044263106650906 1.0 1.005924897458124 1.005924897458124 -0.007107062645694384
59770.91068988991 3.824 0.018999999999999906 1.0069131129500917 0.006064782237260823 1.0 1.005924838783228 1.005924838783228 0.0009882741668636452
59770.91070583334 3.824 0.018999999999999906 1.004267142811138 0.006062568089542147 1.0 1.0059247801082782 1.0059247801082782 -0.001657637297140191
59770.91072177675 3.824 0.018999999999999906 1.004713284102918 0.006071940461934006 1.0 1.005924721433382 1.005924721433382 -0.0012114373304639159
