eureka_custom_plots/data/stage5_lcfit_results/S5_wasp39b_ap4_bg8_Table_Save_ch40.txt
# %ECSV 1.0
# ---
# datatype:
# - {name: time, datatype: float64}
# - {name: wavelength, datatype: float64}
# - {name: bin_width, datatype: float64}
# - {name: lcdata, datatype: float64}
# - {name: lcerr, datatype: float64}
# - {name: transit, datatype: float64}
# - {name: polynom, datatype: float64}
# - {name: model, datatype: float64}
# - {name: residuals, datatype: float64}
# schema: astropy-2.0
time wavelength bin_width lcdata lcerr transit polynom model residuals
[from data line 15704]
59770.89439571577 4.5525 0.01949999999999985 1.003289000823079 0.009120061363371927 0.9993603795355535 1.0060726464264516 1.0054291417730774 -0.0021401409499983703
59770.89441165918 4.5525 0.01949999999999985 0.9947140406856592 0.009084964337775822 0.9993714808188017 1.0060725651288656 1.0054402292240046 -0.010726188538345394
59770.89442760261 4.5525 0.01949999999999985 1.001302101843882 0.00908339577061921 0.9993825185118529 1.0060724838312052 1.0054512526967052 -0.004149150852823302
59770.89444354602 4.5525 0.01949999999999985 1.0062561054654526 0.009130259886130091 0.9993934921653409 1.006072402533619 1.005462211739248 0.0007938937262046419
59770.89445948944 4.5525 0.01949999999999985 1.0154045564396468 0.009161433713268366 0.9994044013576218 1.0060723212359957 1.0054731059273332 0.009931450512313589
59770.89447543286 4.5525 0.01949999999999985 1.00661116256252 0.00910821746582925 0.9994152456397555 1.0060722399383726 1.0054839348093476 0.0011272277531724217
59770.89449137628 4.5525 0.01949999999999985 1.0015868653707334 0.009100721550960963 0.9994260245601273 1.0060721586407493 1.0054946979309498 -0.003907832560216429
59770.894507319696 4.5525 0.01949999999999985 0.9986154461997849 0.009077895630848374 0.9994367376554263 1.006072077343163 1.0055053948260686 -0.006889948626283671
59770.894523263116 4.5525 0.01949999999999985 1.0041997568555472 0.009105809120213037 0.9994473844683238 1.00607199604554 1.0055160250345407 -0.0013162681789935515
59770.894539206536 4.5525 0.01949999999999985 1.0025261116775899 0.009111159305068641 0.9994579645187432 1.0060719147479167 1.0055265880734274 -0.003000476395837559
59770.89455514996 4.5525 0.01949999999999985 1.0255665178910465 0.009164753581400743 0.9994684773231337 1.0060718334502934 1.005537083456258 0.02002943443478844
59770.89457109338 4.5525 0.01949999999999985 0.9937281425125483 0.009063668671755669 0.9994789223889196 1.00607175215267 1.005547510687483 -0.011819368174934675
59770.89458703679 4.5525 0.01949999999999985 0.9960968623793017 0.009099911654118841 0.9994892992106464 1.006071670855084 1.0055578692586322 -0.009461006879330491
59770.89460298022 4.5525 0.01949999999999985 1.0041298847225122 0.009101237594772804 0.9994996072917884 1.0060715895574237 1.0055681586700704 -0.001438273947558244
59770.89461892363 4.5525 0.01949999999999985 1.0015281597257701 0.009106760514447804 0.9995098460930687 1.0060715082598375 1.0055783783794117 -0.004050218653641524
59770.89463486704 4.5525 0.01949999999999985 0.9983955257622125 0.009081674305640037 0.999520015093906 1.0060714269622513 1.005588527862857 -0.007193002100644441
59770.89465081047 4.5525 0.01949999999999985 1.018273960415591 0.009156441088209953 0.9995301137628775 1.006071345664591 1.0055986065856999 0.012675353829891156
59770.89466675389 4.5525 0.01949999999999985 0.9938053049601275 0.009094260016689984 0.9995401415353978 1.0060712643669678 1.0056086139800557 -0.01180330901992821
59770.89468269731 4.5525 0.01949999999999985 0.9928537110451312 0.009065493764073522 0.9995500978537211 1.0060711830693445 1.0056185494847723 -0.012764838439641046
59770.894698640725 4.5525 0.01949999999999985 1.0122056851496946 0.009111015405895538 0.9995599821397052 1.0060711017717583 1.0056284125182522 0.006577272631442366
59770.894714584145 4.5525 0.01949999999999985 1.0203958163761766 0.009145415462964933 0.9995697938170535 1.0060710204741352 1.0056382025006438 0.01475761387553276
59770.894730527565 4.5525 0.01949999999999985 1.0116501755907108 0.00910340550437172 0.9995795322831453 1.006070939176512 1.0056479188257226 0.006002256764988223
59770.894746470985 4.5525 0.01949999999999985 1.0055282739819742 0.009123509765870943 0.9995891969280227 1.0060708578788886 1.0056575608798453 -0.0001292868978710615
59770.8947624144 4.5525 0.01949999999999985 0.9988843725266248 0.009076130275773267 0.9995987871231949 1.0060707765813024 1.0056671280307607 -0.006782755504135984
59770.894778357826 4.5525 0.01949999999999985 1.0070231340904177 0.009125786455773412 0.999608302244354 1.0060706952836422 1.0056766196502784 0.0013465144401392237
59770.89479430124 4.5525 0.01949999999999985 1.0273202652648095 0.009172401083578446 0.9996177416217128 1.006070613986056 1.0056860350647112 0.021634230200098248
59770.89481024466 4.5525 0.01949999999999985 1.0013291419789094 0.009094794302012592 0.9996271046021585 1.0060705326884327 1.0056953736168892 -0.004366231637979778
59770.89482618808 4.5525 0.01949999999999985 1.0059969372049782 0.009083486515712832 0.9996363904986876 1.0060704513908094 1.0057046346156941 0.0002923025892840325
59770.8948421315 4.5525 0.01949999999999985 0.9855013463328124 0.009070464976988704 0.999645598612787 1.0060703700931863 1.0057138173583915 -0.020212471025579104
59770.89485807492 4.5525 0.01949999999999985 0.9960331412448925 0.009077000646296003 0.999654728229073 1.006070288795563 1.0057229211252736 -0.00968977988038111
59770.89487401833 4.5525 0.01949999999999985 1.0259083366927695 0.009191956900518335 0.9996637786101444 1.0060702074979768 1.0057319451745195 0.020176391518250014
59770.89488996175 4.5525 0.01949999999999985 1.0116614181909445 0.009152348263617919 0.9996727490135553 1.0060701262003535 1.005740888759122 0.00592052943182253
59770.894905905174 4.5525 0.01949999999999985 0.9942574506064407 0.009064366200310939 0.9996816386643016 1.0060700449027304 1.005749751099429 -0.011492300492988439
59770.894921848594 4.5525 0.01949999999999985 1.0026730909292823 0.009118640601582616 0.9996904467717779 1.0060699636051071 1.0057585314000559 -0.003085440470773637
59770.894937792014 4.5525 0.01949999999999985 1.0096091347983902 0.009145604696839142 0.9996991725243748 1.0060698823074838 1.0057672288444868 0.003841905953903435
59770.894953735435 4.5525 0.01949999999999985 1.0011802255297086 0.009113073183020173 0.9997078150882313 1.0060698010098605 1.0057758425938192 -0.004595617064110602
59770.89496967885 4.5525 0.01949999999999985 1.0031979926776364 0.009112992569513471 0.9997163736032328 1.0060697197122745 1.005784371782776 -0.00258637910513948
59770.89498562227 4.5525 0.01949999999999985 1.0086687441650537 0.009136208787983307 0.9997248471961613 1.0060696384146512 1.0057928155327844 0.0028759286322692645
59770.89500156569 4.5525 0.01949999999999985 1.016242928114783 0.009131922850084342 0.9997332349567394 1.006069557117028 1.0058011729281005 0.010441755186682444
59770.8950175091 4.5525 0.01949999999999985 1.001607503388854 0.009089151175159557 0.9997415359481112 1.006069475819442 1.00580944302624 -0.004201939637386021
59770.89503345253 4.5525 0.01949999999999985 0.9992955486366061 0.009082954043886005 0.9997497492203341 1.0060693945217816 1.0058176248714046 -0.006522076234798502
59770.89504939594 4.5525 0.01949999999999985 0.9977311483396176 0.009093730150862614 0.9997578737678727 1.0060693132241953 1.0058257174521255 -0.008094569112507832
59770.89506533937 4.5525 0.01949999999999985 1.0131479781425705 0.009121236170300214 0.9997659085834537 1.006069231926535 1.0058337197548897 0.00731425838768085
59770.89508128278 4.5525 0.01949999999999985 1.0065874709218254 0.009126259720939238 0.9997738525971076 1.006069150628949 1.0058416307034042 0.0007458402184212787
59770.895097226196 4.5525 0.01949999999999985 1.016942378716467 0.009140962910488638 0.9997817047263006 1.0060690693313628 1.0058494492085126 0.011092929507954485
59770.89511316962 4.5525 0.01949999999999985 1.0092783236894187 0.00913179380963294 0.9997894638509687 1.0060689880337024 1.005857174143302 0.0034211495461167196
59770.89512911304 4.5525 0.01949999999999985 1.0007966458952198 0.009087986598983223 0.9997971287945596 1.006068906736079 1.0058648043242135 -0.005068158428993774
59770.89514505646 4.5525 0.01949999999999985 1.0019970120882455 0.009096087800888091 0.9998046983492059 1.006068825438493 1.0058723385360724 -0.0038753264478268434
59770.89516099988 4.5525 0.01949999999999985 1.008794177738686 0.00911771482585102 0.9998121712698921 1.0060687441408698 1.0058797755262565 0.0029144022124294455
59770.8951769433 4.5525 0.01949999999999985 1.006994258432497 0.009104885501587605 0.9998195462537636 1.0060686628432465 1.0058871139840653 0.0011071444484316295
59770.89519288672 4.5525 0.01949999999999985 1.0178118181428177 0.00915977938738147 0.9998268219518701 1.0060685815456232 1.0058943525523862 0.011917465590431497
59770.89520883014 4.5525 0.01949999999999985 1.017852129836719 0.009145433335041822 0.9998339969609258 1.006068500248 1.005901489819442 0.011950640017276859
59770.89522477355 4.5525 0.01949999999999985 1.0009116494248693 0.00909771763992532 0.9998410698171408 1.0060684189504139 1.0059085243126213 -0.004996874887752023
59770.89524071698 4.5525 0.01949999999999985 0.9897151351329799 0.009064874752365214 0.999848039007871 1.0060683376527535 1.0059154545100142 -0.016200319377034256
59770.89525666039 4.5525 0.01949999999999985 1.0061066420322298 0.009112289516099029 0.9998549029321859 1.0060682563551673 1.0059222788011493 0.00018436323108050878
59770.895272603804 4.5525 0.01949999999999985 1.0131867267604258 0.009129302628568266 0.9998616599365894 1.0060681750575813 1.0059289955224484 0.0072577312379773495
59770.89528854723 4.5525 0.01949999999999985 1.008115812658716 0.009086761323694738 0.9998683082903648 1.006068093759921 1.0059356029326443 0.0021802097260716913
59770.895304490645 4.5525 0.01949999999999985 0.9961834313182679 0.00911176778044755 0.9998748461610416 1.0060680124623347 1.005942099188322 -0.009758667870053972
59770.89532043407 4.5525 0.01949999999999985 1.0035625763484732 0.00910456716641343 0.999881271649921 1.0060679311646743 1.0059484823791398 -0.0023859060306665736
59770.895336377485 4.5525 0.01949999999999985 0.9922715755077643 0.009079618957736669 0.9998875827364794 1.0060678498670883 1.0059547504724902 -0.01368317496472582
59770.895352320906 4.5525 0.01949999999999985 0.9989020091910498 0.009094579435338049 0.9998937773129994 1.006067768569465 1.0059609013477828 -0.007058892156733054
59770.895368264326 4.5525 0.01949999999999985 1.0090961184608234 0.009131250102777532 0.9998998531426181 1.0060676872718417 1.0059669327546479 0.0031291857061754857
59770.895384207746 4.5525 0.01949999999999985 1.0054773542059205 0.009108536037167202 0.9999058078623102 1.0060676059742184 1.0059728423157512 -0.0004954881098306885
59770.89540015116 4.5525 0.01949999999999985 0.992249389516169 0.00907978366514062 0.9999116389640236 1.0060675246766324 1.0059786275078897 -0.013729237991720655
59770.89541609459 4.5525 0.01949999999999985 0.993486014750524 0.009093669339702385 0.9999173437926304 1.006067443378972 1.0059842856597443 -0.012498270909220288
59770.895432038 4.5525 0.01949999999999985 1.007486756464633 0.009107959501176845 0.9999229194997307 1.0060673620813858 1.0059898139058119 0.0014969425588211571
59770.89544798142 4.5525 0.01949999999999985 1.0157189486116796 0.01057912512518205 0.9999283630590945 1.0060672807837625 1.005995209201422 0.009723739410257615
59770.89546392484 4.5525 0.01949999999999985 1.008567104706463 0.00913232389705082 0.9999336712144589 1.0060671994861394 1.0060004682706247 0.002566636435838321
59770.89547986825 4.5525 0.01949999999999985 1.007303175859293 0.009089425479192049 0.9999388404616149 1.0060671181885532 1.0060055875880203 0.0012975882712726872
59770.89549581168 4.5525 0.01949999999999985 1.0124398694543675 0.009132246516953987 0.9999438670236173 1.0060670368908928 1.0060105633536716 0.00642930610069592
59770.895511755094 4.5525 0.01949999999999985 1.0082694686036846 0.009126303876786063 0.9999487467848287 1.0060669555933066 1.0060153914271548 0.0022540771765298118
59770.895527698514 4.5525 0.01949999999999985 1.017811492678214 0.009146174788681587 0.9999534752731318 1.0060668742956835 1.0060200673091457 0.011791425369068298
59770.895543641935 4.5525 0.01949999999999985 1.012781135058508 0.009130227706022509 0.9999580475743838 1.0060667929980602 1.006024586055762 0.006756549002746137
59770.89555958535 4.5525 0.01949999999999985 1.0105691681782343 0.009119986970298845 0.9999624582659911 1.006066711700474 1.006028942211588 0.004540225966646272
59770.89557552877 4.5525 0.01949999999999985 1.014648751122967 0.009156366852625811 0.9999667013268738 1.006066630402851 1.006033129718982 0.008615621403984974
59770.895591472196 4.5525 0.01949999999999985 0.9844465619599048 0.009065342019507844 0.9999707700044949 1.0060665491051906 1.0060371417844824 -0.021590579824577683
59770.89560741561 4.5525 0.01949999999999985 1.0202630293601387 0.009146467572739287 0.9999746566517894 1.0060664678076043 1.0060409707147877 0.014222058645350977
59770.89562335903 4.5525 0.01949999999999985 0.9984767119799404 0.009092628574583405 0.999978352527477 1.006066386509981 1.0060446077155227 -0.007567895735582364
59770.89563930245 4.5525 0.01949999999999985 0.9945356067506664 0.009096501793471629 0.9999818474787142 1.0060663052123577 1.0060480425723375 -0.011512435821671052
59770.89565524586 4.5525 0.01949999999999985 1.011699138412643 0.00913165295634764 0.9999851295233719 1.0060662239147717 1.0060512632305028 0.005647875182140272
59770.89567118929 4.5525 0.01949999999999985 1.0036927881654172 0.009116560308207252 0.9999881842220516 1.0060661426171114 1.0060542551629688 -0.0023614669975515756
59770.8956871327 4.5525 0.01949999999999985 1.0318575270626205 0.009191883663133041 0.9999909936718894 1.0060660613195251 1.006057000358476 0.025800526704144566
59770.89570307612 4.5525 0.01949999999999985 1.016645596682097 0.009123986761674314 0.999993534864575 1.006065980021902 1.0060594756690948 0.01058612101300227
59770.89571901954 4.5525 0.01949999999999985 1.0041526397815117 0.009105701935350574 0.9999957766054255 1.0060658987242788 1.0060616497110204 -0.0019090099295087093
59770.895734962956 4.5525 0.01949999999999985 1.0058069104703866 0.009118757922765166 0.9999976729944734 1.0060658174266925 1.0060634763059753 -0.0002565658355886402
59770.895750906384 4.5525 0.01949999999999985 1.0081101624515012 0.009115624091429537 0.9999991456627648 1.0060657361290322 1.0060648766096127 0.0020452858418884556
59770.8957668498 4.5525 0.01949999999999985 1.0151840243343087 0.009132081146234419 0.9999999899629833 1.0060656548314462 1.0060656447335483 0.00911837960076034
59770.89578279322 4.5525 0.01949999999999985 0.9995700197801071 0.009099048187526416 1.0 1.0060655735338229 1.0060655735338229 -0.006495553753715799
59770.89579873664 4.5525 0.01949999999999985 1.017997797874425 0.009139986414700242 1.0 1.0060654922361996 1.0060654922361996 0.011932305638225449
59770.89581468006 4.5525 0.01949999999999985 1.0217031460608774 0.009162374153034938 1.0 1.0060654109385763 1.0060654109385763 0.015637735122301155
59770.89583062347 4.5525 0.01949999999999985 0.9928235431687711 0.009089268881713044 1.0 1.0060653296409903 1.0060653296409903 -0.013241786472219186
59770.8958465669 4.5525 0.01949999999999985 1.0049167498976774 0.009107164279910132 1.0 1.0060652483433299 1.0060652483433299 -0.0011484984456524572
59770.89586251031 4.5525 0.01949999999999985 0.9911755353902518 0.009085299953196797 1.0 1.0060651670457437 1.0060651670457437 -0.014889631655491842
59770.89587845374 4.5525 0.01949999999999985 1.0117559847575244 0.00914997385693752 1.0 1.0060650857480833 1.0060650857480833 0.005690899009441086
59770.89589439715 4.5525 0.01949999999999985 1.006012924836299 0.009118502322270025 1.0 1.0060650044504973 1.0060650044504973 -5.2079614198285995e-05
59770.895910340565 4.5525 0.01949999999999985 1.0179745783837262 0.009149190567247887 1.0 1.006064923152911 1.006064923152911 0.011909655230815108
59770.89592628399 4.5525 0.01949999999999985 0.9905275611177239 0.009083676177966654 1.0 1.0060648418552507 1.0060648418552507 -0.015537280737526804
59770.895942227406 4.5525 0.01949999999999985 0.9800813211743468 0.009033609954071832 1.0 1.0060647605576645 1.0060647605576645 -0.025983439383317708
59770.895958170826 4.5525 0.01949999999999985 1.013764099976572 0.00914339689875324 1.0 1.0060646792600414 1.0060646792600414 0.007699420716530625
