eureka_custom_plots/data/stage5_lcfit_results/S5_wasp39b_ap4_bg8_Table_Save_ch59.txt
# %ECSV 1.0
# ---
# datatype:
# - {name: time, datatype: float64}
# - {name: wavelength, datatype: float64}
# - {name: bin_width, datatype: float64}
# - {name: lcdata, datatype: float64}
# - {name: lcerr, datatype: float64}
# - {name: transit, datatype: float64}
# - {name: polynom, datatype: float64}
# - {name: model, datatype: float64}
# - {name: residuals, datatype: float64}
# schema: astropy-2.0
time wavelength bin_width lcdata lcerr transit polynom model residuals
[from data line 17028]
59770.91550480241 5.281 0.019000000000000128 0.997059766396954 0.013285212894411006 1.0 1.0058360526372203 1.0058360526372203 -0.008776286240266273
59770.915520745824 5.281 0.019000000000000128 1.0061813584302663 0.013321818022982988 1.0 1.0058359930416714 1.0058359930416714 0.0003453653885949759
59770.915536689245 5.281 0.019000000000000128 1.004943250632009 0.013348017656684988 1.0 1.0058359334460953 1.0058359334460953 -0.0008926828140862764
59770.915552632665 5.281 0.019000000000000128 1.0068530643588074 0.013350656671247381 1.0 1.005835873850519 1.005835873850519 0.0010171905082883015
59770.91556857608 5.281 0.019000000000000128 0.9898421518428091 0.013291543647747962 1.0 1.0058358142549702 1.0058358142549702 -0.015993662412161047
59770.915584519506 5.281 0.019000000000000128 1.0091617253107423 0.013367235953201937 1.0 1.0058357546593666 1.0058357546593666 0.0033259706513757425
59770.91560046292 5.281 0.019000000000000128 1.0129308071449297 0.013375162422944845 1.0 1.0058356950638176 1.0058356950638176 0.0070951120811120205
59770.91561640634 5.281 0.019000000000000128 1.0260041184176742 0.013403201618790947 1.0 1.0058356354682416 1.0058356354682416 0.02016848294943263
59770.91563234976 5.281 0.019000000000000128 1.0044405608856952 0.013338266219205865 1.0 1.0058355758726654 1.0058355758726654 -0.0013950149869701445
59770.91564829317 5.281 0.019000000000000128 1.0208523347228504 0.0133676886905679 1.0 1.0058355162771164 1.0058355162771164 0.015016818445733993
59770.9156642366 5.281 0.019000000000000128 0.9939030630193393 0.013316031645413085 1.0 1.005835456681513 1.005835456681513 -0.011932393662173801
59770.91568018002 5.281 0.019000000000000128 1.012665020784242 0.013367881930607983 1.0 1.0058353970859368 1.0058353970859368 0.006829623698305198
59770.91569612343 5.281 0.019000000000000128 1.0073907238843411 0.013331260476991619 1.0 1.005835337490388 1.005835337490388 0.0015553863939532508
59770.91571206685 5.281 0.019000000000000128 0.998746509778917 0.013333419838327906 1.0 1.0058352778948116 1.0058352778948116 -0.00708876811589465
59770.91572801027 5.281 0.019000000000000128 0.9891394711684314 0.013262308337092516 1.0 1.0058352182992354 1.0058352182992354 -0.016695747130804017
59770.91574395369 5.281 0.019000000000000128 1.005570571398716 0.013323880833743536 1.0 1.0058351587036864 1.0058351587036864 -0.0002645873049704761
59770.915759897114 5.281 0.019000000000000128 0.9922869905886066 0.013316676056134175 1.0 1.005835099108083 1.005835099108083 -0.01354810851947652
59770.91577584053 5.281 0.019000000000000128 1.014160530568291 0.01333079710342218 1.0 1.0058350395125342 1.0058350395125342 0.008325491055756862
59770.91579178395 5.281 0.019000000000000128 1.0149631766991467 0.01335154526962875 1.0 1.005834979916958 1.005834979916958 0.009128196782188791
59770.91580772737 5.281 0.019000000000000128 1.0231058755734088 0.013389051774731906 1.0 1.0058349203213817 1.0058349203213817 0.017270955252027154
59770.91582367078 5.281 0.019000000000000128 1.0112936560214023 0.013353692723064728 1.0 1.0058348607258327 1.0058348607258327 0.005458795295569585
59770.9158396142 5.281 0.019000000000000128 1.0025012795031885 0.013342973463334802 1.0 1.0058348011302565 1.0058348011302565 -0.0033335216270680146
59770.91585555762 5.281 0.019000000000000128 0.9904522374618056 0.013309269500300988 1.0 1.0058347415346804 1.0058347415346804 -0.015382504072874892
59770.91587150104 5.281 0.019000000000000128 0.9996925995345997 0.013359530385698072 1.0 1.0058346819391042 1.0058346819391042 -0.006142082404504534
59770.915887444455 5.281 0.019000000000000128 0.9990675742581588 0.01330505009769165 1.0 1.0058346223435553 1.0058346223435553 -0.00676704808539641
59770.91590338788 5.281 0.019000000000000128 1.0220237525439713 0.013407935683822337 1.0 1.005834562747952 1.005834562747952 0.016189189796019354
59770.915919331295 5.281 0.019000000000000128 1.0248987834641077 0.013388105600468358 1.0 1.0058345031524027 1.0058345031524027 0.01906428031170493
59770.915935274716 5.281 0.019000000000000128 1.0179811412087731 0.013358355861680214 1.0 1.0058344435568267 1.0058344435568267 0.012146697651946425
59770.915951218136 5.281 0.019000000000000128 1.004132042660676 0.013350109750856175 1.0 1.0058343839612505 1.0058343839612505 -0.0017023413005745613
59770.915967161556 5.281 0.019000000000000128 0.9830828939512265 0.013301283632559528 1.0 1.0058343243656742 1.0058343243656742 -0.022751430414447715
59770.91598310498 5.281 0.019000000000000128 1.0086662468742547 0.01332267589108595 1.0 1.0058342647700982 1.0058342647700982 0.002831982104156472
59770.91599904839 5.281 0.019000000000000128 0.9922242571977894 0.013293123559911121 1.0 1.005834205174549 1.005834205174549 -0.013609947976759629
59770.91601499181 5.281 0.019000000000000128 0.9880249060857035 0.01326924262854173 1.0 1.005834145578973 1.005834145578973 -0.017809239493269513
59770.91603093523 5.281 0.019000000000000128 0.9977206388979416 0.013290723525748055 1.0 1.0058340859833967 1.0058340859833967 -0.008113447085455139
59770.91604687865 5.281 0.019000000000000128 0.9863952797818483 0.013303973505719118 1.0 1.0058340263878205 1.0058340263878205 -0.019438746605972224
59770.91606282206 5.281 0.019000000000000128 1.026897622713747 0.013412855485584565 1.0 1.0058339667922715 1.0058339667922715 0.02106365592147541
59770.91607876549 5.281 0.019000000000000128 1.020272646373208 0.013409778260812839 1.0 1.0058339071966682 1.0058339071966682 0.014438739176539706
59770.916094708904 5.281 0.019000000000000128 0.9804363271483874 0.013303447159716673 1.0 1.0058338476011193 1.0058338476011193 -0.025397520452731914
59770.91611065232 5.281 0.019000000000000128 1.0112365609360086 0.013369980731013241 1.0 1.0058337880055703 1.0058337880055703 0.005402772930438227
59770.916126595745 5.281 0.019000000000000128 1.0289153603681305 0.013489699204535834 1.0 1.0058337284099668 1.0058337284099668 0.023081631958163706
59770.916142539165 5.281 0.019000000000000128 1.0277664579509158 0.01501685953701889 1.0 1.0058336688143907 1.0058336688143907 0.021932789136525077
59770.91615848258 5.281 0.019000000000000128 1.0257597981704893 0.013374654744894476 1.0 1.0058336092188416 1.0058336092188416 0.019926188951647772
59770.916174426 5.281 0.019000000000000128 1.0211941763722956 0.013371195848588638 1.0 1.0058335496232655 1.0058335496232655 0.015360626749030049
59770.91619036942 5.281 0.019000000000000128 1.0076078795126016 0.01337117667317463 1.0 1.0058334900276893 1.0058334900276893 0.0017743894849122643
59770.91620631283 5.281 0.019000000000000128 1.0029099420201508 0.013376021931132728 1.0 1.0058334304321404 1.0058334304321404 -0.0029234884119895277
59770.91622225626 5.281 0.019000000000000128 1.0003826095186779 0.013350244711938014 1.0 1.005833370836537 1.005833370836537 -0.005450761317859154
59770.91623819967 5.281 0.019000000000000128 1.011943087951754 0.013341374624580061 1.0 1.0058333112409878 1.0058333112409878 0.006109776710766068
59770.91625414309 5.281 0.019000000000000128 1.0186970506255297 0.013335585710360698 1.0 1.0058332516454118 1.0058332516454118 0.012863798980117913
59770.91627008651 5.281 0.019000000000000128 0.991416059897426 0.013297775301333583 1.0 1.0058331920498356 1.0058331920498356 -0.014417132152409584
59770.916286029926 5.281 0.019000000000000128 1.0287833022387305 0.015034640815123634 1.0 1.0058331324542866 1.0058331324542866 0.022950169784443863
59770.91630197335 5.281 0.019000000000000128 1.0054689112976052 0.013328428298730535 1.0 1.0058330728586833 1.0058330728586833 -0.0003641615610781024
59770.916317916766 5.281 0.019000000000000128 1.0080891875092814 0.013361110910328529 1.0 1.0058330132631343 1.0058330132631343 0.0022561742461471024
59770.91633386019 5.281 0.019000000000000128 0.9933423225719075 0.013342340581735147 1.0 1.005832953667558 1.005832953667558 -0.012490631095650628
59770.91634980361 5.281 0.019000000000000128 1.0097217244446433 0.013381606094332216 1.0 1.0058328940719818 1.0058328940719818 0.0038888303726614115
59770.91636574703 5.281 0.019000000000000128 1.0020625510368026 0.013324961620774432 1.0 1.0058328344764056 1.0058328344764056 -0.0037702834396029505
59770.91638169044 5.281 0.019000000000000128 1.01285815819538 0.013365486472853998 1.0 1.0058327748808567 1.0058327748808567 0.0070253833145232925
59770.91639763386 5.281 0.019000000000000128 1.0177693691991143 0.013326654180632743 1.0 1.0058327152852806 1.0058327152852806 0.011936653913833695
59770.91641357728 5.281 0.019000000000000128 0.9952602244884635 0.01331072808963886 1.0 1.0058326556897044 1.0058326556897044 -0.01057243120124085
59770.9164295207 5.281 0.019000000000000128 1.0002635486807832 0.013312521839332967 1.0 1.0058325960941281 1.0058325960941281 -0.005569047413344963
59770.91644546412 5.281 0.019000000000000128 0.9854708511419024 0.013276939369302415 1.0 1.0058325364985519 1.0058325364985519 -0.020361685356649506
59770.916461407534 5.281 0.019000000000000128 1.0158098389381667 0.013382291034550426 1.0 1.005832476903003 1.005832476903003 0.00997736203516375
59770.916477350955 5.281 0.019000000000000128 1.0017451957347763 0.013307760269445894 1.0 1.005832417307427 1.005832417307427 -0.004087221572650623
59770.916493294375 5.281 0.019000000000000128 1.0170034154325265 0.01339764935805125 1.0 1.0058323577118506 1.0058323577118506 0.011171057720675837
59770.916509237795 5.281 0.019000000000000128 1.0008996554120946 0.01334327836349491 1.0 1.0058322981162744 1.0058322981162744 -0.004932642704179813
59770.91652518121 5.281 0.019000000000000128 0.994903543334765 0.013312242673650514 1.0 1.0058322385207255 1.0058322385207255 -0.010928695185960402
59770.916541124636 5.281 0.019000000000000128 0.9931291591716951 0.013304491992369934 1.0 1.0058321789251221 1.0058321789251221 -0.012703019753427025
59770.91655706805 5.281 0.019000000000000128 0.9903517467960853 0.013257470074002546 1.0 1.0058321193295732 1.0058321193295732 -0.015480372533487885
59770.91657301146 5.281 0.019000000000000128 1.0026790040667641 0.013283316762244078 1.0 1.005832059734024 1.005832059734024 -0.003153055667259874
59770.91658895489 5.281 0.019000000000000128 0.9864356099911591 0.013322127170186868 1.0 1.0058320001384207 1.0058320001384207 -0.019396390147261577
59770.91660489831 5.281 0.019000000000000128 1.0049331443868605 0.013325083687173738 1.0 1.0058319405428446 1.0058319405428446 -0.000898796155984094
59770.91662084173 5.281 0.019000000000000128 1.0044083060774136 0.01332144739368974 1.0 1.0058318809472684 1.0058318809472684 -0.0014235748698547823
59770.91663678514 5.281 0.019000000000000128 0.9923981753113114 0.013316682451804101 1.0 1.0058318213517194 1.0058318213517194 -0.013433646040408087
59770.91665272856 5.281 0.019000000000000128 1.0120363149861389 0.01340412598134887 1.0 1.0058317617561432 1.0058317617561432 0.006204553229995691
59770.916668671984 5.281 0.019000000000000128 1.0039605795142263 0.01333285175279689 1.0 1.005831702160567 1.005831702160567 -0.001871122646340595
59770.916684615404 5.281 0.019000000000000128 1.0191742256763772 0.013361969106703097 1.0 1.005831642564991 1.005831642564991 0.013342583111386253
59770.91670055882 5.281 0.019000000000000128 1.0027466990117595 0.013373923411086947 1.0 1.0058315829694418 1.0058315829694418 -0.0030848839576822495
59770.916716502245 5.281 0.019000000000000128 1.0231445613358339 0.013377391959499083 1.0 1.0058315233738384 1.0058315233738384 0.01731303796199546
59770.91673244566 5.281 0.019000000000000128 1.0043229703650134 0.013342401402617643 1.0 1.0058314637782895 1.0058314637782895 -0.0015084934132760797
59770.91674838907 5.281 0.019000000000000128 1.0085332843733188 0.013381466779553663 1.0 1.0058314041827405 1.0058314041827405 0.0027018801905782652
59770.9167643325 5.281 0.019000000000000128 0.9960848596577406 0.013351676186562257 1.0 1.0058313445871372 1.0058313445871372 -0.00974648492939656
59770.91678027591 5.281 0.019000000000000128 1.0059349276624774 0.013340361961828596 1.0 1.005831284991588 1.005831284991588 0.00010364267088935897
59770.91679621933 5.281 0.019000000000000128 1.010581191858606 0.01338098596745569 1.0 1.005831225396012 1.005831225396012 0.0047499664625940685
59770.91681216275 5.281 0.019000000000000128 1.0166806974649671 0.013414990060394065 1.0 1.0058311658004357 1.0058311658004357 0.010849531664531398
59770.91682810617 5.281 0.019000000000000128 0.9931065410803066 0.013313734199800238 1.0 1.0058311062048595 1.0058311062048595 -0.012724565124552889
59770.916844049585 5.281 0.019000000000000128 1.0349060203792992 0.015097849552691068 1.0 1.0058310466093106 1.0058310466093106 0.029074973769988688
59770.916859993005 5.281 0.019000000000000128 0.993928675572412 0.013296060979305954 1.0 1.0058309870137343 1.0058309870137343 -0.011902311441322255
59770.916875936426 5.281 0.019000000000000128 1.0129907916775596 0.013427489492975191 1.0 1.0058309274181583 1.0058309274181583 0.007159864259401294
59770.916891879846 5.281 0.019000000000000128 0.9963655907766878 0.01334621947782895 1.0 1.005830867822582 1.005830867822582 -0.009465277045894172
59770.916907823266 5.281 0.019000000000000128 1.0100073492485673 0.013371362741791456 1.0 1.0058308082270058 1.0058308082270058 0.004176541021561508
59770.91692376668 5.281 0.019000000000000128 1.0014442735400293 0.01337675187376064 1.0 1.0058307486314568 1.0058307486314568 -0.004386475091427533
59770.91693971011 5.281 0.019000000000000128 0.9929936398762621 0.013314231993930925 1.0 1.0058306890358535 1.0058306890358535 -0.012837049159591385
59770.91695565352 5.281 0.019000000000000128 1.0062308551381551 0.01331761829384128 1.0 1.0058306294403045 1.0058306294403045 0.0004002256978505869
59770.91697159694 5.281 0.019000000000000128 1.0074996855644187 0.013345353070120905 1.0 1.0058305698447283 1.0058305698447283 0.0016691157196904172
59770.91698754036 5.281 0.019000000000000128 1.0009574566125823 0.013335512101044212 1.0 1.005830510249152 1.005830510249152 -0.004873053636569757
59770.91700348378 5.281 0.019000000000000128 0.9918399083746459 0.013302882345232574 1.0 1.005830450653576 1.005830450653576 -0.013990542278930151
59770.917019427194 5.281 0.019000000000000128 "" "" 1.0 1.0058303910580269 1.0058303910580269 ""
59770.917035370614 5.281 0.019000000000000128 0.9932354658305144 0.013344224532681578 1.0 1.0058303314624508 1.0058303314624508 -0.012594865631936458
59770.917051314034 5.281 0.019000000000000128 1.0082599241088146 0.01333528834667841 1.0 1.0058302718668746 1.0058302718668746 0.002429652241940028
59770.917067257455 5.281 0.019000000000000128 1.0025101906537368 0.0133695049749885 1.0 1.0058302122712983 1.0058302122712983 -0.0033200216175615083
59770.917083200875 5.281 0.019000000000000128 1.000305151548702 0.01330582121855656 1.0 1.0058301526757223 1.0058301526757223 -0.005525001127020257
59770.91709914429 5.281 0.019000000000000128 1.025801901314893 0.013414390143565115 1.0 1.0058300930801731 1.0058300930801731 0.01997180823471978
59770.91711508771 5.281 0.019000000000000128 0.9907731319785558 0.013327169384392752 1.0 1.005830033484597 1.005830033484597 -0.015056901506041331
59770.91713103113 5.281 0.019000000000000128 1.0188041975628372 0.013373393216734756 1.0 1.0058299738890208 1.0058299738890208 0.012974223673816399
59770.91714697455 5.281 0.019000000000000128 1.0193014886745668 0.013415557351490066 1.0 1.0058299142934446 1.0058299142934446 0.013471574381122231
59770.91716291796 5.281 0.019000000000000128 0.9770968971591691 0.013243873506485156 1.0 1.0058298546978957 1.0058298546978957 -0.02873295753872651
59770.91717886139 5.281 0.019000000000000128 1.0174863628511284 0.013403111171095486 1.0 1.0058297951022923 1.0058297951022923 0.011656567748836055
59770.9171948048 5.281 0.019000000000000128 1.0058350414040387 0.013363327632625438 1.0 1.0058297355067434 1.0058297355067434 5.305897295304618e-06
59770.917210748215 5.281 0.019000000000000128 0.9765190957222442 0.01327759034224596 1.0 1.0058296759111944 1.0058296759111944 -0.029310580188950275
