eureka_custom_plots/data/stage5_lcfit_results/S5_wasp39b_ap4_bg8_Table_Save_ch30.txt
# %ECSV 1.0
# ---
# datatype:
# - {name: time, datatype: float64}
# - {name: wavelength, datatype: float64}
# - {name: bin_width, datatype: float64}
# - {name: lcdata, datatype: float64}
# - {name: lcerr, datatype: float64}
# - {name: transit, datatype: float64}
# - {name: polynom, datatype: float64}
# - {name: model, datatype: float64}
# - {name: residuals, datatype: float64}
# schema: astropy-2.0
time wavelength bin_width lcdata lcerr transit polynom model residuals
[from data line 20447]
59770.97001535065 4.1690000000000005 0.018999999999999684 1.0080280167527333 0.006741014682326176 1.0 1.0059565812301612 1.0059565812301612 0.0020714355225721626
59770.97003129406 4.1690000000000005 0.018999999999999684 1.002801260026556 0.006721088451322961 1.0 1.005956537209622 1.005956537209622 -0.003155277183066074
59770.97004723749 4.1690000000000005 0.018999999999999684 1.013259511861887 0.006756298576707256 1.0 1.0059564931890426 1.0059564931890426 0.007303018672844441
59770.9700631809 4.1690000000000005 0.018999999999999684 "" "" 1.0 1.0059564491685034 1.0059564491685034 ""
59770.97007912432 4.1690000000000005 0.018999999999999684 1.019398345248679 0.006763241043415031 1.0 1.005956405147944 1.005956405147944 0.013441940100735073
59770.97009506774 4.1690000000000005 0.018999999999999684 1.0072998639639714 0.006744873639734633 1.0 1.0059563611273847 1.0059563611273847 0.0013435028365866852
59770.970111011164 4.1690000000000005 0.018999999999999684 1.0019542054989141 0.006747817052320309 1.0 1.0059563171068253 1.0059563171068253 -0.004002111607911196
59770.97012695458 4.1690000000000005 0.018999999999999684 1.005696130247417 0.006723078672477831 1.0 1.005956273086286 1.005956273086286 -0.00026014283886910405
59770.97014289799 4.1690000000000005 0.018999999999999684 1.0081600102518093 0.006751874483626777 1.0 1.0059562290657469 1.0059562290657469 0.002203781186062459
59770.97015884142 4.1690000000000005 0.018999999999999684 1.0072804991700472 0.006745018730963643 1.0 1.0059561850451675 1.0059561850451675 0.0013243141248797663
59770.97017478484 4.1690000000000005 0.018999999999999684 0.9986484072057699 0.006725379115644641 1.0 1.005956141024608 1.005956141024608 -0.007307733818838202
59770.97019072825 4.1690000000000005 0.018999999999999684 1.0183268044494698 0.006760466176306513 1.0 1.0059560970040688 1.0059560970040688 0.01237070744540092
59770.97020667167 4.1690000000000005 0.018999999999999684 1.006741947356601 0.006727000010190463 1.0 1.0059560529835097 1.0059560529835097 0.0007858943730914003
59770.97022261509 4.1690000000000005 0.018999999999999684 1.0079051721471155 0.006741754185857983 1.0 1.0059560089629502 1.0059560089629502 0.0019491631841652701
59770.970238558504 4.1690000000000005 0.018999999999999684 1.000721661247002 0.0067138164637918895 1.0 1.005955964942411 1.005955964942411 -0.005234303695409004
59770.97025450193 4.1690000000000005 0.018999999999999684 1.0117819157626895 0.006751634938308571 1.0 1.0059559209218316 1.0059559209218316 0.005825994840857884
59770.970270445345 4.1690000000000005 0.018999999999999684 0.9963277637517829 0.006710813863321527 1.0 1.0059558769012924 1.0059558769012924 -0.00962811314950951
59770.970286388765 4.1690000000000005 0.018999999999999684 1.0078052093942598 0.006733748584931448 1.0 1.0059558328807332 1.0059558328807332 0.0018493765135265683
59770.97030233218 4.1690000000000005 0.018999999999999684 0.9948043654400123 0.006707405721355394 1.0 1.005955788860194 1.005955788860194 -0.011151423420181716
59770.9703182756 4.1690000000000005 0.018999999999999684 1.0093922040296595 0.006739652925010241 1.0 1.0059557448396346 1.0059557448396346 0.0034364591900248875
59770.97033421902 4.1690000000000005 0.018999999999999684 1.0067755136978123 0.006723791884173251 1.0 1.0059557008190751 1.0059557008190751 0.000819812878737114
59770.97035016243 4.1690000000000005 0.018999999999999684 0.9975989706596258 0.006720930108676162 1.0 1.005955656798536 1.005955656798536 -0.008356686138910163
59770.97036610586 4.1690000000000005 0.018999999999999684 1.0126117519936997 0.006755165187379518 1.0 1.0059556127779565 1.0059556127779565 0.006656139215743151
59770.97038204927 4.1690000000000005 0.018999999999999684 1.0230981439577456 0.006767202500426706 1.0 1.0059555687574173 1.0059555687574173 0.017142575200328247
59770.97039799269 4.1690000000000005 0.018999999999999684 1.0105565984062945 0.006741819369521647 1.0 1.0059555247368581 1.0059555247368581 0.004601073669436406
59770.970413936106 4.1690000000000005 0.018999999999999684 1.0108881457853869 0.00674620605029293 1.0 1.005955480716319 1.005955480716319 0.004932665069067976
59770.97042987953 4.1690000000000005 0.018999999999999684 1.005669502366334 0.006734792859159155 1.0 1.0059554366957395 1.0059554366957395 -0.00028593432940549057
59770.970445822946 4.1690000000000005 0.018999999999999684 1.0114205171622996 0.00674927244136329 1.0 1.0059553926752003 1.0059553926752003 0.005465124487099349
59770.97046176637 4.1690000000000005 0.018999999999999684 0.9977623200089645 0.006708252388419298 1.0 1.0059553486546409 1.0059553486546409 -0.008193028645676392
59770.97047770979 4.1690000000000005 0.018999999999999684 1.0083667535888992 0.00673679522613896 1.0 1.0059553046340817 1.0059553046340817 0.0024114489548174856
59770.9704936532 4.1690000000000005 0.018999999999999684 0.9936952394645829 0.006706924101405014 1.0 1.0059552606135422 1.0059552606135422 -0.0122600211489593
59770.97050959662 4.1690000000000005 0.018999999999999684 0.9946377125491462 0.007733904771754771 1.0 1.005955216592983 1.005955216592983 -0.011317504043836801
59770.97052554003 4.1690000000000005 0.018999999999999684 1.0086935690566952 0.006737169766703523 1.0 1.0059551725724438 1.0059551725724438 0.0027383964842513375
59770.97054148346 4.1690000000000005 0.018999999999999684 1.0037875712347768 0.006728993925568956 1.0 1.0059551285518644 1.0059551285518644 -0.0021675573170876206
59770.970557426874 4.1690000000000005 0.018999999999999684 1.0121320312171094 0.006753877607848344 1.0 1.0059550845313252 1.0059550845313252 0.006176946685784168
59770.970573370294 4.1690000000000005 0.018999999999999684 1.0002079070366305 0.00673767527459065 1.0 1.0059550405107658 1.0059550405107658 -0.0057471334741352464
59770.970589313714 4.1690000000000005 0.018999999999999684 1.0020861099942486 0.006712051902982137 1.0 1.0059549964902066 1.0059549964902066 -0.003868886495957957
59770.97060525713 4.1690000000000005 0.018999999999999684 1.0011854200070598 0.006739544679985006 1.0 1.0059549524696674 1.0059549524696674 -0.004769532462607584
59770.97062120055 4.1690000000000005 0.018999999999999684 1.0037155962477533 0.006728920820480184 1.0 1.005954908449108 1.005954908449108 -0.0022393122013546485
59770.970637143975 4.1690000000000005 0.018999999999999684 1.010726407437038 0.006740362343812631 1.0 1.0059548644285286 1.0059548644285286 0.004771543008509349
59770.97065308739 4.1690000000000005 0.018999999999999684 1.0031977439138076 0.006724856679590858 1.0 1.0059548204079893 1.0059548204079893 -0.002757076494181776
59770.9706690308 4.1690000000000005 0.018999999999999684 1.0028997912443693 0.006730083510111328 1.0 1.0059547763874501 1.0059547763874501 -0.0030549851430807795
59770.97068497422 4.1690000000000005 0.018999999999999684 1.0002009963540452 0.006718834341149708 1.0 1.0059547323668907 1.0059547323668907 -0.005753736012845456
59770.97070091764 4.1690000000000005 0.018999999999999684 0.9958671499309791 0.006726652191102629 1.0 1.0059546883463315 1.0059546883463315 -0.01008753841535237
59770.97071686106 4.1690000000000005 0.018999999999999684 1.0246289117077976 0.006783122738619168 1.0 1.005954644325772 1.005954644325772 0.01867426738202549
59770.970732804475 4.1690000000000005 0.018999999999999684 0.9938881971600898 0.006718680281449329 1.0 1.0059546003052329 1.0059546003052329 -0.012066403145143068
59770.9707487479 4.1690000000000005 0.018999999999999684 1.0047166423582874 0.006737901683576262 1.0 1.0059545562846535 1.0059545562846535 -0.0012379139263660743
59770.970764691316 4.1690000000000005 0.018999999999999684 1.0074462344851494 0.006741843744075127 1.0 1.0059545122641143 1.0059545122641143 0.0014917222210351078
59770.97078063473 4.1690000000000005 0.018999999999999684 1.0139050913490835 0.006746046113086384 1.0 1.005954468243575 1.005954468243575 0.007950623105508425
59770.97079657815 4.1690000000000005 0.018999999999999684 1.018235326030722 0.0067536039747666315 1.0 1.0059544242230158 1.0059544242230158 0.012280901807706135
59770.97081252157 4.1690000000000005 0.018999999999999684 1.0092882371563425 0.006745244450666346 1.0 1.0059543802024564 1.0059543802024564 0.003333856953886105
59770.97082846499 4.1690000000000005 0.018999999999999684 0.9987388152677944 0.00671997864539502 1.0 1.005954336181897 1.005954336181897 -0.007215520914102602
59770.9708444084 4.1690000000000005 0.018999999999999684 1.01297346669171 0.006738337484522387 1.0 1.0059542921613578 1.0059542921613578 0.007019174530352279
59770.97086035183 4.1690000000000005 0.018999999999999684 1.0136229409278719 0.00675228103133907 1.0 1.0059542481407784 1.0059542481407784 0.0076686927870934785
59770.97087629524 4.1690000000000005 0.018999999999999684 1.0166575080573277 0.006752962139617671 1.0 1.0059542041202392 1.0059542041202392 0.010703303937088515
59770.970892238656 4.1690000000000005 0.018999999999999684 1.0141690288739968 0.006743996717010966 1.0 1.0059541600997 1.0059541600997 0.00821486877429689
59770.97090818208 4.1690000000000005 0.018999999999999684 1.0046280627345472 0.006724690182219228 1.0 1.0059541160791408 1.0059541160791408 -0.0013260533445935696
59770.970924125504 4.1690000000000005 0.018999999999999684 1.0035061520442532 0.00673838421285006 1.0 1.0059540720585614 1.0059540720585614 -0.002447920014308158
59770.97094006892 4.1690000000000005 0.018999999999999684 0.998455244012293 0.00673267818812553 1.0 1.0059540280380221 1.0059540280380221 -0.007498784025729122
59770.97095601233 4.1690000000000005 0.018999999999999684 1.0147601057044626 0.006742840240468523 1.0 1.0059539840174827 1.0059539840174827 0.008806121686979917
59770.97097195576 4.1690000000000005 0.018999999999999684 0.9969446449606364 0.0067134894832971085 1.0 1.0059539399969033 1.0059539399969033 -0.009009295036266907
59770.97098789917 4.1690000000000005 0.018999999999999684 1.0087894790077865 0.006745396652864389 1.0 1.005953895976364 1.005953895976364 0.002835583031422395
59770.97100384259 4.1690000000000005 0.018999999999999684 1.0094964754398967 0.006759624188658852 1.0 1.005953851955805 1.005953851955805 0.0035426234840918447
59770.97101978601 4.1690000000000005 0.018999999999999684 1.0027902683203833 0.006724749088900278 1.0 1.0059538079352455 1.0059538079352455 -0.003163539614862154
59770.97103572943 4.1690000000000005 0.018999999999999684 1.002673382279965 0.006728627091977745 1.0 1.0059537639146863 1.0059537639146863 -0.00328038163472133
59770.971051672845 4.1690000000000005 0.018999999999999684 1.0123161427165563 0.006763960025310817 1.0 1.005953719894147 1.005953719894147 0.006362422822409286
59770.97106761626 4.1690000000000005 0.018999999999999684 1.0016750080651078 0.006735089447347339 1.0 1.0059536758736078 1.0059536758736078 -0.0042786678085000585
59770.971083559685 4.1690000000000005 0.018999999999999684 1.0106341235280474 0.00673754880872413 1.0 1.0059536318530284 1.0059536318530284 0.0046804916750189385
59770.971099503106 4.1690000000000005 0.018999999999999684 1.007647014273603 0.00673664353661524 1.0 1.005953587832469 1.005953587832469 0.001693426441133905
59770.97111544652 4.1690000000000005 0.018999999999999684 0.998628534567045 0.0067257959927394485 1.0 1.0059535438119298 1.0059535438119298 -0.0073250092448847726
59770.97113138994 4.1690000000000005 0.018999999999999684 1.0023165576787167 0.006730251782959109 1.0 1.0059534997913704 1.0059534997913704 -0.0036369421126536405
59770.97114733336 4.1690000000000005 0.018999999999999684 0.9988793124741701 0.006723153430207186 1.0 1.0059534557708112 1.0059534557708112 -0.007074143296641133
59770.97116327677 4.1690000000000005 0.018999999999999684 1.0009710656991693 0.0067371110624050495 1.0 1.005953411750272 1.005953411750272 -0.004982346051102704
59770.97117922019 4.1690000000000005 0.018999999999999684 1.0073566595236623 0.00673430002342797 1.0 1.0059533677297126 1.0059533677297126 0.0014032917939497125
59770.97119516361 4.1690000000000005 0.018999999999999684 1.0047637131358844 0.006736403181223932 1.0 1.0059533237091534 1.0059533237091534 -0.00118961057326894
59770.97121110703 4.1690000000000005 0.018999999999999684 1.0007078146458994 0.006723669442400833 1.0 1.005953279688594 1.005953279688594 -0.005245465042694519
59770.971227050446 4.1690000000000005 0.018999999999999684 1.0125565161373136 0.006742632637943365 1.0 1.0059532356680547 1.0059532356680547 0.006603280469258843
59770.971242993866 4.1690000000000005 0.018999999999999684 1.0011063169760683 0.006714159745685083 1.0 1.0059531916474955 1.0059531916474955 -0.004846874671427193
59770.97125893729 4.1690000000000005 0.018999999999999684 1.019044555847241 0.00677238404550506 1.0 1.005953147626936 1.005953147626936 0.013091408220304857
59770.9712748807 4.1690000000000005 0.018999999999999684 1.0041150491271194 0.006720598142819248 1.0 1.005953103606397 1.005953103606397 -0.00183805447927754
59770.97129082412 4.1690000000000005 0.018999999999999684 1.008143707163038 0.006748923501371115 1.0 1.0059530595858375 1.0059530595858375 0.002190647577200444
59770.97130676754 4.1690000000000005 0.018999999999999684 1.0118331691532978 0.006745073771513172 1.0 1.0059530155652783 1.0059530155652783 0.005880153588019521
59770.97132271096 4.1690000000000005 0.018999999999999684 0.9958781883235412 0.006701652957448397 1.0 1.0059529715447189 1.0059529715447189 -0.010074783221177608
59770.97133865437 4.1690000000000005 0.018999999999999684 1.0143712296693645 0.006745346983442598 1.0 1.0059529275241796 1.0059529275241796 0.008418302145184908
59770.971354597794 4.1690000000000005 0.018999999999999684 1.0096566368900468 0.006755983881132658 1.0 1.0059528835036204 1.0059528835036204 0.003703753386426367
59770.971370541214 4.1690000000000005 0.018999999999999684 1.01506762645262 0.0067661148059544925 1.0 1.005952839483061 1.005952839483061 0.009114786969558919
59770.971386484634 4.1690000000000005 0.018999999999999684 0.996386370250734 0.006711615613872429 1.0 1.0059527954625018 1.0059527954625018 -0.00956642521176787
59770.97140242805 4.1690000000000005 0.018999999999999684 1.0194874697767815 0.006768254926747446 1.0 1.0059527514419626 1.0059527514419626 0.013534718334818896
59770.97141837147 4.1690000000000005 0.018999999999999684 0.9982844881839349 0.0067121539114726935 1.0 1.0059527074214032 1.0059527074214032 -0.007668219237468299
59770.97143431489 4.1690000000000005 0.018999999999999684 1.0126130422463921 0.006744489138891639 1.0 1.005952663400844 1.005952663400844 0.006660378845548154
59770.9714502583 4.1690000000000005 0.018999999999999684 1.0053319674985688 0.006745741310065417 1.0 1.0059526193803046 1.0059526193803046 -0.0006206518817357676
59770.97146620173 4.1690000000000005 0.018999999999999684 0.9984419569188829 0.006715458153324537 1.0 1.0059525753597252 1.0059525753597252 -0.0075106184408422205
59770.97148214514 4.1690000000000005 0.018999999999999684 0.9987828751942012 0.006713793998398236 1.0 1.005952531339186 1.005952531339186 -0.007169656144984771
59770.97149808856 4.1690000000000005 0.018999999999999684 1.0040725802513635 0.006748077303656007 1.0 1.0059524873186267 1.0059524873186267 -0.0018799070672632645
59770.97151403198 4.1690000000000005 0.018999999999999684 1.0096261738772883 0.006724564398625245 1.0 1.0059524432980673 1.0059524432980673 0.003673730579220935
59770.971529975395 4.1690000000000005 0.018999999999999684 1.0061854346563317 0.006731459964750857 1.0 1.005952399277528 1.005952399277528 0.00023303537880359215
59770.971545918816 4.1690000000000005 0.018999999999999684 1.0090340641008015 0.006740995203520294 1.0 1.005952355256969 1.005952355256969 0.0030817088438326312
59770.97156186223 4.1690000000000005 0.018999999999999684 1.0085536421828645 0.006766082902765663 1.0 1.0059523112364297 1.0059523112364297 0.0026013309464347767
59770.971577805656 4.1690000000000005 0.018999999999999684 0.9998767792778952 0.006720964158657133 1.0 1.0059522672158503 1.0059522672158503 -0.006075487937955093
