eureka_custom_plots/data/stage5_lcfit_results/S5_wasp39b_ap4_bg8_Table_Save_ch12.txt
# %ECSV 1.0
# ---
# datatype:
# - {name: time, datatype: float64}
# - {name: wavelength, datatype: float64}
# - {name: bin_width, datatype: float64}
# - {name: lcdata, datatype: float64}
# - {name: lcerr, datatype: float64}
# - {name: transit, datatype: float64}
# - {name: polynom, datatype: float64}
# - {name: model, datatype: float64}
# - {name: residuals, datatype: float64}
# schema: astropy-2.0
time wavelength bin_width lcdata lcerr transit polynom model residuals
[from data line 4867]
59770.721616876646 3.479 0.019000000000000128 1.007277353259066 0.005012479092868399 1.0 1.0068376100403218 1.0068376100403218 0.0004397432187441819
59770.72163282006 3.479 0.019000000000000128 1.0042029617489179 0.004997163736509092 1.0 1.006837534327931 1.006837534327931 -0.002634572579013117
59770.72164876349 3.479 0.019000000000000128 1.0079887711198694 0.0050112943031209445 1.0 1.006837458615471 1.006837458615471 0.0011513125043984829
59770.7216647069 3.479 0.019000000000000128 1.0040472390242672 0.005000385224984854 1.0 1.00683738290308 1.00683738290308 -0.002790143878812712
59770.72168065033 3.479 0.019000000000000128 1.0047103451569144 0.00499903418600416 1.0 1.0068373071906198 1.0068373071906198 -0.0021269620337054373
59770.72169659374 3.479 0.019000000000000128 0.9996932851984327 0.004994909016967798 1.0 1.0068372314782288 1.0068372314782288 -0.007143946279796087
59770.72171253717 3.479 0.019000000000000128 1.0080041645170943 0.005021415592218926 1.0 1.0068371557657687 1.0068371557657687 0.0011670087513255822
59770.72172848059 3.479 0.019000000000000128 1.0051237436758478 0.005003783760357389 1.0 1.0068370800533433 1.0068370800533433 -0.001713336377495489
59770.721744424 3.479 0.019000000000000128 1.0039356657558829 0.005003623219791864 1.0 1.0068370043409522 1.0068370043409522 -0.0029013385850693574
59770.72176036743 3.479 0.019000000000000128 1.0079314968222164 0.0050127513681783005 1.0 1.0068369286284922 1.0068369286284922 0.0010945681937242213
59770.72177631085 3.479 0.019000000000000128 1.0128105444295683 0.005011691118432806 1.0 1.0068368529160667 1.0068368529160667 0.005973691513501578
59770.72179225427 3.479 0.019000000000000128 1.0115734810798063 0.005010087603241528 1.0 1.0068367772036413 1.0068367772036413 0.004736703876164983
59770.72180819768 3.479 0.019000000000000128 1.001822858087287 0.005006384247768002 1.0 1.0068367014912503 1.0068367014912503 -0.0050138434039632696
59770.72182414111 3.479 0.019000000000000128 1.0060961614162662 0.0050066986808596494 1.0 1.0068366257787902 1.0068366257787902 -0.0007404643625239515
59770.72184008453 3.479 0.019000000000000128 1.0148932284290115 0.005017187325373362 1.0 1.0068365500663647 1.0068365500663647 0.008056678362646785
59770.72185602795 3.479 0.019000000000000128 1.0135177796142694 0.0050170018290449985 1.0 1.0068364743539393 1.0068364743539393 0.0066813052603300616
59770.72187197137 3.479 0.019000000000000128 1.011566217749087 0.005020127617850051 1.0 1.0068363986415136 1.0068363986415136 0.004729819107573308
59770.72188791479 3.479 0.019000000000000128 0.9958874463190088 0.004980747796299885 1.0 1.0068363229290882 1.0068363229290882 -0.010948876610079372
59770.72190385821 3.479 0.019000000000000128 1.0017870225736376 0.0049940224304371155 1.0 1.0068362472166628 1.0068362472166628 -0.005049224643025152
59770.721919801625 3.479 0.019000000000000128 1.0127689030367506 0.005017778643645842 1.0 1.0068361715042717 1.0068361715042717 0.005932731532478863
59770.72193574505 3.479 0.019000000000000128 1.005385149359034 0.005012007415003216 1.0 1.0068360957918117 1.0068360957918117 -0.0014509464327776556
59770.721951688465 3.479 0.019000000000000128 1.0087368417256881 0.005012003439772425 1.0 1.0068360200794206 1.0068360200794206 0.001900821646267481
59770.72196763189 3.479 0.019000000000000128 1.0087789508404534 0.00500637109754702 1.0 1.0068359443669606 1.0068359443669606 0.001943006473492881
59770.72198357531 3.479 0.019000000000000128 0.9980288204982957 0.004988620551301205 1.0 1.0068358686545351 1.0068358686545351 -0.00880704815623945
59770.72199951873 3.479 0.019000000000000128 1.0141840321792093 0.005022783131782954 1.0 1.0068357929421097 1.0068357929421097 0.007348239237099596
59770.722015462154 3.479 0.019000000000000128 1.0126574902921848 0.005024097460183129 1.0 1.006835717229684 1.006835717229684 0.005821773062500757
59770.72203140557 3.479 0.019000000000000128 1.0041265874441956 0.005002609415634264 1.0 1.0068356415172932 1.0068356415172932 -0.0027090540730976276
59770.722047348994 3.479 0.019000000000000128 1.0120512897883256 0.005023724620870862 1.0 1.0068355658048331 1.0068355658048331 0.00521572398349246
59770.722063292415 3.479 0.019000000000000128 1.003638107379877 0.005002812397922885 1.0 1.0068354900924075 1.0068354900924075 -0.00319738271253045
59770.722079235835 3.479 0.019000000000000128 1.0088714295531431 0.005017413401787876 1.0 1.006835414379982 1.006835414379982 0.0020360151731610987
59770.722095179255 3.479 0.019000000000000128 1.0019394951593572 0.004989329546197485 1.0 1.0068353386675566 1.0068353386675566 -0.004895843508199382
59770.722111122675 3.479 0.019000000000000128 1.0110524698588996 0.00501039262044239 1.0 1.006835262955131 1.006835262955131 0.0042172069037687
59770.722127066096 3.479 0.019000000000000128 1.0010796071673103 0.004991810025201808 1.0 1.0068351872427055 1.0068351872427055 -0.005755580075395228
59770.722143009516 3.479 0.019000000000000128 1.004230597697296 0.005009657579794947 1.0 1.00683511153028 1.00683511153028 -0.00260451383298399
59770.722158952936 3.479 0.019000000000000128 1.0060886912536344 0.005008754287630932 1.0 1.0068350358178546 1.0068350358178546 -0.0007463445642201805
59770.72217489636 3.479 0.019000000000000128 1.0123290025454057 0.0050207359360024024 1.0 1.006834960105429 1.006834960105429 0.005494042439976754
59770.72219083978 3.479 0.019000000000000128 1.0010014335090633 0.004997398041001393 1.0 1.0068348843930035 1.0068348843930035 -0.005833450883940161
59770.72220678319 3.479 0.019000000000000128 1.0089329592687406 0.005016835892714738 1.0 1.0068348086806125 1.0068348086806125 0.0020981505881281226
59770.72222272662 3.479 0.019000000000000128 1.0091625556496113 0.005007157518995078 1.0 1.0068347329681524 1.0068347329681524 0.0023278226814589242
59770.722238670045 3.479 0.019000000000000128 1.0000631394359023 0.004999558186443743 1.0 1.0068346572556923 1.0068346572556923 -0.006771517819790018
59770.72225461346 3.479 0.019000000000000128 1.0184055484932222 0.005029880911085971 1.0 1.0068345815433015 1.0068345815433015 0.011570966949920658
59770.72227055688 3.479 0.019000000000000128 0.9987546917105135 0.004999399059077112 1.0 1.0068345058308759 1.0068345058308759 -0.008079814120362405
59770.7222865003 3.479 0.019000000000000128 1.0107396806883517 0.005013241581258261 1.0 1.0068344301184504 1.0068344301184504 0.0039052505699013196
59770.72230244372 3.479 0.019000000000000128 1.0088519018772835 0.005009485866238075 1.0 1.006834354406025 1.006834354406025 0.002017547471258485
59770.72231838714 3.479 0.019000000000000128 1.0039123634593532 0.005005885448653471 1.0 1.0068342786935993 1.0068342786935993 -0.0029219152342461197
59770.72233433056 3.479 0.019000000000000128 0.9997648586264631 0.004999971825348226 1.0 1.0068342029811739 1.0068342029811739 -0.007069344354710738
59770.72235027399 3.479 0.019000000000000128 1.014160542084883 0.005023455502978624 1.0 1.0068341272687138 1.0068341272687138 0.007326414816169136
59770.7223662174 3.479 0.019000000000000128 1.0039450175654003 0.005000319878474968 1.0 1.0068340515563228 1.0068340515563228 -0.0028890339909224405
59770.72238216082 3.479 0.019000000000000128 1.0047334111784305 0.005001661838961739 1.0 1.0068339758438973 1.0068339758438973 -0.0021005646654668197
59770.72239810424 3.479 0.019000000000000128 1.0047006097274604 0.005006859976444553 1.0 1.006833900131472 1.006833900131472 -0.0021332904040114453
59770.72241404766 3.479 0.019000000000000128 1.0103330423828394 0.005014255809031838 1.0 1.0068338244190462 1.0068338244190462 0.0034992179637931553
59770.72242999108 3.479 0.019000000000000128 1.0137606957969671 0.005030030849380925 1.0 1.0068337487066208 1.0068337487066208 0.006926947090346358
59770.7224459345 3.479 0.019000000000000128 1.013803508055191 0.005027119367100317 1.0 1.0068336729941954 1.0068336729941954 0.006969835060995688
59770.72246187792 3.479 0.019000000000000128 1.0098284061036573 0.0050131772874560405 1.0 1.0068335972817697 1.0068335972817697 0.002994808821887629
59770.72247782134 3.479 0.019000000000000128 1.002699281122223 0.004996125828055265 1.0 1.0068335215693442 1.0068335215693442 -0.004134240447121185
59770.72249376476 3.479 0.019000000000000128 1.0122486844180374 0.0050108742811387115 1.0 1.0068334458569188 1.0068334458569188 0.005415238561118585
59770.72250970818 3.479 0.019000000000000128 1.0103272205080793 0.005011781868343677 1.0 1.0068333701444934 1.0068333701444934 0.0034938503635859597
59770.72252565161 3.479 0.019000000000000128 0.9983892684526804 0.004992557297689601 1.0 1.0068332944320333 1.0068332944320333 -0.008444025979352898
59770.72254159502 3.479 0.019000000000000128 0.9998775398869554 0.004994211572673068 1.0 1.0068332187196423 1.0068332187196423 -0.006955678832686885
59770.722557538444 3.479 0.019000000000000128 1.004964315525545 0.005003213109721958 1.0 1.0068331430072168 1.0068331430072168 -0.0018688274816718309
59770.722573481864 3.479 0.019000000000000128 1.0146244145255632 0.005020914894592956 1.0 1.0068330672947912 1.0068330672947912 0.007791347230772017
59770.722589425284 3.479 0.019000000000000128 1.0112541537388973 0.0050226721236622035 1.0 1.0068329915823657 1.0068329915823657 0.004421162156531544
59770.72260536871 3.479 0.019000000000000128 1.0091668985190254 0.005015913120038242 1.0 1.0068329158699056 1.0068329158699056 0.00233398264911977
59770.722621312125 3.479 0.019000000000000128 0.9996384281241246 0.004995365094022073 1.0 1.0068328401575146 1.0068328401575146 -0.007194412033389996
59770.72263725555 3.479 0.019000000000000128 1.0023258523096326 0.004999898108741372 1.0 1.0068327644450545 1.0068327644450545 -0.004506912135421981
59770.722653198965 3.479 0.019000000000000128 1.013565755602272 0.005028005639253858 1.0 1.0068326887326637 1.0068326887326637 0.006733066869608173
59770.722669142386 3.479 0.019000000000000128 1.0076031638455598 0.0050067164572743985 1.0 1.006832613020238 1.006832613020238 0.0007705508253217364
59770.722685085806 3.479 0.019000000000000128 0.9976669754311241 0.0049938212233504205 1.0 1.0068325373078126 1.0068325373078126 -0.009165561876688488
59770.722701029226 3.479 0.019000000000000128 1.003951751475565 0.004998981199663588 1.0 1.0068324615953872 1.0068324615953872 -0.0028807101198222718
59770.72271697265 3.479 0.019000000000000128 1.0059394576797283 0.005011024107679307 1.0 1.0068323858829615 1.0068323858829615 -0.0008929282032332786
59770.72273291607 3.479 0.019000000000000128 1.0007753582608745 0.005006277187244571 1.0 1.006832310170536 1.006832310170536 -0.006056951909661601
59770.722748859494 3.479 0.019000000000000128 1.001843659196395 0.004991802720935853 1.0 1.006832234458076 1.006832234458076 -0.00498857526168095
59770.72276480291 3.479 0.019000000000000128 1.0025048917790225 0.005007041790841929 1.0 1.006832158745685 1.006832158745685 -0.004327266966662524
59770.722780746335 3.479 0.019000000000000128 1.0146625170384944 0.005026015036119165 1.0 1.006832083033225 1.006832083033225 0.007830434005269504
59770.72279668975 3.479 0.019000000000000128 1.0030972647825769 0.005001422967730861 1.0 1.006832007320834 1.006832007320834 -0.0037347425382572297
59770.722812633176 3.479 0.019000000000000128 1.014301395174574 0.005022867570013802 1.0 1.006831931608374 1.006831931608374 0.007469463566200041
59770.72282857659 3.479 0.019000000000000128 1.0139860928074342 0.005016029977924186 1.0 1.006831855895983 1.006831855895983 0.007154236911451228
59770.72284452001 3.479 0.019000000000000128 1.0068352484063756 0.005009531009121758 1.0 1.0068317801835576 1.0068317801835576 3.468222818048261e-06
59770.72286046344 3.479 0.019000000000000128 0.9976806426404929 0.004997022703724838 1.0 1.0068317044710975 1.0068317044710975 -0.009151061830604545
59770.72287640685 3.479 0.019000000000000128 1.006347719811016 0.005017346155885297 1.0 1.0068316287587065 1.0068316287587065 -0.000483908947690459
59770.72289235028 3.479 0.019000000000000128 1.0112449465491729 0.005016586948634039 1.0 1.0068315530462464 1.0068315530462464 0.004413393502926466
59770.72290829369 3.479 0.019000000000000128 1.0034868443456693 0.005003776630339681 1.0 1.0068314773338556 1.0068314773338556 -0.0033446329881863246
59770.72292423712 3.479 0.019000000000000128 1.0160988544753948 0.005030290901708191 1.0 1.0068314016213955 1.0068314016213955 0.009267452853999325
59770.72294018053 3.479 0.019000000000000128 1.0078956004001562 0.0050093426658111215 1.0 1.0068313259090045 1.0068313259090045 0.001064274491151762
59770.72295612395 3.479 0.019000000000000128 1.0005219121901567 0.004986660101822888 1.0 1.006831250196579 1.006831250196579 -0.006309338006422305
59770.72297206737 3.479 0.019000000000000128 0.9996124809730975 0.004995645999327885 1.0 1.0068311744841534 1.0068311744841534 -0.0072186935110558625
59770.7229880108 3.479 0.019000000000000128 1.0049244735234015 0.005007863625032915 1.0 1.0068310987716933 1.0068310987716933 -0.0019066252482917712
59770.72300395422 3.479 0.019000000000000128 1.0017008665222698 0.0049877022271369795 1.0 1.0068310230592679 1.0068310230592679 -0.0051301565369981095
59770.72301989763 3.479 0.019000000000000128 0.9947866786709707 0.0049852635850121335 1.0 1.0068309473468768 1.0068309473468768 -0.012044268675906133
59770.72303584106 3.479 0.019000000000000128 1.0030985384591165 0.0050068609839014604 1.0 1.0068308716344168 1.0068308716344168 -0.0037323331753003064
59770.72305178447 3.479 0.019000000000000128 1.008268249961926 0.005013530763383993 1.0 1.006830795922026 1.006830795922026 0.0014374540399000324
59770.7230677279 3.479 0.019000000000000128 1.0026851346295267 0.005004181346317367 1.0 1.0068307202095659 1.0068307202095659 -0.0041455855800391905
59770.72308367131 3.479 0.019000000000000128 1.0135255493983006 0.0050243934096212296 1.0 1.0068306444971749 1.0068306444971749 0.006694904901125787
59770.72309961474 3.479 0.019000000000000128 1.009490575344462 0.00501698537198746 1.0 1.0068305687847148 1.0068305687847148 0.0026600065597472966
59770.72311555816 3.479 0.019000000000000128 1.0041606828885228 0.004999583277978428 1.0 1.0068304930722893 1.0068304930722893 -0.002669810183766552
59770.723131501574 3.479 0.019000000000000128 1.0071419361233758 0.005009838887524442 1.0 1.0068304173598983 1.0068304173598983 0.00031151876347745855
59770.723147445 3.479 0.019000000000000128 1.0180886289021587 0.005028507142087399 1.0 1.0068303416474382 1.0068303416474382 0.011258287254720445
59770.723163388415 3.479 0.019000000000000128 1.0076644576128888 0.005010050725261393 1.0 1.0068302659350472 1.0068302659350472 0.0008341916778416003
59770.72317933184 3.479 0.019000000000000128 1.0091895206135224 0.005006403629318057 1.0 1.0068301902225874 1.0068301902225874 0.002359330390935055
59770.723195275255 3.479 0.019000000000000128 1.0035884907839392 0.005000678732335284 1.0 1.0068301145101963 1.0068301145101963 -0.003241623726257137
59770.72321121868 3.479 0.019000000000000128 0.9935640092871239 0.004987600233903807 1.0 1.0068300387977362 1.0068300387977362 -0.013266029510612398
59770.723227162096 3.479 0.019000000000000128 1.0120746496917845 0.005019372231880488 1.0 1.0068299630853452 1.0068299630853452 0.005244686606439286
59770.723243105516 3.479 0.019000000000000128 1.0064974602104382 0.005009733067563708 1.0 1.0068298873729198 1.0068298873729198 -0.00033242716248160775
59770.723259048944 3.479 0.019000000000000128 1.0055556546748505 0.005001715595280816 1.0 1.0068298116604597 1.0068298116604597 -0.0012741569856091761
59770.723274992364 3.479 0.019000000000000128 1.0007132026000538 0.004991888832519772 1.0 1.0068297359480343 1.0068297359480343 -0.006116533347980457
59770.723290935784 3.479 0.019000000000000128 1.004781440282862 0.005010067432851015 1.0 1.0068296602356086 1.0068296602356086 -0.0020482199527465106
