eureka_custom_plots/data/stage5_lcfit_results/S5_wasp39b_ap4_bg8_Table_Save_ch19.txt
# %ECSV 1.0
# ---
# datatype:
# - {name: time, datatype: float64}
# - {name: wavelength, datatype: float64}
# - {name: bin_width, datatype: float64}
# - {name: lcdata, datatype: float64}
# - {name: lcerr, datatype: float64}
# - {name: transit, datatype: float64}
# - {name: polynom, datatype: float64}
# - {name: model, datatype: float64}
# - {name: residuals, datatype: float64}
# schema: astropy-2.0
time wavelength bin_width lcdata lcerr transit polynom model residuals
[from data line 16409]
59770.90563582613 3.7475 0.01949999999999985 1.0034067803417035 0.005178027580396668 1.0 1.0060266421510766 1.0060266421510766 -0.002619861809373125
59770.90565176955 3.7475 0.01949999999999985 1.005875025174238 0.005180567993514637 1.0 1.0060265882716373 1.0060265882716373 -0.00015156309739916551
59770.90566771296 3.7475 0.01949999999999985 1.0121714783756668 0.0051881597387232825 1.0 1.0060265343922226 1.0060265343922226 0.006144943983444229
59770.90568365638 3.7475 0.01949999999999985 1.0093083430063694 0.005185579324481476 1.0 1.0060264805127834 1.0060264805127834 0.003281862493585974
59770.9056995998 3.7475 0.01949999999999985 1.009907293946566 0.0051908939384019736 1.0 1.006026426633344 1.006026426633344 0.003880867313222014
59770.905715543224 3.7475 0.01949999999999985 1.0029245859347067 0.005181526282701421 1.0 1.0060263727539047 1.0060263727539047 -0.003101786819198038
59770.90573148664 3.7475 0.01949999999999985 1.0031833250236422 0.005186370687134521 1.0 1.00602631887449 1.00602631887449 -0.0028429938508478525
59770.905747430064 3.7475 0.01949999999999985 1.0069923801338647 0.0051864158699244794 1.0 1.0060262649950262 1.0060262649950262 0.0009661151388384859
59770.90576337348 3.7475 0.01949999999999985 1.0111343592158404 0.005196459995793508 1.0 1.0060262111156115 1.0060262111156115 0.00510814810022886
59770.9057793169 3.7475 0.01949999999999985 1.0039731586417988 0.005176483074868015 1.0 1.0060261572361722 1.0060261572361722 -0.0020529985943733564
59770.90579526032 3.7475 0.01949999999999985 1.0051838855166821 0.0051791008092622656 1.0 1.0060261033567328 1.0060261033567328 -0.0008422178400506741
59770.90581120373 3.7475 0.01949999999999985 0.9932321418332161 0.005158433417867308 1.0 1.006026049477318 1.006026049477318 -0.012793907644102043
59770.90582714716 3.7475 0.01949999999999985 1.00342943286198 0.0051820398479700295 1.0 1.006025995597854 1.006025995597854 -0.002596562735874164
59770.90584309057 3.7475 0.01949999999999985 1.0112160315257028 0.005193451580363168 1.0 1.0060259417184394 1.0060259417184394 0.005190089807263432
59770.90585903399 3.7475 0.01949999999999985 1.0002235418694796 0.005173191324754988 1.0 1.0060258878390003 1.0060258878390003 -0.0058023459695206725
59770.90587497741 3.7475 0.01949999999999985 1.0081211416398663 0.005191890088581585 1.0 1.006025833959561 1.006025833959561 0.002095307680305414
59770.90589092083 3.7475 0.01949999999999985 1.0171854346107259 0.005203896127182787 1.0 1.0060257800801216 1.0060257800801216 0.011159654530604302
59770.905906864245 3.7475 0.01949999999999985 1.0052732028233664 0.0051780290651518394 1.0 1.0060257262007068 1.0060257262007068 -0.0007525233773404416
59770.90592280767 3.7475 0.01949999999999985 1.0063192600299917 0.0051894380907573 1.0 1.006025672321243 1.006025672321243 0.0002935877087486549
59770.905938751086 3.7475 0.01949999999999985 1.01255134935956 0.006017600578268889 1.0 1.0060256184418284 1.0060256184418284 0.006525730917731565
59770.90595469451 3.7475 0.01949999999999985 1.014813909356836 0.005197364753948501 1.0 1.006025564562389 1.006025564562389 0.008788344794447012
59770.90597063793 3.7475 0.01949999999999985 1.014436865830516 0.005197417492778514 1.0 1.0060255106829497 1.0060255106829497 0.008411355147566413
59770.90598658134 3.7475 0.01949999999999985 1.0095332172243057 0.005187112305991649 1.0 1.006025456803535 1.006025456803535 0.0035077604207707225
59770.90600252477 3.7475 0.01949999999999985 1.0009985968541186 0.005170849507631541 1.0 1.0060254029240712 1.0060254029240712 -0.0050268060699525385
59770.90601846818 3.7475 0.01949999999999985 1.0149047840400103 0.005201251618625198 1.0 1.0060253490446565 1.0060253490446565 0.008879434995353819
59770.9060344116 3.7475 0.01949999999999985 1.0068433036659883 0.0051903604855776985 1.0 1.006025295165217 1.006025295165217 0.0008180085007711835
59770.90605035502 3.7475 0.01949999999999985 1.0023970611638027 0.005179954866566095 1.0 1.0060252412857777 1.0060252412857777 -0.0036281801219750776
59770.906066298434 3.7475 0.01949999999999985 1.0046699720228793 0.005180979995305188 1.0 1.006025187406363 1.006025187406363 -0.00135521538348371
59770.906082241854 3.7475 0.01949999999999985 1.0131835437521586 0.005188214128121902 1.0 1.0060251335269237 1.0060251335269237 0.00715841022523489
59770.90609818528 3.7475 0.01949999999999985 1.0008496452050135 0.005167194620536306 1.0 1.00602507964746 1.00602507964746 -0.005175434442446392
59770.906114128695 3.7475 0.01949999999999985 1.0087521058677662 0.0051887183176593 1.0 1.0060250257680452 1.0060250257680452 0.002727080099721002
59770.906130072115 3.7475 0.01949999999999985 "" "" 1.0 1.0060249718886058 1.0060249718886058 ""
59770.906146015535 3.7475 0.01949999999999985 1.01332885310476 0.005195819923117979 1.0 1.0060249180091665 1.0060249180091665 0.007303935095593461
59770.90616195895 3.7475 0.01949999999999985 1.0033873923277692 0.005177583317406252 1.0 1.0060248641297518 1.0060248641297518 -0.002637471801982594
59770.906177902376 3.7475 0.01949999999999985 1.0104431997972112 0.00519396948636475 1.0 1.006024810250288 1.006024810250288 0.004418389546923196
59770.90619384579 3.7475 0.01949999999999985 1.0082150926525522 0.005182893783064868 1.0 1.0060247563708733 1.0060247563708733 0.002190336281678862
59770.90620978921 3.7475 0.01949999999999985 1.0116029744163624 0.005189160076363255 1.0 1.006024702491434 1.006024702491434 0.005578271924928435
59770.90622573263 3.7475 0.01949999999999985 1.0036512568036413 0.005175000538903173 1.0 1.0060246486119946 1.0060246486119946 -0.0023733918083532757
59770.90624167604 3.7475 0.01949999999999985 "" "" 1.0 1.0060245947325799 1.0060245947325799 ""
59770.90625761946 3.7475 0.01949999999999985 1.004293377262493 0.005180400077461995 1.0 1.0060245408531405 1.0060245408531405 -0.001731163590647622
59770.90627356288 3.7475 0.01949999999999985 1.0165663301064403 0.005193519083821889 1.0 1.0060244869737014 1.0060244869737014 0.01054184313273887
59770.9062895063 3.7475 0.01949999999999985 1.0176721279794447 0.0052093054963183874 1.0 1.006024433094262 1.006024433094262 0.011647694885182691
59770.90630544972 3.7475 0.01949999999999985 1.0088894210701536 0.005197995695340313 1.0 1.0060243792148473 1.0060243792148473 0.0028650418553062273
59770.906321393144 3.7475 0.01949999999999985 1.004222137413637 0.005188653651451473 1.0 1.0060243253353833 1.0060243253353833 -0.0018021879217462455
59770.90633733656 3.7475 0.01949999999999985 1.0092853400153166 0.00519345349262919 1.0 1.0060242714559686 1.0060242714559686 0.003261068559347935
59770.90635327998 3.7475 0.01949999999999985 1.0050244775029076 0.005180015071079594 1.0 1.0060242175765295 1.0060242175765295 -0.000999740073621913
59770.9063692234 3.7475 0.01949999999999985 0.9928768740498762 0.005161629872855533 1.0 1.0060241636970901 1.0060241636970901 -0.0131472896472139
59770.90638516682 3.7475 0.01949999999999985 1.0091435950552083 0.005191477833838653 1.0 1.0060241098176508 1.0060241098176508 0.003119485237557562
59770.90640111024 3.7475 0.01949999999999985 1.0071903642463194 0.005188916537959362 1.0 1.0060240559382114 1.0060240559382114 0.0011663083081079328
59770.90641705365 3.7475 0.01949999999999985 1.0014203415554725 0.005187291565113193 1.0 1.0060240020587967 1.0060240020587967 -0.0046036605033241695
59770.90643299707 3.7475 0.01949999999999985 1.0152704421959131 0.005199036438339886 1.0 1.0060239481793574 1.0060239481793574 0.00924649401655575
59770.90644894049 3.7475 0.01949999999999985 1.0133579957664318 0.005202973278131738 1.0 1.0060238942999182 1.0060238942999182 0.007334101466513587
59770.90646488391 3.7475 0.01949999999999985 1.0004947303859704 0.005173010967518945 1.0 1.0060238404204789 1.0060238404204789 -0.005529110034508511
59770.906480827325 3.7475 0.01949999999999985 "" "" 1.0 1.0060237865410642 1.0060237865410642 ""
59770.90649677075 3.7475 0.01949999999999985 1.012402039282255 0.00519514019505901 1.0 1.0060237326616002 1.0060237326616002 0.006378306620654861
59770.906512714166 3.7475 0.01949999999999985 1.0076249350147377 0.005176969159402414 1.0 1.0060236787821855 1.0060236787821855 0.0016012562325522506
59770.906528657586 3.7475 0.01949999999999985 1.0053390891062057 0.0051875046211325914 1.0 1.0060236249027463 1.0060236249027463 -0.0006845357965405974
59770.906544601006 3.7475 0.01949999999999985 1.0022469807709313 0.005174877494818722 1.0 1.006023571023307 1.006023571023307 -0.0037765902523756445
59770.90656054443 3.7475 0.01949999999999985 1.0072059986317807 0.005168437436875275 1.0 1.0060235171438676 1.0060235171438676 0.0011824814879131118
59770.90657648785 3.7475 0.01949999999999985 0.9975094968296594 0.005170503626695441 1.0 1.0060234632644283 1.0060234632644283 -0.008513966434768871
59770.90659243126 3.7475 0.01949999999999985 1.0135493973005059 0.005188127902016051 1.0 1.0060234093850136 1.0060234093850136 0.007525987915492305
59770.90660837468 3.7475 0.01949999999999985 1.0104590267372755 0.005194533018905026 1.0 1.0060233555055744 1.0060233555055744 0.004435671231701077
59770.9066243181 3.7475 0.01949999999999985 1.0035501858758897 0.005183470423690473 1.0 1.006023301626135 1.006023301626135 -0.002473115750245336
59770.90664026152 3.7475 0.01949999999999985 1.0129376899180764 0.005197032075613742 1.0 1.0060232477466957 1.0060232477466957 0.006914442171380708
59770.906656204934 3.7475 0.01949999999999985 1.013858602497823 0.005191376455577435 1.0 1.006023193867281 1.006023193867281 0.007835408630541885
59770.90667214836 3.7475 0.01949999999999985 1.0079582901342807 0.005186097336992991 1.0 1.0060231399878172 1.0060231399878172 0.0019351501464635046
59770.906688091774 3.7475 0.01949999999999985 0.9988115670356199 0.005171952883500736 1.0 1.0060230861084025 1.0060230861084025 -0.007211519072782613
59770.906704035195 3.7475 0.01949999999999985 1.0031162011770656 0.005173148613356288 1.0 1.0060230322289632 1.0060230322289632 -0.002906831051897596
59770.906719978615 3.7475 0.01949999999999985 1.0100068703213325 0.0051902621231418936 1.0 1.0060229783495238 1.0060229783495238 0.003983891971808706
59770.90673592203 3.7475 0.01949999999999985 0.996155085892897 0.005175420201614644 1.0 1.006022924470109 1.006022924470109 -0.009867838577212074
59770.906751865456 3.7475 0.01949999999999985 1.0007977431079698 0.005171762020242346 1.0 1.006022870590645 1.006022870590645 -0.00522512748267534
59770.90676780887 3.7475 0.01949999999999985 1.0035187030701092 0.005185733050439099 1.0 1.0060228167112304 1.0060228167112304 -0.0025041136411212417
59770.90678375229 3.7475 0.01949999999999985 1.0067793456108491 0.005188349452465638 1.0 1.0060227628317913 1.0060227628317913 0.0007565827790578794
59770.90679969571 3.7475 0.01949999999999985 1.0088346880655925 0.005191964289416466 1.0 1.006022708952352 1.006022708952352 0.0028119791132406036
59770.90681563912 3.7475 0.01949999999999985 1.0067254712680151 0.005184520406238645 1.0 1.0060226550729372 1.0060226550729372 0.0007028161950779488
59770.90683158254 3.7475 0.01949999999999985 1.0016662998040147 0.005173651262197138 1.0 1.0060226011934978 1.0060226011934978 -0.004356301389483175
59770.90684752597 3.7475 0.01949999999999985 1.0062110804548035 0.005180327154659549 1.0 1.006022547314034 1.006022547314034 0.00018853314076938688
59770.90686346938 3.7475 0.01949999999999985 1.0042168030378484 0.00517606306021828 1.0 1.0060224934346194 1.0060224934346194 -0.0018056903967709204
59770.906879412796 3.7475 0.01949999999999985 1.002275857721162 0.005174996544345139 1.0 1.0060224395552047 1.0060224395552047 -0.0037465818340427504
59770.906895356224 3.7475 0.01949999999999985 1.0065340796728635 0.00519185083597052 1.0 1.0060223856757406 1.0060223856757406 0.0005116939971228085
59770.90691129964 3.7475 0.01949999999999985 1.0022976346913277 0.005184127050099574 1.0 1.006022331796326 1.006022331796326 -0.0037246971049982314
59770.906927243064 3.7475 0.01949999999999985 1.0121556904069808 0.005192155589209932 1.0 1.0060222779168622 1.0060222779168622 0.006133412490118673
59770.90694318648 3.7475 0.01949999999999985 1.0090357959460077 0.00518728572998043 1.0 1.0060222240374475 1.0060222240374475 0.0030135719085602197
59770.9069591299 3.7475 0.01949999999999985 1.0117653694424378 0.005190003524993715 1.0 1.006022170158008 1.006022170158008 0.005743199284429679
59770.90697507332 3.7475 0.01949999999999985 1.0026153070796415 0.005169522081261794 1.0 1.0060221162785687 1.0060221162785687 -0.0034068091989272187
59770.90699101673 3.7475 0.01949999999999985 1.0125423296586595 0.005199276702995513 1.0 1.006022062399154 1.006022062399154 0.006520267259505497
59770.90700696015 3.7475 0.01949999999999985 1.0109096998231815 0.005197391048114671 1.0 1.0060220085197147 1.0060220085197147 0.004887691303466779
59770.90702290357 3.7475 0.01949999999999985 1.0084766721691896 0.005186609409503113 1.0 1.0060219546402753 1.0060219546402753 0.002454717528914241
59770.90703884699 3.7475 0.01949999999999985 1.0061715712616983 0.0051842444408246955 1.0 1.0060219007608362 1.0060219007608362 0.0001496705008621202
59770.907054790405 3.7475 0.01949999999999985 1.0001718711891425 0.005170251590692711 1.0 1.0060218468814215 1.0060218468814215 -0.005849975692278964
59770.90707073383 3.7475 0.01949999999999985 1.0111704820889131 0.005191306208992859 1.0 1.0060217930019575 1.0060217930019575 0.005148689086955649
59770.907086677245 3.7475 0.01949999999999985 1.0050005836910798 0.005182565619709569 1.0 1.0060217391225428 1.0060217391225428 -0.0010211554314629723
59770.90710262067 3.7475 0.01949999999999985 1.0032549969854507 0.005178209273428881 1.0 1.006021685243079 1.006021685243079 -0.002766688257628269
59770.907118564086 3.7475 0.01949999999999985 1.0142283613257688 0.005203941410312619 1.0 1.0060216313636643 1.0060216313636643 0.008206729962104475
59770.907134507506 3.7475 0.01949999999999985 1.00672041897977 0.0051802672666584875 1.0 1.006021577484225 1.006021577484225 0.0006988414955451105
59770.90715045093 3.7475 0.01949999999999985 1.0047120872368822 0.005179871337286463 1.0 1.0060215236047856 1.0060215236047856 -0.0013094363679033716
59770.90716639434 3.7475 0.01949999999999985 1.004663616873841 0.005180508990309955 1.0 1.0060214697253709 1.0060214697253709 -0.0013578528515298949
59770.90718233776 3.7475 0.01949999999999985 1.0009895531727304 0.00517861481283271 1.0 1.0060214158459315 1.0060214158459315 -0.005031862673201104
59770.90719828118 3.7475 0.01949999999999985 0.9989975005168035 0.00517755865371542 1.0 1.0060213619664924 1.0060213619664924 -0.007023861449688917
59770.9072142246 3.7475 0.01949999999999985 1.0030514528356276 0.005172679606242842 1.0 1.006021308087053 1.006021308087053 -0.0029698552514254573
59770.90723016801 3.7475 0.01949999999999985 1.0159202791553223 0.005198324441133478 1.0 1.0060212542076383 1.0060212542076383 0.00989902494768402
59770.90724611144 3.7475 0.01949999999999985 1.002671958195951 0.0051686345185047 1.0 1.0060212003281743 1.0060212003281743 -0.003349242132223429
59770.907262054854 3.7475 0.01949999999999985 0.9997495185839373 0.005170725837086643 1.0 1.0060211464487596 1.0060211464487596 -0.006271627864822271
59770.90727799827 3.7475 0.01949999999999985 1.0007463543986468 0.0051698568657361724 1.0 1.006021092569345 1.006021092569345 -0.005274738170698123
59770.907293941695 3.7475 0.01949999999999985 1.0050238021669413 0.005184062658688379 1.0 1.0060210386898811 1.0060210386898811 -0.000997236522939815
59770.907309885115 3.7475 0.01949999999999985 1.0076859775415512 0.00518574337393458 1.0 1.0060209848104418 1.0060209848104418 0.001664992731109427
59770.907325828535 3.7475 0.01949999999999985 1.008619125737682 0.005191322320552301 1.0 1.0060209309310024 1.0060209309310024 0.0025981948066795546
59770.90734177195 3.7475 0.01949999999999985 1.0144883527597381 0.005206133692170913 1.0 1.0060208770515877 1.0060208770515877 0.00846747570815043
