eureka_custom_plots/data/stage5_lcfit_results/S5_wasp39b_ap4_bg8_Table_Save_ch32.txt
# %ECSV 1.0
# ---
# datatype:
# - {name: time, datatype: float64}
# - {name: wavelength, datatype: float64}
# - {name: bin_width, datatype: float64}
# - {name: lcdata, datatype: float64}
# - {name: lcerr, datatype: float64}
# - {name: transit, datatype: float64}
# - {name: polynom, datatype: float64}
# - {name: model, datatype: float64}
# - {name: residuals, datatype: float64}
# schema: astropy-2.0
time wavelength bin_width lcdata lcerr transit polynom model residuals
[from data line 16965]
59770.91450036702 4.246 0.018999999999999684 1.0025638619274708 0.007167539639613412 1.0 1.0063061430439468 1.0063061430439468 -0.0037422811164760095
59770.91451631044 4.246 0.018999999999999684 1.0067573523955604 0.007171912743198336 1.0 1.0063060954209915 1.0063060954209915 0.00045125697456893654
59770.91453225386 4.246 0.018999999999999684 1.0074143759666356 0.0071543138096686765 1.0 1.0063060477980361 1.0063060477980361 0.001108328168599515
59770.91454819728 4.246 0.018999999999999684 1.0099763342154278 0.007163362410382973 1.0 1.0063060001750808 1.0063060001750808 0.003670334040347001
59770.914564140694 4.246 0.018999999999999684 1.0122605912214178 0.007170098214690212 1.0 1.0063059525521472 1.0063059525521472 0.0059546386692705955
59770.91458008412 4.246 0.018999999999999684 1.0070170428509886 0.0071738005281254775 1.0 1.0063059049291703 1.0063059049291703 0.0007111379218183167
59770.914596027535 4.246 0.018999999999999684 1.0005337470874407 0.0071575298458941205 1.0 1.0063058573062365 1.0063058573062365 -0.005772110218795756
59770.91461197095 4.246 0.018999999999999684 1.010833352198472 0.007178692829303369 1.0 1.0063058096833029 1.0063058096833029 0.004527542515169181
59770.914627914375 4.246 0.018999999999999684 1.0157254611946311 0.007183041514038394 1.0 1.006305762060326 1.006305762060326 0.009419699134305182
59770.91464385779 4.246 0.018999999999999684 1.0246575812972831 0.007200100726039475 1.0 1.0063057144373924 1.0063057144373924 0.018351866859890764
59770.91465980121 4.246 0.018999999999999684 0.9958792943724577 0.007145859757939029 1.0 1.006305666814437 1.006305666814437 -0.010426372441979304
59770.91467574463 4.246 0.018999999999999684 1.00334254817166 0.007166276069411488 1.0 1.0063056191914816 1.0063056191914816 -0.002963071019821628
59770.91469168805 4.246 0.018999999999999684 1.004113948121694 0.007169021297403344 1.0 1.0063055715685263 1.0063055715685263 -0.0021916234468322138
59770.91470763146 4.246 0.018999999999999684 0.9934468307325074 0.0071302819240052885 1.0 1.0063055239455927 1.0063055239455927 -0.012858693213085304
59770.91472357488 4.246 0.018999999999999684 1.0099038343073505 0.007176060033460763 1.0 1.0063054763226373 1.0063054763226373 0.0035983579847131963
59770.9147395183 4.246 0.018999999999999684 1.0011700714144944 0.007157943658365083 1.0 1.006305428699682 1.006305428699682 -0.005135357285187547
59770.91475546172 4.246 0.018999999999999684 1.004281548380037 0.007163981529798517 1.0 1.0063053810767266 1.0063053810767266 -0.002023832696689709
59770.91477140514 4.246 0.018999999999999684 1.0113010607288 0.007161022527043803 1.0 1.0063053334537713 1.0063053334537713 0.004995727275028727
59770.914787348556 4.246 0.018999999999999684 0.9912498494208158 0.007122160626014564 1.0 1.0063052858308377 1.0063052858308377 -0.015055436410021827
59770.914803291984 4.246 0.018999999999999684 1.008070261852158 0.0071762157399033345 1.0 1.0063052382078606 1.0063052382078606 0.0017650236442974254
59770.9148192354 4.246 0.018999999999999684 0.9951734151433399 0.0071335296211120875 1.0 1.006305190584927 1.006305190584927 -0.011131775441587055
59770.91483517882 4.246 0.018999999999999684 1.004003655310384 0.007178282838375119 1.0 1.0063051429619716 1.0063051429619716 -0.0023014876515876637
59770.91485112224 4.246 0.018999999999999684 1.0211591875645771 0.0072180668728022744 1.0 1.0063050953390162 1.0063050953390162 0.014854092225560889
59770.91486706566 4.246 0.018999999999999684 1.006557277325056 0.007169098132256067 1.0 1.0063050477160609 1.0063050477160609 0.0002522296089950693
59770.91488300907 4.246 0.018999999999999684 1.014957060388269 0.008289006731132028 1.0 1.0063050000931273 1.0063050000931273 0.00865206029514165
59770.91489895249 4.246 0.018999999999999684 0.9961913396982229 0.007145967063929391 1.0 1.006304952470172 1.006304952470172 -0.010113612771948999
59770.91491489591 4.246 0.018999999999999684 1.0099604069119739 0.007183030076845939 1.0 1.0063049048472166 1.0063049048472166 0.003655502064757288
59770.91493083933 4.246 0.018999999999999684 1.0029710786687316 0.007157435937282672 1.0 1.0063048572242612 1.0063048572242612 -0.0033337785555296318
59770.91494678275 4.246 0.018999999999999684 0.9987415872340909 0.0071540296600465 1.0 1.0063048096013059 1.0063048096013059 -0.007563222367214961
59770.914962726165 4.246 0.018999999999999684 1.0110672219512433 0.007174941497834232 1.0 1.0063047619783723 1.0063047619783723 0.004762459972871058
59770.914978669585 4.246 0.018999999999999684 1.0051842969334723 0.007155075193801613 1.0 1.006304714355417 1.006304714355417 -0.001120417421944575
59770.914994613006 4.246 0.018999999999999684 1.0079924083397305 0.007157292449103159 1.0 1.0063046667324616 1.0063046667324616 0.0016877416072689222
59770.915010556426 4.246 0.018999999999999684 1.0083171836138671 0.007183543828318573 1.0 1.0063046191095064 1.0063046191095064 0.0020125645043607143
59770.91502649984 4.246 0.018999999999999684 0.9957585668483249 0.007145206016997733 1.0 1.0063045714865726 1.0063045714865726 -0.01054600463824773
59770.91504244327 4.246 0.018999999999999684 1.003574069980117 0.007162752501724651 1.0 1.0063045238635957 1.0063045238635957 -0.0027304538834787007
59770.91505838668 4.246 0.018999999999999684 1.0080352306990326 0.007168004539434014 1.0 1.006304476240662 1.006304476240662 0.0017307544583704537
59770.9150743301 4.246 0.018999999999999684 1.0206587593280294 0.007201173263370946 1.0 1.0063044286177067 1.0063044286177067 0.01435433071032266
59770.91509027352 4.246 0.018999999999999684 1.0121602014395437 0.00719776244530902 1.0 1.0063043809947514 1.0063043809947514 0.00585582044479227
59770.91510621693 4.246 0.018999999999999684 1.0024046375919093 0.0071572173940355 1.0 1.0063043333718178 1.0063043333718178 -0.003899695779908452
59770.91512216036 4.246 0.018999999999999684 0.9987351228374868 0.007159254560625479 1.0 1.0063042857488407 1.0063042857488407 -0.007569162911353899
59770.915138103774 4.246 0.018999999999999684 1.0138607402256938 0.0071993901330779445 1.0 1.006304238125907 1.006304238125907 0.007556502099786755
59770.915154047194 4.246 0.018999999999999684 1.006062008855005 0.0071798175457862 1.0 1.0063041905029517 1.0063041905029517 -0.00024218164794675978
59770.915169990614 4.246 0.018999999999999684 1.0138377495443724 0.007176163148173318 1.0 1.0063041428799964 1.0063041428799964 0.00753360666437608
59770.91518593403 4.246 0.018999999999999684 1.024454194466156 0.0072074487505884004 1.0 1.0063040952570628 1.0063040952570628 0.018150099209093273
59770.91520187745 4.246 0.018999999999999684 1.0139108503950058 0.007187189445504874 1.0 1.0063040476341074 1.0063040476341074 0.0076068027608984234
59770.915217820875 4.246 0.018999999999999684 1.0029297575386502 0.007164026841932804 1.0 1.0063040000111303 1.0063040000111303 -0.0033742424724800824
59770.91523376429 4.246 0.018999999999999684 1.0222814051413585 0.007203188913120653 1.0 1.0063039523881967 1.0063039523881967 0.01597745275316176
59770.9152497077 4.246 0.018999999999999684 0.9984464662779748 0.00715744214437287 1.0 1.006303904765263 1.006303904765263 -0.00785743848728826
59770.91526565113 4.246 0.018999999999999684 1.005363557405187 0.007172421724787023 1.0 1.006303857142286 1.006303857142286 -0.0009402997370990818
59770.91528159454 4.246 0.018999999999999684 1.0102688123384607 0.007175606570867643 1.0 1.0063038095193524 1.0063038095193524 0.0039650028191082765
59770.91529753796 4.246 0.018999999999999684 1.0122592019685916 0.007177643035376144 1.0 1.006303761896397 1.006303761896397 0.005955440072194618
59770.91531348138 4.246 0.018999999999999684 1.0145764021725772 0.007173318043771215 1.0 1.0063037142734417 1.0063037142734417 0.008272687899135489
59770.9153294248 4.246 0.018999999999999684 1.0110518242849116 0.007167642378618559 1.0 1.0063036666504863 1.0063036666504863 0.004748157634425265
59770.915345368216 4.246 0.018999999999999684 1.0158517747984848 0.007196481603219473 1.0 1.0063036190275527 1.0063036190275527 0.009548155770932043
59770.915361311636 4.246 0.018999999999999684 1.0118304120914037 0.007173086605450924 1.0 1.0063035714045974 1.0063035714045974 0.005526840686806311
59770.915377255056 4.246 0.018999999999999684 1.0063307898293465 0.007181125434957522 1.0 1.006303523781642 1.006303523781642 2.726604770453278e-05
59770.915393198484 4.246 0.018999999999999684 1.0106300165929896 0.007170920872584051 1.0 1.0063034761586651 1.0063034761586651 0.004326540434324455
59770.9154091419 4.246 0.018999999999999684 1.0162049464170588 0.007198318538733515 1.0 1.0063034285357315 1.0063034285357315 0.009901517881327315
59770.91542508531 4.246 0.018999999999999684 0.9991567053606017 0.007144291853118192 1.0 1.0063033809127977 1.0063033809127977 -0.007146675552195947
59770.91544102874 4.246 0.018999999999999684 1.0027919991489838 0.007170102882150265 1.0 1.0063033332898208 1.0063033332898208 -0.0035113341408370413
59770.91545697215 4.246 0.018999999999999684 1.011343950586335 0.00718428101406649 1.0 1.0063032856668872 1.0063032856668872 0.005040664919447879
59770.91547291557 4.246 0.018999999999999684 1.0111506945781972 0.007179438905443435 1.0 1.0063032380439318 1.0063032380439318 0.004847456534265326
59770.91548885899 4.246 0.018999999999999684 0.9963340357354015 0.007161156299024234 1.0 1.0063031904209765 1.0063031904209765 -0.009969154685575021
59770.91550480241 4.246 0.018999999999999684 1.0006980320898275 0.007153176180674978 1.0 1.0063031427980211 1.0063031427980211 -0.005605110708193584
59770.915520745824 4.246 0.018999999999999684 1.0077436123630512 0.007168552318764997 1.0 1.0063030951750875 1.0063030951750875 0.0014405171879636747
59770.915536689245 4.246 0.018999999999999684 1.004559714219588 0.007159183401412784 1.0 1.0063030475521322 1.0063030475521322 -0.0017433333325442835
59770.915552632665 4.246 0.018999999999999684 1.0055323568641141 0.007173820935939748 1.0 1.0063029999291768 1.0063029999291768 -0.0007706430650626928
59770.91556857608 4.246 0.018999999999999684 1.00846682088018 0.007157110231456393 1.0 1.0063029523062432 1.0063029523062432 0.002163868573936689
59770.915584519506 4.246 0.018999999999999684 1.004640133163464 0.007173848929231617 1.0 1.006302904683266 1.006302904683266 -0.0016627715198020976
59770.91560046292 4.246 0.018999999999999684 1.014426214393053 0.0071870250225390606 1.0 1.0063028570603325 1.0063028570603325 0.008123357332720405
59770.91561640634 4.246 0.018999999999999684 1.0067908305667292 0.007172812656373428 1.0 1.0063028094373772 1.0063028094373772 0.00048802112935208974
59770.91563234976 4.246 0.018999999999999684 1.0212417199920512 0.007199748949770182 1.0 1.0063027618144218 1.0063027618144218 0.014938958177629358
59770.91564829317 4.246 0.018999999999999684 1.0002234710291096 0.007139194803547054 1.0 1.0063027141914882 1.0063027141914882 -0.0060792431623786225
59770.9156642366 4.246 0.018999999999999684 1.0190159785675534 0.00721990019598645 1.0 1.006302666568511 1.006302666568511 0.012713311999042354
59770.91568018002 4.246 0.018999999999999684 0.9992333193143325 0.007160265931287399 1.0 1.0063026189455557 1.0063026189455557 -0.007069299631223269
59770.91569612343 4.246 0.018999999999999684 1.0044001013285926 0.007170573596253586 1.0 1.0063025713226221 1.0063025713226221 -0.001902469994029543
59770.91571206685 4.246 0.018999999999999684 1.0012658520481668 0.007158446086312355 1.0 1.0063025236996668 1.0063025236996668 -0.005036671651500013
59770.91572801027 4.246 0.018999999999999684 0.9991887665187031 0.0071550392634601515 1.0 1.0063024760767114 1.0063024760767114 -0.007113709558008274
59770.91574395369 4.246 0.018999999999999684 1.0060816802288952 0.007168106510221252 1.0 1.0063024284537778 1.0063024284537778 -0.00022074822488260537
59770.915759897114 4.246 0.018999999999999684 0.9945744073791012 0.007163190248612623 1.0 1.0063023808308007 1.0063023808308007 -0.011727973451699514
59770.91577584053 4.246 0.018999999999999684 0.9985873213172695 0.0071556575215715075 1.0 1.006302333207867 1.006302333207867 -0.007715011890597645
59770.91579178395 4.246 0.018999999999999684 1.0132978564784105 0.007179908954012032 1.0 1.0063022855849117 1.0063022855849117 0.0069955708934987815
59770.91580772737 4.246 0.018999999999999684 1.015295564577323 0.007199507030071209 1.0 1.0063022379619566 1.0063022379619566 0.008993326615366337
59770.91582367078 4.246 0.018999999999999684 1.015180766175432 0.0071959794799214705 1.0 1.0063021903390228 1.0063021903390228 0.008878575836409164
59770.9158396142 4.246 0.018999999999999684 1.0024424288658356 0.007164749210599974 1.0 1.0063021427160677 1.0063021427160677 -0.003859713850232094
59770.91585555762 4.246 0.018999999999999684 0.9973136572195196 0.007152941193433981 1.0 1.0063020950931123 1.0063020950931123 -0.008988437873592714
59770.91587150104 4.246 0.018999999999999684 1.0040330508369566 0.007153728268942363 1.0 1.006302047470157 1.006302047470157 -0.0022689966332003486
59770.915887444455 4.246 0.018999999999999684 1.004930505823922 0.007175756967363466 1.0 1.0063019998472233 1.0063019998472233 -0.0013714940233013895
59770.91590338788 4.246 0.018999999999999684 1.018907092722845 0.007194276190926902 1.0 1.0063019522242462 1.0063019522242462 0.012605140498598733
59770.915919331295 4.246 0.018999999999999684 1.0144066189543022 0.007182011545333999 1.0 1.0063019046013126 1.0063019046013126 0.00810471435298954
59770.915935274716 4.246 0.018999999999999684 1.009511998327239 0.0071726493211183425 1.0 1.0063018569783573 1.0063018569783573 0.0032101413488816455
59770.915951218136 4.246 0.018999999999999684 1.0059588845897498 0.007164977552008365 1.0 1.006301809355402 1.006301809355402 -0.0003429247656521195
59770.915967161556 4.246 0.018999999999999684 1.0169446109515794 0.0071921513058867985 1.0 1.0063017617324466 1.0063017617324466 0.010642849219132833
59770.91598310498 4.246 0.018999999999999684 1.0191584917027707 0.007210955617295896 1.0 1.0063017141094912 1.0063017141094912 0.012856777593279523
59770.91599904839 4.246 0.018999999999999684 1.0052394457325835 0.007159962515493943 1.0 1.0063016664865576 1.0063016664865576 -0.001062220753974108
59770.91601499181 4.246 0.018999999999999684 0.9991360252772787 0.007147745848551796 1.0 1.0063016188636023 1.0063016188636023 -0.007165593586323515
59770.91603093523 4.246 0.018999999999999684 1.0163356724776897 0.007187376085577216 1.0 1.006301571240647 1.006301571240647 0.010034101237042847
59770.91604687865 4.246 0.018999999999999684 1.0023386015851015 0.007166368863288322 1.0 1.0063015236176915 1.0063015236176915 -0.003962922032590077
59770.91606282206 4.246 0.018999999999999684 1.0099341267512731 0.007168325642833001 1.0 1.006301475994758 1.006301475994758 0.003632650756515199
59770.91607876549 4.246 0.018999999999999684 1.003358441180513 0.007162712444131624 1.0 1.0063014283717808 1.0063014283717808 -0.002942987191267843
59770.916094708904 4.246 0.018999999999999684 1.0055944182580596 0.0071747726248013845 1.0 1.0063013807488472 1.0063013807488472 -0.0007069624907876104
59770.91611065232 4.246 0.018999999999999684 1.007557461444014 0.0071764196088857 1.0 1.0063013331259136 1.0063013331259136 0.0012561283181002914
59770.916126595745 4.246 0.018999999999999684 1.0109704469409346 0.0071942552790170014 1.0 1.0063012855029365 1.0063012855029365 0.004669161437998115
59770.916142539165 4.246 0.018999999999999684 0.9972786581411833 0.007148112476924428 1.0 1.0063012378799812 1.0063012378799812 -0.009022579738797831
59770.91615848258 4.246 0.018999999999999684 1.0043906047786777 0.007172789230432198 1.0 1.0063011902570476 1.0063011902570476 -0.001910585478369864
59770.916174426 4.246 0.018999999999999684 1.0090774304510346 0.007161640715144928 1.0 1.0063011426340922 1.0063011426340922 0.002776287816942391
59770.91619036942 4.246 0.018999999999999684 1.0033329788831549 0.007154429659125004 1.0 1.0063010950111368 1.0063010950111368 -0.002968116127981979
