eureka_custom_plots/data/stage5_lcfit_results/S5_wasp39b_ap4_bg8_Table_Save_ch39.txt
# %ECSV 1.0
# ---
# datatype:
# - {name: time, datatype: float64}
# - {name: wavelength, datatype: float64}
# - {name: bin_width, datatype: float64}
# - {name: lcdata, datatype: float64}
# - {name: lcerr, datatype: float64}
# - {name: transit, datatype: float64}
# - {name: polynom, datatype: float64}
# - {name: model, datatype: float64}
# - {name: residuals, datatype: float64}
# schema: astropy-2.0
time wavelength bin_width lcdata lcerr transit polynom model residuals
[from data line 20991]
59770.978688570234 4.514 0.019000000000000128 0.9984819676968617 0.00792366805908489 1.0 1.0059866259801113 1.0059866259801113 -0.007504658283249643
59770.97870451366 4.514 0.019000000000000128 1.0085405461302006 0.007981553560529028 1.0 1.0059865784450266 1.0059865784450266 0.002553967685174019
59770.978720457075 4.514 0.019000000000000128 1.0063109469858262 0.007934385886909598 1.0 1.0059865309099854 1.0059865309099854 0.00032441607584088317
59770.978736400495 4.514 0.019000000000000128 0.9969596128126091 0.007924488246626137 1.0 1.0059864833749224 1.0059864833749224 -0.009026870562313216
59770.97875234391 4.514 0.019000000000000128 0.9907857360328114 0.007927627973880686 1.0 1.0059864358398811 1.0059864358398811 -0.015200699807069729
59770.978768287336 4.514 0.019000000000000128 1.0159835312848065 0.007984518528907454 1.0 1.0059863883047964 1.0059863883047964 0.009997142980010087
59770.97878423075 4.514 0.019000000000000128 1.0118891363476108 0.007955087256593503 1.0 1.0059863407697551 1.0059863407697551 0.0059027955778556684
59770.97880017417 4.514 0.019000000000000128 0.9922456426114349 0.00792792671782416 1.0 1.0059862932346921 1.0059862932346921 -0.013740650623257245
59770.97881611759 4.514 0.019000000000000128 1.0063450859101437 0.007959797053098808 1.0 1.0059862456996291 1.0059862456996291 0.00035884021051457715
59770.97883206101 4.514 0.019000000000000128 1.0097078064732596 0.00795792223549972 1.0 1.0059861981645661 1.0059861981645661 0.0037216083086935026
59770.97884800442 4.514 0.019000000000000128 0.9965835540718735 0.008891380369951603 1.0 1.0059861506295247 1.0059861506295247 -0.009402596557651188
59770.978863947836 4.514 0.019000000000000128 1.000962029618618 0.007965177422450466 1.0 1.0059861030944834 1.0059861030944834 -0.0050240734758655314
59770.97887989126 4.514 0.019000000000000128 1.0059402577376322 0.007949345747231234 1.0 1.005986055559399 1.005986055559399 -4.579782176672431e-05
59770.978895834676 4.514 0.019000000000000128 1.0124988189503374 0.007981973742534464 1.0 1.0059860080243574 1.0059860080243574 0.006512810925979995
59770.9789117781 4.514 0.019000000000000128 1.0038932152355498 0.007958241048301017 1.0 1.0059859604892945 1.0059859604892945 -0.002092745253744699
59770.97892772152 4.514 0.019000000000000128 1.0012566362348903 0.007933215592538805 1.0 1.0059859129542315 1.0059859129542315 -0.004729276719341202
59770.97894366494 4.514 0.019000000000000128 0.9936874754668347 0.007913647538157717 1.0 1.0059858654191685 1.0059858654191685 -0.012298389952333788
59770.97895960835 4.514 0.019000000000000128 1.0061033461089997 0.007961837896264612 1.0 1.0059858178841272 1.0059858178841272 0.00011752822487243186
59770.97897555176 4.514 0.019000000000000128 1.0064624331868226 0.007954373120301377 1.0 1.005985770349086 1.005985770349086 0.0004766628377366189
59770.97899149519 4.514 0.019000000000000128 1.0021118642481581 0.007930638507537079 1.0 1.0059857228140012 1.0059857228140012 -0.0038738585658431024
59770.97900743861 4.514 0.019000000000000128 1.0050994531956334 0.007936710772283867 1.0 1.0059856752789382 1.0059856752789382 -0.0008862220833047996
59770.979023382024 4.514 0.019000000000000128 1.0045038132462385 0.008898570838486951 1.0 1.005985627743897 1.005985627743897 -0.0014818144976584957
59770.979039325444 4.514 0.019000000000000128 1.0038908946357707 0.007926192653680775 1.0 1.005985580208834 1.005985580208834 -0.0020946855730632485
59770.979055268865 4.514 0.019000000000000128 1.0168484124343873 0.007978358006862104 1.0 1.005985532673771 1.005985532673771 0.010862879760616284
59770.97907121228 4.514 0.019000000000000128 0.9972632448974382 0.007932367543535823 1.0 1.0059854851387298 1.0059854851387298 -0.008722240241291535
59770.9790871557 4.514 0.019000000000000128 1.0051533447467924 0.007943748959194506 1.0 1.0059854376036668 1.0059854376036668 -0.0008320928568743557
59770.97910309912 4.514 0.019000000000000128 1.0057296094761994 0.007950908464395496 1.0 1.0059853900686038 1.0059853900686038 -0.00025578059240438655
59770.97911904254 4.514 0.019000000000000128 1.0135834780771733 0.007980248751753278 1.0 1.0059853425335408 1.0059853425335408 0.007598135543632534
59770.97913498595 4.514 0.019000000000000128 1.0119815331201534 0.007975222592411598 1.0 1.0059852949984995 1.0059852949984995 0.005996238121653841
59770.97915092937 4.514 0.019000000000000128 1.0134839713154795 0.00794898192573482 1.0 1.0059852474634365 1.0059852474634365 0.007498723852042977
59770.97916687279 4.514 0.019000000000000128 1.0071947690557483 0.00797281285525767 1.0 1.0059851999283735 1.0059851999283735 0.0012095691273747988
59770.979182816205 4.514 0.019000000000000128 1.0215833303575745 0.007999088019191237 1.0 1.0059851523933323 1.0059851523933323 0.015598177964242232
59770.979198759625 4.514 0.019000000000000128 1.0243376898539698 0.007999438169711355 1.0 1.0059851048582693 1.0059851048582693 0.01835258499570047
59770.979214703046 4.514 0.019000000000000128 1.0062665761180538 0.007955000785683375 1.0 1.0059850573232063 1.0059850573232063 0.00028151879484750175
59770.979230646466 4.514 0.019000000000000128 1.0072451124111084 0.007965869944703798 1.0 1.0059850097881433 1.0059850097881433 0.0012601026229650536
59770.97924658988 4.514 0.019000000000000128 0.990426221173254 0.007921811984496062 1.0 1.0059849622531019 1.0059849622531019 -0.015558741079847893
59770.9792625333 4.514 0.019000000000000128 1.0137775596982652 0.007966636456026377 1.0 1.0059849147180389 1.0059849147180389 0.00779264498022636
59770.97927847672 4.514 0.019000000000000128 0.9987160854377252 0.007947964904085406 1.0 1.005984867182976 1.005984867182976 -0.0072687817452509185
59770.97929442014 4.514 0.019000000000000128 1.0210407004814759 0.00798490047295239 1.0 1.005984819647913 1.005984819647913 0.015055880833562796
59770.97931036355 4.514 0.019000000000000128 1.0057520956792572 0.007953502901214665 1.0 1.0059847721128716 1.0059847721128716 -0.00023267643361446488
59770.97932630697 4.514 0.019000000000000128 1.0104090224720719 0.007975672623664155 1.0 1.0059847245778086 1.0059847245778086 0.0044242978942632405
59770.97934225039 4.514 0.019000000000000128 1.0068840639983128 0.007958431164944995 1.0 1.0059846770427456 1.0059846770427456 0.0008993869555671274
59770.97935819381 4.514 0.019000000000000128 1.0021957822964966 0.007954767296283617 1.0 1.0059846295077044 1.0059846295077044 -0.0037888472112077576
59770.979374137234 4.514 0.019000000000000128 1.005037558794275 0.007939545393217137 1.0 1.0059845819726196 1.0059845819726196 -0.0009470231783446081
59770.97939008065 4.514 0.019000000000000128 1.0018421686993038 0.007963734106556314 1.0 1.0059845344375784 1.0059845344375784 -0.004142365738274645
59770.97940602407 4.514 0.019000000000000128 1.0165270426768351 0.007977064881381812 1.0 1.0059844869025154 1.0059844869025154 0.010542555774319728
59770.97942196748 4.514 0.019000000000000128 1.004555251097067 0.00794762242170685 1.0 1.0059844393674742 1.0059844393674742 -0.0014291882704071668
59770.9794379109 4.514 0.019000000000000128 1.000446238755478 0.00793613366767727 1.0 1.0059843918324112 1.0059843918324112 -0.005538153076933172
59770.97945385432 4.514 0.019000000000000128 1.0083777122476232 0.007954423526360627 1.0 1.0059843442973482 1.0059843442973482 0.002393367950275005
59770.97946979774 4.514 0.019000000000000128 0.9923909395689872 0.00791340806499674 1.0 1.0059842967622852 1.0059842967622852 -0.013593357193298017
59770.979485741154 4.514 0.019000000000000128 1.0079001316835443 0.007967536592860298 1.0 1.005984249227244 1.005984249227244 0.0019158824563003662
59770.979501684575 4.514 0.019000000000000128 1.0089953143951944 0.007969945649296492 1.0 1.005984201692181 1.005984201692181 0.0030111127030134632
59770.979517627995 4.514 0.019000000000000128 0.9911352095395964 0.007923615947204568 1.0 1.005984154157118 1.005984154157118 -0.014848944617521509
59770.97953357141 4.514 0.019000000000000128 1.0034917729966766 0.007944360322044706 1.0 1.0059841066220767 1.0059841066220767 -0.002492333625400134
59770.979549514836 4.514 0.019000000000000128 0.9960701357882557 0.007933774754342602 1.0 1.005984059086992 1.005984059086992 -0.009913923298736305
59770.97956545825 4.514 0.019000000000000128 1.013713679892877 0.007967635884692814 1.0 1.0059840115519507 1.0059840115519507 0.0077296683409262545
59770.97958140167 4.514 0.019000000000000128 0.9996257343923819 0.007954457345346775 1.0 1.0059839640168877 1.0059839640168877 -0.006358229624505829
59770.97959734508 4.514 0.019000000000000128 1.0191760481449905 0.007966017656746018 1.0 1.0059839164818465 1.0059839164818465 0.013192131663144036
59770.9796132885 4.514 0.019000000000000128 1.0142056264200388 0.007976189431439587 1.0 1.0059838689467835 1.0059838689467835 0.008221757473255265
59770.97962923192 4.514 0.019000000000000128 1.011163955739738 0.007971732463766786 1.0 1.0059838214117205 1.0059838214117205 0.0051801343280175605
59770.979645175335 4.514 0.019000000000000128 1.0216457831617585 0.007980569339726212 1.0 1.005983773876679 1.005983773876679 0.015662009285079437
59770.97966111876 4.514 0.019000000000000128 1.0019944113916681 0.007935264186137186 1.0 1.0059837263415945 1.0059837263415945 -0.003989314949926381
59770.979677062176 4.514 0.019000000000000128 1.0013968170530214 0.00796041192229122 1.0 1.0059836788065533 1.0059836788065533 -0.004586861753531846
59770.979693005596 4.514 0.019000000000000128 1.001634760104291 0.007953878761740443 1.0 1.0059836312714903 1.0059836312714903 -0.004348871167199286
59770.97970894901 4.514 0.019000000000000128 1.0107039639823456 0.007971087695081074 1.0 1.0059835837364488 1.0059835837364488 0.004720380245896827
59770.97972489243 4.514 0.019000000000000128 1.0083276420386518 0.00795606426989529 1.0 1.0059835362013858 1.0059835362013858 0.002344105837265964
59770.97974083585 4.514 0.019000000000000128 1.0122112897422428 0.007965387624672022 1.0 1.0059834886663228 1.0059834886663228 0.006227801075920025
59770.97975677927 4.514 0.019000000000000128 1.001132379537233 0.007954694746363188 1.0 1.0059834411312598 1.0059834411312598 -0.0048510615940267066
59770.97977272269 4.514 0.019000000000000128 1.0042425710817722 0.00795601561202765 1.0 1.0059833935961968 1.0059833935961968 -0.0017408225144246448
59770.9797886661 4.514 0.019000000000000128 0.9884258143452314 0.007901482192785466 1.0 1.0059833460611556 1.0059833460611556 -0.017557531715924224
59770.979804609524 4.514 0.019000000000000128 1.0080905273270604 0.007937302786811554 1.0 1.0059832985260926 1.0059832985260926 0.0021072288009678086
59770.97982055294 4.514 0.019000000000000128 1.0001342827420305 0.007935270045162347 1.0 1.0059832509910513 1.0059832509910513 -0.005848968249020814
59770.979836496364 4.514 0.019000000000000128 1.0011233711114536 0.007935158347636556 1.0 1.0059832034559666 1.0059832034559666 -0.004859832344513038
59770.97985243978 4.514 0.019000000000000128 1.004145784823679 0.007958319019197385 1.0 1.0059831559209254 1.0059831559209254 -0.0018373710972463542
59770.9798683832 4.514 0.019000000000000128 1.004949402453708 0.00794827259013918 1.0 1.0059831083858624 1.0059831083858624 -0.0010337059321543496
59770.97988432662 4.514 0.019000000000000128 1.0042311302303606 0.00795107322317402 1.0 1.0059830608507994 1.0059830608507994 -0.0017519306204387686
59770.97990027003 4.514 0.019000000000000128 1.0118167348541174 0.007966871660407122 1.0 1.0059830133157581 1.0059830133157581 0.00583372153835926
59770.97991621345 4.514 0.019000000000000128 0.9937044439109327 0.007904171775752124 1.0 1.0059829657806951 1.0059829657806951 -0.012278521869762415
59770.979932156864 4.514 0.019000000000000128 1.0111201003092307 0.007966733932966428 1.0 1.005982918245654 1.005982918245654 0.005137182063576828
59770.97994810029 4.514 0.019000000000000128 1.0150588235657396 0.007989733301675064 1.0 1.0059828707105691 1.0059828707105691 0.009075952855170488
59770.979964043705 4.514 0.019000000000000128 1.0078356869016072 0.007949022341889147 1.0 1.005982823175528 1.005982823175528 0.0018528637260792902
59770.979979987125 4.514 0.019000000000000128 0.991283030642581 0.007938184681547198 1.0 1.005982775640465 1.005982775640465 -0.014699744997883846
59770.97999593054 4.514 0.019000000000000128 0.9898123612207353 0.007919555407422407 1.0 1.0059827281054237 1.0059827281054237 -0.016170366884688314
59770.980011873966 4.514 0.019000000000000128 0.9968810588416703 0.007947086828506911 1.0 1.005982680570339 1.005982680570339 -0.009101621728668574
59770.98002781738 4.514 0.019000000000000128 0.9957877427111244 0.007958840834423856 1.0 1.0059826330352977 1.0059826330352977 -0.010194890324173311
59770.9800437608 4.514 0.019000000000000128 0.9918845901252444 0.00880361659457592 1.0 1.0059825855002347 1.0059825855002347 -0.014097995374990235
59770.98005970422 4.514 0.019000000000000128 1.0214111126838552 0.007975085843034644 1.0 1.0059825379651717 1.0059825379651717 0.01542857471868353
59770.98007564763 4.514 0.019000000000000128 1.0015724394592682 0.007931254470362454 1.0 1.0059824904301302 1.0059824904301302 -0.004410050970862001
59770.98009159105 4.514 0.019000000000000128 1.00531227608768 0.007950944846186525 1.0 1.0059824428950674 1.0059824428950674 -0.0006701668073874067
59770.980107534466 4.514 0.019000000000000128 1.0005180884135434 0.007954220157900139 1.0 1.005982395360026 1.005982395360026 -0.005464306946482589
59770.98012347789 4.514 0.019000000000000128 1.0005479866506024 0.007944835472403168 1.0 1.0059823478249414 1.0059823478249414 -0.005434361174339042
59770.98013942131 4.514 0.019000000000000128 1.0058719492408013 0.00793907408959869 1.0 1.0059823002899 1.0059823002899 -0.00011035104909873361
59770.98015536473 4.514 0.019000000000000128 1.0151448657068352 0.007985674232976081 1.0 1.005982252754837 1.005982252754837 0.009162612951998161
59770.98017130815 4.514 0.019000000000000128 1.0032782820549482 0.007954896656411978 1.0 1.005982205219774 1.005982205219774 -0.0027039231648258166
59770.98018725156 4.514 0.019000000000000128 1.0087299960409684 0.007954257103954167 1.0 1.0059821576847328 1.0059821576847328 0.002747838356235599
59770.98020319498 4.514 0.019000000000000128 1.007340524724945 0.007956727101331107 1.0 1.0059821101496698 1.0059821101496698 0.0013584145752751908
59770.9802191384 4.514 0.019000000000000128 1.0152284270229968 0.007973251986631636 1.0 1.0059820626146068 1.0059820626146068 0.009246364408389995
59770.98023508182 4.514 0.019000000000000128 1.0158315454148357 0.007984665002612289 1.0 1.0059820150795438 1.0059820150795438 0.0098495303352919
59770.980251025234 4.514 0.019000000000000128 1.0180105523478504 0.007970428164824428 1.0 1.0059819675445025 1.0059819675445025 0.012028584803347897
59770.980266968654 4.514 0.019000000000000128 1.0081056967267144 0.007953914218281302 1.0 1.0059819200094395 1.0059819200094395 0.0021237767172748168
59770.980282912074 4.514 0.019000000000000128 1.0151326426410405 0.007948435759056436 1.0 1.0059818724743765 1.0059818724743765 0.00915077016666399
59770.980298855495 4.514 0.019000000000000128 1.0009133269923998 0.007944407659270358 1.0 1.0059818249393135 1.0059818249393135 -0.005068497946913775
59770.98031479891 4.514 0.019000000000000128 0.9976217951781796 0.007934168920046964 1.0 1.0059817774042723 1.0059817774042723 -0.008359982226092688
59770.98033074233 4.514 0.019000000000000128 1.005848897162299 0.007947446295115308 1.0 1.0059817298692093 1.0059817298692093 -0.00013283270691033522
59770.98034668575 4.514 0.019000000000000128 1.0083073636775337 0.007956858916056762 1.0 1.0059816823341463 1.0059816823341463 0.002325681343387398
59770.98036262916 4.514 0.019000000000000128 1.010914302279534 0.007985745456234448 1.0 1.005981634799105 1.005981634799105 0.004932667480428865
59770.98037857258 4.514 0.019000000000000128 1.0105234931258387 0.007968918183579492 1.0 1.005981587264042 1.005981587264042 0.004541905861796591
