eureka_custom_plots/data/stage5_lcfit_results/S5_wasp39b_ap4_bg8_Table_Save_ch14.txt
# %ECSV 1.0
# ---
# datatype:
# - {name: time, datatype: float64}
# - {name: wavelength, datatype: float64}
# - {name: bin_width, datatype: float64}
# - {name: lcdata, datatype: float64}
# - {name: lcerr, datatype: float64}
# - {name: transit, datatype: float64}
# - {name: polynom, datatype: float64}
# - {name: model, datatype: float64}
# - {name: residuals, datatype: float64}
# schema: astropy-2.0
time wavelength bin_width lcdata lcerr transit polynom model residuals
[from data line 5937]
59770.73867633637 3.556 0.019000000000000128 0.9993308774155079 0.005221905042102667 1.0 1.00678780272494 1.00678780272494 -0.007456925309432094
59770.73869227979 3.556 0.019000000000000128 1.0019431425199277 0.0052195514630327166 1.0 1.0067877200250333 1.0067877200250333 -0.004844577505105585
59770.73870822321 3.556 0.019000000000000128 0.9963364234927928 0.0052136369346603515 1.0 1.0067876373251268 1.0067876373251268 -0.010451213832333939
59770.73872416663 3.556 0.019000000000000128 1.0031508844797192 0.00521843778934466 1.0 1.00678755462522 1.00678755462522 -0.003636670145500842
59770.73874011006 3.556 0.019000000000000128 1.0144380434948592 0.005249476177312665 1.0 1.0067874719252756 1.0067874719252756 0.007650571569583597
59770.73875605347 3.556 0.019000000000000128 0.9927518662025879 0.005207014350459247 1.0 1.0067873892254067 1.0067873892254067 -0.014035523022818741
59770.73877199689 3.556 0.019000000000000128 1.0109156129556187 0.005240864316392946 1.0 1.0067873065255002 1.0067873065255002 0.004128306430118522
59770.73878794031 3.556 0.019000000000000128 1.0083824503524406 0.005239162753660939 1.0 1.0067872238255935 1.0067872238255935 0.0015952265268470711
59770.73880388374 3.556 0.019000000000000128 1.0084642275102307 0.005232183421253975 1.0 1.006787141125649 1.006787141125649 0.0016770863845816386
59770.73881982715 3.556 0.019000000000000128 1.0114007815228445 0.0052470360207368056 1.0 1.0067870584257803 1.0067870584257803 0.004613723097064204
59770.73883577057 3.556 0.019000000000000128 1.0133739688373236 0.005246308261008208 1.0 1.0067869757258736 1.0067869757258736 0.006586993111449946
59770.73885171399 3.556 0.019000000000000128 1.0068206426768176 0.005240238008719713 1.0 1.006786893025967 1.006786893025967 3.374965085067849e-05
59770.73886765741 3.556 0.019000000000000128 1.0064905462133102 0.005230237664812141 1.0 1.0067868103260604 1.0067868103260604 -0.0002962641127501886
59770.73888360083 3.556 0.019000000000000128 1.010869627744584 0.005241189686558883 1.0 1.0067867276261537 1.0067867276261537 0.004082900118430377
59770.73889954425 3.556 0.019000000000000128 1.0028491697524866 0.005230863210248746 1.0 1.006786644926247 1.006786644926247 -0.0039374751737604186
59770.73891548768 3.556 0.019000000000000128 1.008716440678081 0.005239200194925109 1.0 1.0067865622263028 1.0067865622263028 0.0019298784517782774
59770.73893143109 3.556 0.019000000000000128 1.000574541371117 0.00521646587090088 1.0 1.0067864795264339 1.0067864795264339 -0.006211938155316954
59770.73894737451 3.556 0.019000000000000128 1.0098910797041292 0.005236797203200248 1.0 1.0067863968265272 1.0067863968265272 0.0031046828776020163
59770.738963317934 3.556 0.019000000000000128 1.023501043406541 0.005274698948856264 1.0 1.0067863141266207 1.0067863141266207 0.01671472927992035
59770.73897926136 3.556 0.019000000000000128 1.0073584382256688 0.005230403464634706 1.0 1.0067862314266762 1.0067862314266762 0.0005722067989926138
59770.738995204774 3.556 0.019000000000000128 1.0049905909391015 0.005229574926033532 1.0 1.0067861487268073 1.0067861487268073 -0.0017955577877057927
59770.739011148195 3.556 0.019000000000000128 1.0120719240174691 0.005246775938633353 1.0 1.0067860660269008 1.0067860660269008 0.0052858579905683545
59770.739027091615 3.556 0.019000000000000128 1.0091309376804156 0.005234035120796442 1.0 1.006785983326994 1.006785983326994 0.0023449543534215245
59770.739043035035 3.556 0.019000000000000128 1.0130264510104152 0.0052446680707882685 1.0 1.0067859006270874 1.0067859006270874 0.006240550383327825
59770.739058978455 3.556 0.019000000000000128 1.0130746789220246 0.005248676404104305 1.0 1.0067858179271807 1.0067858179271807 0.006288860994843937
59770.739074921876 3.556 0.019000000000000128 0.9991666291455731 0.005219150591472931 1.0 1.0067857352272742 1.0067857352272742 -0.0076191060817011325
59770.7390908653 3.556 0.019000000000000128 1.0073529261160967 0.005237876264418542 1.0 1.0067856525273298 1.0067856525273298 0.0005672735887669589
59770.739106808716 3.556 0.019000000000000128 0.9997198127903767 0.005225334397824449 1.0 1.0067855698274608 1.0067855698274608 -0.007065757037084119
59770.73912275214 3.556 0.019000000000000128 1.0143369827231765 0.006454466636680292 1.0 1.0067854871275543 1.0067854871275543 0.007551495595622182
59770.73913869556 3.556 0.019000000000000128 1.0065600622772084 0.00523147421259508 1.0 1.0067854044276476 1.0067854044276476 -0.0002253421504392339
59770.73915463898 3.556 0.019000000000000128 1.0126989162302482 0.005240289490168768 1.0 1.006785321727741 1.006785321727741 0.00591359450250728
59770.7391705824 3.556 0.019000000000000128 1.0054608902032205 0.005235141363443744 1.0 1.0067852390278345 1.0067852390278345 -0.0013243488246139634
59770.73918652582 3.556 0.019000000000000128 1.0129882735486888 0.0052384796134280695 1.0 1.0067851563279278 1.0067851563279278 0.006203117220761056
59770.73920246924 3.556 0.019000000000000128 1.0032665280000659 0.005233680181085414 1.0 1.006785073628021 1.006785073628021 -0.003518545627955172
59770.73921841266 3.556 0.019000000000000128 1.0050969554530662 0.005224546548681275 1.0 1.0067849909281146 1.0067849909281146 -0.0016880354750483662
59770.73923435607 3.556 0.019000000000000128 1.0048115997078457 0.005230643340653109 1.0 1.0067849082282456 1.0067849082282456 -0.001973308520399897
59770.7392502995 3.556 0.019000000000000128 1.0022461217748386 0.005230571429002948 1.0 1.0067848255283012 1.0067848255283012 -0.004538703753462547
59770.73926624293 3.556 0.019000000000000128 1.0008810261791703 0.005219003555533134 1.0 1.006784742828357 1.006784742828357 -0.005903716649186652
59770.73928218634 3.556 0.019000000000000128 1.011313159793953 0.005248543927160428 1.0 1.006784660128488 1.006784660128488 0.004528499665465091
59770.73929812976 3.556 0.019000000000000128 1.0051741139047679 0.0052331522910708745 1.0 1.0067845774285813 1.0067845774285813 -0.0016104635238134435
59770.73931407318 3.556 0.019000000000000128 1.0025937735501076 0.005223039183969999 1.0 1.0067844947286748 1.0067844947286748 -0.004190721178567225
59770.7393300166 3.556 0.019000000000000128 1.0002518292964744 0.0052170435924858765 1.0 1.0067844120287681 1.0067844120287681 -0.006532582732293735
59770.73934596002 3.556 0.019000000000000128 0.9990726563657092 0.005216045684662198 1.0 1.0067843293288614 1.0067843293288614 -0.007711672963152227
59770.73936190344 3.556 0.019000000000000128 1.0097610057877517 0.005238729022391632 1.0 1.0067842466289547 1.0067842466289547 0.0029767591587970266
59770.73937784686 3.556 0.019000000000000128 1.016316123106519 0.0052517403420019055 1.0 1.0067841639290482 1.0067841639290482 0.009531959177470739
59770.73939379028 3.556 0.019000000000000128 1.0140118906608957 0.005256697072174221 1.0 1.0067840812291415 1.0067840812291415 0.007227809431754162
59770.739409733695 3.556 0.019000000000000128 1.0071822161765132 0.005242548236447059 1.0 1.0067839985292726 1.0067839985292726 0.00039821764724057296
59770.73942567712 3.556 0.019000000000000128 1.0055303515007654 0.005232322054071938 1.0 1.0067839158293284 1.0067839158293284 -0.0012535643285629394
59770.739441620535 3.556 0.019000000000000128 1.0140479634708686 0.0052529891675477496 1.0 1.0067838331294594 1.0067838331294594 0.0072641303414091585
59770.73945756396 3.556 0.019000000000000128 1.0027990152599235 0.005220490582364535 1.0 1.006783750429515 1.006783750429515 -0.0039847351695914135
59770.73947350738 3.556 0.019000000000000128 1.0066247445250167 0.005235112847677485 1.0 1.0067836677296085 1.0067836677296085 -0.00015892320459176545
59770.7394894508 3.556 0.019000000000000128 1.0060968841958606 0.005237610672097923 1.0 1.0067835850297018 1.0067835850297018 -0.0006867008338411473
59770.739505394224 3.556 0.019000000000000128 1.0156461505263623 0.005254436402359465 1.0 1.006783502329795 1.006783502329795 0.008862648196567235
59770.739521337644 3.556 0.019000000000000128 1.0005865075280087 0.005222453964720898 1.0 1.0067834196298886 1.0067834196298886 -0.006196912101879892
59770.739537281064 3.556 0.019000000000000128 1.0110956306672378 0.005235181819883798 1.0 1.006783336929982 1.006783336929982 0.0043122937372559456
59770.739553224485 3.556 0.019000000000000128 1.0051023540804804 0.005220556200868797 1.0 1.0067832542300752 1.0067832542300752 -0.0016809001495947662
59770.739569167905 3.556 0.019000000000000128 1.00523240097452 0.005227930434972338 1.0 1.0067831715301687 1.0067831715301687 -0.0015507705556487839
59770.73958511132 3.556 0.019000000000000128 1.0054001799818575 0.0052278705405879675 1.0 1.0067830888302998 1.0067830888302998 -0.001382908848442277
59770.739601054745 3.556 0.019000000000000128 0.9965059452085006 0.0052146359411406355 1.0 1.0067830061303553 1.0067830061303553 -0.010277060921854764
59770.73961699816 3.556 0.019000000000000128 1.0151298922514818 0.005248178152171863 1.0 1.0067829234304864 1.0067829234304864 0.008346968820995393
59770.739632941586 3.556 0.019000000000000128 1.0122944881524558 0.005239809484965629 1.0 1.0067828407305421 1.0067828407305421 0.005511647421913679
59770.739648885006 3.556 0.019000000000000128 1.0038266300677003 0.005222350176346733 1.0 1.0067827580306354 1.0067827580306354 -0.0029561279629350956
59770.73966482843 3.556 0.019000000000000128 1.0048454064793593 0.00522762720494162 1.0 1.0067826753307287 1.0067826753307287 -0.001937268851369467
59770.73968077185 3.556 0.019000000000000128 1.0065478947165674 0.005241664240168098 1.0 1.0067825926308223 1.0067825926308223 -0.00023469791425489994
59770.73969671526 3.556 0.019000000000000128 1.0063857304397705 0.0052375769852666025 1.0 1.0067825099309533 1.0067825099309533 -0.0003967794911827749
59770.73971265869 3.556 0.019000000000000128 1.010435653170693 0.0052482851233027926 1.0 1.0067824272310089 1.0067824272310089 0.0036532259396842015
59770.73972860211 3.556 0.019000000000000128 1.0016655359657642 0.005221466379572776 1.0 1.0067823445311024 1.0067823445311024 -0.005116808565338138
59770.73974454553 3.556 0.019000000000000128 1.0033213742011784 0.005221577781535868 1.0 1.0067822618311957 1.0067822618311957 -0.003460887630017284
59770.73976048894 3.556 0.019000000000000128 1.0059837480925953 0.00523965432674539 1.0 1.0067821791313267 1.0067821791313267 -0.0007984310387314508
59770.73977643237 3.556 0.019000000000000128 1.005108090074107 0.00523305691071048 1.0 1.0067820964313825 1.0067820964313825 -0.0016740063572755481
59770.73979237578 3.556 0.019000000000000128 1.0061670465917667 0.005236648540073893 1.0 1.0067820137315135 1.0067820137315135 -0.000614967139746847
59770.73980831921 3.556 0.019000000000000128 1.0051431701328861 0.005220950715510747 1.0 1.006781931031569 1.006781931031569 -0.0016387608986829783
59770.73982426263 3.556 0.019000000000000128 1.0043698127186027 0.005233815058052135 1.0 1.0067818483316626 1.0067818483316626 -0.002412035613059915
59770.73984020605 3.556 0.019000000000000128 1.0199104010842275 0.005253639997411365 1.0 1.006781765631756 1.006781765631756 0.01312863545247156
59770.73985614947 3.556 0.019000000000000128 0.9993498103328765 0.005215126321809327 1.0 1.0067816829318492 1.0067816829318492 -0.007431872598972711
59770.73987209288 3.556 0.019000000000000128 0.9943177615431488 0.005205314987471408 1.0 1.0067816002319805 1.0067816002319805 -0.012463838688831719
59770.73988803631 3.556 0.019000000000000128 1.0050097587801956 0.0052290573541289714 1.0 1.006781517532036 1.006781517532036 -0.0017717587518404354
59770.739903979724 3.556 0.019000000000000128 1.015182477241029 0.005247588036106458 1.0 1.006781434832167 1.006781434832167 0.008401042408861858
59770.73991992315 3.556 0.019000000000000128 1.0021327563508262 0.00523067628639789 1.0 1.0067813521322226 1.0067813521322226 -0.004648595781396425
59770.739935866564 3.556 0.019000000000000128 1.0107611390537143 0.0052393913785803905 1.0 1.006781269432354 1.006781269432354 0.003979869621360432
59770.73995180999 3.556 0.019000000000000128 1.0057170652766747 0.0052315044714111615 1.0 1.0067811867324095 1.0067811867324095 -0.0010641214557347567
59770.739967753405 3.556 0.019000000000000128 1.0033057680129804 0.0052237486710448346 1.0 1.0067811040325405 1.0067811040325405 -0.0034753360195600713
59770.73998369683 3.556 0.019000000000000128 1.0055075524680877 0.005230718439482794 1.0 1.0067810213325963 1.0067810213325963 -0.0012734688645086312
59770.73999964025 3.556 0.019000000000000128 1.0104738486918663 0.005231495120311565 1.0 1.0067809386326896 1.0067809386326896 0.0036929100591767128
59770.74001558367 3.556 0.019000000000000128 1.0010789033809027 0.0052312774681051635 1.0 1.0067808559327829 1.0067808559327829 -0.005701952551880218
59770.74003152709 3.556 0.019000000000000128 1.0033657303131092 0.005226514346740686 1.0 1.0067807732328764 1.0067807732328764 -0.0034150429197672416
59770.74004747051 3.556 0.019000000000000128 1.0134051715868801 0.005251957144817858 1.0 1.0067806905330074 1.0067806905330074 0.0066244810538726995
59770.740063413934 3.556 0.019000000000000128 1.0073775861240626 0.0052374593133843505 1.0 1.006780607833063 1.006780607833063 0.0005969782909995835
59770.74007935735 3.556 0.019000000000000128 1.0047019365426122 0.00522823344075805 1.0 1.0067805251331943 1.0067805251331943 -0.0020785885905820756
59770.740095300775 3.556 0.019000000000000128 1.0032522579395597 0.005229257534609601 1.0 1.0067804424332498 1.0067804424332498 -0.0035281844936900786
59770.74011124419 3.556 0.019000000000000128 1.0059373373446558 0.0052351449639331605 1.0 1.0067803597333809 1.0067803597333809 -0.0008430223887250232
59770.740127187615 3.556 0.019000000000000128 1.0165304035523965 0.005248425744383955 1.0 1.0067802770334366 1.0067802770334366 0.0097501265189599
59770.74014313103 3.556 0.019000000000000128 1.0078692136054108 0.005231829548962832 1.0 1.0067801943335677 1.0067801943335677 0.001089019271843128
59770.74015907445 3.556 0.019000000000000128 1.0063117534152963 0.005227736008660389 1.0 1.006780111633661 1.006780111633661 -0.00046835821836466174
59770.74017501787 3.556 0.019000000000000128 1.0015465015943932 0.005219114740044534 1.0 1.0067800289337545 1.0067800289337545 -0.005233527339361332
59770.740190961296 3.556 0.019000000000000128 0.9947334348927654 0.005205015774207791 1.0 1.00677994623381 1.00677994623381 -0.012046511341044619
59770.74020690472 3.556 0.019000000000000128 1.0024122484979725 0.005225858567512867 1.0 1.0067798635339034 1.0067798635339034 -0.004367615035930861
59770.74022284813 3.556 0.019000000000000128 1.004300294311984 0.005232502465359603 1.0 1.0067797808340344 1.0067797808340344 -0.0024794865220503226
59770.74023879156 3.556 0.019000000000000128 1.0126890118964837 0.005246856111226493 1.0 1.0067796981340902 1.0067796981340902 0.005909313762393564
59770.74025473497 3.556 0.019000000000000128 1.0107571707558458 0.005241003412225847 1.0 1.0067796154342212 1.0067796154342212 0.003977555321624582
59770.7402706784 3.556 0.019000000000000128 1.0125149166076646 0.005244132419631118 1.0 1.0067795327342768 1.0067795327342768 0.005735383873387789
59770.74028662181 3.556 0.019000000000000128 1.0128148072213794 0.005237231626553071 1.0 1.006779450034408 1.006779450034408 0.006035357186971346
59770.74030256524 3.556 0.019000000000000128 1.007120744511046 0.005228347143891924 1.0 1.0067793673344636 1.0067793673344636 0.0003413771765823359
59770.74031850865 3.556 0.019000000000000128 1.005436627532892 0.005230285972387067 1.0 1.0067792846345947 1.0067792846345947 -0.0013426571017025601
59770.74033445207 3.556 0.019000000000000128 1.007306870131516 0.005236181415530354 1.0 1.0067792019346882 1.0067792019346882 0.000527668196827813
59770.74035039549 3.556 0.019000000000000128 1.0094573455701978 0.005230886362068867 1.0 1.0067791192347815 1.0067791192347815 0.002678226335416367
59770.74036633891 3.556 0.019000000000000128 1.0049551628829798 0.005227570301880969 1.0 1.0067790365348748 1.0067790365348748 -0.0018238736518949583
