eureka_custom_plots/data/stage5_lcfit_results/S5_wasp39b_ap4_bg8_Table_Save_ch40.txt
# %ECSV 1.0
# ---
# datatype:
# - {name: time, datatype: float64}
# - {name: wavelength, datatype: float64}
# - {name: bin_width, datatype: float64}
# - {name: lcdata, datatype: float64}
# - {name: lcerr, datatype: float64}
# - {name: transit, datatype: float64}
# - {name: polynom, datatype: float64}
# - {name: model, datatype: float64}
# - {name: residuals, datatype: float64}
# schema: astropy-2.0
time wavelength bin_width lcdata lcerr transit polynom model residuals
[from data line 19810]
59770.95985939311 4.5525 0.01949999999999985 1.011349392527587 0.009122537924886293 1.0 1.0057388384179766 1.0057388384179766 0.005610554109610311
59770.95987533652 4.5525 0.01949999999999985 1.0077839614704704 0.009133121585814714 1.0 1.0057387571203904 1.0057387571203904 0.002045204350080043
59770.95989127994 4.5525 0.01949999999999985 1.0010073415682026 0.009069577538926737 1.0 1.005738675822767 1.005738675822767 -0.004731334254564512
59770.95990722336 4.5525 0.01949999999999985 1.0144393243770236 0.009139605530288869 1.0 1.005738594525144 1.005738594525144 0.00870072985187953
59770.95992316678 4.5525 0.01949999999999985 1.009638702811915 0.009115545109483503 1.0 1.0057385132275207 1.0057385132275207 0.003900189584394198
59770.959939110195 4.5525 0.01949999999999985 0.9927364069419107 0.00907564747026054 1.0 1.0057384319299345 1.0057384319299345 -0.01300202498802383
59770.95995505362 4.5525 0.01949999999999985 1.0188545433058929 0.009140319419331666 1.0 1.0057383506322741 1.0057383506322741 0.013116192673618743
59770.959970997035 4.5525 0.01949999999999985 1.002722234495135 0.009134800788480947 1.0 1.0057382693346881 1.0057382693346881 -0.00301603483955315
59770.95998694045 4.5525 0.01949999999999985 1.009629209278744 0.009117842159978379 1.0 1.005738188037102 1.005738188037102 0.0038910212416420897
59770.96000288387 4.5525 0.01949999999999985 1.0110942011789201 0.009139236899172155 1.0 1.0057381067394786 1.0057381067394786 0.005356094439441517
59770.96001882729 4.5525 0.01949999999999985 1.0007526015279784 0.009105452830956247 1.0 1.0057380254418553 1.0057380254418553 -0.004985423913876907
59770.96003477071 4.5525 0.01949999999999985 1.0035255659111542 0.009113376082941627 1.0 1.0057379441442322 1.0057379441442322 -0.0022123782330780717
59770.96005071412 4.5525 0.01949999999999985 1.0163332493456545 0.009153296958652739 1.0 1.005737862846646 1.005737862846646 0.010595386499008486
59770.96006665755 4.5525 0.01949999999999985 0.994956737663787 0.009104850208895742 1.0 1.0057377815489856 1.0057377815489856 -0.010781043885198627
59770.96008260096 4.5525 0.01949999999999985 1.00538134311892 0.009121607715061151 1.0 1.0057377002513996 1.0057377002513996 -0.0003563571324796122
59770.960098544376 4.5525 0.01949999999999985 1.007422252418967 0.009139140343817269 1.0 1.0057376189538134 1.0057376189538134 0.0016846334651536843
59770.9601144878 4.5525 0.01949999999999985 1.0154352228801067 0.009139375658477061 1.0 1.005737537656153 1.005737537656153 0.009697685223953645
59770.960130431224 4.5525 0.01949999999999985 1.012866630141834 0.009142835212212166 1.0 1.0057374563585297 1.0057374563585297 0.0071291737833043545
59770.96014637464 4.5525 0.01949999999999985 1.0130720111004645 0.009121935565823622 1.0 1.0057373750609437 1.0057373750609437 0.007334636039520781
59770.96016231805 4.5525 0.01949999999999985 1.0127870115486768 0.009112928576227697 1.0 1.0057372937633575 1.0057372937633575 0.007049717785319265
59770.96017826148 4.5525 0.01949999999999985 1.0011842923296455 0.009085999545800862 1.0 1.0057372124656971 1.0057372124656971 -0.004552920136051686
59770.96019420489 4.5525 0.01949999999999985 1.0093428982803672 0.009086406511359772 1.0 1.005737131168111 1.005737131168111 0.003605767112256242
59770.96021014831 4.5525 0.01949999999999985 1.0214574365405118 0.009160546455721414 1.0 1.0057370498704878 1.0057370498704878 0.015720386670023956
59770.96022609173 4.5525 0.01949999999999985 1.0018878193638796 0.009092551991760567 1.0 1.0057369685728645 1.0057369685728645 -0.0038491492089849366
59770.96024203515 4.5525 0.01949999999999985 0.996048373358703 0.009103399645752946 1.0 1.0057368872752412 1.0057368872752412 -0.009688513916538244
59770.960257978564 4.5525 0.01949999999999985 1.008606548252235 0.009121602723651305 1.0 1.005736805977655 1.005736805977655 0.002869742274580034
59770.960273921984 4.5525 0.01949999999999985 1.0169657870655155 0.009137089354822832 1.0 1.005736724680032 1.005736724680032 0.011229062385483601
59770.960289865405 4.5525 0.01949999999999985 0.9941494117593701 0.009099994246526615 1.0 1.0057366433824086 1.0057366433824086 -0.01158723162303854
59770.96030580882 4.5525 0.01949999999999985 0.9996184151380889 0.00912452772391574 1.0 1.0057365620848224 1.0057365620848224 -0.006118146946733516
59770.960321752245 4.5525 0.01949999999999985 1.0113713075211845 0.00912800853117758 1.0 1.005736480787162 1.005736480787162 0.005634826734022491
59770.96033769566 4.5525 0.01949999999999985 1.0014073017961047 0.009103589264435252 1.0 1.005736399489576 1.005736399489576 -0.00432909769347134
59770.96035363908 4.5525 0.01949999999999985 0.9932880046036318 0.009074590288239384 1.0 1.0057363181919527 1.0057363181919527 -0.012448313588320992
59770.96036958249 4.5525 0.01949999999999985 1.0132004915145654 0.009132079485043482 1.0 1.0057362368943665 1.0057362368943665 0.00746425462019884
59770.96038552591 4.5525 0.01949999999999985 1.0027516181603016 0.009112686500271049 1.0 1.0057361555967435 1.0057361555967435 -0.002984537436441892
59770.96040146933 4.5525 0.01949999999999985 0.9912970747061842 0.009052764216004594 1.0 1.0057360742991202 1.0057360742991202 -0.01443899959293593
59770.96041741275 4.5525 0.01949999999999985 0.9993381074256308 0.009091762046008298 1.0 1.0057359930014969 1.0057359930014969 -0.006397885575866069
59770.96043335617 4.5525 0.01949999999999985 1.0041685294490115 0.009114920463226931 1.0 1.0057359117038736 1.0057359117038736 -0.001567382254862082
59770.960449299586 4.5525 0.01949999999999985 1.0307797406580612 0.009182004222205335 1.0 1.0057358304062876 1.0057358304062876 0.02504391025177366
59770.960465243006 4.5525 0.01949999999999985 1.0030052541060575 0.009102002865493024 1.0 1.0057357491086643 1.0057357491086643 -0.002730495002606803
59770.96048118643 4.5525 0.01949999999999985 1.0010467022284155 0.009116642254535975 1.0 1.005735667811041 1.005735667811041 -0.004688965582625437
59770.96049712985 4.5525 0.01949999999999985 1.0167228090082523 0.009148535002714104 1.0 1.0057355865134177 1.0057355865134177 0.010987222494834636
59770.96051307326 4.5525 0.01949999999999985 1.0173949968512501 0.009142208808158577 1.0 1.0057355052158317 1.0057355052158317 0.011659491635418462
59770.96052901668 4.5525 0.01949999999999985 1.0116089036741083 0.009114006781988843 1.0 1.0057354239182084 1.0057354239182084 0.005873479755899913
59770.9605449601 4.5525 0.01949999999999985 1.0083943704364426 0.009127541176626407 1.0 1.005735342620585 1.005735342620585 0.002659027815857584
59770.96056090351 4.5525 0.01949999999999985 1.0013590871023295 0.009093142980090646 1.0 1.0057352613229988 1.0057352613229988 -0.004376174220669382
59770.960576846934 4.5525 0.01949999999999985 1.0204161592830638 0.00917792783418884 1.0 1.0057351800253758 1.0057351800253758 0.014680979257688076
59770.96059279036 4.5525 0.01949999999999985 0.9872180327173812 0.00907376414003705 1.0 1.0057350987277154 1.0057350987277154 -0.018517066010334204
59770.960608733774 4.5525 0.01949999999999985 0.9856517763216669 0.009070462028323588 1.0 1.0057350174301292 1.0057350174301292 -0.02008324110846227
59770.96062467719 4.5525 0.01949999999999985 0.9949937974955092 0.009083421365153955 1.0 1.0057349361325432 1.0057349361325432 -0.010741138637033965
59770.960640620615 4.5525 0.01949999999999985 0.9875541106527703 0.009073996716228919 1.0 1.0057348548348828 1.0057348548348828 -0.018180744182112463
59770.96065656403 4.5525 0.01949999999999985 1.0144560082603131 0.009143046514005508 1.0 1.0057347735372966 1.0057347735372966 0.008721234723016558
59770.96067250745 4.5525 0.01949999999999985 0.9927922149822843 0.009074483187228878 1.0 1.0057346922396733 1.0057346922396733 -0.012942477257388951
59770.96068845086 4.5525 0.01949999999999985 1.0053971541716384 0.009133559035496014 1.0 1.0057346109420873 1.0057346109420873 -0.0003374567704488296
59770.96070439429 4.5525 0.01949999999999985 1.0060328268250214 0.009114296566101328 1.0 1.0057345296444269 1.0057345296444269 0.00029829718059448673
59770.9607203377 4.5525 0.01949999999999985 1.0193891852260386 0.009169987962422976 1.0 1.0057344483468407 1.0057344483468407 0.013654736879197937
59770.960736281115 4.5525 0.01949999999999985 1.003882982410344 0.009118447972098584 1.0 1.0057343670492545 1.0057343670492545 -0.001851384638910547
59770.96075222454 4.5525 0.01949999999999985 1.0101587573727915 0.009143341880663906 1.0 1.0057342857515943 1.0057342857515943 0.00442447162119719
59770.960768167955 4.5525 0.01949999999999985 1.0083300121278511 0.009115543782913547 1.0 1.005734204454008 1.005734204454008 0.0025958076738430425
59770.960784111376 4.5525 0.01949999999999985 1.0091661184267735 0.009094900911304752 1.0 1.0057341231563848 1.0057341231563848 0.0034319952703887324
59770.960800054796 4.5525 0.01949999999999985 1.0068979791828934 0.009136700717718495 1.0 1.0057340418587615 1.0057340418587615 0.0011639373241318918
59770.960815998216 4.5525 0.01949999999999985 1.0067710367472453 0.00912886294364864 1.0 1.0057339605611384 1.0057339605611384 0.0010370761861069333
59770.96083194163 4.5525 0.01949999999999985 1.0117743683824878 0.009145225524412472 1.0 1.0057338792635522 1.0057338792635522 0.006040489118935621
59770.96084788504 4.5525 0.01949999999999985 1.0059982219451817 0.009101424980134061 1.0 1.005733797965966 1.005733797965966 0.00026442397921577765
59770.96086382847 4.5525 0.01949999999999985 1.0199942771147912 0.009172225435750412 1.0 1.0057337166683056 1.0057337166683056 0.014260560446485604
59770.96087977189 4.5525 0.01949999999999985 0.9989529116359265 0.009094734611294506 1.0 1.0057336353706825 1.0057336353706825 -0.006780723734756022
59770.9608957153 4.5525 0.01949999999999985 1.002514941612926 0.00910867556858303 1.0 1.0057335540730963 1.0057335540730963 -0.0032186124601703003
59770.96091165872 4.5525 0.01949999999999985 1.0150240839316416 0.009126358568845774 1.0 1.005733472775473 1.005733472775473 0.009290611156168582
59770.960927602144 4.5525 0.01949999999999985 1.0094144805534306 0.009135475293476426 1.0 1.0057333914778497 1.0057333914778497 0.0036810890755809567
59770.96094354556 4.5525 0.01949999999999985 1.0010380505071756 0.009099698879682257 1.0 1.0057333101802637 1.0057333101802637 -0.004695259673088037
59770.960959488984 4.5525 0.01949999999999985 0.9990828211745959 0.009096295802119356 1.0 1.0057332288826033 1.0057332288826033 -0.0066504077080074
59770.9609754324 4.5525 0.01949999999999985 1.00181606880643 0.009107116112026109 1.0 1.005733147585017 1.005733147585017 -0.0039170787785871575
59770.96099137582 4.5525 0.01949999999999985 1.0187771722057288 0.00913404670146042 1.0 1.0057330662873938 1.0057330662873938 0.013044105918335047
59770.96100731923 4.5525 0.01949999999999985 0.9913491927036667 0.009057446924847775 1.0 1.0057329849898078 1.0057329849898078 -0.014383792286141062
59770.96102326265 4.5525 0.01949999999999985 1.0093290548315592 0.009105786907855061 1.0 1.0057329036921845 1.0057329036921845 0.003596151139374726
59770.96103920607 4.5525 0.01949999999999985 1.011207854398929 0.009153786669839164 1.0 1.0057328223945612 1.0057328223945612 0.005475032004367719
59770.96105514949 4.5525 0.01949999999999985 1.0133835893494736 0.009163887104075669 1.0 1.005732741096938 1.005732741096938 0.00765084825253548
59770.96107109291 4.5525 0.01949999999999985 1.0023612145700944 0.009080949874876522 1.0 1.0057326597993148 1.0057326597993148 -0.0033714452292203934
59770.961087036325 4.5525 0.01949999999999985 0.9966950163970262 0.009098881241304278 1.0 1.0057325785017286 1.0057325785017286 -0.009037562104702412
59770.961102979745 4.5525 0.01949999999999985 0.996216643620361 0.009085576478796665 1.0 1.0057324972041053 1.0057324972041053 -0.009515853583744294
59770.961118923165 4.5525 0.01949999999999985 0.9902221094611983 0.009085563468986205 1.0 1.0057324159064822 1.0057324159064822 -0.01551030644528395
59770.961134866586 4.5525 0.01949999999999985 1.0221137390143225 0.009157744838619537 1.0 1.005732334608859 1.005732334608859 0.01638140440546354
59770.96115081 4.5525 0.01949999999999985 1.0161842581848013 0.009146941640766312 1.0 1.0057322533112727 1.0057322533112727 0.010452004873528598
59770.96116675343 4.5525 0.01949999999999985 0.9999203959354682 0.009096800392734125 1.0 1.0057321720136123 1.0057321720136123 -0.005811776078144093
59770.96118269684 4.5525 0.01949999999999985 1.018278226240808 0.009124476730044162 1.0 1.0057320907160263 1.0057320907160263 0.012546135524781787
59770.96119864025 4.5525 0.01949999999999985 1.0179254331515755 0.009136561938040076 1.0 1.00573200941844 1.00573200941844 0.012193423733135367
59770.96121458367 4.5525 0.01949999999999985 1.0038456995565124 0.009104630843031434 1.0 1.0057319281208168 1.0057319281208168 -0.0018862285643044263
59770.96123052709 4.5525 0.01949999999999985 1.0102235530969037 0.009144919701718594 1.0 1.0057318468231935 1.0057318468231935 0.004491706273710205
59770.96124647051 4.5525 0.01949999999999985 1.0112763761136745 0.009111733706410764 1.0 1.0057317655255704 1.0057317655255704 0.005544610588104071
59770.961262413926 4.5525 0.01949999999999985 1.005479676186319 0.009085744570220655 1.0 1.0057316842279842 1.0057316842279842 -0.0002520080416652526
59770.961278357354 4.5525 0.01949999999999985 1.0098368886550766 0.009137274707473959 1.0 1.0057316029303238 1.0057316029303238 0.004105285724752772
59770.96129430077 4.5525 0.01949999999999985 0.9935628155470685 0.009060077414737213 1.0 1.0057315216327378 1.0057315216327378 -0.012168706085669334
59770.96131024418 4.5525 0.01949999999999985 1.0091033594607588 0.009115303400169467 1.0 1.0057314403351516 1.0057314403351516 0.0033719191256071923
59770.96132618761 4.5525 0.01949999999999985 1.0041330478035457 0.009092081153677899 1.0 1.0057313590374912 1.0057313590374912 -0.001598311233945493
59770.96134213103 4.5525 0.01949999999999985 1.0085051277423553 0.009145239943904801 1.0 1.005731277739868 1.005731277739868 0.0027738500024874213
59770.96135807444 4.5525 0.01949999999999985 0.9957222304107535 0.009087416198188496 1.0 1.005731196442282 1.005731196442282 -0.010008966031528455
59770.961374017854 4.5525 0.01949999999999985 1.0125176214413472 0.00912030956922027 1.0 1.0057311151446957 1.0057311151446957 0.006786506296651451
59770.96138996128 4.5525 0.01949999999999985 0.9996428188508628 0.009073355753363476 1.0 1.0057310338470353 1.0057310338470353 -0.006088214996172514
59770.961405904694 4.5525 0.01949999999999985 1.0029036295698666 0.00909501182992511 1.0 1.005730952549449 1.005730952549449 -0.002827322979582547
59770.961421848115 4.5525 0.01949999999999985 1.0087243438106022 0.009112023610364553 1.0 1.005730871251826 1.005730871251826 0.0029934725587761335
59770.961437791535 4.5525 0.01949999999999985 1.0213567762623668 0.00917822240233197 1.0 1.0057307899542027 1.0057307899542027 0.01562598630816403
59770.961453734955 4.5525 0.01949999999999985 1.0115305430469301 0.009144994372226965 1.0 1.0057307086565794 1.0057307086565794 0.0057998343903507
59770.96146967837 4.5525 0.01949999999999985 1.0241465727311188 0.00917021010036611 1.0 1.0057306273589932 1.0057306273589932 0.01841594537212554
59770.96148562179 4.5525 0.01949999999999985 1.001022344788984 0.009108281779671316 1.0 1.0057305460613701 1.0057305460613701 -0.004708201272386026
59770.96150156521 4.5525 0.01949999999999985 1.0068556224456071 0.009104388161717214 1.0 1.0057304647637468 1.0057304647637468 0.0011251576818602782
59770.96151750862 4.5525 0.01949999999999985 1.0000816759790496 0.009067516718264113 1.0 1.0057303834661606 1.0057303834661606 -0.005648707487110993
59770.96153345204 4.5525 0.01949999999999985 1.0057599706913187 0.009103500041899523 1.0 1.0057303021685373 1.0057303021685373 2.9668522781411966e-05
59770.96154939546 4.5525 0.01949999999999985 0.9963727180527892 0.009098036248939848 1.0 1.0057302208709142 1.0057302208709142 -0.009357502818125085
