eureka_custom_plots/data/stage5_lcfit_results/S5_wasp39b_ap4_bg8_Table_Save_ch08.txt
# %ECSV 1.0
# ---
# datatype:
# - {name: time, datatype: float64}
# - {name: wavelength, datatype: float64}
# - {name: bin_width, datatype: float64}
# - {name: lcdata, datatype: float64}
# - {name: lcerr, datatype: float64}
# - {name: transit, datatype: float64}
# - {name: polynom, datatype: float64}
# - {name: model, datatype: float64}
# - {name: residuals, datatype: float64}
# schema: astropy-2.0
time wavelength bin_width lcdata lcerr transit polynom model residuals
[from data line 2917]
59770.69052720667 3.326 0.019000000000000128 1.0144210138716572 0.004557928709097763 1.0 1.0072698037445114 1.0072698037445114 0.007151210127145813
59770.69054315009 3.326 0.019000000000000128 1.0093271750142112 0.004544503537548365 1.0 1.0072696942485286 1.0072696942485286 0.0020574807656825733
59770.69055909351 3.326 0.019000000000000128 1.0087583628856147 0.004543201480816884 1.0 1.007269584752546 1.007269584752546 0.0014887781330688021
59770.69057503693 3.326 0.019000000000000128 1.0185624537774904 0.00455994036855285 1.0 1.0072694752565632 1.0072694752565632 0.011292978520927255
59770.69059098035 3.326 0.019000000000000128 1.008770938540192 0.004544535942922535 1.0 1.0072693657605805 1.0072693657605805 0.001501572779611493
59770.690606923774 3.326 0.019000000000000128 1.0093966226879492 0.0045480019076657085 1.0 1.0072692562645977 1.0072692562645977 0.002127366423351429
59770.690622867194 3.326 0.019000000000000128 1.0089533918093647 0.004542259836229557 1.0 1.007269146768615 1.007269146768615 0.00168424504074971
59770.690638810614 3.326 0.019000000000000128 1.0082984108444766 0.004538909969573328 1.0 1.0072690372726323 1.0072690372726323 0.0010293735718442942
59770.69065475404 3.326 0.019000000000000128 1.0083944292657059 0.004545054402420005 1.0 1.0072689277765996 1.0072689277765996 0.0011255014891062842
59770.690670697455 3.326 0.019000000000000128 1.0082922609484817 0.004541211016699039 1.0 1.0072688182806668 1.0072688182806668 0.0010234426678148445
59770.690686640875 3.326 0.019000000000000128 1.0129494263943557 0.004556462248192212 1.0 1.007268708784684 1.007268708784684 0.005680717609671593
59770.690702584296 3.326 0.019000000000000128 1.0069643007708688 0.004537509394132039 1.0 1.0072685992887014 1.0072685992887014 -0.00030429851783253525
59770.69071852772 3.326 0.019000000000000128 0.9966598711557006 0.004522891096861647 1.0 1.0072684897926687 1.0072684897926687 -0.010608618636968048
59770.69073447114 3.326 0.019000000000000128 1.0072084924241262 0.004538794848732171 1.0 1.007268380296686 1.007268380296686 -5.9887872559727384e-05
59770.69075041456 3.326 0.019000000000000128 1.0087062749215765 0.004549561503377049 1.0 1.0072682708007532 1.0072682708007532 0.0014380041208232885
59770.690766357984 3.326 0.019000000000000128 1.0132501833035363 0.004556799369753578 1.0 1.0072681613047203 1.0072681613047203 0.005982021998816034
59770.6907823014 3.326 0.019000000000000128 1.006358310346461 0.0045431474645917505 1.0 1.0072680518087875 1.0072680518087875 -0.0009097414623264743
59770.690798244825 3.326 0.019000000000000128 1.0040649672942337 0.004538176115896692 1.0 1.0072679423127548 1.0072679423127548 -0.0032029750185211814
59770.690814188245 3.326 0.019000000000000128 0.9995366568626863 0.004526134755171486 1.0 1.0072678328167721 1.0072678328167721 -0.007731175954085789
59770.690830131665 3.326 0.019000000000000128 1.015508556711455 0.004554335590297977 1.0 1.0072677233207894 1.0072677233207894 0.008240833390665614
59770.690846075086 3.326 0.019000000000000128 1.0046951695855026 0.004537949717630534 1.0 1.0072676138248067 1.0072676138248067 -0.002572444239304028
59770.6908620185 3.326 0.019000000000000128 1.0165660861823342 0.00455496198910999 1.0 1.007267504328874 1.007267504328874 0.00929858185346033
59770.690877961926 3.326 0.019000000000000128 1.007564240239294 0.0045426171820168604 1.0 1.0072673948328412 1.0072673948328412 0.00029684540645269486
59770.69089390535 3.326 0.019000000000000128 1.004837858604279 0.004540299301888753 1.0 1.0072672853368585 1.0072672853368585 -0.0024294267325795094
59770.69090984877 3.326 0.019000000000000128 0.9999674378301568 0.004532621592182129 1.0 1.0072671758408758 1.0072671758408758 -0.007299738010718926
59770.69092579219 3.326 0.019000000000000128 1.0148635769160168 0.0045517697563910685 1.0 1.007267066344893 1.007267066344893 0.00759651057112376
59770.69094173561 3.326 0.019000000000000128 1.0075161517746622 0.004544631549946471 1.0 1.0072669568489103 1.0072669568489103 0.0002491949257519277
59770.69095767903 3.326 0.019000000000000128 1.0069682826756556 0.004534827636018091 1.0 1.0072668473529276 1.0072668473529276 -0.0002985646772719619
59770.69097362245 3.326 0.019000000000000128 1.0003597524129566 0.004525063162197398 1.0 1.0072667378569449 1.0072667378569449 -0.006906985443988267
59770.69098956587 3.326 0.019000000000000128 1.0110503740708365 0.004542573428372095 1.0 1.0072666283609621 1.0072666283609621 0.0037837457098743865
59770.691005509296 3.326 0.019000000000000128 1.0065538332497166 0.004545515118080269 1.0 1.0072665188649295 1.0072665188649295 -0.0007126856152128713
59770.69102145271 3.326 0.019000000000000128 1.007411258735858 0.004542247007412099 1.0 1.0072664093689967 1.0072664093689967 0.00014484936686121053
59770.69103739613 3.326 0.019000000000000128 1.012688204444599 0.004546043417814818 1.0 1.0072662998730137 1.0072662998730137 0.005421904571585312
59770.69105333956 3.326 0.019000000000000128 1.0089779076637606 0.004546039929450604 1.0 1.007266190376981 1.007266190376981 0.001711717286779546
59770.69106928297 3.326 0.019000000000000128 1.0042273763836849 0.004530510914102688 1.0 1.0072660808810483 1.0072660808810483 -0.0030387044973634314
59770.6910852264 3.326 0.019000000000000128 1.0083228267133195 0.00454519594123468 1.0 1.0072659713850156 1.0072659713850156 0.0010568553283039073
59770.69110116981 3.326 0.019000000000000128 1.010492144233766 0.0045482551586042514 1.0 1.0072658618890828 1.0072658618890828 0.00322628234468314
59770.69111711324 3.326 0.019000000000000128 1.0072837438155313 0.004538272079361485 1.0 1.0072657523930502 1.0072657523930502 1.799142248115615e-05
59770.69113305666 3.326 0.019000000000000128 1.0202194714941208 0.00456679783699419 1.0 1.0072656428970674 1.0072656428970674 0.012953828597053407
59770.69114900007 3.326 0.019000000000000128 1.0100936407526524 0.004548887957284603 1.0 1.0072655334011347 1.0072655334011347 0.002828107351517728
59770.6911649435 3.326 0.019000000000000128 1.0034118396755445 0.004529550342170082 1.0 1.007265423905102 1.007265423905102 -0.003853584229557505
59770.69118088692 3.326 0.019000000000000128 1.0107839634453752 0.004552427383597442 1.0 1.0072653144091193 1.0072653144091193 0.003518649036255983
59770.69119683034 3.326 0.019000000000000128 1.005581436519085 0.004540623888319181 1.0 1.0072652049131365 1.0072652049131365 -0.001683768394051599
59770.69121277375 3.326 0.019000000000000128 1.0023600792004566 0.004530225346141541 1.0 1.0072650954172038 1.0072650954172038 -0.0049050162167472156
59770.69122871718 3.326 0.019000000000000128 1.0010531719543971 0.004533102681780037 1.0 1.007264985921171 1.007264985921171 -0.006211813966773949
59770.6912446606 3.326 0.019000000000000128 1.0072786451347358 0.004536810973769188 1.0 1.0072648764251884 1.0072648764251884 1.3768709547390401e-05
59770.69126060402 3.326 0.019000000000000128 1.003814750632489 0.0045382543907100965 1.0 1.0072647669292056 1.0072647669292056 -0.003450016296716596
59770.69127654744 3.326 0.019000000000000128 1.0071887522215155 0.004543312176380195 1.0 1.007264657433223 1.007264657433223 -7.59052117074166e-05
59770.69129249086 3.326 0.019000000000000128 1.0066040272143055 0.004541402029871201 1.0 1.00726454793724 1.00726454793724 -0.0006605207229344323
59770.69130843428 3.326 0.019000000000000128 1.0161301849381343 0.004553514997970589 1.0 1.0072644384412572 1.0072644384412572 0.008865746496877103
59770.6913243777 3.326 0.019000000000000128 1.0170002114001717 0.004560908118397295 1.0 1.0072643289452745 1.0072643289452745 0.009735882454897204
59770.69134032112 3.326 0.019000000000000128 1.0069864105975765 0.004541948787737866 1.0 1.0072642194492918 1.0072642194492918 -0.0002778088517152444
59770.69135626454 3.326 0.019000000000000128 1.0078648083742177 0.004550904178187132 1.0 1.007264109953309 1.007264109953309 0.0006006984209085964
59770.69137220796 3.326 0.019000000000000128 1.0001566260843606 0.004532422599523954 1.0 1.0072640004573263 1.0072640004573263 -0.0071073743729657135
59770.69138815138 3.326 0.019000000000000128 1.0054492610663857 0.0045354076170714755 1.0 1.0072638909613436 1.0072638909613436 -0.0018146298949579531
59770.69140409481 3.326 0.019000000000000128 1.0018899448715115 0.004532696926287013 1.0 1.007263781465311 1.007263781465311 -0.005373836593799419
59770.69142003822 3.326 0.019000000000000128 1.012876685531247 0.004551673104103833 1.0 1.0072636719693782 1.0072636719693782 0.005613013561868829
59770.691435981644 3.326 0.019000000000000128 1.0081885657977296 0.004539289564006699 1.0 1.0072635624733954 1.0072635624733954 0.000925003324334206
59770.691451925064 3.326 0.019000000000000128 1.0001275045658735 0.004529243395824549 1.0 1.0072634529774127 1.0072634529774127 -0.007135948411539195
59770.69146786849 3.326 0.019000000000000128 1.0077877203276868 0.00454113625190717 1.0 1.00726334348138 1.00726334348138 0.0005243768463067955
59770.69148381191 3.326 0.019000000000000128 1.0026170635241263 0.0045301211430320175 1.0 1.0072632339853973 1.0072632339853973 -0.004646170461271026
59770.691499755325 3.326 0.019000000000000128 1.0059884672016304 0.004540971756245173 1.0 1.0072631244894645 1.0072631244894645 -0.0012746572878341578
59770.69151569875 3.326 0.019000000000000128 1.005689216915273 0.004537908451377331 1.0 1.0072630149934318 1.0072630149934318 -0.001573798078158939
59770.691531642166 3.326 0.019000000000000128 1.0047112512806278 0.004535972679002318 1.0 1.007262905497499 1.007262905497499 -0.002551654216871313
59770.69154758559 3.326 0.019000000000000128 1.007479405424145 0.004542849778600627 1.0 1.0072627960014664 1.0072627960014664 0.00021660942267853756
59770.69156352901 3.326 0.019000000000000128 1.00462597436535 0.004535756182418748 1.0 1.0072626865054835 1.0072626865054835 -0.0026367121401333904
59770.691579472434 3.326 0.019000000000000128 1.0035648975134366 0.004537517902992685 1.0 1.0072625770095007 1.0072625770095007 -0.0036976794960641435
59770.691595415854 3.326 0.019000000000000128 1.002460868133038 0.004530533491040261 1.0 1.007262467513518 1.007262467513518 -0.004801599380479971
59770.69161135927 3.326 0.019000000000000128 1.005006186136999 0.0045385207425428465 1.0 1.0072623580175852 1.0072623580175852 -0.002256171880586244
59770.691627302695 3.326 0.019000000000000128 "" "" 1.0 1.0072622485215526 1.0072622485215526 ""
59770.69164324612 3.326 0.019000000000000128 1.0078064030846114 0.004547410991850464 1.0 1.0072621390255199 1.0072621390255199 0.0005442640590915815
59770.691659189535 3.326 0.019000000000000128 1.0057257381876403 0.004540483126253715 1.0 1.007262029529587 1.007262029529587 -0.0015362913419467716
59770.691675132955 3.326 0.019000000000000128 1.0101663814652657 0.004543357509633014 1.0 1.0072619200336044 1.0072619200336044 0.0029044614316613426
59770.691691076376 3.326 0.019000000000000128 1.0025544583792232 0.004529281363154169 1.0 1.0072618105376216 1.0072618105376216 -0.004707352158398459
59770.691707019796 3.326 0.019000000000000128 1.0038666044745634 0.004537691154587907 1.0 1.007261701041639 1.007261701041639 -0.003395096567075484
59770.69172296322 3.326 0.019000000000000128 1.011638679485035 0.004553003816911655 1.0 1.0072615915456062 1.0072615915456062 0.004377087939428703
59770.69173890664 3.326 0.019000000000000128 1.0056493476109718 0.004542396652813881 1.0 1.0072614820496735 1.0072614820496735 -0.0016121344387016734
59770.691754850064 3.326 0.019000000000000128 1.0044098298952913 0.0045364405697088765 1.0 1.0072613725536408 1.0072613725536408 -0.0028515426583495262
59770.69177079348 3.326 0.019000000000000128 1.0044776709059353 0.004533842375906104 1.0 1.007261263057708 1.007261263057708 -0.002783592151772707
59770.6917867369 3.326 0.019000000000000128 1.0098797641111439 0.00454573130185628 1.0 1.0072611535617253 1.0072611535617253 0.0026186105494185874
59770.691802680325 3.326 0.019000000000000128 1.0071381455566442 0.004544246439970149 1.0 1.0072610440656926 1.0072610440656926 -0.00012289850904845245
59770.69181862374 3.326 0.019000000000000128 1.0096204706203056 0.004547258036692323 1.0 1.0072609345697598 1.0072609345697598 0.0023595360505457297
59770.691834567166 3.326 0.019000000000000128 1.006107210078428 0.004536599897398505 1.0 1.007260825073727 1.007260825073727 -0.0011536149952988684
59770.69185051058 3.326 0.019000000000000128 1.0067429226379496 0.004537525670276287 1.0 1.0072607155777942 1.0072607155777942 -0.0005177929398445524
59770.691866454006 3.326 0.019000000000000128 1.010546928129088 0.0045505343117512856 1.0 1.0072606060817615 1.0072606060817615 0.0032863220473264843
59770.69188239743 3.326 0.019000000000000128 1.0040046115613597 0.00453360620967697 1.0 1.0072604965857788 1.0072604965857788 -0.0032558850244190918
59770.69189834084 3.326 0.019000000000000128 1.0167340080096663 0.004563767405651645 1.0 1.007260387089846 1.007260387089846 0.009473620919820291
59770.69191428427 3.326 0.019000000000000128 1.0022753860032685 0.004530677519596965 1.0 1.0072602775938133 1.0072602775938133 -0.0049848915905448266
59770.69193022769 3.326 0.019000000000000128 1.00241262819813 0.0045317223897851115 1.0 1.0072601680978306 1.0072601680978306 -0.004847539899700548
59770.69194617111 3.326 0.019000000000000128 1.0077733423827642 0.004540129664492931 1.0 1.0072600586018479 1.0072600586018479 0.0005132837809163071
59770.69196211453 3.326 0.019000000000000128 1.001870055952227 0.004532930149971605 1.0 1.0072599491058651 1.0072599491058651 -0.005389893153638248
59770.69197805795 3.326 0.019000000000000128 1.0067783721522148 0.004543881935785187 1.0 1.0072598396098824 1.0072598396098824 -0.0004814674576676392
59770.69199400137 3.326 0.019000000000000128 1.006876939242841 0.004544158687254215 1.0 1.0072597301138997 1.0072597301138997 -0.0003827908710587469
59770.69200994479 3.326 0.019000000000000128 1.0020356268375556 0.004538422548896675 1.0 1.007259620617917 1.007259620617917 -0.0052239937803613135
59770.69202588821 3.326 0.019000000000000128 1.0197882468019632 0.004564301521067919 1.0 1.0072595111219342 1.0072595111219342 0.01252873568002899
59770.69204183164 3.326 0.019000000000000128 1.0048145924389844 0.004541201388967026 1.0 1.0072594016259016 1.0072594016259016 -0.0024448091869171407
59770.69205777505 3.326 0.019000000000000128 1.0098811014325157 0.004550176905409564 1.0 1.0072592921299688 1.0072592921299688 0.0026218093025469624
59770.69207371847 3.326 0.019000000000000128 1.0116335592621304 0.004547306175752624 1.0 1.007259182633986 1.007259182633986 0.0043743766281443275
59770.69208966189 3.326 0.019000000000000128 1.0075002574601033 0.004540753366605212 1.0 1.0072590731380031 1.0072590731380031 0.00024118432210018526
59770.69210560531 3.326 0.019000000000000128 1.0133446174174023 0.004547287204142291 1.0 1.0072589636420204 1.0072589636420204 0.0060856537753819495
59770.69212154873 3.326 0.019000000000000128 1.0174572504853014 0.00456300017256952 1.0 1.0072588541460377 1.0072588541460377 0.010198396339263782
59770.69213749215 3.326 0.019000000000000128 1.0048360425757037 0.004540095677189583 1.0 1.007258744650055 1.007258744650055 -0.002422702074351246
59770.69215343558 3.326 0.019000000000000128 1.011968444636516 0.004552518901492866 1.0 1.0072586351540223 1.0072586351540223 0.004709809482493776
59770.69216937899 3.326 0.019000000000000128 1.0014271926825835 0.004529808594603753 1.0 1.0072585256580895 1.0072585256580895 -0.005831332975505976
59770.69218532242 3.326 0.019000000000000128 1.0094043934217254 0.004551135163848571 1.0 1.0072584161620568 1.0072584161620568 0.0021459772596685855
59770.69220126583 3.326 0.019000000000000128 1.0076591739012095 0.004548156810776806 1.0 1.007258306666124 1.007258306666124 0.00040086723508547806
59770.69221720926 3.326 0.019000000000000128 1.0157984261856505 0.004556225026167045 1.0 1.0072581971700914 1.0072581971700914 0.008540229015559175
