eureka_custom_plots/data/stage5_lcfit_results/S5_wasp39b_ap4_bg8_Table_Save_ch11.txt
# %ECSV 1.0
# ---
# datatype:
# - {name: time, datatype: float64}
# - {name: wavelength, datatype: float64}
# - {name: bin_width, datatype: float64}
# - {name: lcdata, datatype: float64}
# - {name: lcerr, datatype: float64}
# - {name: transit, datatype: float64}
# - {name: polynom, datatype: float64}
# - {name: model, datatype: float64}
# - {name: residuals, datatype: float64}
# schema: astropy-2.0
time wavelength bin_width lcdata lcerr transit polynom model residuals
[from data line 978]
59770.65961291384 3.441 0.018999999999999906 1.0026386154779736 0.014786220572246008 1.0 1.0068326127377107 1.0068326127377107 -0.0041939972597371256
59770.65962885726 3.441 0.018999999999999906 1.019734660202372 0.014870429481520122 1.0 1.0068325404542426 1.0068325404542426 0.012902119748129381
59770.65964480068 3.441 0.018999999999999906 1.0092655944063786 0.01482947069330213 1.0 1.0068324681707745 1.0068324681707745 0.0024331262356040995
59770.65966074411 3.441 0.018999999999999906 1.0090728473201336 0.014835077070479643 1.0 1.0068323958872736 1.0068323958872736 0.0022404514328600023
59770.65967668753 3.441 0.018999999999999906 0.9954222896994607 0.014763345726537863 1.0 1.0068323236038055 1.0068323236038055 -0.011410033904344807
59770.65969263094 3.441 0.018999999999999906 1.0161220907697 0.014859199937513345 1.0 1.0068322513203705 1.0068322513203705 0.009289839449329484
59770.65970857437 3.441 0.018999999999999906 1.0153644905380235 0.014882809063203013 1.0 1.0068321790368695 1.0068321790368695 0.008532311501153966
59770.65972451779 3.441 0.018999999999999906 0.9970615527244959 0.014786690944485422 1.0 1.0068321067534014 1.0068321067534014 -0.009770554028905476
59770.65974046121 3.441 0.018999999999999906 0.9943500830820614 0.0147422744188971 1.0 1.0068320344699333 1.0068320344699333 -0.012481951387871892
59770.65975640463 3.441 0.018999999999999906 1.005181451825067 0.014817905635482327 1.0 1.0068319621864652 1.0068319621864652 -0.001650510361398183
59770.65977234805 3.441 0.018999999999999906 0.9973893085341935 0.014780740015471545 1.0 1.0068318899029973 1.0068318899029973 -0.009442581368803826
59770.65978829147 3.441 0.018999999999999906 1.0067905666096224 0.014799722412064155 1.0 1.0068318176195292 1.0068318176195292 -4.1251009906817515e-05
59770.65980423489 3.441 0.018999999999999906 1.0220891550669509 0.014894271211435548 1.0 1.0068317453360611 1.0068317453360611 0.015257409730889737
59770.65982017831 3.441 0.018999999999999906 0.9884497482203929 0.01473384840302815 1.0 1.006831673052593 1.006831673052593 -0.018381924832200136
59770.65983612173 3.441 0.018999999999999906 0.9818087193229778 0.014700936241850992 1.0 1.0068316007691251 1.0068316007691251 -0.025022881446147394
59770.65985206516 3.441 0.018999999999999906 0.9949758999627314 0.014771750989798793 1.0 1.006831528485624 1.006831528485624 -0.01185562852289257
59770.65986800857 3.441 0.018999999999999906 0.997587608136118 0.01477088493864738 1.0 1.006831456202189 1.006831456202189 -0.009243848066070925
59770.659883952 3.441 0.018999999999999906 1.0002218838335186 0.014773900303030392 1.0 1.006831383918688 1.006831383918688 -0.006609500085169362
59770.65989989542 3.441 0.018999999999999906 0.9913492114271337 0.014760405744314795 1.0 1.0068313116352199 1.0068313116352199 -0.015482100208086158
59770.65991583884 3.441 0.018999999999999906 1.0012763098142654 0.014788200880952663 1.0 1.0068312393517518 1.0068312393517518 -0.005554929537486375
59770.65993178226 3.441 0.018999999999999906 1.0344104526504008 0.01513681864306199 1.0 1.0068311670682837 1.0068311670682837 0.027579285582117086
59770.65994772568 3.441 0.018999999999999906 0.9999727287621629 0.014784183012411108 1.0 1.0068310947848158 1.0068310947848158 -0.006858366022652884
59770.6599636691 3.441 0.018999999999999906 0.9942818309674566 0.014773503054420966 1.0 1.0068310225013477 1.0068310225013477 -0.012549191533891113
59770.65997961252 3.441 0.018999999999999906 0.9895413323628408 0.014726331122746586 1.0 1.0068309502178796 1.0068309502178796 -0.017289617855038797
59770.65999555594 3.441 0.018999999999999906 1.0053462196832055 0.014827190675306015 1.0 1.0068308779344115 1.0068308779344115 -0.001484658251206028
59770.66001149936 3.441 0.018999999999999906 1.0118676912776667 0.014841501245775482 1.0 1.0068308056509436 1.0068308056509436 0.005036885626723109
59770.66002744279 3.441 0.018999999999999906 1.0119798694131257 0.014834311833965025 1.0 1.0068307333674424 1.0068307333674424 0.005149136045683234
59770.660043386204 3.441 0.018999999999999906 1.0197152294191905 0.014900430879890252 1.0 1.0068306610840074 1.0068306610840074 0.012884568335183033
59770.66005932963 3.441 0.018999999999999906 0.9962293797108993 0.01476956181223161 1.0 1.0068305888005065 1.0068305888005065 -0.010601209089607155
59770.660075273045 3.441 0.018999999999999906 1.0111978898892706 0.014826158016345584 1.0 1.0068305165170714 1.0068305165170714 0.004367373372199168
59770.660091216465 3.441 0.018999999999999906 1.0127909429840132 0.014844730245360933 1.0 1.0068304442336033 1.0068304442336033 0.005960498750409826
59770.66010715989 3.441 0.018999999999999906 1.0326559233836845 0.01516027993261885 1.0 1.0068303719501024 1.0068303719501024 0.025825551433582117
59770.66012310331 3.441 0.018999999999999906 1.0002825165264286 0.014791799887142113 1.0 1.0068302996666343 1.0068302996666343 -0.006547783140205654
59770.66013904673 3.441 0.018999999999999906 0.9982918537871776 0.014775962879970501 1.0 1.0068302273831662 1.0068302273831662 -0.008538373595988635
59770.66015499015 3.441 0.018999999999999906 1.015930222496696 0.014876287297386317 1.0 1.006830155099698 1.006830155099698 0.009100067396997868
59770.660170933574 3.441 0.018999999999999906 0.989590810680167 0.014697307302571433 1.0 1.00683008281623 1.00683008281623 -0.017239272136063022
59770.660186876994 3.441 0.018999999999999906 0.9977568095704705 0.014777660361259892 1.0 1.006830010532762 1.006830010532762 -0.009073200962291583
59770.66020282042 3.441 0.018999999999999906 "" "" 1.0 1.006829938249261 1.006829938249261 ""
59770.660218763835 3.441 0.018999999999999906 0.9957109019916124 0.014759031918658154 1.0 1.006829865965826 1.006829865965826 -0.011118963974213525
59770.66023470726 3.441 0.018999999999999906 0.9944984182953196 0.014782543324571974 1.0 1.006829793682325 1.006829793682325 -0.01233137538700535
59770.660250650675 3.441 0.018999999999999906 0.9975024613924708 0.014758588422425296 1.0 1.00682972139889 1.00682972139889 -0.009327260006419147
59770.660266594095 3.441 0.018999999999999906 1.0125158739362907 0.01485470772936722 1.0 1.0068296491154218 1.0068296491154218 0.00568622482086889
59770.66028253752 3.441 0.018999999999999906 1.0004470881780363 0.014795182818640793 1.0 1.0068295768319209 1.0068295768319209 -0.006382488653884577
59770.660298480936 3.441 0.018999999999999906 1.0138105195207328 0.014852279009903635 1.0 1.0068295045484856 1.0068295045484856 0.006981014972247124
59770.66031442436 3.441 0.018999999999999906 1.0094482025168403 0.014843025742157944 1.0 1.0068294322649847 1.0068294322649847 0.00261877025185564
59770.660330367784 3.441 0.018999999999999906 0.9963782866501752 0.01475887751783666 1.0 1.0068293599815166 1.0068293599815166 -0.01045107333134132
59770.660346311204 3.441 0.018999999999999906 1.0046891182183528 0.014804639827607248 1.0 1.0068292876980485 1.0068292876980485 -0.0021401694796956416
59770.660362254624 3.441 0.018999999999999906 0.9957290215314218 0.014779673470852836 1.0 1.0068292154145806 1.0068292154145806 -0.011100193883158749
59770.660378198045 3.441 0.018999999999999906 0.9976562598065005 0.014784799613954382 1.0 1.0068291431311125 1.0068291431311125 -0.009172883324611969
59770.660394141465 3.441 0.018999999999999906 1.0136588863893192 0.014874565647830929 1.0 1.0068290708476444 1.0068290708476444 0.006829815541674833
59770.66041008489 3.441 0.018999999999999906 1.0410018254644808 0.015190907246300497 1.0 1.0068289985641434 1.0068289985641434 0.034172826900337405
59770.660426028306 3.441 0.018999999999999906 0.9969227524170502 0.014767335303504176 1.0 1.0068289262807084 1.0068289262807084 -0.009906173863658219
59770.660441971726 3.441 0.018999999999999906 1.0115667140142366 0.014842624439993263 1.0 1.0068288539972403 1.0068288539972403 0.004737860016996276
59770.66045791515 3.441 0.018999999999999906 0.988683735498977 0.014696087631724142 1.0 1.0068287817137394 1.0068287817137394 -0.018145046214762317
59770.66047385857 3.441 0.018999999999999906 0.9895586284424996 0.014740166690810455 1.0 1.0068287094303041 1.0068287094303041 -0.01727008098780447
59770.660489801994 3.441 0.018999999999999906 0.9982533709090332 0.014802538203737545 1.0 1.0068286371468032 1.0068286371468032 -0.00857526623776994
59770.660505745414 3.441 0.018999999999999906 1.009542794134935 0.014815148310490748 1.0 1.006828564863335 1.006828564863335 0.0027142292716000327
59770.660521688835 3.441 0.018999999999999906 1.0014531207988822 0.014805322203795107 1.0 1.0068284925798672 1.0068284925798672 -0.0053753717809850166
59770.660537632255 3.441 0.018999999999999906 1.0120605920319525 0.014857234038259011 1.0 1.006828420296399 1.006828420296399 0.005232171735553459
59770.66055357567 3.441 0.018999999999999906 1.0025102274131956 0.014805123317605027 1.0 1.006828348012964 1.006828348012964 -0.004318120599768438
59770.660569519096 3.441 0.018999999999999906 0.9677681863842154 0.017893984892907302 1.0 1.0068282757294629 1.0068282757294629 -0.03906008934524752
59770.66058546252 3.441 0.018999999999999906 0.9927565981983595 0.014759601251372772 1.0 1.006828203445962 1.006828203445962 -0.014071605247602426
59770.660601405936 3.441 0.018999999999999906 1.0168189142152921 0.01485334953856855 1.0 1.006828131162527 1.006828131162527 0.00999078305276524
59770.66061734936 3.441 0.018999999999999906 0.9948291269793925 0.014744255933513218 1.0 1.0068280588790588 1.0068280588790588 -0.011998931899666276
59770.660633292784 3.441 0.018999999999999906 1.0225546804023884 0.014899446867564645 1.0 1.0068279865955578 1.0068279865955578 0.01572669380683056
59770.6606492362 3.441 0.018999999999999906 0.9904832293487978 0.014720704649469066 1.0 1.0068279143121226 1.0068279143121226 -0.01634468496332475
59770.660665179625 3.441 0.018999999999999906 0.9982771716732795 0.01477927675933589 1.0 1.0068278420286216 1.0068278420286216 -0.008550670355342183
59770.66068112304 3.441 0.018999999999999906 0.9943812262345312 0.014755613239389911 1.0 1.0068277697451866 1.0068277697451866 -0.012446543510655439
59770.660697066465 3.441 0.018999999999999906 "" "" 1.0 1.0068276974616857 1.0068276974616857 ""
59770.660713009886 3.441 0.018999999999999906 1.0046070750645508 0.01481669675808368 1.0 1.0068276251782176 1.0068276251782176 -0.0022205501136667305
59770.6607289533 3.441 0.018999999999999906 1.0202434110761383 0.014903765136655695 1.0 1.0068275528947825 1.0068275528947825 0.013415858181355711
59770.660744896726 3.441 0.018999999999999906 0.9977950652413655 0.014765623908767893 1.0 1.0068274806112814 1.0068274806112814 -0.009032415369915836
59770.66076084015 3.441 0.018999999999999906 1.0094961568142444 0.014824448734455228 1.0 1.0068274083278135 1.0068274083278135 0.0026687484864309496
59770.66077678357 3.441 0.018999999999999906 1.017680824419256 0.01488236274533404 1.0 1.0068273360443454 1.0068273360443454 0.010853488374910514
59770.66079272699 3.441 0.018999999999999906 1.0143700573680001 0.014862072920022427 1.0 1.0068272637608773 1.0068272637608773 0.007542793607122844
59770.66080867041 3.441 0.018999999999999906 1.0116296546676435 0.014827644111804442 1.0 1.0068271914774092 1.0068271914774092 0.004802463190234363
59770.66082461383 3.441 0.018999999999999906 1.0113767902863064 0.014832233586423375 1.0 1.006827119193941 1.006827119193941 0.0045496710923653705
59770.66084055725 3.441 0.018999999999999906 0.9923571661753025 0.014730822077890126 1.0 1.0068270469104732 1.0068270469104732 -0.014469880735170748
59770.66085650067 3.441 0.018999999999999906 1.0139178736324717 0.01487500326920447 1.0 1.006826974627005 1.006826974627005 0.0070908990054665555
59770.660872444096 3.441 0.018999999999999906 0.9985111482910705 0.014764349051122373 1.0 1.0068269023435041 1.0068269023435041 -0.008315754052433677
59770.660888387516 3.441 0.018999999999999906 0.9977286913988769 0.014783290734065686 1.0 1.006826830060036 1.006826830060036 -0.00909813866115916
59770.66090433093 3.441 0.018999999999999906 1.0100781659980562 0.014815176842395568 1.0 1.006826757776601 1.006826757776601 0.0032514082214551987
59770.66092027436 3.441 0.018999999999999906 1.0140037080987028 0.01487135427653387 1.0 1.0068266854930998 1.0068266854930998 0.007177022605602934
59770.66093621778 3.441 0.018999999999999906 1.0140827506982415 0.014869276441317579 1.0 1.006826613209632 1.006826613209632 0.0072561374886095376
59770.6609521612 3.441 0.018999999999999906 "" "" 1.0 1.0068265409261639 1.0068265409261639 ""
59770.66096810462 3.441 0.018999999999999906 0.9994646411804646 0.014773999938762708 1.0 1.0068264686426958 1.0068264686426958 -0.00736182746223113
59770.66098404804 3.441 0.018999999999999906 1.007018341926447 0.014829501911060361 1.0 1.0068263963592277 1.0068263963592277 0.00019194556721924272
59770.66099999146 3.441 0.018999999999999906 1.0010267331104497 0.014831513062217576 1.0 1.0068263240757598 1.0068263240757598 -0.005799590965310131
59770.66101593488 3.441 0.018999999999999906 0.991115168136477 0.014751381812544128 1.0 1.0068262517922917 1.0068262517922917 -0.01571108365581464
59770.6610318783 3.441 0.018999999999999906 0.9925617774070762 0.014745700564187739 1.0 1.0068261795088236 1.0068261795088236 -0.014264402101747398
59770.661047821726 3.441 0.018999999999999906 1.0396469503651768 0.015151995729793 1.0 1.0068261072253226 1.0068261072253226 0.03282084313985423
59770.66106376515 3.441 0.018999999999999906 1.0067824505663086 0.014831476138998781 1.0 1.0068260349418545 1.0068260349418545 -4.358437554596861e-05
59770.66107970856 3.441 0.018999999999999906 0.9912837459277515 0.014774435886469386 1.0 1.0068259626584195 1.0068259626584195 -0.015542216730668024
59770.66109565199 3.441 0.018999999999999906 0.9958719377660707 0.014771202955021304 1.0 1.0068258903749183 1.0068258903749183 -0.010953952608847572
59770.6611115954 3.441 0.018999999999999906 1.0114050973268784 0.014847784780888256 1.0 1.0068258180914833 1.0068258180914833 0.0045792792353951395
59770.66112753883 3.441 0.018999999999999906 1.0119414846742116 0.014863428563424517 1.0 1.0068257458079823 1.0068257458079823 0.005115738866229291
59770.66114348225 3.441 0.018999999999999906 1.0061133559017228 0.014811707708755352 1.0 1.0068256735245142 1.0068256735245142 -0.0007123176227914474
59770.66115942567 3.441 0.018999999999999906 1.0105007313068701 0.014843559844613694 1.0 1.0068256012410461 1.0068256012410461 0.003675130065823984
59770.66117536909 3.441 0.018999999999999906 1.005377495962856 0.014800884743305282 1.0 1.0068255289575783 1.0068255289575783 -0.0014480329947221815
59770.66119131251 3.441 0.018999999999999906 1.0058058665463798 0.014802447467365136 1.0 1.0068254566741102 1.0068254566741102 -0.001019590127730341
59770.66120725593 3.441 0.018999999999999906 1.0122304909501152 0.014854041622264658 1.0 1.006825384390642 1.006825384390642 0.005405106559473127
59770.66122319935 3.441 0.018999999999999906 1.0126811657701802 0.014849017505006544 1.0 1.006825312107174 1.006825312107174 0.0058558536630062274
59770.66123914277 3.441 0.018999999999999906 1.019898444746319 0.01486933220450899 1.0 1.006825239823706 1.006825239823706 0.013073204922612991
59770.66125508619 3.441 0.018999999999999906 1.0183797184750254 0.014869228852695801 1.0 1.006825167540238 1.006825167540238 0.011554550934787411
59770.66127102962 3.441 0.018999999999999906 1.0195764615064102 0.014886438922506831 1.0 1.0068250952567368 1.0068250952567368 0.012751366249673435
59770.66128697303 3.441 0.018999999999999906 1.0140157588266974 0.01486328800286051 1.0 1.0068250229733018 1.0068250229733018 0.00719073585339558
59770.66130291645 3.441 0.018999999999999906 1.0140484263676535 0.014850159026254044 1.0 1.0068249506898337 1.0068249506898337 0.0072234756778197795
59770.66131885988 3.441 0.018999999999999906 1.0140588294258874 0.014850318499806914 1.0 1.0068248784063327 1.0068248784063327 0.007233951019554707
