eureka_custom_plots/data/stage5_lcfit_results/S5_wasp39b_ap4_bg8_Table_Save_ch54.txt
# %ECSV 1.0
# ---
# datatype:
# - {name: time, datatype: float64}
# - {name: wavelength, datatype: float64}
# - {name: bin_width, datatype: float64}
# - {name: lcdata, datatype: float64}
# - {name: lcerr, datatype: float64}
# - {name: transit, datatype: float64}
# - {name: polynom, datatype: float64}
# - {name: model, datatype: float64}
# - {name: residuals, datatype: float64}
# schema: astropy-2.0
time wavelength bin_width lcdata lcerr transit polynom model residuals
[from data line 18094]
59770.93250048681 5.089 0.018999999999999684 0.99946989195857 0.012817349421935692 1.0 1.005838040318175 1.005838040318175 -0.006368148359605086
59770.93251643023 5.089 0.018999999999999684 1.0194649898530075 0.012880047160528346 1.0 1.0058379775684294 1.0058379775684294 0.013627012284578077
59770.93253237365 5.089 0.018999999999999684 0.9966995107677359 0.012829599277801352 1.0 1.0058379148186836 1.0058379148186836 -0.00913840405094768
59770.93254831706 5.089 0.018999999999999684 1.0124769744934474 0.012815091359396718 1.0 1.0058378520689666 1.0058378520689666 0.006639122424480837
59770.93256426048 5.089 0.018999999999999684 0.9952357890148509 0.012797625331853935 1.0 1.005837789319221 1.005837789319221 -0.010602000304370085
59770.9325802039 5.089 0.018999999999999684 1.0287364892414372 0.012866630231619401 1.0 1.0058377265694753 1.0058377265694753 0.022898762671961892
59770.932596147315 5.089 0.018999999999999684 0.9930870357008841 0.012770352549870237 1.0 1.0058376638197581 1.0058376638197581 -0.012750628118874063
59770.93261209074 5.089 0.018999999999999684 1.0011810871917455 0.012809047542530174 1.0 1.0058376010699839 1.0058376010699839 -0.0046565138782384
59770.932628034156 5.089 0.018999999999999684 1.0177311518127103 0.012867773304772493 1.0 1.005837538320267 1.005837538320267 0.011893613492443444
59770.932643977576 5.089 0.018999999999999684 1.010745187773957 0.012851596055253902 1.0 1.005837475570521 1.005837475570521 0.004907712203435999
59770.932659920996 5.089 0.018999999999999684 0.9855082134861923 0.012800673870677438 1.0 1.0058374128207754 1.0058374128207754 -0.020329199334583103
59770.93267586442 5.089 0.018999999999999684 0.9850735741552799 0.012794941227493192 1.0 1.0058373500710298 1.0058373500710298 -0.02076377591574996
59770.93269180783 5.089 0.018999999999999684 1.0032171757030115 0.012813503577816698 1.0 1.0058372873213126 1.0058372873213126 -0.002620111618301113
59770.93270775126 5.089 0.018999999999999684 1.0233109346528468 0.012890846423306639 1.0 1.0058372245715383 1.0058372245715383 0.01747371008130849
59770.93272369467 5.089 0.018999999999999684 1.0228855518364586 0.01289179666227199 1.0 1.0058371618218214 1.0058371618218214 0.017048390014637205
59770.93273963808 5.089 0.018999999999999684 1.0032566510829481 0.012854392722871413 1.0 1.0058370990721044 1.0058370990721044 -0.0025804479891562426
59770.93275558151 5.089 0.018999999999999684 0.9971587361235057 0.012827153426567204 1.0 1.00583703632233 1.00583703632233 -0.008678300198824207
59770.932771524924 5.089 0.018999999999999684 0.9925222113214413 0.012787709918942536 1.0 1.005836973572613 1.005836973572613 -0.013314762251171675
59770.932787468344 5.089 0.018999999999999684 0.9878451082233037 0.012755629703093675 1.0 1.0058369108228673 1.0058369108228673 -0.017991802599563567
59770.932803411764 5.089 0.018999999999999684 1.0099658239463276 0.0128787918962892 1.0 1.0058368480731215 1.0058368480731215 0.004128975873206153
59770.932819355185 5.089 0.018999999999999684 1.010126329833302 0.012833818380454517 1.0 1.0058367853233758 1.0058367853233758 0.004289544509926246
59770.9328352986 5.089 0.018999999999999684 1.033931496678424 0.012904602745130894 1.0 1.0058367225736589 1.0058367225736589 0.02809477410476524
59770.93285124202 5.089 0.018999999999999684 1.0070926387434058 0.012837140531621345 1.0 1.005836659823913 1.005836659823913 0.0012559789194928062
59770.93286718544 5.089 0.018999999999999684 0.9836404081149571 0.012760944156863048 1.0 1.0058365970741674 1.0058365970741674 -0.022196188959210272
59770.93288312886 5.089 0.018999999999999684 1.0056778355049418 0.012832576994427983 1.0 1.0058365343244218 1.0058365343244218 -0.00015869881947994102
59770.93289907228 5.089 0.018999999999999684 1.0162249788422226 0.012814812390636103 1.0 1.0058364715746761 1.0058364715746761 0.010388507267546476
59770.93291501569 5.089 0.018999999999999684 1.0094897299572159 0.012847582728437891 1.0 1.005836408824959 1.005836408824959 0.003653321132256915
59770.93293095911 5.089 0.018999999999999684 0.9873243826198336 0.012788104369783886 1.0 1.0058363460752133 1.0058363460752133 -0.018511963455379754
59770.93294690253 5.089 0.018999999999999684 1.007490106264587 0.012804033457057206 1.0 1.0058362833254677 1.0058362833254677 0.0016538229391191983
59770.93296284595 5.089 0.018999999999999684 0.9991776950161644 0.012834420457152591 1.0 1.0058362205757219 1.0058362205757219 -0.006658525559557482
59770.932978789366 5.089 0.018999999999999684 1.0125562472360243 0.012856340928707405 1.0 1.0058361578260049 1.0058361578260049 0.0067200894100194475
59770.93299473279 5.089 0.018999999999999684 0.9930699437010129 0.01276731957483155 1.0 1.0058360950762306 1.0058360950762306 -0.012766151375217749
59770.933010676206 5.089 0.018999999999999684 1.0137407230286497 0.012872262527485705 1.0 1.0058360323265134 1.0058360323265134 0.007904690702136286
59770.93302661962 5.089 0.018999999999999684 1.004886973226262 0.012817418777428822 1.0 1.0058359695767964 1.0058359695767964 -0.0009489963505344701
59770.93304256305 5.089 0.018999999999999684 0.9990325458521202 0.012802503024913122 1.0 1.0058359068270222 1.0058359068270222 -0.006803360974901973
59770.93305850646 5.089 0.018999999999999684 1.0199083224161485 0.012849178585472687 1.0 1.0058358440773052 1.0058358440773052 0.014072478338843286
59770.93307444988 5.089 0.018999999999999684 1.0033416313517065 0.012822332771123823 1.0 1.0058357813275594 1.0058357813275594 -0.002494149975852844
59770.9330903933 5.089 0.018999999999999684 0.9940423714915272 0.0127864131001567 1.0 1.0058357185778137 1.0058357185778137 -0.011793347086286543
59770.93310633672 5.089 0.018999999999999684 1.0023428204599092 0.012823158206204933 1.0 1.005835655828068 1.005835655828068 -0.0034928353681589197
59770.933122280134 5.089 0.018999999999999684 1.007277027227739 0.012868029072945193 1.0 1.005835593078351 1.005835593078351 0.0014414341493880212
59770.93313822356 5.089 0.018999999999999684 0.9743784118929414 0.012755248767458925 1.0 1.0058355303285766 1.0058355303285766 -0.031457118435635256
59770.933154166974 5.089 0.018999999999999684 0.9821987376250075 0.012789967008664905 1.0 1.0058354675788597 1.0058354675788597 -0.02363672995385213
59770.933170110395 5.089 0.018999999999999684 0.9790486790785564 0.012796512925971212 1.0 1.0058354048291138 1.0058354048291138 -0.026786725750557405
59770.933186053815 5.089 0.018999999999999684 0.9975498616336742 0.012835449880898197 1.0 1.0058353420793682 1.0058353420793682 -0.008285480445693993
59770.93320199723 5.089 0.018999999999999684 1.0181055323426436 0.012849817396083842 1.0 1.0058352793296512 1.0058352793296512 0.012270253012992338
59770.93321794065 5.089 0.018999999999999684 0.9878011591874833 0.012751650984410194 1.0 1.0058352165799056 1.0058352165799056 -0.018034057392422254
59770.93323388407 5.089 0.018999999999999684 1.0099615249335796 0.01281696237416882 1.0 1.0058351538301598 1.0058351538301598 0.004126371103419846
59770.93324982749 5.089 0.018999999999999684 1.0231746417265708 0.012896785443950825 1.0 1.0058350910804141 1.0058350910804141 0.017339550646156665
59770.9332657709 5.089 0.018999999999999684 1.011211932739839 0.012846468250512397 1.0 1.0058350283306972 1.0058350283306972 0.005376904409141847
59770.93328171433 5.089 0.018999999999999684 1.0001551151558588 0.012843896207035141 1.0 1.0058349655809227 1.0058349655809227 -0.005679850425063915
59770.93329765774 5.089 0.018999999999999684 1.010222375091171 0.012900293429256113 1.0 1.0058349028312057 1.0058349028312057 0.004387472259965275
59770.933313601156 5.089 0.018999999999999684 1.024037258546896 0.012883960514319318 1.0 1.0058348400814887 1.0058348400814887 0.018202418465407266
59770.93332954458 5.089 0.018999999999999684 1.0127076673977307 0.01287366678739785 1.0 1.0058347773317142 1.0058347773317142 0.006872890066016435
59770.933345488 5.089 0.018999999999999684 1.0086336055036917 0.012793998467088228 1.0 1.0058347145819686 1.0058347145819686 0.0027988909217231406
59770.93336143142 5.089 0.018999999999999684 1.0009242107432672 0.012813819995238337 1.0 1.0058346518322516 1.0058346518322516 -0.0049104410889844186
59770.93337737484 5.089 0.018999999999999684 1.0383788380649168 0.012903059142503505 1.0 1.005834589082506 1.005834589082506 0.03254424898241082
59770.93339331826 5.089 0.018999999999999684 1.035879080738884 0.012927089652413853 1.0 1.0058345263327602 1.0058345263327602 0.030044554406123858
59770.93340926167 5.089 0.018999999999999684 1.0160500447909253 0.012814931837793258 1.0 1.0058344635830432 1.0058344635830432 0.01021558120788213
59770.9334252051 5.089 0.018999999999999684 1.011985025928263 0.012850773079959271 1.0 1.005834400833269 1.005834400833269 0.006150625094994089
59770.93344114851 5.089 0.018999999999999684 1.0271886666230075 0.012887813108963466 1.0 1.0058343380835517 1.0058343380835517 0.021354328539455736
59770.93345709193 5.089 0.018999999999999684 1.0140511792762787 0.012884359235602024 1.0 1.005834275333806 1.005834275333806 0.008216903942472653
59770.93347303535 5.089 0.018999999999999684 0.9951061914290042 0.012811781508253047 1.0 1.0058342125840605 1.0058342125840605 -0.010728021155056222
59770.933488978764 5.089 0.018999999999999684 1.0068411535989978 0.012815358326982456 1.0 1.0058341498343433 1.0058341498343433 0.0010070037646545682
59770.933504922185 5.089 0.018999999999999684 1.0023247144076577 0.012862598576973019 1.0 1.0058340870845977 1.0058340870845977 -0.003509372676939959
59770.933520865605 5.089 0.018999999999999684 0.9875815147638974 0.012782452587059694 1.0 1.005834024334852 1.005834024334852 -0.01825250957095459
59770.933536809025 5.089 0.018999999999999684 1.028441395266904 0.01289122773886915 1.0 1.0058339615851064 1.0058339615851064 0.02260743368179763
59770.93355275244 5.089 0.018999999999999684 1.02591715112602 0.01293245802392254 1.0 1.0058338988353892 1.0058338988353892 0.020083252290630904
59770.933568695866 5.089 0.018999999999999684 1.005302555338906 0.012823325561301571 1.0 1.005833836085615 1.005833836085615 -0.0005312807467090508
59770.93358463928 5.089 0.018999999999999684 1.0063895448289417 0.012844581901338982 1.0 1.005833773335898 1.005833773335898 0.0005557714930437552
59770.93360058269 5.089 0.018999999999999684 0.994252508911137 0.012826591879312422 1.0 1.0058337105861808 1.0058337105861808 -0.011581201675043729
59770.93361652612 5.089 0.018999999999999684 0.9891389167343875 0.012852531121671515 1.0 1.0058336478364065 1.0058336478364065 -0.016694731102019023
59770.93363246954 5.089 0.018999999999999684 0.996648432584324 0.012772214105397204 1.0 1.0058335850866609 1.0058335850866609 -0.009185152502336869
59770.93364841295 5.089 0.018999999999999684 1.0098518940590304 0.012843156105975492 1.0 1.0058335223369437 1.0058335223369437 0.004018371722086744
59770.93366435637 5.089 0.018999999999999684 1.0111153483727073 0.012823826925247363 1.0 1.005833459587198 1.005833459587198 0.005281888785509281
59770.93368029979 5.089 0.018999999999999684 1.032448411732534 0.01287052770918979 1.0 1.0058333968374524 1.0058333968374524 0.026615014895081668
59770.933696243206 5.089 0.018999999999999684 1.0136790787990115 0.01289121254014566 1.0 1.0058333340877355 1.0058333340877355 0.007845744711276081
59770.933712186634 5.089 0.018999999999999684 1.016312456517364 0.012836862069302887 1.0 1.005833271337961 1.005833271337961 0.01047918517940305
59770.93372813005 5.089 0.018999999999999684 1.0011066367443584 0.01281376179685388 1.0 1.005833208588244 1.005833208588244 -0.004726571843885585
59770.93374407347 5.089 0.018999999999999684 0.9807312952925511 0.012775583219872369 1.0 1.0058331458384984 1.0058331458384984 -0.02510185054594727
59770.93376001689 5.089 0.018999999999999684 1.005925637448118 0.0128518313146425 1.0 1.0058330830887525 1.0058330830887525 9.255435936550427e-05
59770.9337759603 5.089 0.018999999999999684 1.006553868244415 0.012853077698402606 1.0 1.0058330203390355 1.0058330203390355 0.000720847905379518
59770.93379190372 5.089 0.018999999999999684 0.996045840707676 0.012810930997779049 1.0 1.00583295758929 1.00583295758929 -0.009787116881613933
59770.93380784715 5.089 0.018999999999999684 0.9914794659700114 0.012794405225257943 1.0 1.0058328948395157 1.0058328948395157 -0.014353428869504303
59770.93382379056 5.089 0.018999999999999684 1.0233009753624616 0.012886098315285881 1.0 1.0058328320897985 1.0058328320897985 0.017468143272663106
59770.933839733974 5.089 0.018999999999999684 1.0081962660677106 0.012840318845295623 1.0 1.0058327693400815 1.0058327693400815 0.002363496727629144
59770.9338556774 5.089 0.018999999999999684 1.0138704204554225 0.012872355731382804 1.0 1.0058327065903072 1.0058327065903072 0.008037713865115315
59770.933871620815 5.089 0.018999999999999684 1.0148191375319593 0.012794500525675209 1.0 1.00583264384059 1.00583264384059 0.00898649369136928
59770.933887564235 5.089 0.018999999999999684 0.9831962682898284 0.01280691176184287 1.0 1.0058325810908444 1.0058325810908444 -0.022636312801015968
59770.933903507655 5.089 0.018999999999999684 1.022796555177591 0.012870362983792688 1.0 1.0058325183410988 1.0058325183410988 0.01696403683649228
59770.933919451076 5.089 0.018999999999999684 1.0214111416677554 0.01290364542146667 1.0 1.005832455591353 1.005832455591353 0.015578686076402448
59770.93393539449 5.089 0.018999999999999684 1.0036229118257949 0.012811900351501742 1.0 1.005832392841636 1.005832392841636 -0.002209481015841064
59770.93395133791 5.089 0.018999999999999684 1.0031523928150963 0.012840165444261656 1.0 1.0058323300918903 1.0058323300918903 -0.0026799372767940532
59770.93396728133 5.089 0.018999999999999684 1.0196518167765367 0.012873299818549356 1.0 1.0058322673421445 1.0058322673421445 0.013819549434392231
59770.93398322474 5.089 0.018999999999999684 1.0191589004718586 0.01289020196883876 1.0 1.0058322045924275 1.0058322045924275 0.013326695879431139
59770.93399916817 5.089 0.018999999999999684 1.0054690156506207 0.01289101985413401 1.0 1.0058321418426532 1.0058321418426532 -0.0003631261920324924
59770.93401511158 5.089 0.018999999999999684 1.0033727471556972 0.01283441174772854 1.0 1.0058320790929363 1.0058320790929363 -0.0024593319372390177
59770.934031055 5.089 0.018999999999999684 1.0106011051854085 0.012815081624831779 1.0 1.0058320163431904 1.0058320163431904 0.00476908884221805
59770.93404699842 5.089 0.018999999999999684 1.0033506507161962 0.012840781542909248 1.0 1.0058319535934448 1.0058319535934448 -0.00248130287724857
59770.93406294184 5.089 0.018999999999999684 1.0072627025793137 0.012848816219413587 1.0 1.0058318908437278 1.0058318908437278 0.0014308117355859018
59770.93407888526 5.089 0.018999999999999684 1.003974716836495 0.01277224117227417 1.0 1.005831828093982 1.005831828093982 -0.0018571112574869986
59770.934094828684 5.089 0.018999999999999684 0.9945924036753649 0.012816582763882634 1.0 1.0058317653442077 1.0058317653442077 -0.011239361668842762
59770.9341107721 5.089 0.018999999999999684 1.0155236101450453 0.012844567333362408 1.0 1.0058317025944907 1.0058317025944907 0.009691907550554602
59770.93412671551 5.089 0.018999999999999684 0.986013040017633 0.01280181699708038 1.0 1.0058316398447735 1.0058316398447735 -0.019818599827140515
59770.93414265894 5.089 0.018999999999999684 1.0160185667533477 0.01284907362741306 1.0 1.0058315770949993 1.0058315770949993 0.010186989658348411
59770.93415860235 5.089 0.018999999999999684 1.019265758788855 0.012907596255826607 1.0 1.0058315143452823 1.0058315143452823 0.013434244443572663
59770.93417454577 5.089 0.018999999999999684 0.9933743299922305 0.012774097109634999 1.0 1.0058314515955367 1.0058314515955367 -0.012457121603306143
59770.93419048919 5.089 0.018999999999999684 1.0050943559387018 0.012843504717530744 1.0 1.0058313888457908 1.0058313888457908 -0.0007370329070890413
59770.93420643261 5.089 0.018999999999999684 0.9919819594791669 0.012800878280067268 1.0 1.0058313260960452 1.0058313260960452 -0.0138493666168783
