eureka_custom_plots/data/stage5_lcfit_results/S5_wasp39b_ap4_bg8_Table_Save_ch05.txt
# %ECSV 1.0
# ---
# datatype:
# - {name: time, datatype: float64}
# - {name: wavelength, datatype: float64}
# - {name: bin_width, datatype: float64}
# - {name: lcdata, datatype: float64}
# - {name: lcerr, datatype: float64}
# - {name: transit, datatype: float64}
# - {name: polynom, datatype: float64}
# - {name: model, datatype: float64}
# - {name: residuals, datatype: float64}
# schema: astropy-2.0
time wavelength bin_width lcdata lcerr transit polynom model residuals
[from data line 19735]
59770.95866363672 3.2110000000000003 0.018999999999999906 1.0001763869150921 0.004183550142987742 1.0 1.0048225425466093 1.0048225425466093 -0.004646155631517157
59770.95867958014 3.2110000000000003 0.018999999999999906 1.0075449691717313 0.004197709681562095 1.0 1.0048223607447926 1.0048223607447926 0.002722608426938722
59770.95869552356 3.2110000000000003 0.018999999999999906 1.0115200657495615 0.004197923340757024 1.0 1.004822178942976 1.004822178942976 0.006697886806585451
59770.95871146697 3.2110000000000003 0.018999999999999906 1.0053467197421477 0.004189860554892642 1.0 1.0048219971412424 1.0048219971412424 0.000524722600905303
59770.95872741039 3.2110000000000003 0.018999999999999906 1.0000384590429485 0.004186486442498005 1.0 1.004821815339426 1.004821815339426 -0.0047833562964774146
59770.95874335381 3.2110000000000003 0.018999999999999906 1.0040654924437444 0.0041938011072823345 1.0 1.0048216335376094 1.0048216335376094 -0.0007561410938650148
59770.95875929723 3.2110000000000003 0.018999999999999906 1.0055630193346334 0.004192793942536787 1.0 1.0048214517357927 1.0048214517357927 0.0007415675988406978
59770.958775240644 3.2110000000000003 0.018999999999999906 1.008878110947842 0.004201258239148154 1.0 1.0048212699340593 1.0048212699340593 0.004056841013782675
59770.958791184064 3.2110000000000003 0.018999999999999906 1.0079002374925983 0.00420090894090641 1.0 1.0048210881322428 1.0048210881322428 0.003079149360355471
59770.958807127485 3.2110000000000003 0.018999999999999906 1.0019809048899488 0.0041876598058325516 1.0 1.004820906330426 1.004820906330426 -0.0028400014404772467
59770.958823070905 3.2110000000000003 0.018999999999999906 1.0091872900367242 0.004202831871256555 1.0 1.0048207245286096 1.0048207245286096 0.00436656550811465
59770.95883901432 3.2110000000000003 0.018999999999999906 0.9967583419021748 0.004181200006489513 1.0 1.004820542726876 1.004820542726876 -0.008062200824701105
59770.958854957746 3.2110000000000003 0.018999999999999906 1.0074796199861422 0.004195644912284642 1.0 1.0048203609249764 1.0048203609249764 0.0026592590611658196
59770.95887090116 3.2110000000000003 0.018999999999999906 1.0095235989002789 0.004202314029032914 1.0 1.004820179123243 1.004820179123243 0.004703419777035922
59770.95888684457 3.2110000000000003 0.018999999999999906 1.0091576576796542 0.004195991898680979 1.0 1.0048199973215093 1.0048199973215093 0.004337660358144868
59770.958902788 3.2110000000000003 0.018999999999999906 1.0060045417965344 0.004195014114713726 1.0 1.0048198155196097 1.0048198155196097 0.0011847262769246747
59770.95891873142 3.2110000000000003 0.018999999999999906 1.0113168004812356 0.0042018058530202355 1.0 1.0048196337177933 1.0048196337177933 0.0064971667634423635
59770.95893467483 3.2110000000000003 0.018999999999999906 1.0087287188530896 0.004197912283652233 1.0 1.0048194519160596 1.0048194519160596 0.003909266937029976
59770.958950618246 3.2110000000000003 0.018999999999999906 1.0064764817368819 0.004199175019172901 1.0 1.0048192701143261 1.0048192701143261 0.001657211622555721
59770.95896656167 3.2110000000000003 0.018999999999999906 1.003171831232082 0.004190431360936505 1.0 1.0048190883124266 1.0048190883124266 -0.001647257080344522
59770.958982505086 3.2110000000000003 0.018999999999999906 1.0061937368338867 0.004191704029213544 1.0 1.004818906510693 1.004818906510693 0.001374830323193743
59770.95899844851 3.2110000000000003 0.018999999999999906 0.9972010316830311 0.004179446827290818 1.0 1.0048187247088765 1.0048187247088765 -0.007617693025845362
59770.95901439193 3.2110000000000003 0.018999999999999906 1.0070505096119071 0.0042003289563553895 1.0 1.0048185429070597 1.0048185429070597 0.002231966704847377
59770.95903033535 3.2110000000000003 0.018999999999999906 1.0084567414855528 0.0041961399489404095 1.0 1.0048183611052433 1.0048183611052433 0.0036383803803095027
59770.95904627876 3.2110000000000003 0.018999999999999906 1.0067516200704583 0.0041974381467030294 1.0 1.0048181793035096 1.0048181793035096 0.0019334407669486797
59770.95906222218 3.2110000000000003 0.018999999999999906 1.000653942445606 0.004180663997988779 1.0 1.004817997501693 1.004817997501693 -0.004164055056087079
59770.9590781656 3.2110000000000003 0.018999999999999906 1.0036561153653982 0.0041882331644768666 1.0 1.0048178156998766 1.0048178156998766 -0.0011617003344783772
59770.959094109014 3.2110000000000003 0.018999999999999906 1.0038917302481862 0.004187616076474182 1.0 1.004817633898143 1.004817633898143 -0.0009259036499567053
59770.959110052434 3.2110000000000003 0.018999999999999906 1.0014780509911263 0.004184127293931973 1.0 1.0048174520963264 1.0048174520963264 -0.003339401105200146
59770.959125995854 3.2110000000000003 0.018999999999999906 0.9997381695218288 0.004184825537056142 1.0 1.00481727029451 1.00481727029451 -0.005079100772681144
59770.959141939275 3.2110000000000003 0.018999999999999906 1.0101343041432 0.004202584735434198 1.0 1.0048170884926932 1.0048170884926932 0.005317215650506801
59770.95915788269 3.2110000000000003 0.018999999999999906 1.0099867979286061 0.004197462146907664 1.0 1.0048169066909598 1.0048169066909598 0.005169891237646329
59770.95917382611 3.2110000000000003 0.018999999999999906 1.0065592687112406 0.004200779836465452 1.0 1.004816724889143 1.004816724889143 0.0017425438220974865
59770.95918976953 3.2110000000000003 0.018999999999999906 0.9986522107059138 0.004185926882387407 1.0 1.0048165430873266 1.0048165430873266 -0.006164332381412785
59770.95920571295 3.2110000000000003 0.018999999999999906 1.0061522389187803 0.004189575793296524 1.0 1.00481636128551 1.00481636128551 0.0013358776332701439
59770.95922165637 3.2110000000000003 0.018999999999999906 1.0109032571384566 0.004202062604843933 1.0 1.0048161794836936 1.0048161794836936 0.006087077654763018
59770.95923759978 3.2110000000000003 0.018999999999999906 1.0015532202579678 0.004185890080910564 1.0 1.00481599768196 1.00481599768196 -0.003262777423992169
59770.9592535432 3.2110000000000003 0.018999999999999906 1.0060466496899712 0.00419565238778358 1.0 1.0048158158801435 1.0048158158801435 0.0012308338098276916
59770.95926948662 3.2110000000000003 0.018999999999999906 1.0010186404592913 0.00418998059099666 1.0 1.0048156340783267 1.0048156340783267 -0.0037969936190354048
59770.95928543004 3.2110000000000003 0.018999999999999906 1.0096176239631918 0.00420141387785237 1.0 1.0048154522765103 1.0048154522765103 0.004802171686681511
59770.959301373456 3.2110000000000003 0.018999999999999906 1.000911474344578 0.0041904357639193125 1.0 1.0048152704747766 1.0048152704747766 -0.0039037961301986446
59770.959317316876 3.2110000000000003 0.018999999999999906 1.0096806664561977 0.0042050620933542 1.0 1.00481508867296 1.00481508867296 0.004865577783237596
59770.959333260296 3.2110000000000003 0.018999999999999906 0.9975493778838808 0.00418518541799655 1.0 1.0048149068711436 1.0048149068711436 -0.007265528987262848
59770.95934920371 3.2110000000000003 0.018999999999999906 1.0096595554833068 0.004203200937937933 1.0 1.00481472506941 1.00481472506941 0.004844830413896828
59770.95936514713 3.2110000000000003 0.018999999999999906 1.0041395919570308 0.004188362141494392 1.0 1.0048145432675935 1.0048145432675935 -0.0006749513105626104
59770.95938109056 3.2110000000000003 0.018999999999999906 1.002247277467152 0.004192809246393824 1.0 1.004814361465694 1.004814361465694 -0.002567083998541886
59770.95939703397 3.2110000000000003 0.018999999999999906 1.0125384707934209 0.0042039280545507944 1.0 1.0048141796639602 1.0048141796639602 0.007724291129460603
59770.95941297738 3.2110000000000003 0.018999999999999906 1.0039658447026372 0.004185016864833337 1.0 1.0048139978622268 1.0048139978622268 -0.0008481531595896374
59770.95942892081 3.2110000000000003 0.018999999999999906 1.0123355416215183 0.004208412524920706 1.0 1.0048138160603273 1.0048138160603273 0.007521725561191017
59770.959444864224 3.2110000000000003 0.018999999999999906 1.0061871041069006 0.004195083169169784 1.0 1.0048136342585936 1.0048136342585936 0.0013734698483069963
59770.959460807644 3.2110000000000003 0.018999999999999906 1.0053931994807188 0.004193139384086133 1.0 1.0048134524567771 1.0048134524567771 0.0005797470239417013
59770.95947675106 3.2110000000000003 0.018999999999999906 0.9945325321197894 0.004178320899782774 1.0 1.0048132706550434 1.0048132706550434 -0.01028073853525402
59770.959492694485 3.2110000000000003 0.018999999999999906 1.0009015138271486 0.004185348800441376 1.0 1.004813088853144 1.004813088853144 -0.003911575025995262
59770.9595086379 3.2110000000000003 0.018999999999999906 1.0051843748408333 0.004191240005748705 1.0 1.0048129070514105 1.0048129070514105 0.0003714677894228746
59770.95952458131 3.2110000000000003 0.018999999999999906 1.0009309648965607 0.004182848569438233 1.0 1.0048127252496768 1.0048127252496768 -0.0038817603531160483
59770.95954052474 3.2110000000000003 0.018999999999999906 0.9958817047551138 0.004177951870449377 1.0 1.0048125434477773 1.0048125434477773 -0.008930838692663423
59770.95955646815 3.2110000000000003 0.018999999999999906 1.0027592059690718 0.004182381118355946 1.0 1.0048123616460436 1.0048123616460436 -0.0020531556769718406
59770.95957241157 3.2110000000000003 0.018999999999999906 1.0011465735686116 0.004191479634626001 1.0 1.004812179844227 1.004812179844227 -0.0036656062756155183
59770.95958835499 3.2110000000000003 0.018999999999999906 1.0000424023466996 0.00418440551356884 1.0 1.0048119980424106 1.0048119980424106 -0.004769595695711004
59770.95960429841 3.2110000000000003 0.018999999999999906 1.0031966240410148 0.0041929930017336366 1.0 1.0048118162405941 1.0048118162405941 -0.001615192199579285
59770.959620241825 3.2110000000000003 0.018999999999999906 1.0098251181817612 0.0041966697265610016 1.0 1.0048116344388605 1.0048116344388605 0.005013483742900782
59770.95963618524 3.2110000000000003 0.018999999999999906 1.0027398431253043 0.004184310563468312 1.0 1.0048114526371268 1.0048114526371268 -0.002071609511822503
59770.959652128666 3.2110000000000003 0.018999999999999906 1.0052349996367687 0.004201507007021609 1.0 1.0048112708352273 1.0048112708352273 0.0004237288015414009
59770.959668072086 3.2110000000000003 0.018999999999999906 1.0000550037081177 0.004187095414485711 1.0 1.0048110890334108 1.0048110890334108 -0.004756085325293036
59770.9596840155 3.2110000000000003 0.018999999999999906 1.002321452939782 0.004189048059412184 1.0 1.004810907231677 1.004810907231677 -0.0024894542918951768
59770.95969995892 3.2110000000000003 0.018999999999999906 1.0009970793032246 0.00418122692141918 1.0 1.0048107254298606 1.0048107254298606 -0.003813646126636039
59770.95971590234 3.2110000000000003 0.018999999999999906 1.0022122220183152 0.004182878737448132 1.0 1.0048105436280441 1.0048105436280441 -0.0025983216097289485
59770.95973184575 3.2110000000000003 0.018999999999999906 1.0008944038187415 0.00418684407265866 1.0 1.0048103618263104 1.0048103618263104 -0.003915958007568943
59770.95974778918 3.2110000000000003 0.018999999999999906 1.0028909959902708 0.004190036096545817 1.0 1.004810180024411 1.004810180024411 -0.0019191840341401534
59770.95976373259 3.2110000000000003 0.018999999999999906 1.0042245500349858 0.004194697271745707 1.0 1.0048099982226775 1.0048099982226775 -0.0005854481876916839
59770.95977967601 3.2110000000000003 0.018999999999999906 1.0058509748881364 0.004194136640781179 1.0 1.0048098164208608 1.0048098164208608 0.0010411584672755936
59770.959795619434 3.2110000000000003 0.018999999999999906 1.0156593972969712 0.004216279587400407 1.0 1.0048096346190443 1.0048096346190443 0.010849762677926922
59770.95981156285 3.2110000000000003 0.018999999999999906 1.0009149996589044 0.004184405943279158 1.0 1.0048094528173106 1.0048094528173106 -0.003894453158406197
59770.95982750627 3.2110000000000003 0.018999999999999906 1.0061811937464369 0.004199681272244852 1.0 1.004809271015494 1.004809271015494 0.0013719227309427762
59770.95984344968 3.2110000000000003 0.018999999999999906 1.0119725558686976 0.0042066391477086065 1.0 1.0048090892137604 1.0048090892137604 0.007163466654937167
59770.95985939311 3.2110000000000003 0.018999999999999906 1.0052162614345577 0.00419469619963607 1.0 1.004808907411861 1.004808907411861 0.0004073540226967598
59770.95987533652 3.2110000000000003 0.018999999999999906 1.00678102433374 0.004194723706855119 1.0 1.0048087256101275 1.0048087256101275 0.0019722987236125977
59770.95989127994 3.2110000000000003 0.018999999999999906 1.0056566153216178 0.004193548644781684 1.0 1.004808543808311 1.004808543808311 0.0008480715133067918
59770.95990722336 3.2110000000000003 0.018999999999999906 1.0068176635487107 0.004190105463535549 1.0 1.0048083620064943 1.0048083620064943 0.0020093015422164573
59770.95992316678 3.2110000000000003 0.018999999999999906 1.0080515544708393 0.004197039999704252 1.0 1.0048081802046778 1.0048081802046778 0.003243374266161503
59770.959939110195 3.2110000000000003 0.018999999999999906 1.0091637787407022 0.004201275420101104 1.0 1.004807998402944 1.004807998402944 0.004355780337758075
59770.95995505362 3.2110000000000003 0.018999999999999906 1.0052938339500372 0.004200093120886648 1.0 1.0048078166010446 1.0048078166010446 0.00048601734899267335
59770.959970997035 3.2110000000000003 0.018999999999999906 1.0062344330380304 0.004193833877192738 1.0 1.0048076347993111 1.0048076347993111 0.0014267982387192735
59770.95998694045 3.2110000000000003 0.018999999999999906 1.0062484344270521 0.004191766680103766 1.0 1.0048074529975775 1.0048074529975775 0.0014409814294746859
59770.96000288387 3.2110000000000003 0.018999999999999906 1.0053201787429125 0.0041968557099668 1.0 1.004807271195761 1.004807271195761 0.0005129075471514977
59770.96001882729 3.2110000000000003 0.018999999999999906 1.0030451065325718 0.004188639022742792 1.0 1.0048070893939445 1.0048070893939445 -0.0017619828613726352
59770.96003477071 3.2110000000000003 0.018999999999999906 1.0050291615137632 0.004198194143818857 1.0 1.0048069075921278 1.0048069075921278 0.00022225392163544022
59770.96005071412 3.2110000000000003 0.018999999999999906 1.0035675307418943 0.004190978305501848 1.0 1.0048067257903943 1.0048067257903943 -0.001239195048500008
59770.96006665755 3.2110000000000003 0.018999999999999906 1.006409604627304 0.004191367734951448 1.0 1.0048065439884948 1.0048065439884948 0.0016030606388093283
59770.96008260096 3.2110000000000003 0.018999999999999906 1.012139056695577 0.004201207991419719 1.0 1.0048063621867611 1.0048063621867611 0.007332694508815907
59770.960098544376 3.2110000000000003 0.018999999999999906 1.0042179165525102 0.004184937833248907 1.0 1.0048061803850274 1.0048061803850274 -0.0005882638325171996
59770.9601144878 3.2110000000000003 0.018999999999999906 1.0057149922663482 0.00419824605320244 1.0 1.004805998583128 1.004805998583128 0.0009089936832202827
59770.960130431224 3.2110000000000003 0.018999999999999906 1.004617617641405 0.00419552132548021 1.0 1.0048058167813114 1.0048058167813114 -0.0001881991399064198
59770.96014637464 3.2110000000000003 0.018999999999999906 0.9997815131383526 0.00418543084349573 1.0 1.0048056349795778 1.0048056349795778 -0.005024121841225138
59770.96016231805 3.2110000000000003 0.018999999999999906 1.006919921047592 0.00419889596367958 1.0 1.0048054531778443 1.0048054531778443 0.0021144678697477826
59770.96017826148 3.2110000000000003 0.018999999999999906 1.0102212930044503 0.0042044132273036435 1.0 1.0048052713759448 1.0048052713759448 0.0054160216285055185
59770.96019420489 3.2110000000000003 0.018999999999999906 1.0077983759992646 0.004201256074750371 1.0 1.004805089574211 1.004805089574211 0.0029932864250534763
59770.96021014831 3.2110000000000003 0.018999999999999906 1.0071603265843416 0.004197120414738111 1.0 1.0048049077723946 1.0048049077723946 0.0023554188119470076
