eureka_custom_plots/data/stage5_lcfit_results/S5_wasp39b_ap4_bg8_Table_Save_ch08.txt
# %ECSV 1.0
# ---
# datatype:
# - {name: time, datatype: float64}
# - {name: wavelength, datatype: float64}
# - {name: bin_width, datatype: float64}
# - {name: lcdata, datatype: float64}
# - {name: lcerr, datatype: float64}
# - {name: transit, datatype: float64}
# - {name: polynom, datatype: float64}
# - {name: model, datatype: float64}
# - {name: residuals, datatype: float64}
# schema: astropy-2.0
time wavelength bin_width lcdata lcerr transit polynom model residuals
[from data line 19756]
59770.95899844851 3.326 0.019000000000000128 1.0054787866942365 0.004539747318872768 1.0 1.0054260009770288 1.0054260009770288 5.278571720768177e-05
59770.95901439193 3.326 0.019000000000000128 1.0026974984778 0.004523433058621154 1.0 1.005425891481046 1.005425891481046 -0.00272839300324601
59770.95903033535 3.326 0.019000000000000128 1.0095396082410755 0.004541468046630196 1.0 1.0054257819850634 1.0054257819850634 0.0041138262560120875
59770.95904627876 3.326 0.019000000000000128 1.0075052405913716 0.004541910223395841 1.0 1.0054256724891306 1.0054256724891306 0.0020795681022409696
59770.95906222218 3.326 0.019000000000000128 1.0054238173709884 0.004532506413364427 1.0 1.005425562993148 1.005425562993148 -1.7456221594880361e-06
59770.9590781656 3.326 0.019000000000000128 0.9990221144203005 0.0045273727159217516 1.0 1.0054254534971652 1.0054254534971652 -0.006403339076864634
59770.959094109014 3.326 0.019000000000000128 1.0007812999706267 0.0045346274744971805 1.0 1.0054253440012324 1.0054253440012324 -0.0046440440306056985
59770.959110052434 3.326 0.019000000000000128 1.0094695791868398 0.004543206515715146 1.0 1.0054252345052497 1.0054252345052497 0.004044344681590095
59770.959125995854 3.326 0.019000000000000128 1.00560722395484 0.0045464647846669695 1.0 1.005425125009267 1.005425125009267 0.00018209894557297268
59770.959141939275 3.326 0.019000000000000128 1.0026596423702474 0.004533500254227254 1.0 1.0054250155132842 1.0054250155132842 -0.00276537314303682
59770.95915788269 3.326 0.019000000000000128 1.0071615651369865 0.004544361366572423 1.0 1.0054249060173515 1.0054249060173515 0.0017366591196350534
59770.95917382611 3.326 0.019000000000000128 1.004837153582731 0.004538631817025767 1.0 1.0054247965213687 1.0054247965213687 -0.0005876429386377779
59770.95918976953 3.326 0.019000000000000128 1.0076757198117567 0.004538778567951755 1.0 1.005424687025386 1.005424687025386 0.0022510327863707325
59770.95920571295 3.326 0.019000000000000128 1.0021008771637596 0.004531703028283529 1.0 1.005424577529403 1.005424577529403 -0.003323700365643445
59770.95922165637 3.326 0.019000000000000128 1.0117553012503038 0.004546655531559225 1.0 1.0054244680334203 1.0054244680334203 0.006330833216883436
59770.95923759978 3.326 0.019000000000000128 1.0057590159743521 0.004544542366840144 1.0 1.0054243585374876 1.0054243585374876 0.0003346574368645605
59770.9592535432 3.326 0.019000000000000128 1.0049849734386136 0.004529282884924666 1.0 1.0054242490415048 1.0054242490415048 -0.00043927560289125367
59770.95926948662 3.326 0.019000000000000128 1.0092864065771718 0.004550365289654335 1.0 1.0054241395455221 1.0054241395455221 0.003862267031649713
59770.95928543004 3.326 0.019000000000000128 1.0049738039904468 0.004537062171562744 1.0 1.0054240300495394 1.0054240300495394 -0.0004502260590926177
59770.959301373456 3.326 0.019000000000000128 1.0134442688596015 0.004551573930546195 1.0 1.0054239205536066 1.0054239205536066 0.008020348305994851
59770.959317316876 3.326 0.019000000000000128 1.0055829958220477 0.004538739431688071 1.0 1.005423811057624 1.005423811057624 0.00015918476442378093
59770.959333260296 3.326 0.019000000000000128 1.0045208980964204 0.004532020092214715 1.0 1.0054237015616412 1.0054237015616412 -0.0009028034652207584
59770.95934920371 3.326 0.019000000000000128 1.0093426876129197 0.004538702493521206 1.0 1.0054235920657084 1.0054235920657084 0.00391909554721126
59770.95936514713 3.326 0.019000000000000128 1.0000708080978127 0.004531263567538856 1.0 1.0054234825697257 1.0054234825697257 -0.00535267447191301
59770.95938109056 3.326 0.019000000000000128 1.00725819644372 0.004546092174799858 1.0 1.005423373073693 1.005423373073693 0.001834823370026939
59770.95939703397 3.326 0.019000000000000128 0.995001940410632 0.004519023158812229 1.0 1.0054232635777602 1.0054232635777602 -0.010421323167128294
59770.95941297738 3.326 0.019000000000000128 1.0047731583744495 0.004541209930549537 1.0 1.0054231540818275 1.0054231540818275 -0.0006499957073780038
59770.95942892081 3.326 0.019000000000000128 1.0017738439647108 0.004527166479525508 1.0 1.0054230445857948 1.0054230445857948 -0.003649200621083981
59770.959444864224 3.326 0.019000000000000128 1.0062084736804502 0.0045344543144181645 1.0 1.005422935089862 1.005422935089862 0.000785538590588164
59770.959460807644 3.326 0.019000000000000128 1.005903144020431 0.004544941919885635 1.0 1.0054228255938793 1.0054228255938793 0.00048031842655160695
59770.95947675106 3.326 0.019000000000000128 1.0017356619456246 0.004526091826655345 1.0 1.0054227160979465 1.0054227160979465 -0.0036870541523219558
59770.959492694485 3.326 0.019000000000000128 1.0045942432843644 0.004539893827092441 1.0 1.0054226066019138 1.0054226066019138 -0.0008283633175494298
59770.9595086379 3.326 0.019000000000000128 1.0006752031853055 0.004531204146220049 1.0 1.005422497105981 1.005422497105981 -0.004747293920675633
59770.95952458131 3.326 0.019000000000000128 1.0020944277849246 0.004526297795613228 1.0 1.0054223876100483 1.0054223876100483 -0.003327959825123683
59770.95954052474 3.326 0.019000000000000128 1.011904825564867 0.004546225220096235 1.0 1.0054222781140154 1.0054222781140154 0.006482547450851639
59770.95955646815 3.326 0.019000000000000128 0.9991728097859839 0.0045258444994274415 1.0 1.0054221686180826 1.0054221686180826 -0.006249358832098761
59770.95957241157 3.326 0.019000000000000128 1.0102285320100115 0.004543649245182377 1.0 1.0054220591221 1.0054220591221 0.004806472887911584
59770.95958835499 3.326 0.019000000000000128 1.0061590813494339 0.004531944019031009 1.0 1.0054219496261172 1.0054219496261172 0.0007371317233166863
59770.95960429841 3.326 0.019000000000000128 0.9964693930941492 0.004521515480056787 1.0 1.0054218401301345 1.0054218401301345 -0.0089524470359853
59770.959620241825 3.326 0.019000000000000128 1.0046545126537145 0.004543034359246159 1.0 1.0054217306342017 1.0054217306342017 -0.0007672179804871782
59770.95963618524 3.326 0.019000000000000128 1.0076395129200464 0.0045401293373377805 1.0 1.005421621138269 1.005421621138269 0.002217891781777448
59770.959652128666 3.326 0.019000000000000128 1.0007340926989332 0.004529077772907058 1.0 1.0054215116422363 1.0054215116422363 -0.0046874189433030455
59770.959668072086 3.326 0.019000000000000128 1.0067786715130702 0.00453839562328292 1.0 1.0054214021462535 1.0054214021462535 0.0013572693668166824
59770.9596840155 3.326 0.019000000000000128 1.006557992261693 0.004545658685310195 1.0 1.0054212926503208 1.0054212926503208 0.0011366996113721939
59770.95969995892 3.326 0.019000000000000128 1.0078783331914158 0.004543833422378639 1.0 1.005421183154338 1.005421183154338 0.0024571500370778043
59770.95971590234 3.326 0.019000000000000128 1.0036192014414531 0.0045287731245860175 1.0 1.0054210736583553 1.0054210736583553 -0.0018018722169022006
59770.95973184575 3.326 0.019000000000000128 1.0080024607846114 0.004541467808165277 1.0 1.0054209641624225 1.0054209641624225 0.0025814966221888724
59770.95974778918 3.326 0.019000000000000128 1.0093896832299827 0.004540927447582643 1.0 1.0054208546663899 1.0054208546663899 0.003968828563592819
59770.95976373259 3.326 0.019000000000000128 1.0173748512139011 0.004567279577779533 1.0 1.005420745170457 1.005420745170457 0.011954106043444046
59770.95977967601 3.326 0.019000000000000128 1.002072792287648 0.0045333371111164755 1.0 1.0054206356744744 1.0054206356744744 -0.0033478433868263657
59770.959795619434 3.326 0.019000000000000128 1.0089807647399514 0.004536067419172204 1.0 1.0054205261784916 1.0054205261784916 0.0035602385614597054
59770.95981156285 3.326 0.019000000000000128 1.0103652035191242 0.004545359247558182 1.0 1.0054204166825589 1.0054204166825589 0.004944786836565296
59770.95982750627 3.326 0.019000000000000128 1.0055369595882535 0.004542214400843139 1.0 1.0054203071865762 1.0054203071865762 0.00011665240167735291
59770.95984344968 3.326 0.019000000000000128 1.0034479674305332 0.0045341967779260585 1.0 1.0054201976906434 1.0054201976906434 -0.001972230260110175
59770.95985939311 3.326 0.019000000000000128 1.011806466904371 0.004549827268146677 1.0 1.0054200881946105 1.0054200881946105 0.006386378709760443
59770.95987533652 3.326 0.019000000000000128 1.011843851393814 0.004557698280482244 1.0 1.0054199786986777 1.0054199786986777 0.0064238726951362235
59770.95989127994 3.326 0.019000000000000128 1.0011102789168882 0.004529744917423169 1.0 1.005419869202695 1.005419869202695 -0.004309590285806797
59770.95990722336 3.326 0.019000000000000128 1.0033601632654379 0.004534323218379756 1.0 1.0054197597067123 1.0054197597067123 -0.0020595964412744028
59770.95992316678 3.326 0.019000000000000128 1.0049122246571376 0.004534548875895873 1.0 1.0054196502107295 1.0054196502107295 -0.0005074255535919558
59770.959939110195 3.326 0.019000000000000128 1.0085908177019716 0.004544624065250867 1.0 1.0054195407147968 1.0054195407147968 0.003171276987174787
59770.95995505362 3.326 0.019000000000000128 1.0076436216175786 0.004544303308059126 1.0 1.005419431218764 1.005419431218764 0.002224190398814496
59770.959970997035 3.326 0.019000000000000128 1.0150542049324955 0.004557579838293593 1.0 1.0054193217228313 1.0054193217228313 0.009634883209664213
59770.95998694045 3.326 0.019000000000000128 1.0036877673243365 0.004536323148835483 1.0 1.0054192122268986 1.0054192122268986 -0.0017314449025620515
59770.96000288387 3.326 0.019000000000000128 1.0091730657394584 0.0045444187177656895 1.0 1.0054191027309158 1.0054191027309158 0.0037539630085425824
59770.96001882729 3.326 0.019000000000000128 1.0023830091891568 0.004525908520740265 1.0 1.0054189932349331 1.0054189932349331 -0.0030359840457763188
59770.96003477071 3.326 0.019000000000000128 1.0052992104768996 0.004533798391846556 1.0 1.0054188837389504 1.0054188837389504 -0.00011967326205075679
59770.96005071412 3.326 0.019000000000000128 1.0023015030988958 0.00452350599748312 1.0 1.0054187742430176 1.0054187742430176 -0.003117271144121858
59770.96006665755 3.326 0.019000000000000128 1.006260396822418 0.00454021094280989 1.0 1.005418664746985 1.005418664746985 0.0008417320754330326
59770.96008260096 3.326 0.019000000000000128 1.0101680353106628 0.004545976767026514 1.0 1.0054185552510522 1.0054185552510522 0.004749480059610622
59770.960098544376 3.326 0.019000000000000128 1.0162030664401587 0.004552476419933154 1.0 1.0054184457551194 1.0054184457551194 0.01078462068503927
59770.9601144878 3.326 0.019000000000000128 1.0028939476576333 0.004533436687101778 1.0 1.0054183362590867 1.0054183362590867 -0.002524388601453431
59770.960130431224 3.326 0.019000000000000128 1.0033117483361813 0.004529708442053991 1.0 1.005418226763104 1.005418226763104 -0.0021064784269226866
59770.96014637464 3.326 0.019000000000000128 1.0044013273524326 0.0045385880173581345 1.0 1.0054181172671712 1.0054181172671712 -0.0010167899147386361
59770.96016231805 3.326 0.019000000000000128 1.009440698281089 0.004547116885141575 1.0 1.0054180077712385 1.0054180077712385 0.004022690509850602
59770.96017826148 3.326 0.019000000000000128 1.0059326444927015 0.0045422878519639715 1.0 1.0054178982752058 1.0054178982752058 0.0005147462174956985
59770.96019420489 3.326 0.019000000000000128 1.008706702081768 0.004542179828158844 1.0 1.0054177887792728 1.0054177887792728 0.0032889133024951445
59770.96021014831 3.326 0.019000000000000128 1.0068397877258874 0.004544682941023829 1.0 1.00541767928329 1.00541767928329 0.0014221084425973807
59770.96022609173 3.326 0.019000000000000128 1.0025811158114624 0.004533826160106668 1.0 1.0054175697873073 1.0054175697873073 -0.002836453975844977
59770.96024203515 3.326 0.019000000000000128 1.0114344633549326 0.004554134966724031 1.0 1.0054174602913246 1.0054174602913246 0.006017003063607973
59770.960257978564 3.326 0.019000000000000128 1.0060071987077255 0.004540073400289767 1.0 1.0054173507953919 1.0054173507953919 0.0005898479123336298
59770.960273921984 3.326 0.019000000000000128 1.0020410619382092 0.004536844517420704 1.0 1.0054172412994091 1.0054172412994091 -0.003376179361199938
59770.960289865405 3.326 0.019000000000000128 1.0014854894214877 0.004530825498315163 1.0 1.0054171318034264 1.0054171318034264 -0.00393164238193866
59770.96030580882 3.326 0.019000000000000128 1.0071684895622377 0.0045372151304628 1.0 1.0054170223074936 1.0054170223074936 0.0017514672547440657
59770.960321752245 3.326 0.019000000000000128 1.0102297123962085 0.00454225543723867 1.0 1.005416912811461 1.005416912811461 0.004812799584747562
59770.96033769566 3.326 0.019000000000000128 1.0079410995729845 0.004545159006453601 1.0 1.0054168033155282 1.0054168033155282 0.0025242962574563155
59770.96035363908 3.326 0.019000000000000128 1.010677716114233 0.004545826960888986 1.0 1.0054166938195455 1.0054166938195455 0.005261022294687612
59770.96036958249 3.326 0.019000000000000128 0.9966228086283024 0.004524161243860053 1.0 1.0054165843236127 1.0054165843236127 -0.008793775695310257
59770.96038552591 3.326 0.019000000000000128 1.0009482389619073 0.004529986028678993 1.0 1.00541647482763 1.00541647482763 -0.004468235865722647
59770.96040146933 3.326 0.019000000000000128 1.0099606703710613 0.0045456174511813215 1.0 1.0054163653316472 1.0054163653316472 0.004544305039414054
59770.96041741275 3.326 0.019000000000000128 1.0041576893689723 0.004540855518342962 1.0 1.0054162558356645 1.0054162558356645 -0.0012585664666922014
59770.96043335617 3.326 0.019000000000000128 1.0070698421728455 0.0045401417002056505 1.0 1.0054161463396818 1.0054161463396818 0.0016536958331636598
59770.960449299586 3.326 0.019000000000000128 1.010147471036384 0.004550528086288775 1.0 1.005416036843749 1.005416036843749 0.004731434192634998
59770.960465243006 3.326 0.019000000000000128 1.002671136694413 0.004529092136026134 1.0 1.0054159273477663 1.0054159273477663 -0.002744790653353313
59770.96048118643 3.326 0.019000000000000128 1.0061522546864323 0.004540272076092269 1.0 1.0054158178517836 1.0054158178517836 0.000736436834648746
59770.96049712985 3.326 0.019000000000000128 1.0102148355462852 0.004542947840271076 1.0 1.0054157083558009 1.0054157083558009 0.004799127190484365
59770.96051307326 3.326 0.019000000000000128 1.0089673811121547 0.004541944266138424 1.0 1.005415598859868 1.005415598859868 0.003551782252286584
59770.96052901668 3.326 0.019000000000000128 1.0014905669423255 0.004530057686909201 1.0 1.0054154893638851 1.0054154893638851 -0.003924922421559618
59770.9605449601 3.326 0.019000000000000128 1.004716257981681 0.00453229153491238 1.0 1.0054153798679024 1.0054153798679024 -0.0006991218862213433
59770.96056090351 3.326 0.019000000000000128 1.0063026413063338 0.0045360050548915835 1.0 1.0054152703719696 1.0054152703719696 0.0008873709343641956
59770.960576846934 3.326 0.019000000000000128 1.0063404302973553 0.004539654569296701 1.0 1.005415160875987 1.005415160875987 0.000925269421368391
59770.96059279036 3.326 0.019000000000000128 1.0070286074342625 0.004538379861756513 1.0 1.0054150513799542 1.0054150513799542 0.0016135560543082406
59770.960608733774 3.326 0.019000000000000128 1.0006913070314425 0.00453079590856156 1.0 1.0054149418840215 1.0054149418840215 -0.004723634852578984
59770.96062467719 3.326 0.019000000000000128 1.0140469156780825 0.004560358175228427 1.0 1.0054148323880887 1.0054148323880887 0.008632083289993764
59770.960640620615 3.326 0.019000000000000128 1.0091212470393507 0.004547197385710493 1.0 1.005414722892056 1.005414722892056 0.0037065241472946653
59770.96065656403 3.326 0.019000000000000128 1.000213631039689 0.004525718779812217 1.0 1.0054146133961233 1.0054146133961233 -0.005200982356434292
59770.96067250745 3.326 0.019000000000000128 1.0100281600367906 0.004548839749690548 1.0 1.0054145039001405 1.0054145039001405 0.004613656136650102
59770.96068845086 3.326 0.019000000000000128 0.9998023136669891 0.004522144893801546 1.0 1.0054143944042078 1.0054143944042078 -0.005612080737218639
