eureka_custom_plots/data/stage5_lcfit_results/S5_wasp39b_ap4_bg8_Table_Save_ch48.txt
# %ECSV 1.0
# ---
# datatype:
# - {name: time, datatype: float64}
# - {name: wavelength, datatype: float64}
# - {name: bin_width, datatype: float64}
# - {name: lcdata, datatype: float64}
# - {name: lcerr, datatype: float64}
# - {name: transit, datatype: float64}
# - {name: polynom, datatype: float64}
# - {name: model, datatype: float64}
# - {name: residuals, datatype: float64}
# schema: astropy-2.0
time wavelength bin_width lcdata lcerr transit polynom model residuals
[from data line 8928]
59770.78636310573 4.859 0.019000000000000128 1.0002636294516813 0.010782548253799457 0.9882610780417953 1.006511161657385 0.994695805680627 0.005567823771054359
59770.78637904915 4.859 0.019000000000000128 0.9995909446906802 0.010809550964206027 0.9882379143766558 1.0065111012634531 0.9946724315095459 0.004918513181134343
59770.786394992574 4.859 0.019000000000000128 0.9915815767896705 0.010739538031029299 0.9882147526281642 1.0065110408694657 0.9946490592703351 -0.003067482480664574
59770.78641093599 4.859 0.019000000000000128 0.9926820667325952 0.010766914843698568 0.9881915929098427 1.0065109804755337 0.9946256890773653 -0.0019436223447700796
59770.786426879415 4.859 0.019000000000000128 0.9854543041820186 0.010731852438060763 0.9881684352515481 1.0065109200815465 0.9946023209605778 -0.009148016778559143
59770.78644282283 4.859 0.019000000000000128 1.0146866848737794 0.01079115625595443 0.9881452797682456 1.0065108596876144 0.9945789550357952 0.020107729837984256
59770.78645876625 4.859 0.019000000000000128 1.0146570912217703 0.01078903678257425 0.9881221265006375 1.0065107992936548 0.9945555913439025 0.0201014998778678
59770.78647470967 4.859 0.019000000000000128 0.990977977672792 0.010728749501071942 0.9880989755303257 1.0065107388996952 0.9945322299670599 -0.003554252294267868
59770.78649065309 4.859 0.019000000000000128 0.9914381625466624 0.01076991544729019 0.9880758269309448 1.0065106785057356 0.994508870979381 -0.0030707084327186163
59770.78650659651 4.859 0.019000000000000128 0.9788279134463242 0.010709063077693938 0.9880526807735109 1.006510618111776 0.9944855144523438 -0.01565760100601954
59770.78652253993 4.859 0.019000000000000128 0.9839447813502454 0.010740547176117677 0.9880295371311121 1.0065105577178164 0.9944621604595116 -0.0105173791092662
59770.78653848335 4.859 0.019000000000000128 0.9835579391352836 0.012041048265293222 0.9880063960768982 1.0065104973238568 0.9944388090745102 -0.010880869939226656
59770.78655442677 4.859 0.019000000000000128 0.9967992282307905 0.01075090602339086 0.9879832576820824 1.0065104369298972 0.994415460369016 0.0023837678617745217
59770.78657037018 4.859 0.019000000000000128 1.0199544642629281 0.010876836492521622 0.9879601220306456 1.006510376535965 0.9943921144275831 0.025562349835345
59770.78658631361 4.859 0.019000000000000128 0.9898558809195962 0.010748419810517554 0.9879369891638241 1.006510316141978 0.9943687712916345 -0.004512890372038281
59770.78660225703 4.859 0.019000000000000128 1.0077991897635612 0.01079556880798565 0.9879138591851364 1.0065102557480183 0.9943454310654434 0.013453758698117824
59770.78661820045 4.859 0.019000000000000128 1.0047373475617738 0.010767045836509519 0.9878907321580265 1.0065101953540585 0.9943220938128391 0.010415253748934705
59770.786634143864 4.859 0.019000000000000128 1.0122063966090653 0.01079402797872536 0.9878676081647364 1.0065101349601266 0.9942987596166264 0.017907636992438913
59770.78665008729 4.859 0.019000000000000128 1.0099938862030051 0.010813851018868911 0.9878444872467862 1.0065100745661393 0.9942754285185124 0.01571845768449276
59770.786666030705 4.859 0.019000000000000128 1.0022794992553279 0.010813993821869509 0.9878213695206531 1.0065100141722072 0.9942521006358417 0.008027398619486203
59770.78668197413 4.859 0.019000000000000128 0.9886244912030198 0.010764660789912844 0.9877982550153028 1.00650995377822 0.9942287759976589 -0.005604284794639147
59770.786697917545 4.859 0.019000000000000128 0.9852950858080932 0.010772134486809198 0.9877751438473409 1.006509893384288 0.9942054547214368 -0.008910368913343625
59770.78671386097 4.859 0.019000000000000128 0.9939324560662247 0.010757738238660743 0.9877520360478934 1.0065098329903008 0.9941821368383948 -0.0002496807721701355
59770.786729804386 4.859 0.019000000000000128 0.9785864844157979 0.010701070003268679 0.9877289317316887 1.0065097725963688 0.9941588224641162 -0.015572338048318368
59770.786745747806 4.859 0.019000000000000128 0.9974722628610178 0.010771362632069618 0.9877058309407017 1.0065097122024091 0.9941355116407671 0.0033367512202506777
59770.786761691226 4.859 0.019000000000000128 0.9857862805804868 0.010751276484721722 0.9876827337597358 1.0065096518084495 0.9941122044537293 -0.008325923873242491
59770.78677763465 4.859 0.019000000000000128 0.9903707841586055 0.010738627567558933 0.9876596402609809 1.00650959141449 0.9940889009756619 -0.0037181168170564716
59770.78679357807 4.859 0.019000000000000128 0.9974507093272245 0.010789331925563046 0.9876365505193702 1.0065095310205303 0.9940656012819855 0.0033851080452389493
59770.78680952149 4.859 0.019000000000000128 0.9949286956399429 0.010731531956786151 0.98761346460724 1.0065094706265707 0.9940423054455065 0.0008863901944363706
59770.78682546491 4.859 0.019000000000000128 0.9917369406379062 0.010751864998472204 0.987590382599011 1.006509410232611 0.9940190135411293 -0.0022820729032231313
59770.78684140833 4.859 0.019000000000000128 1.0013390306757823 0.010814051521090516 0.9875673045691723 1.0065093498386515 0.9939957256438271 0.007343305031955238
59770.78685735175 4.859 0.019000000000000128 0.99961124311907 0.010782333451973951 0.9875442305903019 1.0065092894446919 0.9939724418266498 0.005638801292420226
59770.78687329517 4.859 0.019000000000000128 0.9885781873644718 0.010760506505574809 0.9875211607377153 1.006509229050732 0.9939491621654019 -0.005370974800930073
59770.78688923859 4.859 0.019000000000000128 1.0092675863588334 0.010817741166755726 0.9874980950841418 1.0065091686567724 0.993925886733286 0.015341699625547434
59770.78690518201 4.859 0.019000000000000128 1.0057754021419805 0.010791259132881443 0.9874750337043945 1.0065091082628128 0.9939026156056011 0.011872786536379354
59770.78692112542 4.859 0.019000000000000128 0.9693457018351768 0.010688158197003094 0.9874519766833616 1.0065090478688807 0.9938793488678145 -0.024533647032637718
59770.78693706885 4.859 0.019000000000000128 0.9727715023629377 0.01072282404948887 0.9874289240640222 1.0065089874748936 0.9938560865631025 -0.02108458420016479
59770.78695301226 4.859 0.019000000000000128 0.9907256078479227 0.010741727248005383 0.9874058759620908 1.0065089270809615 0.993832828808041 -0.0031072209601182843
59770.78696895569 4.859 0.019000000000000128 0.981162182491481 0.010725065019921862 0.9873828324107209 1.0065088666869744 0.9938095756358895 -0.012647393144408436
59770.7869848991 4.859 0.019000000000000128 0.9782958344535863 0.010708808519977518 0.9873597935257811 1.0065088062930423 0.9937863271633786 -0.015490492709792303
59770.78700084253 4.859 0.019000000000000128 0.9704405651254601 0.010680995870438045 0.987336759340612 1.0065087458990551 0.9937630834239567 -0.02332251829849663
59770.787016785944 4.859 0.019000000000000128 0.9936801583874638 0.010739849149899281 0.9873137299712332 1.006508685505123 0.993739844534506 -5.9686147042214976e-05
59770.787032729364 4.859 0.019000000000000128 0.9848001707526863 0.01071757332385253 0.9872907054611623 1.0065086251111635 0.993716610538745 -0.008916439786058716
59770.787048672784 4.859 0.019000000000000128 1.0096397444260155 0.010818729060825979 0.9872676858966181 1.0065085647172038 0.9936933815234803 0.01594636290253515
59770.78706461621 4.859 0.019000000000000128 1.0177712789219755 0.01080729892399393 0.9872446713406118 1.0065085043232167 0.9936701575521047 0.02410112136987075
59770.787080559625 4.859 0.019000000000000128 0.9889853133616796 0.01076653565761126 0.9872216619008278 1.0065084439292846 0.9936469387330845 -0.004661625371404909
59770.787096503045 4.859 0.019000000000000128 0.9916137712580704 0.010751364479812215 0.9871986576211619 1.006508383535325 0.9936237251105184 -0.0020099538524480653
59770.787112446465 4.859 0.019000000000000128 0.9892524966792849 0.010737262323230133 0.9871756585861868 1.0065083231413654 0.993600516769556 -0.004348020090271021
59770.787128389886 4.859 0.019000000000000128 0.9930686725603857 0.010758260819746934 0.9871526648719167 1.0065082627474056 0.9935773137867047 -0.0005086412263189954
59770.787144333306 4.859 0.019000000000000128 0.9998064654347202 0.010765747973279267 0.9871296765544578 1.006508202353446 0.9935541162385659 0.00625234919615425
59770.78716027672 4.859 0.019000000000000128 1.0061934824017706 0.010805171257065913 0.987106693718647 1.0065081419595139 0.9935309242105543 0.012662558191216311
59770.78717622015 4.859 0.019000000000000128 0.9918021118076996 0.010786820517556549 0.9870837164095471 1.0065080815655267 0.9935077377479437 -0.0017056259402440377
59770.78719216356 4.859 0.019000000000000128 0.9783984654080531 0.010744911233058896 0.9870607447440736 1.0065080211715947 0.993484556968518 -0.01508609156046492
59770.78720810698 4.859 0.019000000000000128 0.9757772926802033 0.01072899089740384 0.9870377787668213 1.006507960777635 0.9934613819170798 -0.017684089236876477
59770.7872240504 4.859 0.019000000000000128 0.9892204041572324 0.010714822316425955 0.9870148185643314 1.0065079003836754 0.9934382126807595 -0.004217808523527045
59770.78723999382 4.859 0.019000000000000128 1.0057753739960011 0.010827137881559283 0.9869918642132816 1.0065078399897158 0.993415049336733 0.012360324659268174
59770.78725593724 4.859 0.019000000000000128 0.9976525042936015 0.010789804153253648 0.9869689157884526 1.0065077795957562 0.9933918919602663 0.00426061233333519
59770.78727188066 4.859 0.019000000000000128 0.9950284341445718 0.010767429960351549 0.9869459733673781 1.0065077192017966 0.9933687406293968 0.0016596935151749204
59770.78728782408 4.859 0.019000000000000128 0.9949764649816304 0.01076821435233589 0.9869230370250409 1.006507658807837 0.9933455954195941 0.0016308695620362856
59770.7873037675 4.859 0.019000000000000128 1.00685724896064 0.01080211427532874 0.9869001068385096 1.0065075984138774 0.9933224564084273 0.013534792552212682
59770.78731971092 4.859 0.019000000000000128 0.9751815175156401 0.01072527105222566 0.9868771828849571 1.0065075380199178 0.9932993236735703 -0.01811780615793024
59770.78733565434 4.859 0.019000000000000128 0.9822582026998093 0.010730284523985585 0.9868542652396681 1.0065074776259582 0.9932761972907966 -0.01101799459098729
59770.78735159776 4.859 0.019000000000000128 0.9835480432658021 0.010741263415006091 0.9868313539806821 1.0065074172319985 0.9932530773386524 -0.009705034072850283
59770.78736754118 4.859 0.019000000000000128 0.9798444143123285 0.010735146924106128 0.9868084491834914 1.006507356838039 0.9932299638931202 -0.013385549580791745
59770.787383484596 4.859 0.019000000000000128 0.9896578766827937 0.010754649101759491 0.9867855509362772 1.0065072964441069 0.9932068570429808 -0.0035489803601871373
59770.78739942802 4.859 0.019000000000000128 0.9937183226230522 0.010748209433654135 0.9867626592849464 1.0065072360501195 0.9931837568343572 0.0005345657886949295
59770.78741537144 4.859 0.019000000000000128 1.001592908683439 0.010786754917833444 0.9867397743476789 1.0065071756561874 0.9931606633863059 0.008432245297133045
59770.787431314864 4.859 0.019000000000000128 1.0086156127581436 0.010766188330903584 0.9867168961600248 1.0065071152622003 0.9931375767344985 0.015478036023645059
59770.78744725828 4.859 0.019000000000000128 1.0070264529084185 0.010815894872049548 0.9866940248423359 1.0065070548682682 0.9931144970001774 0.013911955908241125
59770.787463201705 4.859 0.019000000000000128 0.980012002088415 0.010710107847009839 0.9866711604284218 1.006506994474281 0.993091424217262 -0.013079422128847051
59770.78747914512 4.859 0.019000000000000128 0.9974707758500281 0.010788970909714816 0.9866483030388303 1.006506934080349 0.9930683585071922 0.004402417342835863
59770.78749508854 4.859 0.019000000000000128 0.9912660821926076 0.010765584785385938 0.986625452720168 1.0065068736863894 0.9930452999167948 -0.0017792177241872098
59770.78751103196 4.859 0.019000000000000128 0.981231274250562 0.010711290810630355 0.9866026095594875 1.0065068132924297 0.9930222485337151 -0.011790974283153122
59770.787526975386 4.859 0.019000000000000128 1.0010670445636705 0.010818980811136225 0.9865797736254517 1.0065067528984426 0.9929992044270339 0.008067840136636528
59770.7875429188 4.859 0.019000000000000128 0.9875801175814014 0.01073723325349135 0.9865569450264482 1.0065066925045105 0.9929761677059246 -0.005396050124523155
59770.78755886222 4.859 0.019000000000000128 0.9928232114903472 0.010763578866681073 0.9865341238095824 1.006506632110551 0.992953138417716 -0.0001299269273687953
59770.78757480564 4.859 0.019000000000000128 0.9873775566870553 0.010739438001405052 0.9865113100643277 1.0065065717165913 0.9929301166524896 -0.005552559965434356
59770.78759074906 4.859 0.019000000000000128 1.0033823923535274 0.010797995971502983 0.9864885038677328 1.0065065113226317 0.9929071024877942 0.010475289865733206
59770.78760669248 4.859 0.019000000000000128 0.9889297108766896 0.01073577354326749 0.9864657052989408 1.006506450928672 0.9928840960032863 -0.003954385126596738
59770.7876226359 4.859 0.019000000000000128 0.9692010483266206 0.010750381726885453 0.9864429144372138 1.0065063905347125 0.9928610972787423 -0.023660048952121704
59770.78763857932 4.859 0.019000000000000128 0.9837794283651083 0.010732801302317787 0.9864201313599587 1.0065063301407529 0.9928381063920714 -0.00905867802696303
59770.78765452274 4.859 0.019000000000000128 0.9906139189205841 0.010760321521619196 0.9863973561473345 1.006506269746793 0.9928151234239525 -0.002201204503368359
59770.787670466154 4.859 0.019000000000000128 0.9995143257281064 0.010720320953700369 0.9863745888875217 1.006506209352861 0.9927921484631661 0.006722177264940288
59770.78768640958 4.859 0.019000000000000128 0.9963481851637759 0.010747611430240627 0.9863518296286684 1.0065061489588738 0.9927691815580902 0.003579003605685638
59770.787702352995 4.859 0.019000000000000128 0.992072897136047 0.0107536570412514 0.9863290784921092 1.0065060885649417 0.9927462228309561 -0.0006733256949091881
59770.78771829642 4.859 0.019000000000000128 0.9805051964452407 0.01071689025176799 0.9863063355157304 1.0065060281709546 0.9927232723197867 -0.012218075874546042
59770.787734239835 4.859 0.019000000000000128 0.9870136287812613 0.010740042375006238 0.986283600819768 1.0065059677770225 0.9927003301457071 -0.005686701364445823
59770.78775018326 4.859 0.019000000000000128 0.983799387238241 0.010709767292608917 0.9862608744430487 1.0065059073830354 0.9926773963476866 -0.008878009109445584
59770.787766126676 4.859 0.019000000000000128 0.9848087640023199 0.010756417059837146 0.9862381565060343 1.0065058469891033 0.9926544710470778 -0.007845707044757955
59770.787782070096 4.859 0.019000000000000128 0.9878017953659262 0.01070063442812664 0.9862154470576857 1.0065057865951437 0.9926315542930773 -0.0048297589271510954
59770.787798013516 4.859 0.019000000000000128 0.9865323923587406 0.010754560109466432 0.9861927461891474 1.006505726201184 0.9926086461774478 -0.006076253818707245
59770.787813956944 4.859 0.019000000000000128 1.0094419669056678 0.010804433871084377 0.9861700539687103 1.006505665807197 0.992585746768896 0.016856220136771793
59770.78782990036 4.859 0.019000000000000128 1.0004981718931458 0.010768822082648396 0.9861473705094159 1.0065056054132648 0.9925628561812788 0.007935315711867008
59770.78784584378 4.859 0.019000000000000128 0.981807160893332 0.01072886341679574 0.9861246958588286 1.0065055450193052 0.9925399744623868 -0.010732813569054866
59770.7878617872 4.859 0.019000000000000128 0.9944360744323439 0.010800080687231876 0.9861020301086059 1.0065054846253456 0.9925171017044995 0.0019189727278444701
59770.78787773062 4.859 0.019000000000000128 1.0036162344524275 0.010775509026365046 0.9860793733400389 1.006505424231386 0.9924942379894351 0.01112199646299239
59770.78789367404 4.859 0.019000000000000128 0.9953964716348755 0.012064847987698114 0.9860567256325881 1.0065053638374264 0.9924713833971693 0.002925088237706208
