eureka_custom_plots/data/stage5_lcfit_results/S5_wasp39b_ap4_bg8_Table_Save_ch35.txt
# %ECSV 1.0
# ---
# datatype:
# - {name: time, datatype: float64}
# - {name: wavelength, datatype: float64}
# - {name: bin_width, datatype: float64}
# - {name: lcdata, datatype: float64}
# - {name: lcerr, datatype: float64}
# - {name: transit, datatype: float64}
# - {name: polynom, datatype: float64}
# - {name: model, datatype: float64}
# - {name: residuals, datatype: float64}
# schema: astropy-2.0
time wavelength bin_width lcdata lcerr transit polynom model residuals
[from data line 13044]
59770.85198622078 4.361 0.019000000000000128 0.9873200378504239 0.008120105837633172 0.9765947977567845 1.0066361949456695 0.9830756712176252 0.004244366632798702
59770.85200216421 4.361 0.019000000000000128 0.9818291446112093 0.008101758192276402 0.9765951303600208 1.0066361398288604 0.983075952201274 -0.0012468075900646802
59770.852018107624 4.361 0.019000000000000128 0.9812979884139402 0.008105421999387354 0.9765954633662851 1.0066360847121016 0.9830762335906379 -0.0017782451766976681
59770.85203405104 4.361 0.019000000000000128 0.9920590736966017 0.008106829478565806 0.9765957967761599 1.0066360295953427 0.9830765153862538 0.008982558310347888
59770.852049994464 4.361 0.019000000000000128 0.9951286519911999 0.008117856893109288 0.9765961305901916 1.0066359744785336 0.9830767975886228 0.012051854402577167
59770.852065937885 4.361 0.019000000000000128 0.9970272603555433 0.00814383973644637 0.9765964648082118 1.0066359193617496 0.9830770801976488 0.01395018015789451
59770.852081881305 4.361 0.019000000000000128 0.980946269903825 0.00809534866958175 0.976596799430642 1.0066358642449658 0.9830773632137318 -0.0021310933099067952
59770.85209782472 4.361 0.019000000000000128 0.9742408868029473 0.008072208145205938 0.976597134457575 1.0066358091282068 0.9830776466369893 -0.008836759834041974
59770.85211376814 4.361 0.019000000000000128 0.9962572984294134 0.00813877599943358 0.9765974698895978 1.006635754011423 0.9830779304679633 0.013179367961450028
59770.85212971156 4.361 0.019000000000000128 0.9867250041554813 0.008089552495614518 0.9765978057268238 1.006635698894639 0.9830782147067921 0.003646789448689125
59770.85214565498 4.361 0.019000000000000128 0.9793016118717119 0.008116190597602024 0.9765981419695211 1.006635643777855 0.9830784993537459 -0.003776887482033975
59770.8521615984 4.361 0.019000000000000128 0.9633173525761985 0.00804551165844288 0.9765984786179587 1.0066355886610712 0.9830787844090954 -0.019761431832896803
59770.85217754182 4.361 0.019000000000000128 0.9863443763118199 0.008105731099674844 0.9765988156724059 1.0066355335442871 0.9830790698731112 0.003265306438708704
59770.85219348524 4.361 0.019000000000000128 0.9855214142111756 0.008129987211506824 0.9765991531331325 1.0066354784275031 0.9830793557460652 0.002442058465110364
59770.85220942865 4.361 0.019000000000000128 0.9778079414821716 0.008088576255776317 0.976599491000262 1.0066354233107444 0.9830796420281063 -0.005271700545934621
59770.85222537207 4.361 0.019000000000000128 0.9875514416887757 0.008095937980540122 0.9765998292743581 1.0066353681939604 0.9830799287197522 0.004471512969023483
59770.85224131549 4.361 0.019000000000000128 0.9811080338390812 0.008082715963096482 0.9766001679555452 1.0066353130771764 0.9830802158211532 -0.001972181982072052
59770.85225725891 4.361 0.019000000000000128 0.9704406502861009 0.008087534271489602 0.9766005070440948 1.0066352579603925 0.9830805033325826 -0.01263985304648163
59770.852273202334 4.361 0.019000000000000128 0.9897718565300411 0.008119236708997623 0.9766008465402791 1.0066352028436085 0.9830807912543137 0.006691065275727381
59770.852289145754 4.361 0.019000000000000128 0.9647304356015867 0.008059900388407924 0.9766011864443703 1.0066351477268245 0.9830810795866208 -0.018350643985034165
59770.852305089174 4.361 0.019000000000000128 0.9859981208707367 0.008110016677730023 0.9766015267566409 1.0066350926100407 0.9830813683297783 0.002916752540958356
59770.85232103259 4.361 0.019000000000000128 0.9926547878861465 0.008145804024983522 0.9766018674772066 1.0066350374932818 0.9830816574839268 0.009573130402219632
59770.85233697601 4.361 0.019000000000000128 0.985003815827889 0.008098573184250215 0.9766022086066561 1.006634982376498 0.9830819470496103 0.0019218687782787125
59770.852352919435 4.361 0.019000000000000128 0.9703428080852768 0.008109031969596206 0.9766025501452644 1.0066349272596888 0.9830822370271048 -0.012739428941828002
59770.85236886285 4.361 0.019000000000000128 0.9790761643283385 0.008085621592994412 0.9766028920928413 1.00663487214293 0.9830825274162929 -0.004006363087954323
59770.85238480627 4.361 0.019000000000000128 0.9886700195870454 0.008121399624022647 0.9766032344501165 1.006634817026146 0.9830828182178355 0.005587201369209871
59770.85240074969 4.361 0.019000000000000128 0.99253481536382 0.008136747716712434 0.9766035772172169 1.006634761909362 0.9830831094318845 0.009451705931935561
59770.8524166931 4.361 0.019000000000000128 0.9873953010759549 0.008113378480309397 0.9766039203942597 1.0066347067926031 0.9830834010585824 0.004311900017372472
59770.85243263653 4.361 0.019000000000000128 0.9824337658276018 0.008096469873510339 0.9766042639819976 1.006634651675794 0.9830836930986133 -0.0006499272710115411
59770.85244857994 4.361 0.019000000000000128 0.9760981915082033 0.008093550980125184 0.9766046079800715 1.0066345965590353 0.9830839855517142 -0.006985794043510851
59770.85246452337 4.361 0.019000000000000128 0.9732757175761607 0.00806777455173009 0.9766049523893954 1.0066345414422262 0.9830842784187062 -0.009808560842545444
59770.85248046678 4.361 0.019000000000000128 0.9869484377414509 0.008126304716690682 0.9766052972096091 1.0066344863254675 0.9830845716993254 0.003863866042125519
59770.8524964102 4.361 0.019000000000000128 0.9891624051875032 0.00811643494297979 0.9766056424414693 1.0066344312086835 0.9830848653942593 0.00607753979324388
59770.852512353624 4.361 0.019000000000000128 0.988946401268505 0.008118437444288903 0.9766059880850949 1.0066343760918994 0.9830851595036525 0.005861241764852476
59770.852528297044 4.361 0.019000000000000128 0.9904988389156554 0.008136205393669042 0.9766063341407748 1.0066343209751156 0.9830854540277957 0.0074133848878596975
59770.852544240464 4.361 0.019000000000000128 0.9902929821588929 0.008125588096759095 0.9766066806087685 1.0066342658583316 0.9830857489669499 0.007207233191943052
59770.85256018388 4.361 0.019000000000000128 0.9791588071987434 0.008110896086400953 0.9766070274892052 1.0066342107415729 0.9830860443212697 -0.003927237122526295
59770.852576127305 4.361 0.019000000000000128 0.986641254884931 0.008129253326821958 0.9766073747828469 1.0066341556247638 0.9830863400914482 0.0035549147934827996
59770.85259207072 4.361 0.019000000000000128 1.0010624357608808 0.008157047253163525 0.9766077224893316 1.0066341005080048 0.9830866362772195 0.017975799483661348
59770.85260801414 4.361 0.019000000000000128 0.9855871854897766 0.008108716726852044 0.9766080706094227 1.0066340453912208 0.9830869328792782 0.0025002526104984657
59770.85262395756 4.361 0.019000000000000128 0.9711533347458623 0.00810946359760668 0.9766084191432411 1.006633990274437 0.9830872298977708 -0.011933895151908458
59770.85263990098 4.361 0.019000000000000128 0.9882707948828371 0.008116285807235052 0.976608768091069 1.006633935157653 0.9830875273329805 0.005183267549856541
59770.8526558444 4.361 0.019000000000000128 0.9748329310416833 0.00808634327929521 0.9766091174531887 1.006633880040869 0.983087825185192 -0.008254894143508662
59770.85267178781 4.361 0.019000000000000128 0.9971384115885127 0.008136868905802315 0.9766094672297315 1.0066338249241102 0.9830881234545621 0.014050288133950595
59770.85268773124 4.361 0.019000000000000128 0.9848637684166511 0.00809151297179777 0.9766098174214463 1.0066337698073011 0.9830884221417705 0.0017753462748806292
59770.85270367465 4.361 0.019000000000000128 0.9737401041531676 0.008085627980741276 0.9766101680279791 1.0066337146905424 0.9830887212465593 -0.009348617093391742
59770.85271961807 4.361 0.019000000000000128 0.9874813647748575 0.008106833338032542 0.9766105190501003 1.0066336595737584 0.9830890207696301 0.0043923440052273666
59770.85273556149 4.361 0.019000000000000128 0.9846293026562747 0.008109157592733776 0.9766108704879328 1.0066336044569744 0.9830893207111312 0.001539981945143487
59770.85275150491 4.361 0.019000000000000128 0.9833690805638715 0.008083329972253184 0.9766112223417618 1.0066335493401906 0.9830896210713497 0.00027945949252183855
59770.852767448334 4.361 0.019000000000000128 0.988952740117521 0.008130495176344897 0.9766115746118731 1.0066334942234065 0.9830899218505729 0.005862818266948122
59770.85278339175 4.361 0.019000000000000128 0.9918848624061346 0.008144109226885373 0.9766119272983892 1.0066334391066476 0.9830902230489488 0.00879463935718583
59770.852799335174 4.361 0.019000000000000128 0.9937106394929845 0.008128334762524081 0.9766122804020868 1.0066333839898385 0.9830905246671856 0.010620114825798943
59770.852815278595 4.361 0.019000000000000128 0.9849833853550831 0.008106794365025382 0.9766126339227631 1.0066333288730547 0.9830908267051529 0.0018925586499302094
59770.85283122201 4.361 0.019000000000000128 0.9952574758696089 0.008121169478334654 0.9766129878607153 1.0066332737562957 0.9830911291631493 0.012166346706459552
59770.85284716543 4.361 0.019000000000000128 0.9856695563193266 0.008118521199251676 0.9766133422165383 1.006633218639512 0.9830914320417251 0.0025781242776015123
59770.85286310885 4.361 0.019000000000000128 0.9947641022850533 0.008169764752080505 0.9766136969903673 1.006633163522728 0.9830917353410402 0.01167236694401308
59770.85287905227 4.361 0.019000000000000128 0.9772544845310541 0.008106208149785857 0.9766140521824909 1.0066331084059439 0.9830920390613854 -0.0058375545303313015
59770.85289499569 4.361 0.019000000000000128 0.987756392557817 0.008127120166233731 0.9766144077931987 1.00663305328916 0.9830923432030525 0.004664049354764499
59770.8529109391 4.361 0.019000000000000128 0.9821603164748965 0.008082789979931625 0.9766147638226157 1.0066329981724011 0.9830926477661911 -0.0009323312912945525
59770.85292688253 4.361 0.019000000000000128 0.9792480202474343 0.00810088775526378 0.9766151202715264 1.006632943055592 0.9830929527515176 -0.0038449325040833537
59770.85294282594 4.361 0.019000000000000128 0.9837119105530351 0.008121745660629499 0.9766154771395621 1.0066328879388333 0.983093258158759 0.0006186523942760536
59770.85295876936 4.361 0.019000000000000128 0.979718978251719 0.008114871773129188 0.9766158344275091 1.0066328328220493 0.9830935639886329 -0.0033745857369138488
59770.85297471278 4.361 0.019000000000000128 0.975510070761669 0.00808420472071257 0.9766161921355041 1.0066327777052653 0.9830938702413016 -0.007583799479632614
59770.8529906562 4.361 0.019000000000000128 0.975978218883609 0.008097689103668232 0.9766165502638189 1.0066327225884815 0.9830941769170386 -0.00711595803342957
59770.853006599624 4.361 0.019000000000000128 0.9834611861537713 0.008124310024854847 0.9766169088127562 1.0066326674716974 0.9830944840161483 0.0003667021376230206
59770.85302254304 4.361 0.019000000000000128 0.9792875388193154 0.008090623452569137 0.976617267782443 1.0066326123549387 0.9830947915387833 -0.003807252719467913
59770.853038486464 4.361 0.019000000000000128 0.9731546689534514 0.008083973011721259 0.9766176271736714 1.0066325572381296 0.9830950994856671 -0.009940430532215716
59770.85305442988 4.361 0.019000000000000128 0.9736749955351496 0.00807836355615644 0.9766179869860702 1.0066325021213707 0.983095407856524 -0.009420412321374472
59770.853070373305 4.361 0.019000000000000128 0.9748675004067361 0.00808357175561972 0.9766183472205996 1.0066324470045616 0.9830957166522227 -0.008228216245486641
59770.85308631672 4.361 0.019000000000000128 0.9785475866911846 0.008109564619612966 0.9766187078768884 1.0066323918878028 0.9830960258724876 -0.004548439181302988
59770.85310226014 4.361 0.019000000000000128 0.9803722671910358 0.008079686375313021 0.9766190689557319 1.0066323367710188 0.9830963355180452 -0.0027240683270094435
59770.85311820356 4.361 0.019000000000000128 0.9782095542691435 0.00809254794673542 0.9766194304572593 1.006632281654235 0.9830966455890504 -0.004887091319906944
59770.85313414697 4.361 0.019000000000000128 0.9832535436632607 0.008111088780776711 0.97661979238161 1.006632226537476 0.9830969560856677 0.00015658757759295927
59770.8531500904 4.361 0.019000000000000128 0.9925780021231664 0.008110010124922722 0.9766201547295623 1.006632171420667 0.9830972670086071 0.009480735114559269
59770.85316603381 4.361 0.019000000000000128 0.9941912841212225 0.008112856352105409 0.9766205175007537 1.0066321163039083 0.9830975783576018 0.011093705763620676
59770.85318197724 4.361 0.019000000000000128 0.9728031954165279 0.008071951869247739 0.9766208806961532 1.0066320611870991 0.9830978901335287 -0.01029469471700073
59770.85319792065 4.361 0.019000000000000128 0.9875473119552579 0.008121222740176223 0.9766212443153868 1.0066320060703402 0.9830982023361097 0.004449109619148239
59770.85321386407 4.361 0.019000000000000128 0.979996659189147 0.00808027855970094 0.9766216083592578 1.0066319509535564 0.9830985149660798 -0.0031018557769327826
59770.85322980749 4.361 0.019000000000000128 0.9613372735620689 0.008030666543836818 0.9766219728278972 1.0066318958367724 0.9830988280235949 -0.021761554461526056
59770.853245750906 4.361 0.019000000000000128 0.9788037579079988 0.008085098069368066 0.9766223377214358 1.0066318407200137 0.9830991415088117 -0.004295383600812941
59770.853261694334 4.361 0.019000000000000128 0.9813440894279452 0.008110969027978577 0.9766227030406804 1.0066317856032045 0.9830994554224683 -0.0017553659945231948
59770.853277637754 4.361 0.019000000000000128 0.9910229900221164 0.00812135894600721 0.9766230687854252 1.0066317304864205 0.983099769764431 0.007923220257685326
59770.853293581175 4.361 0.019000000000000128 0.9674085860709413 0.00807724224316972 0.97662343495614 1.0066316753696365 0.9831000845351484 -0.015691498464207143
59770.85330952459 4.361 0.019000000000000128 0.9780401889113487 0.008121374633889239 0.9766238015529674 1.0066316202528778 0.9831003997347885 -0.00506021082343977
59770.85332546801 4.361 0.019000000000000128 0.9781468066174273 0.008074397130521374 0.9766241685765272 1.0066315651360938 0.9831007153639258 -0.004953908746498592
59770.85334141143 4.361 0.019000000000000128 0.9832012396586028 0.008108168236327878 0.9766245360269635 1.0066315100193097 0.9831010314227301 0.00010020823587275629
59770.85335735485 4.361 0.019000000000000128 0.9848542737412637 0.008118220069806135 0.9766249039045792 1.006631454902526 0.9831013479115062 0.0017529258297575012
59770.85337329827 4.361 0.019000000000000128 0.9874469479165442 0.008121195916727787 0.9766252722096778 1.006631399785742 0.9831016648305592 0.00434528308598503
59770.85338924169 4.361 0.019000000000000128 0.9697224733995397 0.008062150360810486 0.9766256409425633 1.0066313446689579 0.9831019821801954 -0.013379508780655747
59770.8534051851 4.361 0.019000000000000128 0.9795824506482471 0.008084185430374858 0.9766260101033694 1.0066312895521992 0.9831022999605737 -0.0035198493123266283
59770.85342112852 4.361 0.019000000000000128 0.9932392232283969 0.008124085740601516 0.9766263796927425 1.0066312344354151 0.9831026181722958 0.010136605056101033
59770.85343707194 4.361 0.019000000000000128 0.9901800484773249 0.00812232061291445 0.9766267497108283 1.0066311793186313 0.9831029368155328 0.007077111661792035
59770.85345301536 4.361 0.019000000000000128 0.994055556883899 0.008097863386653581 0.9766271201579113 1.0066311242018473 0.9831032558905709 0.010952300993328112
59770.85346895878 4.361 0.019000000000000128 0.9846727617550306 0.008092550925030273 0.9766274910343087 1.0066310690850633 0.9831035753977292 0.0015691863573014109
59770.8534849022 4.361 0.019000000000000128 0.9796029316887895 0.008104512140559472 0.9766278623403274 1.0066310139682795 0.983103895337317 -0.0035009636485274775
59770.853500845624 4.361 0.019000000000000128 0.9684769705846902 0.008065404620202726 0.9766282340762749 1.0066309588514954 0.9831042157096433 -0.01462724512495317
59770.85351678904 4.361 0.019000000000000128 0.9872505811816584 0.008107689345756416 0.9766286062422865 1.0066309037347365 0.9831045365148691 0.004146044666789361
