eureka_custom_plots/data/stage5_lcfit_results/S5_wasp39b_ap4_bg8_Table_Save_ch42.txt
# %ECSV 1.0
# ---
# datatype:
# - {name: time, datatype: float64}
# - {name: wavelength, datatype: float64}
# - {name: bin_width, datatype: float64}
# - {name: lcdata, datatype: float64}
# - {name: lcerr, datatype: float64}
# - {name: transit, datatype: float64}
# - {name: polynom, datatype: float64}
# - {name: model, datatype: float64}
# - {name: residuals, datatype: float64}
# schema: astropy-2.0
time wavelength bin_width lcdata lcerr transit polynom model residuals
[from data line 10691]
59770.814471354744 4.629 0.018999999999999684 0.9837735843912171 0.009415942462499119 0.9779321555754158 1.0063998255031728 0.98419075072504 -0.0004171663338229381
59770.81448729816 4.629 0.018999999999999684 0.9836391782571424 0.009420289402139884 0.9779318736974056 1.006399766215148 0.9841904090634107 -0.000551230806268288
59770.814503241585 4.629 0.018999999999999684 0.9956430585004746 0.009442709960420577 0.977931592140373 1.0063997069270691 0.9841900677247934 0.011452990775681182
59770.814519185 4.629 0.018999999999999684 0.9709668638014385 0.009364513314187965 0.9779313109045221 1.0063996476390442 0.9841897267094997 -0.013222862908061184
59770.81453512842 4.629 0.018999999999999684 0.98320129845041 0.009409614495194738 0.9779310299891548 1.0063995883509924 0.9841893860167474 -0.0009880875663373923
59770.81455107184 4.629 0.018999999999999684 0.9750517059930477 0.009396161128523914 0.9779307493940933 1.0063995290629406 0.9841890456463841 -0.009137339653336407
59770.81456701526 4.629 0.018999999999999684 0.9996074101254215 0.009449751989409323 0.9779304691190308 1.0063994697748888 0.9841887055981009 0.015418704527320637
59770.81458295868 4.629 0.018999999999999684 0.9848394198873786 0.009372872412612697 0.9779301891636606 1.0063994104868368 0.9841883658715888 0.0006510540157897982
59770.8145989021 4.629 0.018999999999999684 0.9977415848263421 0.00943810309188051 0.977929909527677 1.006399351198785 0.9841880264665406 0.013553558359801543
59770.81461484552 4.629 0.018999999999999684 0.9830768591288909 0.00939821617150742 0.9779296302107661 1.0063992919107332 0.9841876873826401 -0.0011108282537491965
59770.81463078893 4.629 0.018999999999999684 0.9976653553165395 0.009442632774694306 0.9779293512127681 1.0063992326227085 0.984187348619753 0.01347800669678656
59770.81464673236 4.629 0.018999999999999684 0.9764532964871573 0.009392862864334264 0.9779290725329837 1.0063991733346294 0.9841870101770955 -0.007733713689938249
59770.81466267577 4.629 0.018999999999999684 0.9931095331810602 0.009445424131103962 0.9779287941716243 1.0063991140466046 0.984186672054987 0.008922861126073212
59770.8146786192 4.629 0.018999999999999684 0.9900539589844451 0.009450316243623007 0.9779285161278716 1.0063990547585258 0.9841863342524977 0.005867624731947463
59770.814694562614 4.629 0.018999999999999684 0.970840068504384 0.00936528041966928 0.9779282384019369 1.0063989954705008 0.9841859967699457 -0.01334592826556169
59770.814710506034 4.629 0.018999999999999684 0.9707702474896941 0.00938192549790731 0.9779279609931322 1.006398936182449 0.9841856596065597 -0.013415412116865588
59770.814726449455 4.629 0.018999999999999684 0.9802871088957528 0.009418707133980986 0.977927683901284 1.0063988768943972 0.9841853227621914 -0.0038982138664386268
59770.81474239287 4.629 0.018999999999999684 0.9807215948868998 0.00939987331555161 0.9779274071262111 1.0063988176063725 0.9841849862366845 -0.0034633913497846835
59770.814758336295 4.629 0.018999999999999684 0.9709365658680007 0.009390718604266298 0.9779271306672442 1.0063987583182934 0.984184650029286 -0.013248084161285312
59770.814774279715 4.629 0.018999999999999684 0.9589121948506585 0.009386224642392976 0.9779268545244589 1.0063986990302416 0.9841843141401518 -0.025272119289493356
59770.814790223136 4.629 0.018999999999999684 0.9833795445542024 0.00942583459753132 0.9779265786974276 1.0063986397421898 0.9841839785688247 -0.0008044340146222684
59770.81480616655 4.629 0.018999999999999684 0.991623785908632 0.009438809123447443 0.9779263031859778 1.006398580454165 0.9841836433151575 0.007440142593474475
59770.81482210998 4.629 0.018999999999999684 0.9800278235033639 0.009377767850690928 0.9779260279894285 1.006398521166086 0.9841833083783853 -0.004155484875021376
59770.81483805339 4.629 0.018999999999999684 0.9816116499639856 0.009386707104242654 0.9779257531079905 1.0063984618780613 0.9841829737588262 -0.0025713237948405965
59770.81485399682 4.629 0.018999999999999684 0.9766057047409751 0.009385412535919416 0.9779254785408572 1.0063984025899824 0.9841826394555627 -0.0075769347145876464
59770.81486994023 4.629 0.018999999999999684 0.9972381027121787 0.009467238540810755 0.9779252042882391 1.0063983433019574 0.9841823054689122 0.013055797243266554
59770.81488588366 4.629 0.018999999999999684 0.97644442826211 0.009388564273398712 0.9779249303493318 1.0063982840138785 0.9841819717979592 -0.007737543535849212
59770.81490182707 4.629 0.018999999999999684 0.9730811555078612 0.009384755074682751 0.9779246567243377 1.0063982247258538 0.9841816384430134 -0.0111004829351522
59770.81491777048 4.629 0.018999999999999684 0.9730443332857805 0.009393785841182651 0.9779243834127231 1.0063981654378291 0.9841813054034848 -0.011136972117704258
59770.81493371391 4.629 0.018999999999999684 0.9830648752822606 0.009394174463454093 0.9779241104139321 1.00639810614975 0.9841809726787603 -0.001116097396499649
59770.814949657324 4.629 0.018999999999999684 0.9806923519686914 0.009372213781065073 0.9779238377281749 1.0063980468617253 0.9841806402691581 -0.0034882883004666576
59770.81496560075 4.629 0.018999999999999684 0.9897505859808836 0.009409744518576672 0.9779235653546522 1.0063979875736464 0.9841803081737672 0.005570277807116386
59770.814981544165 4.629 0.018999999999999684 0.9842357082805372 0.009411762743410353 0.9779232932935741 1.0063979282856217 0.9841799763929053 5.573188763186021e-05
59770.81499748759 4.629 0.018999999999999684 0.9701108390739802 0.009385404338446013 0.9779230215441436 1.0063978689975426 0.984179644925664 -0.014068805851683797
59770.815013431005 4.629 0.018999999999999684 0.9987573227834893 0.009463769102731242 0.9779227501065703 1.0063978097095179 0.9841793137723605 0.014578009011128823
59770.815029374426 4.629 0.018999999999999684 0.9762461917693896 0.009385121519700336 0.9779224789801848 1.006397750421466 0.9841789829322414 -0.007932791162851727
59770.815045317846 4.629 0.018999999999999684 0.983435729580204 0.0094012888865376 0.9779222081648129 1.006397691133414 0.9841786524051576 -0.0007429228249535846
59770.81506126127 4.629 0.018999999999999684 0.9757171869504261 0.009386204309414392 0.9779219376600612 1.0063976318453351 0.984178322190687 -0.00846113524026093
59770.81507720469 4.629 0.018999999999999684 0.9879562293353388 0.0094204100960346 0.9779216674659825 1.0063975725573104 0.9841779922889622 0.003778237046376587
59770.81509314811 4.629 0.018999999999999684 0.9647329434170923 0.009346350335336236 0.9779213975819345 1.0063975132692586 0.9841776626992569 -0.019444719282164624
59770.81510909153 4.629 0.018999999999999684 0.991592707607288 0.009425586003144587 0.9779211280077441 1.0063974539812066 0.9841773334214233 0.007415374185864687
59770.81512503494 4.629 0.018999999999999684 0.9834650032657635 0.00942902563511327 0.9779208587432461 1.006397394693182 0.984177004455322 -0.0007120011895584977
59770.81514097837 4.629 0.018999999999999684 0.9578572807879531 0.009325720809588487 0.9779205897877777 1.006397335405103 0.9841766758002063 -0.02631939501225322
59770.81515692178 4.629 0.018999999999999684 0.9754282345100462 0.009381846722604682 0.9779203211415481 1.0063972761170783 0.9841763474563925 -0.008748112946346254
59770.81517286521 4.629 0.018999999999999684 0.9765980748044214 0.009396955522975545 0.9779200528037717 1.0063972168289992 0.9841760194229837 -0.007577944618562316
59770.81518880862 4.629 0.018999999999999684 1.0051114717215446 0.0094420039122865 0.9779197847746496 1.0063971575409745 0.9841756917002888 0.020935780021255734
59770.81520475204 4.629 0.018999999999999684 0.9701370779747222 0.00939799241123125 0.9779195170535376 1.0063970982529227 0.9841753642875798 -0.01403828631285764
59770.81522069546 4.629 0.018999999999999684 0.9740266966696564 0.009380827277126042 0.9779192496402653 1.0063970389648706 0.9841750371847112 -0.010148340515054866
59770.81523663889 4.629 0.018999999999999684 0.9730384450117484 0.00937824206326257 0.9779189825344227 1.0063969796767918 0.9841747103912443 -0.011136265379495858
59770.8152525823 4.629 0.018999999999999684 0.9723621279005414 0.0093390303558397 0.9779187157360943 1.006396920388767 0.9841743839073435 -0.011812256006802024
59770.81526852572 4.629 0.018999999999999684 0.9856340964949211 0.009397913891985183 0.9779184492446246 1.0063968611007152 0.9841740577322693 0.001460038762651772
59770.81528446914 4.629 0.018999999999999684 0.9776716155568835 0.009381453277223242 0.9779181830598516 1.0063968018126632 0.9841737318658852 -0.00650211630900166
59770.81530041256 4.629 0.018999999999999684 0.9850880514316437 0.009432573690877072 0.9779179171814909 1.0063967425246114 0.9841734063079052 0.0009146451237385111
59770.815316355984 4.629 0.018999999999999684 1.0003793880672396 0.00945410783015969 0.9779176516092586 1.0063966832365596 0.9841730810580432 0.01620630700919634
59770.8153322994 4.629 0.018999999999999684 0.9805240637650537 0.009399339168321977 0.9779173863429861 1.006396623948535 0.9841727561161563 -0.003648692351102545
59770.815348242824 4.629 0.018999999999999684 0.982390852605323 0.009454143102412799 0.9779171213820452 1.0063965646604558 0.9841724314815323 -0.0017815788762093332
59770.81536418624 4.629 0.018999999999999684 0.9790670728926506 0.009388809693450462 0.9779168567266131 1.006396505372431 0.9841721071544558 -0.005105034261805197
59770.81538012966 4.629 0.018999999999999684 0.9759346421860791 0.00938354406875194 0.9779165923760629 1.0063964460843793 0.9841717831342163 -0.008237140948137212
59770.81539607308 4.629 0.018999999999999684 0.9860616908551756 0.009410225950238013 0.9779163283302278 1.0063963867963275 0.9841714594206723 0.0018902314345032867
59770.8154120165 4.629 0.018999999999999684 0.9800940909561103 0.009380626150861993 0.9779160645888265 1.0063963275082755 0.9841711360135406 -0.004077045057430229
59770.81542795992 4.629 0.018999999999999684 0.9946261618264606 0.009434578490917887 0.9779158011515783 1.0063962682202237 0.9841708129125387 0.010455348913921858
59770.81544390334 4.629 0.018999999999999684 1.0014706113103236 0.010941857383235935 0.9779155380182029 1.0063962089321719 0.9841704901173846 0.017300121192939
59770.81545984676 4.629 0.018999999999999684 0.9973983348664577 0.009459183685433413 0.9779152751884201 1.0063961496441198 0.9841701676277959 0.013228167238661825
59770.81547579018 4.629 0.018999999999999684 0.9661835176254716 0.009341914052483306 0.9779150126619509 1.006396090356068 0.9841698454434922 -0.017986327818020564
59770.81549173359 4.629 0.018999999999999684 0.9916718453497385 0.009444457230305753 0.9779147504386299 1.0063960310680433 0.9841695235643332 0.00750232178540533
59770.81550767702 4.629 0.018999999999999684 0.9892839820491994 0.009410273167338504 0.9779144885178298 1.0063959717799644 0.9841692019896082 0.005114780059591206
59770.81552362044 4.629 0.018999999999999684 0.990768522611687 0.00941510716397345 0.9779142268996289 1.0063959124919124 0.9841688807194752 0.006599641892211849
59770.81553956385 4.629 0.018999999999999684 0.9647664512042421 0.009385785310708985 0.9779139655837491 1.0063958532038877 0.9841685597536545 -0.019402108549412378
59770.81555550727 4.629 0.018999999999999684 0.9812858399782972 0.009405302140780381 0.9779137045696716 1.006395793915836 0.9841682390915709 -0.0028823991132737037
59770.815571450694 4.629 0.018999999999999684 0.9879658231808469 0.009437760099250443 0.9779134438572407 1.006395734627784 0.9841679187330941 0.0037979044477528534
59770.815587394114 4.629 0.018999999999999684 0.9943522168498503 0.009430638721020457 0.97791318344618 1.006395675339732 0.9841675986779456 0.010184618171904747
59770.815603337534 4.629 0.018999999999999684 0.9810554343424708 0.009414620280226908 0.9779129233362138 1.0063956160516803 0.9841672789258484 -0.0031118445833776542
59770.815619280955 4.629 0.018999999999999684 0.9891396433696975 0.00942154686107093 0.9779126635270668 1.0063955567636285 0.9841669594765253 0.004972683893172181
59770.815635224375 4.629 0.018999999999999684 0.9865723841364764 0.00942373223746265 0.9779124040184641 1.0063954974755764 0.9841666403296991 0.002405743806777272
59770.815651167795 4.629 0.018999999999999684 0.9844144309648335 0.009408079521201037 0.9779121448101238 1.0063954381875246 0.9841663214850865 0.00024810947974696074
59770.81566711121 4.629 0.018999999999999684 0.9825783932742882 0.00939990238946417 0.9779118859019067 1.0063953788995 0.984166002942574 -0.00158760966828575
59770.815683054636 4.629 0.018999999999999684 0.9878026976521203 0.009420034288935149 0.9779116272931725 1.006395319611421 0.9841656847014372 0.003637012950683083
59770.81569899805 4.629 0.018999999999999684 0.9739701337532349 0.009411075242025634 0.9779113689841268 1.006395260323396 0.984165366761989 -0.010195233008754023
59770.81571494148 4.629 0.018999999999999684 0.9913333021955573 0.009422162065531979 0.9779111109740188 1.0063952010353172 0.9841650491233681 0.007168253072189157
59770.81573088489 4.629 0.018999999999999684 0.9918399327111351 0.009448672479821766 0.9779108532630539 1.0063951417472925 0.9841647317858869 0.0076752009252482045
59770.81574682831 4.629 0.018999999999999684 1.0029897890513988 0.009434237802196092 0.9779105958506026 1.0063950824592407 0.9841644147488324 0.018825374302566367
59770.81576277173 4.629 0.018999999999999684 0.9907475469278412 0.00944557805615768 0.9779103387365126 1.0063950231711887 0.9841640980120775 0.006583448915763679
59770.81577871515 4.629 0.018999999999999684 0.9752115041333935 0.009377859158816216 0.9779100819205132 1.0063949638831369 0.9841637815753503 -0.008952277441956813
59770.81579465857 4.629 0.018999999999999684 0.9918572702017855 0.00942757359580506 0.9779098254023265 1.006394904595085 0.9841634654383707 0.007693804763414747
59770.81581060199 4.629 0.018999999999999684 0.9753006822635789 0.009387651795733833 0.9779095691816975 1.006394845307033 0.9841631496008818 -0.008862467337302893
59770.81582654541 4.629 0.018999999999999684 0.9834185980751395 0.009420246857215157 0.9779093132583492 1.0063947860189812 0.9841628340626052 -0.0007442359874656468
59770.815842488824 4.629 0.018999999999999684 0.9797463113057066 0.009412294264152066 0.9779090576321305 1.0063947267309565 0.9841625188234152 -0.004416207517708659
59770.81585843225 4.629 0.018999999999999684 0.9795180897142538 0.009412101397757779 0.9779088023024184 1.0063946674428776 0.9841622038826051 -0.00464411416835131
59770.815874375665 4.629 0.018999999999999684 0.9926925251650729 0.00945079072809588 0.9779085472694171 1.0063946081548527 0.9841618892404863 0.008530635924586583
59770.81589031909 4.629 0.018999999999999684 0.9672279168954151 0.009344877283257927 0.9779082925323869 1.0063945488667738 0.9841615748962086 -0.016933658000793494
59770.815906262505 4.629 0.018999999999999684 0.982419903462673 0.009411066615542715 0.9779080380915317 1.006394489578749 0.984161260850083 -0.001741357387409992
59770.815922205926 4.629 0.018999999999999684 0.9915557524538989 0.009430355755018585 0.9779077839462315 1.0063944302906973 0.9841609471014059 0.007394805352493039
59770.815938149346 4.629 0.018999999999999684 0.9766039839794146 0.009405587453364714 0.9779075300963301 1.0063943710026453 0.9841606336500466 -0.007556649670631965
59770.81595409276 4.629 0.018999999999999684 0.9869513970253045 0.009414497524897184 0.9779072765416935 1.0063943117146206 0.9841603204958967 0.002791076529407799
59770.81597003619 4.629 0.018999999999999684 0.9884204286139909 0.009409567996696943 0.9779070232816969 1.0063942524265417 0.9841600076382481 0.004260420975742862
59770.81598597961 4.629 0.018999999999999684 0.9783522921288045 0.009400247299819435 0.9779067703164268 1.0063941931384897 0.9841596950772666 -0.005807402948462159
59770.81600192303 4.629 0.018999999999999684 0.978499174874107 0.00938722177557902 0.9779065176455015 1.0063941338504379 0.9841593828125424 -0.005660207938435469
