eureka_custom_plots/data/stage5_lcfit_results/S5_wasp39b_ap4_bg8_Table_Save_ch41.txt
# %ECSV 1.0
# ---
# datatype:
# - {name: time, datatype: float64}
# - {name: wavelength, datatype: float64}
# - {name: bin_width, datatype: float64}
# - {name: lcdata, datatype: float64}
# - {name: lcerr, datatype: float64}
# - {name: transit, datatype: float64}
# - {name: polynom, datatype: float64}
# - {name: model, datatype: float64}
# - {name: residuals, datatype: float64}
# schema: astropy-2.0
time wavelength bin_width lcdata lcerr transit polynom model residuals
[from data line 434]
59770.650939692874 4.591 0.019000000000000128 1.008154433351803 0.008843874081609157 1.0 1.0070662684084901 1.0070662684084901 0.0010881649433129859
59770.650955636294 4.591 0.019000000000000128 1.0024886274487936 0.008809430994269818 1.0 1.0070662108196273 1.0070662108196273 -0.004577583370833693
59770.65097157971 4.591 0.019000000000000128 0.9999106299338278 0.0088359331156973 1.0 1.0070661532307912 1.0070661532307912 -0.00715552329696334
59770.650987523135 4.591 0.019000000000000128 1.0024041675939213 0.008821721415211002 1.0 1.0070660956419022 1.0070660956419022 -0.004661928047980934
59770.65100346656 4.591 0.019000000000000128 1.0085026940867021 0.008839409579514504 1.0 1.0070660380530134 1.0070660380530134 0.001436656033688699
59770.651019409976 4.591 0.019000000000000128 1.0170262525964053 0.0088780223256407 1.0 1.007065980464177 1.007065980464177 0.009960272132228276
59770.651035353396 4.591 0.019000000000000128 1.0186625466307255 0.00887162576450454 1.0 1.0070659228753145 1.0070659228753145 0.01159662375541104
59770.651051296816 4.591 0.019000000000000128 1.0127738514231233 0.008857771013881183 1.0 1.007065865286452 1.007065865286452 0.005707986136671339
59770.65106724024 4.591 0.019000000000000128 0.999663835177546 0.008800442233605809 1.0 1.0070658076975894 1.0070658076975894 -0.007401972520043376
59770.651083183664 4.591 0.019000000000000128 0.9995596167377172 0.008827163342715823 1.0 1.0070657501087006 1.0070657501087006 -0.007506133370983381
59770.65109912708 4.591 0.019000000000000128 1.0165644921172887 0.008859405947313855 1.0 1.0070656925198642 1.0070656925198642 0.009498799597424501
59770.651115070505 4.591 0.019000000000000128 1.0128071808879646 0.008866682776359755 1.0 1.0070656349309755 1.0070656349309755 0.005741545956989169
59770.651131013925 4.591 0.019000000000000128 1.004944393516396 0.008832211916666478 1.0 1.0070655773421129 1.0070655773421129 -0.0021211838257169102
59770.65114695734 4.591 0.019000000000000128 1.0124891590712692 0.008857018218290201 1.0 1.0070655197532765 1.0070655197532765 0.005423639317992723
59770.651162900765 4.591 0.019000000000000128 1.0129940741304255 0.008865808380149836 1.0 1.0070654621643877 1.0070654621643877 0.005928611966037778
59770.651178844186 4.591 0.019000000000000128 1.0040223013856422 0.008851692634108904 1.0 1.0070654045755252 1.0070654045755252 -0.0030431031898829897
59770.651194787606 4.591 0.019000000000000128 1.0181294112061225 0.008832622239462896 1.0 1.0070653469866624 1.0070653469866624 0.011064064219460157
59770.65121073103 4.591 0.019000000000000128 1.0081370647548882 0.008868266744806763 1.0 1.0070652893977998 1.0070652893977998 0.001071775357088356
59770.65122667445 4.591 0.019000000000000128 0.9937322657408321 0.008818226247589706 1.0 1.0070652318089373 1.0070652318089373 -0.01333296606810519
59770.65124261787 4.591 0.019000000000000128 1.0033738455144698 0.008825121426160718 1.0 1.0070651742200747 1.0070651742200747 -0.003691328705604846
59770.65125856129 4.591 0.019000000000000128 0.9988438490249102 0.008834855797044171 1.0 1.0070651166312121 1.0070651166312121 -0.00822126760630193
59770.65127450471 4.591 0.019000000000000128 0.9989243150840927 0.008810657439100719 1.0 1.0070650590423496 1.0070650590423496 -0.008140743958256813
59770.651290448135 4.591 0.019000000000000128 1.0033307213420346 0.008864346063921585 1.0 1.0070650014534608 1.0070650014534608 -0.0037342801114261803
59770.651306391555 4.591 0.019000000000000128 0.991174799063409 0.00880476629517704 1.0 1.0070649438645982 1.0070649438645982 -0.01589014480118922
59770.65132233497 4.591 0.019000000000000128 1.0056855012725896 0.008838651213518525 1.0 1.0070648862757619 1.0070648862757619 -0.001379385003172251
59770.651338278396 4.591 0.019000000000000128 1.0116720771671401 0.008837839438027604 1.0 1.007064828686873 1.007064828686873 0.004607248480267057
59770.651354221816 4.591 0.019000000000000128 1.002307522023226 0.008833222084242967 1.0 1.0070647710980105 1.0070647710980105 -0.004757249074784475
59770.65137016524 4.591 0.019000000000000128 1.0113141131152708 0.008864126397267288 1.0 1.007064713509148 1.007064713509148 0.004249399606122806
59770.65138610866 4.591 0.019000000000000128 0.9987689596822266 0.008831953296990559 1.0 1.0070646559202854 1.0070646559202854 -0.008295696238058814
59770.651402052084 4.591 0.019000000000000128 1.0047921683763315 0.008834876629572667 1.0 1.0070645983313964 1.0070645983313964 -0.0022724299550649363
59770.6514179955 4.591 0.019000000000000128 1.0032230862461862 0.008842270662090918 1.0 1.0070645407425602 1.0070645407425602 -0.003841454496374075
59770.65143393892 4.591 0.019000000000000128 0.9852792351311991 0.00879253728119868 1.0 1.0070644831536977 1.0070644831536977 -0.021785248022498593
59770.65144988234 4.591 0.019000000000000128 1.009838729423174 0.00885836531565212 1.0 1.0070644255648349 1.0070644255648349 0.002774303858339211
59770.65146582576 4.591 0.019000000000000128 1.0047031424446835 0.008825538327897672 1.0 1.0070643679759723 1.0070643679759723 -0.002361225531288813
59770.651481769186 4.591 0.019000000000000128 0.9942257905120963 0.0088217648856557 1.0 1.0070643103870835 1.0070643103870835 -0.012838519874987298
59770.6514977126 4.591 0.019000000000000128 0.9995142492313706 0.008823908027368566 1.0 1.0070642527982472 1.0070642527982472 -0.0075500035668766285
59770.65151365603 4.591 0.019000000000000128 0.9893533323010182 0.008800839739560171 1.0 1.0070641952093584 1.0070641952093584 -0.01771086290834023
59770.65152959945 4.591 0.019000000000000128 1.0018998993666102 0.008825065300404202 1.0 1.0070641376204958 1.0070641376204958 -0.005164238253885678
59770.65154554287 4.591 0.019000000000000128 0.9908756417862236 0.008795794929350578 1.0 1.0070640800316333 1.0070640800316333 -0.01618843824540972
59770.65156148629 4.591 0.019000000000000128 1.0103676929354293 0.00884566086396913 1.0 1.0070640224427707 1.0070640224427707 0.0033036704926585614
59770.651577429715 4.591 0.019000000000000128 0.9999463211819656 0.008820457013143414 1.0 1.0070639648538817 1.0070639648538817 -0.007117643671916141
59770.65159337313 4.591 0.019000000000000128 1.0013824431508778 0.008823455505477813 1.0 1.0070639072650456 1.0070639072650456 -0.005681464114167811
59770.65160931655 4.591 0.019000000000000128 1.0028905879281342 0.0088425790554363 1.0 1.007063849676183 1.007063849676183 -0.004173261748048773
59770.651625259976 4.591 0.019000000000000128 1.004901390338417 0.008832869620388015 1.0 1.007063792087294 1.007063792087294 -0.002162401748877052
59770.65164120339 4.591 0.019000000000000128 1.0230663014871295 0.008901748426933023 1.0 1.0070637344984579 1.0070637344984579 0.01600256698867164
59770.65165714682 4.591 0.019000000000000128 0.9959018463287619 0.008811366468618258 1.0 1.0070636769095689 1.0070636769095689 -0.011161830580806997
59770.65167309023 4.591 0.019000000000000128 1.0020585177492853 0.008817600432379625 1.0 1.0070636193207327 1.0070636193207327 -0.005005101571447401
59770.65168903366 4.591 0.019000000000000128 1.01388174564077 0.008879008672662081 1.0 1.0070635617318437 1.0070635617318437 0.006818183908926301
59770.65170497708 4.591 0.019000000000000128 1.00935249874787 0.00884960004440363 1.0 1.0070635041429812 1.0070635041429812 0.002288994604888739
59770.65172092049 4.591 0.019000000000000128 1.0026949064967752 0.008842076140397392 1.0 1.0070634465541448 1.0070634465541448 -0.004368540057369641
59770.65173686392 4.591 0.019000000000000128 1.0236150075408186 0.00888399007834896 1.0 1.007063388965256 1.007063388965256 0.016551618575562532
59770.651752807345 4.591 0.019000000000000128 1.009394935771747 0.008866118435797122 1.0 1.0070633313763673 1.0070633313763673 0.002331604395379827
59770.65176875076 4.591 0.019000000000000128 0.9998795846590897 0.008834959958923104 1.0 1.007063273787531 1.007063273787531 -0.007183689128441251
59770.65178469418 4.591 0.019000000000000128 1.0118991994214381 0.008848890164560946 1.0 1.0070632161986683 1.0070632161986683 0.004835983222769791
59770.651800637606 4.591 0.019000000000000128 1.0202079101477115 0.008877141267459508 1.0 1.0070631586097794 1.0070631586097794 0.013144751537932153
59770.65181658102 4.591 0.019000000000000128 1.015558395044537 0.008843465418153323 1.0 1.0070631010209432 1.0070631010209432 0.008495294023593836
59770.65183252445 4.591 0.019000000000000128 0.99281862625234 0.00878833510901322 1.0 1.0070630434320542 1.0070630434320542 -0.014244417179714253
59770.65184846786 4.591 0.019000000000000128 0.9959537350935821 0.008838215705765949 1.0 1.007062985843218 1.007062985843218 -0.01110925074963598
59770.65186441129 4.591 0.019000000000000128 0.995687862498021 0.00881940070783855 1.0 1.007062928254329 1.007062928254329 -0.01137506575630809
59770.65188035471 4.591 0.019000000000000128 1.0035973839697143 0.008837693567000851 1.0 1.0070628706654665 1.0070628706654665 -0.0034654866957521957
59770.65189629812 4.591 0.019000000000000128 1.0068420921681736 0.00885431755130998 1.0 1.0070628130766304 1.0070628130766304 -0.00022072090845681736
59770.65191224155 4.591 0.019000000000000128 1.0020811774529563 0.008831067474805079 1.0 1.0070627554877414 1.0070627554877414 -0.00498157803478505
59770.65192818497 4.591 0.019000000000000128 1.0236359306554108 0.00889697740121406 1.0 1.0070626978988788 1.0070626978988788 0.016573232756531997
59770.65194412839 4.591 0.019000000000000128 0.9957282791433155 0.00884410440506822 1.0 1.0070626403100162 1.0070626403100162 -0.011334361166700724
59770.65196007181 4.591 0.019000000000000128 1.0185999155823289 0.0088425537939068 1.0 1.0070625827211537 1.0070625827211537 0.011537332861175198
59770.65197601524 4.591 0.019000000000000128 1.0093593292594232 0.00884304951461388 1.0 1.007062525132265 1.007062525132265 0.0022968041271582695
59770.65199195865 4.591 0.019000000000000128 1.0146925241257412 0.00884379136521688 1.0 1.0070624675434285 1.0070624675434285 0.007630056582312639
59770.65200790207 4.591 0.019000000000000128 0.9920602565159969 0.00880219095952077 1.0 1.007062409954566 1.007062409954566 -0.015002153438569032
59770.6520238455 4.591 0.019000000000000128 1.0095452424446227 0.008866181212558779 1.0 1.0070623523656772 1.0070623523656772 0.002482890078945532
59770.65203978892 4.591 0.019000000000000128 1.0223429103580144 0.008887678612184148 1.0 1.0070622947768144 1.0070622947768144 0.015280615581199974
59770.65205573234 4.591 0.019000000000000128 1.0128917928610903 0.008855569130153668 1.0 1.0070622371879518 1.0070622371879518 0.005829555673138476
59770.65207167575 4.591 0.019000000000000128 1.023216972458089 0.00887886819579097 1.0 1.0070621795991157 1.0070621795991157 0.016154792858973366
59770.65208761918 4.591 0.019000000000000128 0.9961380401458778 0.008820428351173122 1.0 1.0070621220102267 1.0070621220102267 -0.0109240818643489
59770.6521035626 4.591 0.019000000000000128 1.0074416914061524 0.008844670397893283 1.0 1.0070620644213641 1.0070620644213641 0.0003796269847882172
59770.65211950602 4.591 0.019000000000000128 1.013577441347624 0.008849796794240842 1.0 1.0070620068325016 1.0070620068325016 0.006515434515122376
59770.65213544944 4.591 0.019000000000000128 0.9992394110700791 0.008820134139373966 1.0 1.007061949243639 1.007061949243639 -0.007822538173559934
59770.65215139287 4.591 0.019000000000000128 0.9957499621796205 0.00881710396164104 1.0 1.0070618916547502 1.0070618916547502 -0.011311929475129712
59770.65216733628 4.591 0.019000000000000128 1.0061634919009328 0.008819789215640864 1.0 1.0070618340659139 1.0070618340659139 -0.0008983421649810808
59770.6521832797 4.591 0.019000000000000128 1.0283598062100041 0.00890154430546019 1.0 1.0070617764770513 1.0070617764770513 0.021298029732952806
59770.65219922313 4.591 0.019000000000000128 1.0164576368457858 0.008871334795956575 1.0 1.0070617188881625 1.0070617188881625 0.00939591795762329
59770.65221516655 4.591 0.019000000000000128 0.9961720641339715 0.008815777923454178 1.0 1.0070616612993 1.0070616612993 -0.010889597165328446
59770.65223110997 4.591 0.019000000000000128 1.0047135994813945 0.008821359046347907 1.0 1.0070616037104374 1.0070616037104374 -0.0023480042290429104
59770.65224705338 4.591 0.019000000000000128 1.0103299978909457 0.008870015507116106 1.0 1.007061546121601 1.007061546121601 0.003268451769344649
59770.65226299681 4.591 0.019000000000000128 0.9971090280645902 0.008823064097281775 1.0 1.0070614885327123 1.0070614885327123 -0.009952460468122037
59770.65227894023 4.591 0.019000000000000128 1.03232177642955 0.008883499203960026 1.0 1.0070614309438495 1.0070614309438495 0.025260345485700553
59770.65229488365 4.591 0.019000000000000128 1.0046131625187218 0.008835470212625682 1.0 1.007061373354987 1.007061373354987 -0.002448210836265119
59770.65231082707 4.591 0.019000000000000128 0.9967104478021427 0.008822943063804801 1.0 1.0070613157661243 1.0070613157661243 -0.010350867963981658
59770.6523267705 4.591 0.019000000000000128 1.010775268630459 0.008868955584242081 1.0 1.0070612581772356 1.0070612581772356 0.003714010453223393
59770.65234271391 4.591 0.019000000000000128 0.9991823476754944 0.008834998129725003 1.0 1.0070612005883992 1.0070612005883992 -0.007878852912904799
59770.65235865733 4.591 0.019000000000000128 1.0021465748513683 0.008832857843126022 1.0 1.0070611429995366 1.0070611429995366 -0.0049145681481683745
59770.65237460076 4.591 0.019000000000000128 1.003738457075366 0.008847311660505308 1.0 1.0070610854106479 1.0070610854106479 -0.003322628335281852
59770.65239054417 4.591 0.019000000000000128 1.008490773241304 0.008852362230229317 1.0 1.0070610278218115 1.0070610278218115 0.0014297454194924786
59770.6524064876 4.591 0.019000000000000128 1.015814485816598 0.008871466158998784 1.0 1.0070609702329227 1.0070609702329227 0.00875351558367532
59770.65242243102 4.591 0.019000000000000128 1.0012490847113307 0.008836852183560374 1.0 1.0070609126440602 1.0070609126440602 -0.005811827932729496
59770.65243837444 4.591 0.019000000000000128 1.0202323011685626 0.008893066329665055 1.0 1.0070608550551976 1.0070608550551976 0.01317144611336496
59770.65245431786 4.591 0.019000000000000128 1.0053507897238088 0.008845321653401537 1.0 1.007060797466335 1.007060797466335 -0.001710007742526276
59770.65247026127 4.591 0.019000000000000128 1.026801189996314 0.008882229904787677 1.0 1.0070607398774987 1.0070607398774987 0.019740450118815422
59770.6524862047 4.591 0.019000000000000128 1.0128838589495335 0.008855561924272042 1.0 1.00706068228861 1.00706068228861 0.005823176660923579
59770.65250214813 4.591 0.019000000000000128 1.012306249357139 0.008847728474828995 1.0 1.007060624699721 1.007060624699721 0.00524562465741818
59770.65251809154 4.591 0.019000000000000128 0.991411161353006 0.00881532033785108 1.0 1.0070605671108845 1.0070605671108845 -0.015649405757878543
59770.65253403496 4.591 0.019000000000000128 1.0079869950491305 0.008835460716955684 1.0 1.007060509522022 1.007060509522022 0.0009264855271085004
59770.65254997839 4.591 0.019000000000000128 0.9958169417088945 0.008817802578147863 1.0 1.0070604519331332 1.0070604519331332 -0.01124351022423875
59770.6525659218 4.591 0.019000000000000128 1.0004558081266142 0.008827399500757276 1.0 1.0070603943442968 1.0070603943442968 -0.006604586217682673
59770.65258186523 4.591 0.019000000000000128 1.0103514724738 0.008850026136496658 1.0 1.007060336755408 1.007060336755408 0.003291135718392013
59770.65259780865 4.591 0.019000000000000128 1.0028751030196343 0.008825850616619531 1.0 1.0070602791665455 1.0070602791665455 -0.004185176146911163
59770.65261375207 4.591 0.019000000000000128 1.0045904496652591 0.00882294738312808 1.0 1.007060221577683 1.007060221577683 -0.0024697719124238127
59770.65262969549 4.591 0.019000000000000128 1.0073537575313876 0.008870388927728337 1.0 1.0070601639888204 1.0070601639888204 0.0002935935425671943
