eureka_custom_plots/data/stage5_lcfit_results/S5_wasp39b_ap4_bg8_Table_Save_ch55.txt
# %ECSV 1.0
# ---
# datatype:
# - {name: time, datatype: float64}
# - {name: wavelength, datatype: float64}
# - {name: bin_width, datatype: float64}
# - {name: lcdata, datatype: float64}
# - {name: lcerr, datatype: float64}
# - {name: transit, datatype: float64}
# - {name: polynom, datatype: float64}
# - {name: model, datatype: float64}
# - {name: residuals, datatype: float64}
# schema: astropy-2.0
time wavelength bin_width lcdata lcerr transit polynom model residuals
[from data line 12911]
59770.849865746015 5.1274999999999995 0.019500000000000295 0.9931003637928079 0.01317122070896948 0.9779184534137362 1.0061786440359313 0.983960663433548 0.009139700359259817
59770.84988168943 5.1274999999999995 0.019500000000000295 0.9810388796895341 0.013101547342836143 0.9779186418870658 1.0061785853151117 0.9839607956472032 -0.002921915957669108
59770.84989763285 5.1274999999999995 0.019500000000000295 0.9978729977759804 0.013163226560624075 0.977918830608309 1.0061785265942655 0.9839609281102555 0.013912069665724891
59770.84991357627 5.1274999999999995 0.019500000000000295 0.9946851575985919 0.013185106923041328 0.9779190195775069 1.0061784678734191 0.9839610608227721 0.010724096775819758
59770.849929519696 5.1274999999999995 0.019500000000000295 0.9781555980900007 0.013095848849438686 0.9779192087948922 1.006178409152546 0.9839611937849613 -0.00580559569496053
59770.84994546311 5.1274999999999995 0.019500000000000295 0.9815119423914056 0.013126310858420594 0.9779193982603471 1.0061783504317265 0.9839613269967827 -0.002449384605377136
59770.84996140653 5.1274999999999995 0.019500000000000295 0.9989111220037568 0.014779869744937875 0.9779195879742634 1.0061782917108804 0.9839614604585523 0.014949661545204496
59770.84997734995 5.1274999999999995 0.019500000000000295 0.9771349439664393 0.020793483345737558 0.9779197779367046 1.006178232990034 0.9839615941703598 -0.006826650203920481
59770.84999329336 5.1274999999999995 0.019500000000000295 0.996654236015468 0.01314339776555245 0.9779199681477119 1.0061781742692144 0.983961728132273 0.012692507883194981
59770.85000923679 5.1274999999999995 0.019500000000000295 0.9844420202425567 0.013138063539549818 0.9779201586076955 1.0061781155483414 0.9839618623446262 0.0004801578979304333
59770.8500251802 5.1274999999999995 0.019500000000000295 0.9827826110963912 0.01313663656279297 0.9779203493164497 1.0061780568275218 0.9839619968073167 -0.0011793857109254624
59770.85004112363 5.1274999999999995 0.019500000000000295 0.9973818568644233 0.013189123799659053 0.977920540274457 1.0061779981066488 0.9839621315207255 0.01341972534369773
59770.850057067044 5.1274999999999995 0.019500000000000295 0.986038064610757 0.013062235917842625 0.9779207314815166 1.0061779393858292 0.9839622664847552 0.002075798126001893
59770.850073010464 5.1274999999999995 0.019500000000000295 0.9957463459967631 0.013175868326430881 0.9779209229380239 1.006177880664983 0.983962401699725 0.011783944297038107
59770.850088953885 5.1274999999999995 0.019500000000000295 0.9909808772399772 0.013131299190252323 0.9779211146440437 1.0061778219441366 0.9839625371657262 0.0070183400742509505
59770.8501048973 5.1274999999999995 0.019500000000000295 "" "" 0.977921306599618 1.006177763223317 0.9839626728828272 ""
59770.850120840725 5.1274999999999995 0.019500000000000295 0.9705702572810215 0.013048396385282678 0.9779214988051608 1.006177704502444 0.9839628088513662 -0.01339255157034469
59770.85013678414 5.1274999999999995 0.019500000000000295 0.9985880146543179 0.013206391564042436 0.9779216912604647 1.0061776457816245 0.9839629450712389 0.014625069583078965
59770.850152727566 5.1274999999999995 0.019500000000000295 0.9646967255498594 0.01309913043306196 0.9779218839660174 1.0061775870607514 0.9839630815428315 -0.019266355992972106
59770.85016867098 5.1274999999999995 0.019500000000000295 0.9709693354700858 0.013120557615380158 0.9779220769216164 1.006177528339932 0.9839632182660447 -0.012993882795958922
59770.8501846144 5.1274999999999995 0.019500000000000295 1.0037989191944783 0.013231683292063855 0.9779222701276613 1.0061774696190855 0.983963355241202 0.019835563953276236
59770.85020055782 5.1274999999999995 0.019500000000000295 0.9907591494096621 0.013147710591895456 0.9779224635842119 1.0061774108982393 0.98396349246839 0.006795656941272155
59770.85021650124 5.1274999999999995 0.019500000000000295 0.9755746512508515 0.013123783885012827 0.9779226572914174 1.006177352177393 0.9839636299477583 -0.008388978696906801
59770.85023244466 5.1274999999999995 0.019500000000000295 0.9922531129812872 0.0131479153320447 0.9779228512494104 1.0061772934565467 0.9839637676794408 0.00828934530184633
59770.85024838807 5.1274999999999995 0.019500000000000295 0.9877102674479398 0.013103367358302094 0.9779230454582565 1.0061772347357272 0.9839639056635293 0.003746361784410457
59770.8502643315 5.1274999999999995 0.019500000000000295 1.00771989613206 0.013199591756769779 0.9779232399183585 1.0061771760148541 0.9839640439003506 0.023755852231709285
59770.85028027491 5.1274999999999995 0.019500000000000295 0.9651282905335004 0.0130544923406572 0.9779234346295123 1.0061771172940346 0.9839641823898039 -0.01883589185630352
59770.850296218334 5.1274999999999995 0.019500000000000295 0.9842911503131123 0.013139125083921425 0.9779236295921214 1.0061770585731882 0.9839643211322168 0.00032682918089554924
59770.850312161754 5.1274999999999995 0.019500000000000295 0.9983950632488947 0.01313257400495242 0.9779238248062468 1.006176999852342 0.9839644601276768 0.014430603121217911
59770.850328105174 5.1274999999999995 0.019500000000000295 0.9605805127854162 0.013077664235829473 0.9779240202720394 1.0061769411314956 0.9839645993763353 -0.023384086590919062
59770.850344048595 5.1274999999999995 0.019500000000000295 0.9867954361301993 0.013132967213553833 0.9779242159896332 1.0061768824106494 0.9839647388783277 0.0028306972518715723
59770.85035999201 5.1274999999999995 0.019500000000000295 0.9884041100307177 0.013159902589429087 0.9779244119590947 1.0061768236898299 0.9839648786337466 0.004439231396971111
59770.850375935435 5.1274999999999995 0.019500000000000295 0.9963829627973271 0.013215441948373523 0.9779246081808308 1.0061767649689568 0.983965018642923 0.012417944154404115
59770.850391878856 5.1274999999999995 0.019500000000000295 0.9845570728831899 0.013120898655745932 0.9779248046547214 1.0061767062481104 0.9839651589058144 0.0005919139773755688
59770.85040782227 5.1274999999999995 0.019500000000000295 0.9992431755823379 0.013138567754640644 0.9779250013809181 1.0061766475272909 0.9839652994225735 0.015277876159764392
59770.85042376569 5.1274999999999995 0.019500000000000295 0.9921995351213942 0.013154663127384742 0.9779251983597383 1.0061765888064447 0.9839654401934673 0.008234094927926927
59770.85043970911 5.1274999999999995 0.019500000000000295 0.9702405388293963 0.013127272570078227 0.9779253955912496 1.0061765300855983 0.9839655812185896 -0.013725042389193254
59770.85045565253 5.1274999999999995 0.019500000000000295 0.9790490816983959 0.013057146021462891 0.9779255930755877 1.006176471364752 0.9839657224980772 -0.004916640799681349
59770.85047159595 5.1274999999999995 0.019500000000000295 0.9756575221818723 0.013110254457506356 0.9779257908129115 1.0061764126439057 0.9839658640320899 -0.00830834185021756
59770.85048753936 5.1274999999999995 0.019500000000000295 0.9940723111116007 0.013140955366177962 0.9779259888032656 1.0061763539230861 0.9839660058206986 0.010106305290902062
59770.85050348279 5.1274999999999995 0.019500000000000295 0.9747592317889748 0.013113100477883513 0.9779261870470788 1.006176295202213 0.9839661478642562 -0.009206916075281346
59770.8505194262 5.1274999999999995 0.019500000000000295 0.9811721680893245 0.013138154042688007 0.977926385544138 1.0061762364813935 0.983966290162653 -0.00279412207332852
59770.850535369624 5.1274999999999995 0.019500000000000295 0.9884412929069506 0.013137451751206404 0.9779265842948556 1.0061761777605474 0.9839664327162255 0.004474860190725072
59770.850551313044 5.1274999999999995 0.019500000000000295 1.0005846336719124 0.013214458234271816 0.9779267832992998 1.006176119039701 0.9839665755250682 0.01661805814684425
59770.850567256464 5.1274999999999995 0.019500000000000295 0.9635939440263391 0.01309319682319676 0.9779269825576082 1.0061760603188545 0.9839667185893194 -0.020372774562980256
59770.850583199885 5.1274999999999995 0.019500000000000295 0.9769369864773938 0.01314109133193409 0.9779271820699358 1.0061760015980084 0.9839668619091355 -0.007029875431741717
59770.8505991433 5.1274999999999995 0.019500000000000295 0.9701718935235729 0.013070863302020652 0.9779273818363451 1.0061759428771888 0.9839670054846051 -0.013795111961032225
59770.850615086725 5.1274999999999995 0.019500000000000295 1.0130444215101593 0.01322113655709421 0.9779275818572517 1.0061758841563158 0.9839671493160681 0.029077272194091175
59770.85063103014 5.1274999999999995 0.019500000000000295 0.9761504717722144 0.013088650737391468 0.977927782132447 1.0061758254354962 0.983967293403419 -0.007816821631204673
59770.85064697356 5.1274999999999995 0.019500000000000295 0.9901766417208631 0.013134174816431953 0.9779279826623474 1.0061757667146498 0.9839674377469981 0.00620920397386493
59770.85066291698 5.1274999999999995 0.019500000000000295 0.972910597095206 0.013102661299290694 0.9779281834470221 1.0061757079938036 0.9839675823469017 -0.011056985251695739
59770.850678860406 5.1274999999999995 0.019500000000000295 0.9846618628676092 0.013097659098309792 0.9779283844867035 1.0061756492729306 0.983967727203337 0.0006941356642721219
59770.85069480382 5.1274999999999995 0.019500000000000295 0.9793141433594499 0.013094123007013434 0.9779285857812687 1.006175590552111 0.9839678723162588 -0.0046537289568089335
59770.85071074723 5.1274999999999995 0.019500000000000295 0.9733124095967138 0.013078082071074384 0.9779287873310609 1.0061755318312915 0.9839680176859602 -0.010655608089246371
59770.85072669066 5.1274999999999995 0.019500000000000295 0.9679488025186925 0.013082749228038664 0.9779289891364066 1.0061754731104184 0.9839681633127172 -0.016019360794024662
59770.85074263407 5.1274999999999995 0.019500000000000295 0.9881909788298343 0.013174660207406657 0.9779291911970954 1.006175414389599 0.9839683091964228 0.004222669633411558
59770.8507585775 5.1274999999999995 0.019500000000000295 0.9920562645725167 0.01314591042274037 0.9779293935136418 1.0061753556687258 0.9839684553374899 0.008087809235026833
59770.85077452091 5.1274999999999995 0.019500000000000295 0.9950099801740109 0.01318515171077633 0.9779295960858351 1.0061752969479063 0.9839686017358111 0.011041378438199745
59770.85079046434 5.1274999999999995 0.019500000000000295 0.9838342786834757 0.013110912215387866 0.9779297989141906 1.0061752382270333 0.9839687483918005 -0.00013446970832475813
59770.850806407754 5.1274999999999995 0.019500000000000295 1.0180908291433832 0.013250125770695077 0.9779300019984917 1.0061751795062137 0.9839688953053443 0.034121933838038965
59770.85082235117 5.1274999999999995 0.019500000000000295 0.9789100027147 0.01312802820788548 0.9779302053390846 1.0061751207853942 0.9839690424767388 -0.005059039762038808
59770.850838294595 5.1274999999999995 0.019500000000000295 0.9961764303494539 0.013143516979506494 0.9779304089362992 1.0061750620645211 0.9839691899062634 0.012207240443190548
59770.850854238015 5.1274999999999995 0.019500000000000295 0.9814177829376001 0.013143824416801456 0.9779306127900125 1.0061750033436747 0.9839693375938726 -0.0025515546562725477
59770.850870181435 5.1274999999999995 0.019500000000000295 0.9858986892917513 0.013142455457551916 0.9779308169004779 1.0061749446228285 0.9839694855397958 0.0019292037519554883
59770.85088612485 5.1274999999999995 0.019500000000000295 1.0071286312154737 0.013248507150887212 0.977931021267743 1.006174885902009 0.9839696337441064 0.023158997471367293
59770.85090206827 5.1274999999999995 0.019500000000000295 0.9874473028875311 0.013124068468956876 0.9779312258921627 1.0061748271811626 0.9839697822071093 0.0034775206804218417
59770.85091801169 5.1274999999999995 0.019500000000000295 0.9915714931936187 0.013203147625696875 0.9779314307737854 1.0061747684603164 0.9839699309288795 0.007601562264739181
59770.85093395511 5.1274999999999995 0.019500000000000295 0.9979647531006922 0.013157075617338237 0.9779316359127772 1.00617470973947 0.9839700799095836 0.013994673191108586
59770.85094989853 5.1274999999999995 0.019500000000000295 0.9896278285537634 0.013169587902008615 0.9779318413092813 1.0061746510186236 0.9839702291493662 0.005657599404397251
59770.85096584195 5.1274999999999995 0.019500000000000295 1.004398706696723 0.013226034141447553 0.9779320469634589 1.0061745922977774 0.9839703786483892 0.020428328048333833
59770.85098178537 5.1274999999999995 0.019500000000000295 1.0157197576921115 0.013240800618482625 0.977932252875471 1.006174533576931 0.9839705284068144 0.03174922928529711
59770.85099772878 5.1274999999999995 0.019500000000000295 0.9847681985463979 0.0145841794382222 0.9779324590453662 1.0061744748561117 0.9839706784247173 0.0007975201216805505
59770.8510136722 5.1274999999999995 0.019500000000000295 0.9949256036941936 0.013126335990616815 0.9779326654735031 1.0061744161352653 0.9839708287024057 0.010954774991787875
59770.851029615624 5.1274999999999995 0.019500000000000295 0.9953809949380067 0.013149713116958665 0.9779328721599303 1.0061743574144189 0.9839709792399549 0.011410015698051779
59770.851045559044 5.1274999999999995 0.019500000000000295 0.971009468615457 0.013072106586558309 0.9779330791048163 1.0061742986935727 0.9839711300375347 -0.012961661422077664
59770.851061502464 5.1274999999999995 0.019500000000000295 0.9828166750735026 0.013117097648537128 0.9779332863083059 1.0061742399727263 0.9839712810952902 -0.0011546060217876297
59770.851077445885 5.1274999999999995 0.019500000000000295 0.9694178900027853 0.013062311961266284 0.9779334937705618 1.00617418125188 0.9839714324133856 -0.014553542410600251
59770.851093389305 5.1274999999999995 0.019500000000000295 0.9732521312360031 0.013078873988892837 0.9779337014917474 1.0061741225310337 0.9839715839919848 -0.01071945275598174
59770.85110933272 5.1274999999999995 0.019500000000000295 0.9873975687685355 0.013123884171375269 0.9779339094719116 1.0061740638102141 0.9839717358311634 0.0034258329373720864
59770.85112527614 5.1274999999999995 0.019500000000000295 0.9689885707027911 0.013108238332925957 0.9779341177114168 1.006174005089368 0.9839718879312337 -0.014983317228442594
59770.851141219566 5.1274999999999995 0.019500000000000295 0.9803878127565273 0.013094647369859247 0.9779343262104092 1.0061739463684949 0.9839720402923424 -0.00358422753581511
59770.85115716298 5.1274999999999995 0.019500000000000295 0.9596622982974402 0.013023202840747655 0.9779345349687693 1.0061738876476753 0.983972192914448 -0.024309894617007832
59770.8511731064 5.1274999999999995 0.019500000000000295 0.9853040528395947 0.013153277649463882 0.9779347439869331 1.006173828926829 0.9839723457979107 0.0013317070416839494
59770.85118904982 5.1274999999999995 0.019500000000000295 0.9837815129775206 0.01311436244752081 0.9779349532649692 1.0061737702059828 0.9839724989428256 -0.00019098596530497947
59770.85120499323 5.1274999999999995 0.019500000000000295 0.9669869136742811 0.013088376436867454 0.977935162802945 1.0061737114851632 0.9839726523492865 -0.016985738675005413
59770.85122093666 5.1274999999999995 0.019500000000000295 0.9976855973379911 0.013199186538534292 0.9779353726012991 1.0061736527642902 0.9839728060176562 0.013712791320334872
59770.85123688007 5.1274999999999995 0.019500000000000295 1.0070887713288996 0.013219201906715211 0.9779355826598147 1.0061735940434706 0.9839729599478213 0.02311581138107832
59770.8512528235 5.1274999999999995 0.019500000000000295 0.9682545640626629 0.013098743837667095 0.9779357929790282 1.0061735353225976 0.9839731141402167 -0.01571855007755385
59770.85126876691 5.1274999999999995 0.019500000000000295 1.0061494227010925 0.01323230957116012 0.9779360035587163 1.006173476601778 0.9839732685947224 0.022176154106370083
59770.851284710334 5.1274999999999995 0.019500000000000295 0.9771663977959938 0.013100524403524156 0.9779362143993378 1.0061734178809316 0.9839734233117212 -0.006807025515727427
