eureka_custom_plots/data/stage5_lcfit_results/S5_wasp39b_ap4_bg8_Table_Save_ch17.txt
# %ECSV 1.0
# ---
# datatype:
# - {name: time, datatype: float64}
# - {name: wavelength, datatype: float64}
# - {name: bin_width, datatype: float64}
# - {name: lcdata, datatype: float64}
# - {name: lcerr, datatype: float64}
# - {name: transit, datatype: float64}
# - {name: polynom, datatype: float64}
# - {name: model, datatype: float64}
# - {name: residuals, datatype: float64}
# schema: astropy-2.0
time wavelength bin_width lcdata lcerr transit polynom model residuals
[from data line 14886]
59770.881353998986 3.6710000000000003 0.018999999999999906 0.9740453583830889 0.006598829717139979 0.9835565439873679 1.0059419779088867 0.9894008152438818 -0.015355456860792871
59770.8813699424 3.6710000000000003 0.018999999999999906 0.9903667732473985 0.006637767093991727 0.9835770511758756 1.0059419249833665 0.9894213922293235 0.0009453810180750644
59770.88138588583 3.6710000000000003 0.018999999999999906 0.9935075052526195 0.0066488583321153176 0.9835975785306226 1.0059418720577982 0.9894419894986116 0.004065515754007931
59770.88140182924 3.6710000000000003 0.018999999999999906 0.9894855669971523 0.006644467661433174 0.9836181259081366 1.005941819132278 0.989462606907513 2.2960089639312287e-05
59770.88141777266 3.6710000000000003 0.018999999999999906 0.9900909704471432 0.006651670227109328 0.9836386932276454 1.0059417662067336 0.989483244374701 0.000607726072442194
59770.88143371608 3.6710000000000003 0.018999999999999906 0.9846893422056759 0.006641953478377796 0.9836592803748856 1.0059417132811892 0.989503901785254 -0.004814559579578104
59770.8814496595 3.6710000000000003 0.018999999999999906 0.9865300348569631 0.00664686107405664 0.9836798872430772 1.005941660355645 0.9895245790317547 -0.0029945441747916135
59770.88146560292 3.6710000000000003 0.018999999999999906 0.9892315170421913 0.0066661881538506735 0.9837005137263864 1.0059416074301006 0.989545276007737 -0.0003137589655457518
59770.881481546334 3.6710000000000003 0.018999999999999906 0.9897713368809714 0.0066499467957899655 0.9837211597097743 1.0059415545045804 0.989565992597499 0.0002053442834724084
59770.881497489754 3.6710000000000003 0.018999999999999906 0.983302468026105 0.00660641209981615 0.9837418251072054 1.0059415015790363 0.9895867287144439 -0.006284260688338872
59770.881513433174 3.6710000000000003 0.018999999999999906 0.9848140488758896 0.006621477435643975 0.9837625098043423 1.0059414486534919 0.9896074842435751 -0.004793435367685506
59770.881529376595 3.6710000000000003 0.018999999999999906 1.0090262431550254 0.008153444383238445 0.9837832136967306 1.0059413957279475 0.9896282590798148 0.01939798407521065
59770.881545320015 3.6710000000000003 0.018999999999999906 0.9874796025637161 0.006624477453011564 0.9838039366802572 1.0059413428024033 0.9896490531184285 -0.0021694505547124043
59770.881561263435 3.6710000000000003 0.018999999999999906 0.9942251345827656 0.006652288247321067 0.9838246786505398 1.005941289876859 0.9896698662544102 0.0045552683283554
59770.88157720685 3.6710000000000003 0.018999999999999906 0.9894559655779469 0.006643519876129039 0.9838454394963234 1.0059412369513387 0.9896906983758651 -0.00023473279791819124
59770.88159315027 3.6710000000000003 0.018999999999999906 0.9943291137658162 0.006665018358588223 0.9838662191312977 1.0059411840257946 0.9897115493959194 0.004617564369896798
59770.88160909369 3.6710000000000003 0.018999999999999906 0.9842882224682351 0.006637417098819384 0.9838870174448701 1.0059411311002502 0.9897324192033442 -0.005444196735109097
59770.88162503711 3.6710000000000003 0.018999999999999906 0.9909736721382076 0.006638780804953328 0.9839078343339731 1.0059410781747058 0.9897533076944567 0.0012203644437509542
59770.88164098053 3.6710000000000003 0.018999999999999906 0.9947080383357841 0.006646657216365503 0.9839286696964543 1.0059410252491616 0.989774214766495 0.004933823569289175
59770.88165692394 3.6710000000000003 0.018999999999999906 0.9849100862474918 0.006629162970653638 0.9839495234208294 1.0059409723236414 0.9897951403073327 -0.004885054059840965
59770.88167286737 3.6710000000000003 0.018999999999999906 0.9984091675877738 0.00667074679177305 0.9839703954345435 1.0059409193980728 0.98981608424391 0.008593083343863772
59770.88168881078 3.6710000000000003 0.018999999999999906 0.9853577823956008 0.006636625483657473 0.9839912855977619 1.0059408664725527 0.9898370464356536 -0.004479264040052833
59770.8817047542 3.6710000000000003 0.018999999999999906 0.9891047194807606 0.006630753226984501 0.9840121938385737 1.0059408135470085 0.9898580268101514 -0.0007533073293908288
59770.881720697624 3.6710000000000003 0.018999999999999906 0.9922286713789539 0.006653758403399859 0.9840331200467303 1.005940760621464 0.9898790252565204 0.002349646122433491
59770.881736641044 3.6710000000000003 0.018999999999999906 0.9975735871822953 0.006679898264879715 0.9840540641219495 1.00594070769592 0.98990004167388 0.007673545508415258
59770.881752584464 3.6710000000000003 0.018999999999999906 0.9960373749175483 0.00666141603647647 0.9840750259636418 1.0059406547703755 0.9899210759610402 0.006116298956508115
59770.88176852788 3.6710000000000003 0.018999999999999906 0.9948557983153629 0.006649107594750956 0.9840960054642327 1.0059406018448553 0.9899421280098083 0.004913670305554563
59770.8817844713 3.6710000000000003 0.018999999999999906 0.9908745501282228 0.006654758888192844 0.9841170025413215 1.005940548919311 0.9899631977372438 0.0009113523909789478
59770.88180041472 3.6710000000000003 0.018999999999999906 0.9774655619693702 0.006604384971348534 0.9841380170879374 1.0059404959937668 0.9899842850357619 -0.01251872306639168
59770.88181635814 3.6710000000000003 0.018999999999999906 0.9940169246283258 0.006646280727199429 0.9841590490046701 1.0059404430682224 0.9900053898053582 0.004011534822967566
59770.88183230156 3.6710000000000003 0.018999999999999906 "" "" 0.9841800981930106 1.005940390142678 0.9900265119469361 ""
59770.88184824498 3.6710000000000003 0.018999999999999906 0.987115214929501 0.006646168504604648 0.9842011645547337 1.0059403372171338 0.9900476513616847 -0.0029324364321836605
59770.88186418839 3.6710000000000003 0.018999999999999906 0.9829702079456699 0.006629173173037766 0.9842222479821379 1.0059402842916136 0.9900688079412828 -0.007098599995612909
59770.88188013181 3.6710000000000003 0.018999999999999906 1.0015482478101514 0.006688364267471931 0.9842433483970762 1.0059402313660692 0.9900899816070695 0.01145826620308188
59770.88189607523 3.6710000000000003 0.018999999999999906 0.9856152249118912 0.006648795320553604 0.9842644656924184 1.005940178440525 0.9901111722512995 -0.004495947339408279
59770.88191201865 3.6710000000000003 0.018999999999999906 0.9857981438245017 0.006649854864408463 0.984285599771062 1.0059401255149807 0.9901323797762902 -0.004334235951788501
59770.88192796207 3.6710000000000003 0.018999999999999906 0.991341937936412 0.006649043687886811 0.9843067505361799 1.0059400725894363 0.9901536040846369 0.0011883338517750808
59770.881943905486 3.6710000000000003 0.018999999999999906 0.9939476977245646 0.006657389365029421 0.9843279178814216 1.0059400196639163 0.990174845069379 0.0037728526551855657
59770.88195984891 3.6710000000000003 0.018999999999999906 0.9833798084440102 0.006636965499993649 0.9843491017392795 1.0059399667383477 0.9901961026625332 -0.0068162942185230335
59770.88197579233 3.6710000000000003 0.018999999999999906 0.9887249864103687 0.006641808975369401 0.9843703019757599 1.0059399138128275 0.9902173767294029 -0.0014923903190342536
59770.881991735754 3.6710000000000003 0.018999999999999906 0.9974962586100027 0.006660989034526138 0.9843915185337351 1.0059398608872592 0.9902386672124233 0.0072575913975794215
59770.88200767917 3.6710000000000003 0.018999999999999906 0.9820986416408946 0.006631760906586239 0.9844127512784528 1.005939807961739 0.990259973976134 -0.008161332335239413
59770.88202362259 3.6710000000000003 0.018999999999999906 1.0003556233107342 0.006653022676763711 0.9844340001441474 1.0059397550361946 0.9902812969543048 0.010074326356429464
59770.88203956601 3.6710000000000003 0.018999999999999906 0.9885551278049106 0.006658470236540613 0.9844552650260338 1.0059397021106504 0.9903026360415498 -0.0017475082366391614
59770.88205550942 3.6710000000000003 0.018999999999999906 0.984437264904648 0.006643837799349362 0.9844765458195522 1.0059396491851302 0.9903239911327092 -0.00588672622806119
59770.88207145284 3.6710000000000003 0.018999999999999906 0.9817179042369019 0.006626809188368089 0.9844978424499422 1.0059395962595858 0.9903453621525282 -0.008627457915626358
59770.88208739626 3.6710000000000003 0.018999999999999906 0.9922931422402466 0.006650069309601227 0.9845191548131612 1.0059395433340417 0.9903667489963681 0.0019263932438784437
59770.88210333968 3.6710000000000003 0.018999999999999906 0.9878836017712095 0.006649242085031045 0.9845404828152591 1.0059394904084973 0.9903881515697176 -0.0025045497985081155
59770.8821192831 3.6710000000000003 0.018999999999999906 0.9910693573753796 0.006643070123631946 0.9845618263619155 1.005939437482953 0.990409569777694 0.0006597875976855905
59770.88213522652 3.6710000000000003 0.018999999999999906 0.982983409278069 0.006623070714006613 0.984583185360912 1.0059393845574087 0.9904310035275289 -0.0074475942494598435
59770.882151169935 3.6710000000000003 0.018999999999999906 0.9854915371192237 0.006620747242616212 0.984604559708531 1.0059393316318885 0.9904524527149096 -0.0049609155956859
59770.882167113356 3.6710000000000003 0.018999999999999906 0.989732949658754 0.006660544839945089 0.9846259493315819 1.0059392787063441 0.9904739172661609 -0.0007409676074068283
59770.882183056776 3.6710000000000003 0.018999999999999906 0.9946640322518412 0.0066463347625854135 0.9846473541274546 1.0059392257808 0.9904953970780849 0.004168635173756319
59770.8821990002 3.6710000000000003 0.018999999999999906 1.0017759690995451 0.006682392629884437 0.9846687740135783 1.0059391728552314 0.9905168920675937 0.011259077031951392
59770.88221494362 3.6710000000000003 0.018999999999999906 0.989215393492491 0.006665937493639782 0.9846902088679564 1.0059391199297112 0.9905384021120356 -0.0013230086195445967
59770.88223088703 3.6710000000000003 0.018999999999999906 0.9901554421008453 0.006642602374091868 0.9847116586183935 1.005939067004191 0.9905599271387362 -0.0004044850378909226
59770.88224683046 3.6710000000000003 0.018999999999999906 0.9829290789112256 0.0066102121942197235 0.9847331231929733 1.0059390140786226 0.9905814670753025 -0.007652388164076873
59770.88226277387 3.6710000000000003 0.018999999999999906 0.9806517718962399 0.006619680268903001 0.9847546024604207 1.0059389611531024 0.990603021789772 -0.009951249893532133
59770.88227871729 3.6710000000000003 0.018999999999999906 0.9820799170363669 0.0066255191143157165 0.9847760963592228 1.005938908227558 0.9906245912201931 -0.008544674183826206
59770.88229466071 3.6710000000000003 0.018999999999999906 0.9739554479572936 0.006591374589010032 0.9847976047883479 1.0059388553020139 0.9906461752649557 -0.01669072730766208
59770.88231060413 3.6710000000000003 0.018999999999999906 0.9797959662714919 0.006627923488121345 0.9848191276563071 1.0059388023764695 0.990667773832025 -0.010871807560533076
59770.88232654755 3.6710000000000003 0.018999999999999906 0.9838918422579612 0.006616890498174866 0.9848406648736998 1.0059387494509253 0.9906893868314675 -0.006797544573506231
59770.882342490964 3.6710000000000003 0.018999999999999906 0.9858593761302611 0.006643221793758618 0.9848622163395078 1.0059386965254051 0.9907110141616859 -0.004851638031424854
59770.882358434385 3.6710000000000003 0.018999999999999906 0.9840875160690677 0.0066293193560612316 0.9848837819834754 1.0059386435998607 0.9907326557519581 -0.0066451396828903775
59770.882374377805 3.6710000000000003 0.018999999999999906 0.9881954065868325 0.006622769781378179 0.9849053617056491 1.0059385906743163 0.9907543115017584 -0.0025589049149259413
59770.882390321225 3.6710000000000003 0.018999999999999906 0.9868263070353336 0.00662471180666317 0.9849269554162637 1.0059385377487722 0.9907759813207865 -0.003949674285452898
59770.882406264645 3.6710000000000003 0.018999999999999906 0.9801950772672898 0.006621334463754414 0.9849485630257665 1.0059384848232278 0.9907976651189551 -0.010602587851665235
59770.882422208066 3.6710000000000003 0.018999999999999906 0.9996448337264592 0.006671906798995614 0.9849701844448228 1.0059384318976834 0.990819362806397 0.00882547092006214
59770.88243815148 3.6710000000000003 0.018999999999999906 0.9941524501257322 0.006648574958117497 0.9849918195742938 1.0059383789721634 0.9908410742834068 0.003311375842325326
59770.8824540949 3.6710000000000003 0.018999999999999906 0.9851283646221013 0.006634534407311032 0.9850134683452831 1.005938326046619 0.9908627994806285 -0.005734434858527204
59770.88247003832 3.6710000000000003 0.018999999999999906 0.9890222238777433 0.006639961865347055 0.9850351306590753 1.0059382731210746 0.9908845382987823 -0.001862314421039013
59770.88248598175 3.6710000000000003 0.018999999999999906 0.997367674093408 0.00666473365381872 0.9850568064365745 1.0059382201955063 0.9909062906582771 0.0064613834351309185
59770.88250192516 3.6710000000000003 0.018999999999999906 0.9886247061151542 0.006638463014383974 0.985078495560647 1.005938167269986 0.9909280564413523 -0.002303350326198106
59770.88251786857 3.6710000000000003 0.018999999999999906 0.9851943458573534 0.006633387646138043 0.9851001979632483 1.005938114344466 0.9909498355795101 -0.00575548972215667
59770.882533812 3.6710000000000003 0.018999999999999906 0.9917694956942908 0.006648154910407856 0.9851219135747075 1.0059380614188975 0.990971628002616 0.0007978676916748917
59770.88254975541 3.6710000000000003 0.018999999999999906 0.9931043468503786 0.00665559156072371 0.985143642269032 1.0059380084933773 0.9909934335840221 0.0021109132663564845
59770.882565698834 3.6710000000000003 0.018999999999999906 0.9862298386586591 0.006635941413706411 0.9851653839882482 1.005937955567833 0.9910152522653375 -0.00478541360667839
59770.882581642254 3.6710000000000003 0.018999999999999906 0.9887405781807755 0.006644545360706403 0.9851871386350135 1.0059379026422888 0.9910370839486633 -0.0022965057678877576
59770.882597585674 3.6710000000000003 0.018999999999999906 1.0047713537684537 0.006676407199968873 0.9852089061222307 1.0059378497167444 0.9910589285463826 0.013712425222071167
59770.882613529095 3.6710000000000003 0.018999999999999906 0.9897763635020036 0.00664469911836858 0.9852306863629923 1.0059377967912 0.9910807859710702 -0.0013044224690665907
59770.88262947251 3.6710000000000003 0.018999999999999906 0.998315597783707 0.00815451175882983 0.9852524792605035 1.0059377438656798 0.9911026561253784 0.007212941658328642
59770.88264541593 3.6710000000000003 0.018999999999999906 0.9960824339618805 0.006660501446957544 0.9852742847484047 1.0059376909401356 0.991124538942504 0.00495789501937649
59770.882661359356 3.6710000000000003 0.018999999999999906 0.993127270430102 0.0066428676317020945 0.9852961027397528 1.005937638014567 0.9911464343349851 0.0019808360951169
59770.88267730277 3.6710000000000003 0.018999999999999906 0.9952282809158359 0.0066702250771566995 0.9853179331193723 1.005937585089047 0.9911683421870325 0.004059938728803392
59770.88269324619 3.6710000000000003 0.018999999999999906 0.9959215305630746 0.006672706594142183 0.9853397758309675 1.0059375321635027 0.9911902624419424 0.004731268121132226
59770.88270918961 3.6710000000000003 0.018999999999999906 0.9891815572347401 0.006639518554920164 0.9853616307786692 1.0059374792379583 0.9912121950032983 -0.0020306377685581634
59770.88272513302 3.6710000000000003 0.018999999999999906 0.9880422384004373 0.00663105884959904 0.9853834978667686 1.005937426312438 0.9912341397748451 -0.003191901374407835
59770.88274107645 3.6710000000000003 0.018999999999999906 0.9965015845088498 0.006655707623168733 0.9854053770402171 1.0059373733868697 0.991256096701134 0.005245487807715832
59770.88275701986 3.6710000000000003 0.018999999999999906 0.9866377165971673 0.0066393445467325726 0.9854272681732974 1.0059373204613495 0.9912780656557945 -0.004640349058627202
59770.88277296328 3.6710000000000003 0.018999999999999906 0.9925703428532338 0.00665858082269476 0.9854491712113416 1.0059372675358054 0.9913000465837609 0.001270296269472837
