eureka_custom_plots/data/stage5_lcfit_results/S5_wasp39b_ap4_bg8_Table_Save_ch03.txt
# %ECSV 1.0
# ---
# datatype:
# - {name: time, datatype: float64}
# - {name: wavelength, datatype: float64}
# - {name: bin_width, datatype: float64}
# - {name: lcdata, datatype: float64}
# - {name: lcerr, datatype: float64}
# - {name: transit, datatype: float64}
# - {name: polynom, datatype: float64}
# - {name: model, datatype: float64}
# - {name: residuals, datatype: float64}
# schema: astropy-2.0
time wavelength bin_width lcdata lcerr transit polynom model residuals
[from data line 8605]
59770.78121338111 3.1340000000000003 0.018999999999999906 1.002229769327419 0.004133049721830834 0.9952051311296881 1.0067852661743426 1.0019578628424746 0.0002719064849443509
59770.78122932453 3.1340000000000003 0.018999999999999906 1.0032211167129446 0.0041415081644486425 0.9951856460002045 1.0067850943728003 1.001938074526772 0.0012830421861724783
59770.78124526795 3.1340000000000003 0.018999999999999906 1.0052500827461548 0.0041409172152037255 0.9951661418125525 1.0067849225712577 1.001918267030288 0.003331815715866826
59770.78126121136 3.1340000000000003 0.018999999999999906 0.9941665532841129 0.004118310595941791 0.9951466186519791 1.0067847507697936 1.0018984404389355 -0.0077318871548226475
59770.78127715479 3.1340000000000003 0.018999999999999906 1.0094943629109319 0.004156891379698881 0.9951270765691129 1.0067845789681726 1.0018785948034628 0.007615768107469112
59770.78129309821 3.1340000000000003 0.018999999999999906 1.0018784997026764 0.004130189724978229 0.9951075156669476 1.0067844071666303 1.0018587302278061 1.9769474870257042e-05
59770.78130904163 3.1340000000000003 0.018999999999999906 0.9975047675355097 0.004128289732561492 0.9950879360121607 1.0067842353650878 1.0018388467790267 -0.0043340792435170306
59770.781324985044 3.1340000000000003 0.018999999999999906 1.0002672417770828 0.004129972935818607 0.9950683376910774 1.0067840635636236 1.001818944544123 -0.0015517027670401973
59770.78134092847 3.1340000000000003 0.018999999999999906 1.0063436982267906 0.00414782323045976 0.9950487207518728 1.0067838917620027 1.0017990235713727 0.004544674655417857
59770.781356871885 3.1340000000000003 0.018999999999999906 1.0017174865740734 0.00413367399500965 0.9950290853060866 1.0067837199605387 1.001779083973394 -6.159739932054542e-05
59770.78137281531 3.1340000000000003 0.018999999999999906 1.0058762804586523 0.004144273039611357 0.9950094313941573 1.0067835481589178 1.001759125790597 0.0041171546680554005
59770.781388758725 3.1340000000000003 0.018999999999999906 1.0021060365464265 0.004142536717890392 0.9949897591273752 1.0067833763574536 1.0017391491353482 0.00036688741107826495
59770.78140470215 3.1340000000000003 0.018999999999999906 1.0061305886860648 0.004143131747825181 0.9949700685446649 1.0067832045558327 1.0017191540465342 0.0044114346395305315
59770.781420645566 3.1340000000000003 0.018999999999999906 0.999426308505534 0.004130373815906561 0.9949503597570698 1.0067830327543688 1.001699140636273 -0.002272832130738922
59770.781436588986 3.1340000000000003 0.018999999999999906 1.001279976406274 0.004139108650015684 0.9949306328134147 1.0067828609528262 1.0016791089534953 -0.00039913254722123703
59770.78145253241 3.1340000000000003 0.018999999999999906 0.9995638953269835 0.004131071779026901 0.9949108877971168 1.0067826891512837 1.0016590590822723 -0.0020951637552887314
59770.78146847583 3.1340000000000003 0.018999999999999906 1.0082517148423429 0.004144903032907009 0.9948911247823256 1.0067825173497411 1.0016389910972652 0.006612723745077709
59770.78148441925 3.1340000000000003 0.018999999999999906 1.003095852761491 0.004145150441287603 0.9948713438447596 1.0067823455481986 1.0016189050747155 0.0014769476867755316
59770.78150036267 3.1340000000000003 0.018999999999999906 1.0051811061244815 0.004143224042005328 0.9948515450582737 1.0067821737466562 1.0015988010889882 0.003582305035493283
59770.78151630609 3.1340000000000003 0.018999999999999906 0.9986276857894563 0.004121441074617248 0.9948317284971482 1.0067820019451137 1.0015786792148766 -0.0029509934254203785
59770.78153224951 3.1340000000000003 0.018999999999999906 1.0000610326170492 0.004128343220828897 0.9948118942349471 1.0067818301435711 1.0015585395264528 -0.0014975069094036453
59770.78154819292 3.1340000000000003 0.018999999999999906 0.9994975854349085 0.004130267160954948 0.9947920423559957 1.006781658342107 1.001538382108701 -0.002040796673792422
59770.78156413635 3.1340000000000003 0.018999999999999906 1.002782574125701 0.004136640428757201 0.9947721729060076 1.0067814865404863 1.00151820700742 0.00126436711828104
59770.78158007977 3.1340000000000003 0.018999999999999906 1.0058609436932338 0.0041438120167134225 0.9947522859856807 1.0067813147389437 1.0014980143242334 0.004362929369000401
59770.78159602319 3.1340000000000003 0.018999999999999906 0.9966641328833359 0.004130921139443638 0.9947323816605462 1.0067811429374012 1.0014778041250478 -0.004813671241711948
59770.7816119666 3.1340000000000003 0.018999999999999906 1.0014048277255216 0.004127319096383574 0.9947124600126809 1.006780971135937 1.0014575764925837 -5.274876706207188e-05
59770.78162791003 3.1340000000000003 0.018999999999999906 0.9988772107513132 0.00413029802902177 0.9946925210877126 1.006780799334316 1.0014373314725533 -0.0025601207212401222
59770.78164385344 3.1340000000000003 0.018999999999999906 1.0042194856113758 0.004148680263766026 0.9946725649951217 1.0067806275328521 1.0014170691755002 0.002802416435875532
59770.78165979687 3.1340000000000003 0.018999999999999906 1.0015203678280855 0.004128673089651539 0.994652591772152 1.0067804557312312 1.0013967896386176 0.0001235781894679544
59770.78167574028 3.1340000000000003 0.018999999999999906 1.0029163458216521 0.004138984573414533 0.9946326015280768 1.006780283929767 1.00137649297224 0.00153985284941216
59770.78169168371 3.1340000000000003 0.018999999999999906 1.0003639042872978 0.004130449566542485 0.9946125942980752 1.006780112128146 1.0013561792114825 -0.000992274924184633
59770.781707627124 3.1340000000000003 0.018999999999999906 0.9963161530987494 0.0041257947673848825 0.9945925701929571 1.0067799403266822 1.0013358484682269 -0.005019695369477439
59770.781723570544 3.1340000000000003 0.018999999999999906 0.9993334645776923 0.004130655706817439 0.9945725292568519 1.0067797685251396 1.001315500786676 -0.0019820362089837396
59770.781739513965 3.1340000000000003 0.018999999999999906 1.0002249949504542 0.004134617381404226 0.9945524715708036 1.006779596723597 1.0012951362485103 -0.0010701412980560487
59770.781755457385 3.1340000000000003 0.018999999999999906 0.9991571356773438 0.004133344554596672 0.9945323972082055 1.0067794249220545 1.0012747549276295 -0.0021176192502857516
59770.781771400805 3.1340000000000003 0.018999999999999906 0.9984450149583798 0.004136810804195823 0.994512306240588 1.0067792531205122 1.0012543568960572 -0.0028093419376774564
59770.781787344225 3.1340000000000003 0.018999999999999906 1.0077912456227223 0.004145002522012374 0.9944921987399284 1.0067790813189696 1.0012339422262673 0.006557303396454994
59770.781803287646 3.1340000000000003 0.018999999999999906 0.9974765988821948 0.004126460527248574 0.9944720747775043 1.006778909517427 1.001213510990029 -0.0037369121078343337
59770.781819231066 3.1340000000000003 0.018999999999999906 0.9993703227091061 0.004121712095499487 0.9944519344262082 1.0067787377158846 1.0011930632607375 -0.001822740551631452
59770.781835174486 3.1340000000000003 0.018999999999999906 1.0019143199421134 0.004139340942559631 0.9944317777570714 1.006778565914342 1.001172599109914 0.0007417208321993662
59770.78185111791 3.1340000000000003 0.018999999999999906 0.998841059753392 0.004122500758272673 0.9944116048409949 1.0067783941127997 1.0011521186089487 -0.0023110588555567135
59770.78186706133 3.1340000000000003 0.018999999999999906 0.9936679089661089 0.004122256036621574 0.9943914157505149 1.0067782223112571 1.0011316218308777 -0.007463712864768768
59770.78188300475 3.1340000000000003 0.018999999999999906 1.0024111606362103 0.004134627255407561 0.9943712105562945 1.0067780505097146 1.0011111088468512 0.0013000517893591024
59770.78189894816 3.1340000000000003 0.018999999999999906 0.9887150747674084 0.005036978059654051 0.994350989338238 1.0067778787082504 1.0010905797374012 -0.012375504969992845
59770.78191489159 3.1340000000000003 0.018999999999999906 0.9993488816148393 0.004132126551686882 0.9943307521404445 1.0067777069066297 1.0010700345467012 -0.0017211529318619245
59770.781930835 3.1340000000000003 0.018999999999999906 0.9986050668673997 0.004129703643474907 0.9943104990706798 1.0067775351051655 1.001049473383566 -0.0024444065161662865
59770.78194677843 3.1340000000000003 0.018999999999999906 1.0021373853426316 0.0041393069316548224 0.9942902301622406 1.0067773633035446 1.001028896281215 0.0011084890614165843
59770.78196272184 3.1340000000000003 0.018999999999999906 1.0024835283089555 0.00413864696251495 0.9942699455227153 1.0067771915020804 1.001008303348286 0.0014752249606695411
59770.78197866527 3.1340000000000003 0.018999999999999906 1.003052577957957 0.004128393727746445 0.9942496451862892 1.0067770197004595 1.0009876946188916 0.0020648833390655152
59770.78199460868 3.1340000000000003 0.018999999999999906 0.9997583210221038 0.0041328141668086375 0.9942293292603812 1.0067768478989956 1.0009670702014992 -0.0012087491793953964
59770.7820105521 3.1340000000000003 0.018999999999999906 1.0095714526015487 0.004144653289744518 0.9942089977865437 1.006776676097453 1.0009464301377164 0.008625022463832233
59770.78202649552 3.1340000000000003 0.018999999999999906 1.000367144930207 0.004134509724318078 0.9941886508455661 1.0067765042959105 1.0009257745089666 -0.0005586295787596285
59770.78204243895 3.1340000000000003 0.018999999999999906 1.0026950727078758 0.004139349219554648 0.9941682884975434 1.0067763324942895 1.0009051033756815 0.00178996933219433
59770.78205838236 3.1340000000000003 0.018999999999999906 0.9986258268004088 0.004126404612398902 0.9941479108407458 1.0067761606928256 1.0008844168370397 -0.0022585900366308698
59770.78207432578 3.1340000000000003 0.018999999999999906 0.999548225163313 0.004138535513426424 0.9941275179162036 1.006775988891283 1.0008637149341226 -0.0013154897708096414
59770.782090269204 3.1340000000000003 0.018999999999999906 0.9993415166623134 0.004136670335868152 0.9941071098043022 1.0067758170897405 1.0008429977479467 -0.001501481085633305
59770.782106212624 3.1340000000000003 0.018999999999999906 1.004030870132154 0.004138312375374985 0.9940866865741315 1.006775645288198 1.0008222653480778 0.003208604784076252
59770.782122156044 3.1340000000000003 0.018999999999999906 1.0083496257138715 0.004150647222265728 0.9940662482946766 1.0067754734866556 1.0008015178039764 0.00754810790989513
59770.782138099465 3.1340000000000003 0.018999999999999906 1.0008244972188347 0.00413366138204976 0.9940457950365855 1.006775301685113 1.0007807551867764 4.374203205825822e-05
59770.782154042885 3.1340000000000003 0.018999999999999906 1.0043568852507812 0.004144789755105363 0.9940253268686363 1.0067751298835705 1.00075997756573 0.003596907685051054
59770.782169986305 3.1340000000000003 0.018999999999999906 0.9991232085948522 0.0041330638963473785 0.994004843860095 1.006774958082028 1.00073918501058 -0.00161597641572786
59770.78218592972 3.1340000000000003 0.018999999999999906 0.9975626042978359 0.004131590698141262 0.9939843460890192 1.006774786280564 1.0007183775999986 -0.0031557733021626566
59770.782201873146 3.1340000000000003 0.018999999999999906 0.9985093355735106 0.004126397981014806 0.9939638335971953 1.0067746144789431 1.0006975553758286 -0.002188219802317981
59770.78221781656 3.1340000000000003 0.018999999999999906 1.0067676041799956 0.004145078612250378 0.9939433064909605 1.006774442677479 1.0006767184454475 0.006090885734548079
59770.78223375999 3.1340000000000003 0.018999999999999906 1.0008652285524144 0.004135625215751574 0.9939227648005967 1.006774270875858 1.0006558668390377 0.00020936171337671006
59770.7822497034 3.1340000000000003 0.018999999999999906 0.9964606627038857 0.004123270353934518 0.9939022086340767 1.0067740990743939 1.0006350006656228 -0.004174337961737162
59770.78226564683 3.1340000000000003 0.018999999999999906 0.9966433803477318 0.004126712337070275 0.9938816380214356 1.0067739272727732 1.0006141199551375 -0.003970739607405682
59770.78228159024 3.1340000000000003 0.018999999999999906 1.0037529124452487 0.0041442704289308 0.993861053068724 1.006773755471309 1.0005932248146692 0.0031596876305794996
59770.78229753367 3.1340000000000003 0.018999999999999906 0.9997154710102701 0.004131664947723499 0.9938404538075188 1.006773583669688 1.000572315275705 -0.000856844265434753
59770.78231347708 3.1340000000000003 0.018999999999999906 0.9988771374051733 0.00413497845629845 0.993819840343736 1.0067734118682239 1.0005513914451967 -0.0016742540400234152
59770.78232942051 3.1340000000000003 0.018999999999999906 1.001533145354452 0.00412897470291512 0.9937992127075229 1.006773240066603 1.000530453353192 0.0010026920012600193
59770.78234536392 3.1340000000000003 0.018999999999999906 1.008743237824998 0.004143045735499092 0.9937785710046554 1.006773068265139 1.0005095011065022 0.008233736718495921
59770.78236130734 3.1340000000000003 0.018999999999999906 0.9903685719026286 0.005026303167700855 0.993757915275802 1.0067728964635965 1.0004885347458445 -0.010119962843215924
59770.78237725076 3.1340000000000003 0.018999999999999906 1.0041406892779319 0.004146151341492076 0.9937372455979316 1.006772724662054 1.0004675543487942 0.003673134929137678
59770.78239319418 3.1340000000000003 0.018999999999999906 1.0042713812720476 0.0041392968910705374 0.9937165620383772 1.0067725528605114 1.0004465599831478 0.0038248212888998268
59770.7824091376 3.1340000000000003 0.018999999999999906 1.005965042083354 0.0041373266978863045 0.9936958646661773 1.006772381058969 1.0004255517184184 0.0055394903649355065
59770.78242508102 3.1340000000000003 0.018999999999999906 0.9983168841677159 0.004128855327903453 0.9936751535484875 1.0067722092574265 1.0004045296222233 -0.0020876454545073475
59770.78244102444 3.1340000000000003 0.018999999999999906 0.9969662972062107 0.004129510654409063 0.9936544287529754 1.006772037455884 1.0003834937626954 -0.0034171965564847584
59770.78245696786 3.1340000000000003 0.018999999999999906 1.001285822738275 0.004133711441143187 0.9936336903466232 1.0067718656543414 1.000362444207278 0.0009233785309969988
59770.782472911276 3.1340000000000003 0.018999999999999906 0.9946343154438619 0.004110777352499592 0.9936129384077262 1.0067716938528775 1.0003413810348813 -0.005707065591019411
59770.782488854704 3.1340000000000003 0.018999999999999906 1.0013486673506697 0.004134504310562346 0.9935921729742853 1.0067715220512565 1.0003203042835365 0.0010283630671332755
59770.782504798124 3.1340000000000003 0.018999999999999906 0.9993452878491939 0.004129544093908814 0.9935713941418378 1.006771350249714 1.000299214049669 -0.0009539262004750748
59770.782520741544 3.1340000000000003 0.018999999999999906 0.9985319442524013 0.004129209766853921 0.9935506019692235 1.0067711784481714 1.0002781103924452 -0.0017461661400438588
59770.78253668496 3.1340000000000003 0.018999999999999906 0.9995799669285709 0.004130161815122227 0.9935297965326295 1.0067710066467075 1.0002569933886538 -0.0006770264600829412
59770.782552628385 3.1340000000000003 0.018999999999999906 1.0025433120504095 0.0041391548281429665 0.9935089778702517 1.0067708348450866 1.000235863076522 0.0023074489738874604
59770.7825685718 3.1340000000000003 0.018999999999999906 0.9944786578970748 0.004124455574348326 0.9934881460870117 1.0067706630436224 1.000214719562 -0.0057360616649251295
59770.782584515226 3.1340000000000003 0.018999999999999906 0.9971056537563681 0.004125603127187443 0.9934673012124811 1.0067704912420015 1.000193562874555 -0.0030879091181870155
59770.78260045864 3.1340000000000003 0.018999999999999906 0.9985687706908664 0.004129910874174016 0.9934464433514731 1.0067703194405375 1.0001723931200284 -0.0016036224291620105
59770.782616402066 3.1340000000000003 0.018999999999999906 0.9932098038020327 0.004121863019366277 0.9934255725321478 1.0067701476389166 1.0001512103264656 -0.006941406524432869
59770.78263234548 3.1340000000000003 0.018999999999999906 0.9955690126649057 0.004124599183112597 0.9934046888592067 1.0067699758374524 1.0001300145995955 -0.004561001934689779
