eureka_custom_plots/data/stage5_lcfit_results/S5_wasp39b_ap4_bg8_Table_Save_ch16.txt
# %ECSV 1.0
# ---
# datatype:
# - {name: time, datatype: float64}
# - {name: wavelength, datatype: float64}
# - {name: bin_width, datatype: float64}
# - {name: lcdata, datatype: float64}
# - {name: lcerr, datatype: float64}
# - {name: transit, datatype: float64}
# - {name: polynom, datatype: float64}
# - {name: model, datatype: float64}
# - {name: residuals, datatype: float64}
# schema: astropy-2.0
time wavelength bin_width lcdata lcerr transit polynom model residuals
[from data line 15158]
59770.88569060897 3.6325000000000003 0.019500000000000073 0.9847817241167572 0.004798918005479181 0.9894682028385972 1.0061123627172326 0.9955161913915149 -0.010734467274757686
59770.88570655239 3.6325000000000003 0.019500000000000073 0.9963467687809089 0.004808769681755693 0.9894903661439194 1.0061122953935373 0.9955384235508504 0.0008083452300584604
59770.88572249581 3.6325000000000003 0.019500000000000073 0.9939429586721996 0.004811914062122579 0.9895125279989669 1.006112228069842 0.9955606542480626 -0.0016176955758629985
59770.88573843923 3.6325000000000003 0.019500000000000073 0.990309028684494 0.004808200515756367 0.9895346883413491 1.0061121607461467 0.9955828834203796 -0.005273854735885597
59770.88575438265 3.6325000000000003 0.019500000000000073 1.0022704748302247 0.004831098834632944 0.9895568471067757 1.0061120934224514 0.9956051110031189 0.006665363827105808
59770.88577032607 3.6325000000000003 0.019500000000000073 0.9915857336000647 0.004814369615698727 0.9895790042316233 1.0061120260987562 0.9956273369322681 -0.004041603332203381
59770.885786269486 3.6325000000000003 0.019500000000000073 0.9973986393358775 0.004821581264339279 0.9896011596414015 1.0061119587750915 0.9956495611329125 0.0017490782029649932
59770.885802212906 3.6325000000000003 0.019500000000000073 0.9958708471074735 0.004816452043741856 0.989623313294317 1.0061118914513962 0.995671783562943 0.0001990635445305866
59770.88581815633 3.6325000000000003 0.019500000000000073 0.9917407671401263 0.004812696718589072 0.989645465115928 1.006111824127701 0.9956940041474933 -0.00395323700736705
59770.88583409975 3.6325000000000003 0.019500000000000073 0.9996276038848062 0.004827999520709473 0.9896676150427035 1.0061117568040057 0.9957162228226448 0.003911381062161379
59770.88585004317 3.6325000000000003 0.019500000000000073 0.9893332895816592 0.004807989282928459 0.9896897630104956 1.0061116894803104 0.9957384395238578 -0.00640514994219854
59770.88586598658 3.6325000000000003 0.019500000000000073 0.9941200484715276 0.004806010189065111 0.9897119089468568 1.0061116221566457 0.9957606541782725 -0.0016406057067449575
59770.88588193001 3.6325000000000003 0.019500000000000073 0.9896851798321471 0.004806202101199398 0.9897340528184184 1.0061115548329198 0.9957828667522262 -0.0060976869200790595
59770.88589787342 3.6325000000000003 0.019500000000000073 0.9963103049303024 0.00482156848668297 0.9897561945207565 1.0061114875092552 0.995805077140778 0.0005052277895243318
59770.88591381684 3.6325000000000003 0.019500000000000073 1.00061270486432 0.004822855850602418 0.9897783340205442 1.0061114201855599 0.9958272853103072 0.004785419554012904
59770.88592976026 3.6325000000000003 0.019500000000000073 0.9908820440399346 0.004804852186158857 0.9898004712454146 1.0061113528618646 0.9958494911880352 -0.004967447148100601
59770.88594570368 3.6325000000000003 0.019500000000000073 0.9985377186910397 0.004813926452581688 0.9898226061313442 1.0061112855381693 0.9958716947095477 0.0026660239814919606
59770.8859616471 3.6325000000000003 0.019500000000000073 0.9933813995118957 0.004814082345538783 0.9898447386149697 1.006111218214474 0.9958938958110948 -0.0025124962991990296
59770.885977590515 3.6325000000000003 0.019500000000000073 1.0006538417808588 0.004834020590640513 0.9898668686220674 1.0061111508908096 0.9959160944180301 0.004737747362828726
59770.885993533935 3.6325000000000003 0.019500000000000073 1.006068612471058 0.004835353352895336 0.9898889961110681 1.0061110835671143 0.9959382904884697 0.010130321982588342
59770.88600947736 3.6325000000000003 0.019500000000000073 0.9949751106651539 0.004812271847520857 0.9899111210180183 1.0061110162433882 0.9959604839580699 -0.0009853732929160364
59770.886025420776 3.6325000000000003 0.019500000000000073 0.9892275349000431 0.004809134369489332 0.9899332432489161 1.0061109489197237 0.9959826747323467 -0.0067551398323035805
59770.88604136419 3.6325000000000003 0.019500000000000073 0.9949913412202498 0.004805623264152719 0.9899553627609615 1.006110881596059 0.9960048627681775 -0.001013521547927665
59770.886057307616 3.6325000000000003 0.019500000000000073 0.996515789864622 0.004818583529225481 0.9899774795107185 1.0061108142723332 0.996027048021801 0.0004887418428209944
59770.88607325103 3.6325000000000003 0.019500000000000073 0.9972630435495561 0.00482449213323327 0.9899995933952919 1.0061107469486685 0.9960492303898152 0.0012138131597408952
59770.88608919446 3.6325000000000003 0.019500000000000073 0.9945469576200705 0.0048134824641938275 0.9900217043910957 1.0061106796249424 0.9960714098483691 -0.0015244522282985562
59770.88610513787 3.6325000000000003 0.019500000000000073 0.9967955997912044 0.004818263097819106 0.9900438123952773 1.006110612301278 0.9960935862941039 0.0007020134971004177
59770.88612108129 3.6325000000000003 0.019500000000000073 0.996328309531116 0.004811130408904261 0.9900659173746843 1.0061105449775827 0.9961157596935739 0.00021254983754204204
59770.88613702471 3.6325000000000003 0.019500000000000073 1.00279680716689 0.004831257364051813 0.9900880192559004 1.0061104776538874 0.9961379299729453 0.006658877193944757
59770.88615296812 3.6325000000000003 0.019500000000000073 0.992061172078621 0.00480927680586936 0.9901101179655267 1.0061104103302227 0.9961600970584014 -0.004098924979780372
59770.886168911544 3.6325000000000003 0.019500000000000073 0.9889820809646417 0.004803477317630414 0.9901322134608533 1.0061103430065275 0.9961822609069114 -0.0072001799422697355
59770.886184854964 3.6325000000000003 0.019500000000000073 1.0015053783236445 0.004829073590534524 0.9901543056678671 1.0061102756828322 0.9962044214440411 0.0053009568796034134
59770.886200798384 3.6325000000000003 0.019500000000000073 0.9949957333817379 0.00481159118490546 0.9901763945247081 1.006110208359137 0.9962265786075529 -0.0012308452258150693
59770.886216741805 3.6325000000000003 0.019500000000000073 0.99040356243093 0.004816021151400646 0.990198479967612 1.0061101410354416 0.996248732333294 -0.005845169902364056
59770.886232685225 3.6325000000000003 0.019500000000000073 0.9948641003982927 0.0048161105413456065 0.9902205619328275 1.0061100737117463 0.9962708825571239 -0.0014067821588312768
59770.88624862864 3.6325000000000003 0.019500000000000073 0.9983263487842657 0.004822480298045478 0.9902426403483113 1.0061100063880817 0.9962930292065904 0.0020333195776753854
59770.88626457206 3.6325000000000003 0.019500000000000073 0.9889528365831263 0.004808952379891041 0.9902647151707618 1.0061099390643864 0.9963151722380671 -0.007362335654940821
59770.88628051548 3.6325000000000003 0.019500000000000073 1.0020679198902713 0.004835566291850649 0.9902867863268763 1.006109871740691 0.9963373115778347 0.005730608312436658
59770.886296458906 3.6325000000000003 0.019500000000000073 0.9957175036205124 0.004820296163337102 0.9903088537631509 1.0061098044169652 0.9963594471720327 -0.0006419435515203631
59770.88631240232 3.6325000000000003 0.019500000000000073 0.9997352669876496 0.004826680848214981 0.9903309173871665 1.0061097370933005 0.9963815789277692 0.0033536880598803442
59770.88632834573 3.6325000000000003 0.019500000000000073 0.9997036638951691 0.004828527093298681 0.9903529771556469 1.0061096697696361 0.9964037068014439 0.0032999570937252143
59770.88634428916 3.6325000000000003 0.019500000000000073 1.0072619839847727 0.004839506522004175 0.9903750330259464 1.00610960244591 0.99642583075009 0.010836153234682788
59770.88636023257 3.6325000000000003 0.019500000000000073 0.9936903933116886 0.004812726410854816 0.9903970848942033 1.0061095351222455 0.996447950669334 -0.0027575573576453793
59770.88637617599 3.6325000000000003 0.019500000000000073 0.9922874884579341 0.0048127934550535965 0.9904191327273524 1.0061094677985503 0.9964700665258183 -0.004182578067884135
59770.88639211941 3.6325000000000003 0.019500000000000073 1.0037703940361105 0.0048331185818196246 0.99044117645343 1.006109400474855 0.9964921782471705 0.007278215788939946
59770.886408062834 3.6325000000000003 0.019500000000000073 1.000995886219479 0.004825647456678373 0.9904632160087726 1.0061093331511597 0.9965142857693393 0.004481600450139678
59770.886424006254 3.6325000000000003 0.019500000000000073 1.0014055474041899 0.0048318448586541635 0.9904852513297218 1.0061092658274644 0.9965363890282779 0.004869158375911953
59770.88643994967 3.6325000000000003 0.019500000000000073 0.9891227099757336 0.004802788909226555 0.990507282344343 1.0061091985037998 0.9965584879516439 -0.007435777975910329
59770.88645589309 3.6325000000000003 0.019500000000000073 0.9999476266749852 0.004830911541639016 0.9905293090093703 1.0061091311801045 0.9965805824958468 0.0033670441791383565
59770.886471836515 3.6325000000000003 0.019500000000000073 0.99424393139642 0.004806238053619636 0.9905513312617878 1.0061090638563783 0.9966026725974867 -0.0023587412010667164
59770.88648777993 3.6325000000000003 0.019500000000000073 1.0005113817790292 0.004823540585471082 0.9905733490073897 1.006108996532714 0.9966247581618747 0.0038866236171545276
59770.88650372335 3.6325000000000003 0.019500000000000073 0.9987417813740687 0.0048203818124352895 0.9905953622150099 1.0061089292090186 0.9966468391575636 0.00209494221650508
59770.88651966677 3.6325000000000003 0.019500000000000073 0.9979429458948644 0.00481378569357413 0.9906173708108196 1.0061088618853233 0.996668915510305 0.0012740303845594214
59770.88653561018 3.6325000000000003 0.019500000000000073 0.9886968605981186 0.004806619425535727 0.990639374721643 1.0061087945616587 0.9966909871465075 -0.007994126548388936
59770.88655155361 3.6325000000000003 0.019500000000000073 1.0047611522052196 0.004832722752473209 0.9906613739143818 1.0061087272379328 0.9967130540327804 0.008048098172439122
59770.88656749702 3.6325000000000003 0.019500000000000073 1.0012421933200182 0.0048272108222954715 0.9906833682865982 1.0061086599142681 0.9967351160661827 0.004507077253835479
59770.88658344044 3.6325000000000003 0.019500000000000073 1.0012960493540974 0.0048373649080302355 0.9907053578051899 1.0061085925905728 0.9967571732133195 0.00453887614077797
59770.88659938386 3.6325000000000003 0.019500000000000073 1.004456265008847 0.00482879686416117 0.9907273423969832 1.0061085252668776 0.9967792254006017 0.007677039608245395
59770.886615327276 3.6325000000000003 0.019500000000000073 0.9868410815603638 0.0048056145118184354 0.9907493219888097 1.006108457943213 0.9968012725544451 -0.009960190994081297
59770.8866312707 3.6325000000000003 0.019500000000000073 1.0005020827229472 0.004831448452353285 0.9907712965475399 1.006108390619487 0.9968233146414279 0.0036787680815192347
59770.886647214116 3.6325000000000003 0.019500000000000073 0.9960366181368224 0.004822290317990932 0.9907932659707771 1.0061083232958223 0.9968453515586503 -0.0008087334218278563
59770.88666315754 3.6325000000000003 0.019500000000000073 0.992967476099994 0.004806840789924659 0.9908152302253797 1.006108255972127 0.9968673832726783 -0.0038999071726842915
59770.88667910096 3.6325000000000003 0.019500000000000073 0.9947822127036631 0.004815245456791098 0.9908371892381758 1.0061081886484318 0.9968894097099245 -0.0021071970062613854
59770.88669504438 3.6325000000000003 0.019500000000000073 1.0009616777683434 0.004826337735322461 0.9908591429455212 1.0061081213247365 0.9969114308063569 0.0040502469619865256
59770.8867109878 3.6325000000000003 0.019500000000000073 0.9978999947346787 0.004818831268394823 0.9908810912856764 1.0061080540010412 0.9969334464998599 0.000966548234818787
59770.88672693121 3.6325000000000003 0.019500000000000073 0.990495058201855 0.004806198643276633 0.9909030341848357 1.0061079866773768 0.9969554567162089 -0.006460398514353871
59770.88674287463 3.6325000000000003 0.019500000000000073 0.994328806291387 0.004811306091264229 0.9909249716002861 1.0061079193536815 0.9969774614123698 -0.002648655120982779
59770.88675881806 3.6325000000000003 0.019500000000000073 0.9988289248615713 0.004830038186574868 0.9909469034683572 1.0061078520299553 0.9969994605242843 0.0018294643372869235
59770.88677476147 3.6325000000000003 0.019500000000000073 0.9975561458528532 0.004826295033750463 0.9909688296968516 1.006107784706291 0.9970214539592851 0.00053469189356814
59770.886790704884 3.6325000000000003 0.019500000000000073 0.9936982301987034 0.004817760558230576 0.9909907502423925 1.0061077173826263 0.9970434416736698 -0.0033452114749663586
59770.88680664831 3.6325000000000003 0.019500000000000073 1.0008509185105237 0.004828431772271419 0.9910126650615815 1.0061076500589003 0.9970654236237159 0.0037854948868077942
59770.886822591725 3.6325000000000003 0.019500000000000073 0.9895028119901603 0.0048088503693517705 0.9910345740520754 1.0061075827352357 0.9970873997065776 -0.007584587716417235
59770.88683853515 3.6325000000000003 0.019500000000000073 0.9936566546335572 0.004815376029774326 0.991056477190731 1.0061075154115096 0.9971093698988497 -0.0034527152652924498
59770.886854478566 3.6325000000000003 0.019500000000000073 1.0025782890933428 0.004825138018070776 0.9910783743739463 1.0061074480878451 0.9971313340964211 0.005446954996921716
59770.886870421986 3.6325000000000003 0.019500000000000073 1.0006486208081424 0.004820723475431229 0.9911002655690444 1.0061073807641499 0.9971532922663245 0.003495328541817888
59770.886886365406 3.6325000000000003 0.019500000000000073 1.0082069530670636 0.004839604130186395 0.9911221507021767 1.0061073134404546 0.9971752443342923 0.011031708732771373
59770.88690230882 3.6325000000000003 0.019500000000000073 1.0001364083618505 0.004829967202230945 0.9911440297013976 1.00610724611679 0.9971971902279709 0.00293921813387954
59770.88691825224 3.6325000000000003 0.019500000000000073 1.0027898763061402 0.004827637325901107 0.991165902523214 1.0061071787930946 0.9972191299035423 0.005570746402597915
59770.88693419566 3.6325000000000003 0.019500000000000073 0.9930276395603691 0.004810003175666327 0.9911877690943921 1.0061071114693994 0.9972410632873568 -0.004213423726987742
59770.88695013908 3.6325000000000003 0.019500000000000073 0.9879404017346106 0.004805977276255051 0.991209629351175 1.006107044145704 0.9972629903152695 -0.00932258858065893
59770.8869660825 3.6325000000000003 0.019500000000000073 0.9950011093097197 0.0048076835365621195 0.9912314832316927 1.0061069768220088 0.9972849109250341 -0.0022838016153143847
59770.88698202592 3.6325000000000003 0.019500000000000073 0.9895932128966 0.0048076627487134965 0.9912533306721657 1.0061069094983135 0.9973068250524825 -0.00771361215588251
59770.88699796933 3.6325000000000003 0.019500000000000073 1.0016658141704782 0.004837869118767224 0.9912751715993328 1.0061068421746489 0.9973287326239378 0.004337081546540333
59770.88701391276 3.6325000000000003 0.019500000000000073 1.0054526709366303 0.005575753571251533 0.9912970059796978 1.006106774850923 0.9973506336056098 0.00810203733102044
59770.887029856174 3.6325000000000003 0.019500000000000073 0.9977208349152729 0.004816093566841593 0.9913188337109367 1.0061067075272583 0.9973725278946721 0.0003483070206007355
59770.8870457996 3.6325000000000003 0.019500000000000073 1.0070771654110944 0.004837412408922373 0.9913406547696109 1.0061066402035324 0.997394415467423 0.009682749943671354
59770.887061743015 3.6325000000000003 0.019500000000000073 1.0001479310538728 0.004821473136854545 0.9913624690521227 1.0061065728798677 0.997416296219755 0.0027316348341177576
59770.88707768643 3.6325000000000003 0.019500000000000073 0.9875331507157652 0.004800194680060817 0.9913842765148138 1.0061065055562033 0.9974381701076841 -0.009905019391918901
59770.887093629855 3.6325000000000003 0.019500000000000073 0.9932843996304132 0.004813029108993888 0.9914060771158661 1.0061064382324771 0.9974600370890766 -0.00417563745866345
59770.88710957327 3.6325000000000003 0.019500000000000073 0.9958384385447039 0.004825996057319012 0.9914278707510489 1.0061063709088127 0.9974818970591892 -0.0016434585144853298
