eureka_custom_plots/data/stage5_lcfit_results/S5_wasp39b_ap4_bg8_Table_Save_ch52.txt
# %ECSV 1.0
# ---
# datatype:
# - {name: time, datatype: float64}
# - {name: wavelength, datatype: float64}
# - {name: bin_width, datatype: float64}
# - {name: lcdata, datatype: float64}
# - {name: lcerr, datatype: float64}
# - {name: transit, datatype: float64}
# - {name: polynom, datatype: float64}
# - {name: model, datatype: float64}
# - {name: residuals, datatype: float64}
# schema: astropy-2.0
time wavelength bin_width lcdata lcerr transit polynom model residuals
[from data line 14336]
59770.87258511846 5.0125 0.01949999999999985 0.9909503638259308 0.011019058419708318 0.9785497916189267 1.0061217788883021 0.984540257074412 0.006410106751518874
59770.87260106188 5.0125 0.01949999999999985 1.00296972085075 0.011062657921961943 0.9785503675097162 1.0061217217508722 0.9845407805788244 0.018428940271925542
59770.872617005305 5.0125 0.01949999999999985 0.9840448074483741 0.011062711815843321 0.9785509442325718 1.0061216646134163 0.9845413049203056 -0.0004964974719314785
59770.87263294872 5.0125 0.01949999999999985 0.9993103551189207 0.011097064398750564 0.978551521788799 1.0061216074760124 0.9845418301002447 0.014768525018676093
59770.87264889213 5.0125 0.01949999999999985 1.0078564687396885 0.01111162460773648 0.9785521001811153 1.0061215503386087 0.9845423561213252 0.023314112618363247
59770.87266483556 5.0125 0.01949999999999985 0.9809408365332757 0.01103906847324679 0.9785526794121845 1.0061214932011529 0.9845428829861761 -0.0036020464529004093
59770.87268077897 5.0125 0.01949999999999985 0.9970526196121324 0.011071172006720467 0.9785532594831402 1.006121436063749 0.9845434106960393 0.012509208916093084
59770.8726967224 5.0125 0.01949999999999985 0.9706857714872773 0.011016371534216814 0.9785538403972045 1.006121378926293 0.984543939254055 -0.01385816776677773
59770.87271266581 5.0125 0.01949999999999985 0.993510010843313 0.011077860867341095 0.9785544221555292 1.0061213217888894 0.9845444686614839 0.0089655421818291
59770.87272860923 5.0125 0.01949999999999985 0.9717034060179521 0.011012830677883213 0.9785550047611085 1.0061212646514595 0.9845449989212613 -0.012841592903309218
59770.87274455265 5.0125 0.01949999999999985 0.978224811864853 0.011027029226497126 0.9785555882158714 1.0061212075140296 0.984545530035354 -0.006320718170501061
59770.872760496066 5.0125 0.01949999999999985 1.000578568463217 0.011068099389444449 0.9785561725218073 1.0061211503766259 0.9845460620057886 0.016032506457428264
59770.87277643949 5.0125 0.01949999999999985 0.9788577094410192 0.011067281397580859 0.9785567576819308 1.00612109323917 0.9845465948355218 -0.005688885394502519
59770.87279238291 5.0125 0.01949999999999985 0.9865254338179117 0.01107875513083806 0.9785573436974415 1.0061210361017663 0.9845471285258621 0.0019783052920495647
59770.87280832633 5.0125 0.01949999999999985 0.9817197888995165 0.010986149446961772 0.9785579305713947 1.0061209789643364 0.9845476630798068 -0.0028278741802902907
59770.87282426975 5.0125 0.01949999999999985 0.9781637517315178 0.011029593016606491 0.9785585183057736 1.0061209218269065 0.9845481984993767 -0.006384446767858876
59770.87284021317 5.0125 0.01949999999999985 0.9735498107359767 0.011021079756085425 0.9785591069028944 1.0061208646894766 0.9845487347869021 -0.010998924050925396
59770.87285615659 5.0125 0.01949999999999985 0.989406585640729 0.011041462757933586 0.9785596963650173 1.006120807552047 0.984549271944657 0.004857313696072008
59770.8728721 5.0125 0.01949999999999985 0.9763245730645452 0.011038171370575977 0.9785602866942086 1.006120750414643 0.9845498099747453 -0.008225236910200051
59770.87288804342 5.0125 0.01949999999999985 0.9773432365915591 0.011035346908938572 0.978560877893298 1.006120693277213 0.9845503488799633 -0.007207112288404205
59770.87290398685 5.0125 0.01949999999999985 0.9711371818437162 0.010966284573070922 0.9785614699646502 1.0061206361397572 0.9845508886626898 -0.01341370681897358
59770.87291993026 5.0125 0.01949999999999985 0.9955892755584251 0.0110513231916185 0.9785620629097669 1.0061205790023535 0.9845514293245121 0.011037846233913018
59770.87293587368 5.0125 0.01949999999999985 0.9692261388899267 0.01100896080938285 0.9785626567318066 1.0061205218649236 0.9845519708685314 -0.01532583197860471
59770.8729518171 5.0125 0.01949999999999985 0.9691365044662319 0.010999436277708014 0.978563251432895 1.0061204647274937 0.9845525132969116 -0.015416008830679728
59770.872967760515 5.0125 0.01949999999999985 1.0035622964626214 0.011115158338679348 0.9785638470150998 1.00612040759009 0.9845530566117587 0.01900923985086267
59770.87298370394 5.0125 0.01949999999999985 0.9950011763666239 0.011090811769489508 0.9785644434816726 1.0061203504526341 0.9845536008162673 0.01044757555035658
59770.872999647356 5.0125 0.01949999999999985 0.9599221630504301 0.010954717672376562 0.9785650408338775 1.0061202933152305 0.9845541459118113 -0.02463198286138124
59770.873015590776 5.0125 0.01949999999999985 0.9983317597789811 0.011066709515036334 0.9785656390749927 1.0061202361778006 0.984554691901612 0.013777067877369098
59770.873031534196 5.0125 0.01949999999999985 1.0000452622094607 0.01108842236702824 0.9785662382071352 1.0061201790403707 0.9845552387878248 0.015490023421635857
59770.87304747761 5.0125 0.01949999999999985 0.9988959249246447 0.011037136040221615 0.9785668382325022 1.006120121902967 0.984555786572686 0.014340138351958687
59770.87306342104 5.0125 0.01949999999999985 1.0132147421008941 0.011121022209659864 0.9785674391543635 1.006120064765511 0.9845563352594086 0.028658406841485573
59770.87307936445 5.0125 0.01949999999999985 0.9820237903764955 0.011044028131517574 0.9785680409740558 1.0061200076281072 0.9845568848494389 -0.0025330944729434757
59770.87309530787 5.0125 0.01949999999999985 1.0109763661786126 0.011128621159832111 0.9785686436949279 1.0061199504906773 0.9845574353460701 0.026418930832542542
59770.87311125129 5.0125 0.01949999999999985 0.9804108514582931 0.011018410032608589 0.9785692473191596 1.0061198933532476 0.9845579867515206 -0.004147135293227522
59770.87312719471 5.0125 0.01949999999999985 0.9806067136357315 0.010997467820413734 0.9785698518492918 1.0061198362158177 0.9845585390683464 -0.003951825432614964
59770.87314313813 5.0125 0.01949999999999985 0.9922142818787196 0.011061379371347761 0.9785704572878089 1.0061197790783878 0.9845590922990471 0.007655189579672483
59770.87315908155 5.0125 0.01949999999999985 0.978593640079467 0.011013440250731447 0.978571063637279 1.006119721940958 0.9845596464462065 -0.005966006366739496
59770.873175024964 5.0125 0.01949999999999985 0.9905596881752672 0.011057915378869257 0.97857167089995 1.0061196648035542 0.9845602015121117 0.005999486663155529
59770.87319096839 5.0125 0.01949999999999985 0.9950043612071829 0.01108095507087285 0.9785722790792083 1.0061196076660983 0.9845607575000928 0.010443603707090188
59770.873206911805 5.0125 0.01949999999999985 0.9829697573714566 0.011014051985282082 0.9785728881765382 1.0061195505286946 0.9845613144117451 -0.0015915570402884605
59770.873222855225 5.0125 0.01949999999999985 0.9859334465884158 0.011024810680778993 0.9785734981953373 1.0061194933912647 0.9845618722504105 0.001371574338005277
59770.873238798646 5.0125 0.01949999999999985 1.0001501754744218 0.011058525629506022 0.9785741091379621 1.0061194362538348 0.9845624310184851 0.015587744455936692
59770.87325474206 5.0125 0.01949999999999985 1.0030801764480104 0.011094716580224307 0.9785747210067285 1.0061193791164311 0.9845629907183244 0.01851718572968597
59770.873270685486 5.0125 0.01949999999999985 1.0030772472095897 0.011062967955078542 0.9785753338051 1.0061193219789752 0.9845635513533366 0.018513695856253065
59770.8732866289 5.0125 0.01949999999999985 0.9945344621103004 0.011045271773435943 0.9785759475346237 1.0061192648415713 0.9845641129251798 0.00997034918512063
59770.87330257233 5.0125 0.01949999999999985 0.9867092434505914 0.011057479285197692 0.9785765621990603 1.0061192077041154 0.9845646754375356 0.0021445680130558475
59770.87331851574 5.0125 0.01949999999999985 0.9717955488901673 0.010958690542321507 0.9785771777999834 1.0061191505667118 0.9845652388920894 -0.012769690001922074
59770.87333445915 5.0125 0.01949999999999985 0.971047247320798 0.010988529754101915 0.9785777943406339 1.0061190934293078 0.9845658032920501 -0.013518555971252177
59770.87335040258 5.0125 0.01949999999999985 1.0064081153973243 0.01107809473082923 0.9785784118242705 1.006119036291852 0.9845663686406461 0.02184174675667827
59770.873366346 5.0125 0.01949999999999985 1.0025170876502874 0.011047375827719166 0.9785790302527757 1.006118979154422 0.984566934939847 0.017950152710440315
59770.87338228942 5.0125 0.01949999999999985 0.9880822548605368 0.011058659349279338 0.9785796496291886 1.0061189220169924 0.9845675021926854 0.003514752667851395
59770.873398232834 5.0125 0.01949999999999985 0.9710477106846092 0.011022951455978935 0.9785802699559554 1.0061188648795885 0.9845680704016471 -0.01352035971703791
59770.873414176254 5.0125 0.01949999999999985 0.9912767683009279 0.01107990964308951 0.978580891236399 1.0061188077421588 0.9845686395700249 0.006708128730902985
59770.873430119675 5.0125 0.01949999999999985 0.9767395051718927 0.011008494120778346 0.9785815134730516 1.0061187506047289 0.9845692097003913 -0.007829704528498627
59770.873446063095 5.0125 0.01949999999999985 1.0006809244282442 0.011082155586581937 0.9785821366686758 1.006118693467299 0.9845697807955259 0.01611114363271826
59770.873462006515 5.0125 0.01949999999999985 0.9884044615431389 0.011063507444686316 0.9785827608261224 1.006118636329869 0.9845703528582966 0.003834108684842241
59770.873477949935 5.0125 0.01949999999999985 0.9685060360024913 0.011011495488361892 0.9785833859481862 1.0061185791924394 0.9845709258915156 -0.016064889889024325
59770.87349389335 5.0125 0.01949999999999985 0.9802038262202718 0.010997815898439886 0.978584012037461 1.0061185220550355 0.9845714998978173 -0.004367673677545536
59770.87350983677 5.0125 0.01949999999999985 0.9858124514287661 0.010999622073368829 0.9785846390973718 1.0061184649176056 0.9845720748805968 0.0012403765481692197
59770.87352578019 5.0125 0.01949999999999985 1.0005630824165177 0.011065118216880377 0.9785852671304919 1.006118407780176 0.9845726508424686 0.015990431574049113
59770.87354172361 5.0125 0.01949999999999985 0.980787624386475 0.011037792296204385 0.9785858961397547 1.006118350642746 0.9845732277863836 -0.0037856033999085215
59770.87355766703 5.0125 0.01949999999999985 0.9837076193860605 0.011042654109844615 0.9785865261280383 1.0061182935053161 0.9845738057152373 -0.000866186329176788
59770.87357361044 5.0125 0.01949999999999985 0.9648734374718623 0.010998442911735094 0.9785871570980187 1.0061182363679124 0.9845743846317478 -0.019700947159885573
59770.87358955387 5.0125 0.01949999999999985 0.9911100015467301 0.01101484854582508 0.9785877890534846 1.0061181792304565 0.9845749645396501 0.0065350370070800246
59770.87360549728 5.0125 0.01949999999999985 0.9630404355809734 0.010981556287009276 0.9785884219962697 1.0061181220930526 0.9845755454408907 -0.021535109859917245
59770.87362144071 5.0125 0.01949999999999985 0.9986537287028654 0.011086620543974999 0.9785890559304928 1.0061180649555967 0.9845761273395117 0.014077601363353676
59770.873637384124 5.0125 0.01949999999999985 0.9662846497374932 0.010966451011358212 0.9785896908580191 1.006118007818193 0.9845767102374915 -0.01829206049999832
59770.873653327544 5.0125 0.01949999999999985 0.9905568621930674 0.011041121424274927 0.9785903267827311 1.0061179506807632 0.9845772941386597 0.005979568054407691
59770.873669270964 5.0125 0.01949999999999985 1.009641049982586 0.0110887555581406 0.9785909637073547 1.0061178935433333 0.9845778790457842 0.025063170936801882
59770.87368521438 5.0125 0.01949999999999985 0.9849115060817558 0.01105211897679296 0.9785916016346881 1.0061178364059296 0.9845784649617056 0.0003330411200501704
59770.873701157805 5.0125 0.01949999999999985 0.9673308600934492 0.011018739014453521 0.9785922405686555 1.0061177792684737 0.9845790518902956 -0.017248191796846446
59770.87371710122 5.0125 0.01949999999999985 1.0025784846986248 0.011095109203525398 0.9785928805112052 1.0061177221310698 0.9845796398336158 0.01799884486500891
59770.87373304464 5.0125 0.01949999999999985 0.9924592669854384 0.011063548141435172 0.9785935214663191 1.00611766499364 0.9845802287955965 0.007879038189841925
59770.87374898806 5.0125 0.01949999999999985 0.9749649351398233 0.010980691979417641 0.9785941634368146 1.0061176078562102 0.9845808187790971 -0.009615883639273792
59770.87376493148 5.0125 0.01949999999999985 0.9847039205102655 0.01106379544081186 0.97859480642588 1.0061175507187803 0.9845814097873253 0.00012251072294011678
59770.8737808749 5.0125 0.01949999999999985 0.9799673700503283 0.011018022738737471 0.9785954504366488 1.0061174935813504 0.9845820018234337 -0.004614631773105393
59770.87379681831 5.0125 0.01949999999999985 1.0038861906516274 0.011087507211530054 0.9785960954720498 1.0061174364439467 0.9845825948903945 0.019303595761232972
59770.87381276173 5.0125 0.01949999999999985 0.9864960249672703 0.011028448654303835 0.9785967415358531 1.0061173793065168 0.9845831889919493 0.0019128359753209923
59770.87382870516 5.0125 0.01949999999999985 0.9857241115531241 0.011055025140157331 0.9785973886313276 1.006117322169061 0.9845837841313871 0.0011403274217369752
59770.87384464857 5.0125 0.01949999999999985 0.9815678851854468 0.010996457957966716 0.9785980367608066 1.0061172650316572 0.9845843803111318 -0.003016495125685026
59770.87386059199 5.0125 0.01949999999999985 0.9753355890723471 0.011008601784967178 0.9785986859284413 1.0061172078942273 0.9845849775352833 -0.009249388462936214
59770.873876535414 5.0125 0.01949999999999985 0.9786001637289446 0.011020212518814285 0.9785993361372617 1.0061171507567974 0.9845855758069152 -0.005985412077970542
59770.87389247883 5.0125 0.01949999999999985 0.977890872705932 0.011034928363679263 0.9785999873902416 1.0061170936193937 0.9845861751290452 -0.006695302423113225
59770.873908422254 5.0125 0.01949999999999985 0.9806295223841601 0.011019969102164196 0.9786006396916571 1.0061170364819378 0.9845867755058987 -0.003957253121738558
59770.87392436567 5.0125 0.01949999999999985 0.961022719169752 0.010958940531528311 0.9786012930436191 1.006116979344534 0.9845873769397011 -0.023564657769949093
59770.873940309095 5.0125 0.01949999999999985 0.9765379967321592 0.011032001503731823 0.9786019474507516 1.006116922207078 0.9845879794350029 -0.008049982702843628
59770.87395625251 5.0125 0.01949999999999985 0.9720684216577642 0.01097210184043358 0.9786026029152044 1.0061168650696743 0.9845885829940688 -0.012520161336304625
59770.87397219592 5.0125 0.01949999999999985 0.9698194782337001 0.01103812148895011 0.9786032594410417 1.0061168079322707 0.9845891876209365 -0.01476970938723643
59770.87398813935 5.0125 0.01949999999999985 0.9660750596121174 0.010998857142826281 0.9786039170322969 1.0061167507948146 0.9845897933196128 -0.018514733707495457
59770.87400408276 5.0125 0.01949999999999985 0.9931475114569143 0.011125588007264578 0.9786045756911999 1.0061166936574109 0.9845904000924435 0.008557111364470793
59770.87402002619 5.0125 0.01949999999999985 0.9785852967507598 0.010999511897426982 0.9786052354224963 1.006116636519955 0.9845910079441007 -0.0060057111933409235
59770.8740359696 5.0125 0.01949999999999985 0.9667769767694874 0.011006131609490717 0.9786058962284391 1.0061165793825513 0.9845916168769531 -0.017814640107465696
59770.87405191302 5.0125 0.01949999999999985 0.9823239559749228 0.011035553075026665 0.9786065581135178 1.0061165222451214 0.9845922268954408 -0.0022682709205179563
59770.87406785644 5.0125 0.01949999999999985 0.971041899726162 0.011013190029703754 0.9786072210809476 1.0061164651076915 0.984592838002824 -0.013550938276662094
59770.874083799856 5.0125 0.01949999999999985 0.9857887500260273 0.011040529237166285 0.9786078851340417 1.0061164079702878 0.984593450202462 0.0011952998235652545
59770.874099743276 5.0125 0.01949999999999985 0.9912179808527931 0.011044545546720276 0.9786085502770019 1.0061163508328579 0.9845940634985305 0.006623917354262598
59770.8741156867 5.0125 0.01949999999999985 0.9788915032239935 0.011065970885286965 0.9786092165134417 1.006116293695402 0.9845946778946651 -0.005703174670671607
