eureka_custom_plots/data/stage5_lcfit_results/S5_wasp39b_ap4_bg8_Table_Save_ch33.txt
# %ECSV 1.0
# ---
# datatype:
# - {name: time, datatype: float64}
# - {name: wavelength, datatype: float64}
# - {name: bin_width, datatype: float64}
# - {name: lcdata, datatype: float64}
# - {name: lcerr, datatype: float64}
# - {name: transit, datatype: float64}
# - {name: polynom, datatype: float64}
# - {name: model, datatype: float64}
# - {name: residuals, datatype: float64}
# schema: astropy-2.0
time wavelength bin_width lcdata lcerr transit polynom model residuals
[from data line 15381]
59770.88924599142 4.284 0.019000000000000128 1.0129770580090214 0.0072389176402375315 0.9938143372213605 1.0064407374750362 1.0002152344663302 0.012761823542691175
59770.88926193484 4.284 0.019000000000000128 0.9997422178189235 0.0072203244024063645 0.9938360346180052 1.0064406756046709 1.0002370101212121 -0.0004947923022886602
59770.88927787826 4.284 0.019000000000000128 1.0033576966795261 0.0072009062172459885 0.9938577150443054 1.0064406137343054 1.0002587686937652 0.0030989279857609464
59770.88929382168 4.284 0.019000000000000128 1.0055072758647086 0.007224548851856078 0.9938793784231711 1.0064405518639399 1.0002805101064058 0.0052267657583027205
59770.8893097651 4.284 0.019000000000000128 0.9907714898931717 0.007194996503652762 0.9939010246774155 1.0064404899935744 1.0003022342814536 -0.009530744388281942
59770.889325708515 4.284 0.019000000000000128 1.0067915400040108 0.007227411992165255 0.993922653721621 1.006440428123237 1.0003239411329723 0.006467598871038538
59770.889341651935 4.284 0.019000000000000128 0.9853904012287131 0.007163680930454728 0.9939442654984034 1.0064403662528716 1.0003456306031546 -0.014955229374441492
59770.88935759536 4.284 0.019000000000000128 1.007401034517075 0.007230714288357507 0.9939658599302388 1.006440304382478 1.000367302613981 0.007033731903093976
59770.889373538776 4.284 0.019000000000000128 1.0015005234467198 0.007202770140850807 0.9939874369114359 1.0064402425121408 1.0003889570591669 0.0011115663875529425
59770.889389482196 4.284 0.019000000000000128 1.0113540840359496 0.008335809361535846 0.9940089963936173 1.0064401806417753 1.000410593889942 0.010943490146007706
59770.889405425616 4.284 0.019000000000000128 1.0065441703549254 0.007217947684913896 0.9940305382908453 1.0064401187714098 1.0004322130198469 0.006111957335078522
59770.88942136903 4.284 0.019000000000000128 0.992755968654914 0.007196380992837551 0.9940520625152353 1.0064400569010725 1.0004538143604618 -0.007697845705547768
59770.88943731246 4.284 0.019000000000000128 1.005796797564811 0.007202815341431451 0.9940735690186125 1.0064399950306788 1.0004753978632215 0.005321399701589513
59770.88945325587 4.284 0.019000000000000128 0.9991644584319951 0.007202529169823217 0.9940950576848889 1.0064399331603415 1.0004969634114054 -0.0013325049794102872
59770.88946919929 4.284 0.019000000000000128 1.004592629512852 0.007207928881625715 0.9941165284656411 1.0064398712899763 1.0005185109561978 0.004074118556654183
59770.88948514271 4.284 0.019000000000000128 1.011168832746986 0.007242375194207946 0.9941379812725483 1.0064398094196108 1.0005400404087401 0.010628792338245985
59770.88950108612 4.284 0.019000000000000128 0.9996014474993072 0.007200263748817624 0.9941594160190687 1.0064397475492735 1.0005615516819646 -0.0009601041826573509
59770.88951702955 4.284 0.019000000000000128 1.0096080884501504 0.007222607386270781 0.9941808326557144 1.0064396856788798 1.0005830447259842 0.009025043724166126
59770.889532972964 4.284 0.019000000000000128 1.0019777780805792 0.007229112783719772 0.9942022310659874 1.0064396238085425 1.000604519423666 0.0013732586569132899
59770.889548916384 4.284 0.019000000000000128 1.003047336430329 0.007210674859516933 0.9942236112007595 1.006439561938177 1.0006259757254847 0.002421360704844222
59770.889564859805 4.284 0.019000000000000128 0.9867468257348294 0.0071748219325379545 0.9942449729711716 1.0064395000678115 1.0006474135420407 -0.013900587807211262
59770.889580803225 4.284 0.019000000000000128 0.9985527787052431 0.007193192015263054 0.994266316299995 1.0064394381974462 1.0006688327956113 -0.0021160540903681913
59770.88959674664 4.284 0.019000000000000128 0.9924252321711853 0.007198767582484171 0.9942876410981699 1.006439376327109 1.0006902333965944 -0.008265001225409074
59770.88961269006 4.284 0.019000000000000128 1.0059171444357462 0.007226049176183738 0.994308947306108 1.0064393144567434 1.0007116152849655 0.005205529150780652
59770.88962863348 4.284 0.019000000000000128 1.0125531842826254 0.0072302830111433064 0.9943302348363395 1.006439252586378 1.0007329783727232 0.011820205909902182
59770.889644576906 4.284 0.019000000000000128 1.0009775389897844 0.007211813771487926 0.9943515036185187 1.0064391907159842 1.0007543225890438 0.0002232164007405224
59770.88966052032 4.284 0.019000000000000128 0.9972637691668556 0.007200590938130356 0.9943727535452856 1.006439128845647 1.0007756478259644 -0.003511878659108847
59770.88967646373 4.284 0.019000000000000128 1.0048970742872572 0.0072159283127941716 0.9943939845565058 1.0064390669753098 1.0007969540229105 0.004100120264346696
59770.88969240716 4.284 0.019000000000000128 0.997375975326813 0.007214631281712555 0.9944151965918517 1.0064390051049161 1.0008182411191129 -0.0034422657922998923
59770.88970835057 4.284 0.019000000000000128 1.0120717649376294 0.007212341784859774 0.994436389533825 1.0064389432345788 1.0008395089964328 0.01123225594119659
59770.88972429399 4.284 0.019000000000000128 1.007510472858949 0.007230947598682834 0.9944575633316451 1.0064388813642133 1.0008607576036823 0.006649715255266697
59770.88974023741 4.284 0.019000000000000128 1.0043405548370383 0.007219988525288313 0.9944787178951602 1.0064388194938478 1.0008819868501604 0.003458567986877936
59770.88975618083 4.284 0.019000000000000128 1.0154941660858081 0.007237374945072578 0.9944998531457306 1.0064387576234823 1.0009031966567248 0.014590969429083334
59770.889772124254 4.284 0.019000000000000128 1.0011307875110644 0.007230321227440118 0.9945209690021348 1.0064386957531168 1.0009243869416344 0.00020640056942999863
59770.88978806767 4.284 0.019000000000000128 0.9912156320875184 0.007182142892279129 0.9945420653757052 1.0064386338827798 1.000945557615683 -0.00972992552816454
59770.88980401109 4.284 0.019000000000000128 1.0071216766949245 0.00723069728976182 0.9945631422050781 1.0064385720124143 1.0009667086170586 0.006154968077865863
59770.889819954515 4.284 0.019000000000000128 0.997565372843403 0.007214570960557161 0.9945841994092102 1.0064385101420206 1.0009878398641998 -0.003422467020796849
59770.88983589793 4.284 0.019000000000000128 1.0051629644586886 0.007215907719933628 0.9946052368795509 1.0064384482716833 1.0010089512479452 0.004154013210743379
59770.88985184135 4.284 0.019000000000000128 1.0080380390676282 0.007225359285328593 0.9946262545640153 1.0064383864013178 1.0010300427157939 0.007007996351834356
59770.88986778477 4.284 0.019000000000000128 0.9957647583938563 0.00719707898603697 0.9946472523714228 1.0064383245309523 1.0010511141760101 -0.005286355782153862
59770.88988372818 4.284 0.019000000000000128 1.0047320381288027 0.0072204676049890965 0.9946682302123107 1.0064382626606152 1.0010721655385868 0.00365987259021594
59770.88989967161 4.284 0.019000000000000128 0.9979389747219456 0.007207255942246238 0.9946891880334439 1.0064382007902215 1.0010931967498655 -0.0031542220279199285
59770.88991561502 4.284 0.019000000000000128 1.0083811486087768 0.007226077011910723 0.9947101257159775 1.0064381389198842 1.0011142076903525 0.007266940918424281
59770.88993155844 4.284 0.019000000000000128 0.9960395891899487 0.007192861275472642 0.9947310432069636 1.0064380770495187 1.001135198306678 -0.005095609116729349
59770.88994750186 4.284 0.019000000000000128 1.0023904299091446 0.007208251868007026 0.9947519404145386 1.0064380151791532 1.0011561685064196 0.0012342614027249788
59770.889963445275 4.284 0.019000000000000128 1.0041662194529761 0.007209404579976976 0.9947728172485384 1.006437953308816 1.0011771181988638 0.0029891012541123363
59770.8899793887 4.284 0.019000000000000128 0.9989628850979909 0.007219977005193032 0.9947936736554498 1.0064378914384222 1.0011980473300728 -0.0022351622320818665
59770.889995332116 4.284 0.019000000000000128 1.0140068548078074 0.007262434455986 0.9948145095140496 1.0064378295680851 1.0012189557781592 0.012787899029648164
59770.89001127554 4.284 0.019000000000000128 1.0067229916291784 0.007228544894940351 0.9948353247722975 1.0064377676977196 1.001239843490667 0.005483148138511362
59770.89002721896 4.284 0.019000000000000128 0.9977906271337731 0.007204911945072352 0.9948561193376114 1.0064377058273541 1.0012607103744502 -0.003470083240677102
59770.89004316238 4.284 0.019000000000000128 0.9994002161450114 0.007217096315120003 0.9948768931268963 1.0064376439569886 1.0012815563458823 -0.0018813402008709401
59770.89005910579 4.284 0.019000000000000128 0.9894601903258332 0.00717398998829716 0.9948976460491067 1.0064375820866514 1.001302381313364 -0.011842190987530699
59770.89007504921 4.284 0.019000000000000128 1.0069554272976464 0.007237602244578481 0.9949183780400304 1.0064375202162859 1.0013231852122173 0.005632242085429118
59770.89009099263 4.284 0.019000000000000128 0.999106528516335 0.007195366527621341 0.994939089006486 1.0064374583459204 1.001343967948693 -0.0022374394323581015
59770.89010693606 4.284 0.019000000000000128 1.0059198601749053 0.007214265271429624 0.9949597788761014 1.0064373964755267 1.0013647294499293 0.004555130724976042
59770.89012287947 4.284 0.019000000000000128 0.9897185038094038 0.00828932832243863 0.9949804475356724 1.0064373346051896 1.0013854696020807 -0.011666965792676898
59770.890138822884 4.284 0.019000000000000128 1.007258442803059 0.007217321492456244 0.9950010949220782 1.0064372727348523 1.0014061883415684 0.005852254461490736
59770.89015476631 4.284 0.019000000000000128 1.0006490097083172 0.007205633168291938 0.995021720970157 1.0064372108644586 1.0014268856027584 -0.0007778758944412267
59770.890170709725 4.284 0.019000000000000128 0.995460898328699 0.007211501151508322 0.995042325557334 1.0064371489941213 1.0014475612624034 -0.005986662933704423
59770.890186653145 4.284 0.019000000000000128 1.0110820651100139 0.007254857150469945 0.9950629086294324 1.0064370871237558 1.0014682152658978 0.009613849844116062
59770.890202596565 4.284 0.019000000000000128 0.9929814837711487 0.007188828164055162 0.9950834700921658 1.0064370252533905 1.0014888475183805 -0.008507363747231822
59770.890218539986 4.284 0.019000000000000128 1.008377677786783 0.007224747343503117 0.9951040098606133 1.006436963383025 1.0015094579343875 0.006868219852395496
59770.890234483406 4.284 0.019000000000000128 0.989641284794078 0.0071597096742117075 0.9951245278514568 1.0064369015126595 1.0015300464300685 -0.011888761635990508
59770.89025042682 4.284 0.019000000000000128 0.9948687135074802 0.007201227423054439 0.9951450239699449 1.0064368396423222 1.0015506129100944 -0.006681899402614211
59770.89026637024 4.284 0.019000000000000128 0.9979163846255645 0.00720146614916433 0.9951654981495884 1.0064367777719567 1.001571157307496 -0.003654772681931373
59770.89028231366 4.284 0.019000000000000128 1.0001509979764618 0.007209368695462475 0.9951859502970412 1.0064367159015912 1.0015916795283584 -0.0014406815518965832
59770.89029825708 4.284 0.019000000000000128 0.9946810505188577 0.007198413740367987 0.9952063803258966 1.0064366540312257 1.001612179485723 -0.006931128966865208
59770.8903142005 4.284 0.019000000000000128 0.9954094596559755 0.007192644789867382 0.9952267881519281 1.0064365921608605 1.001632657094825 -0.006223197438849581
59770.89033014392 4.284 0.019000000000000128 1.0055034692729792 0.007212386948700702 0.9952471736883569 1.006436530290495 1.0016531122683314 0.003850357004647753
59770.89034608733 4.284 0.019000000000000128 1.005463325269899 0.00721413488429136 0.9952675368411638 1.0064364684201577 1.00167354491165 0.003789780358248951
59770.89036203076 4.284 0.019000000000000128 0.9992684700553581 0.0072096108710225605 0.9952878775520377 1.006436406549764 1.0016939549660144 -0.002425484910656306
59770.890377974174 4.284 0.019000000000000128 1.006327552718886 0.007212685370628521 0.995308195696581 1.0064363446794267 1.0017143423063424 0.004613210412543589
59770.890393917594 4.284 0.019000000000000128 1.0036232415547737 0.007201007449211584 0.9953284912178291 1.0064362828090612 1.0017347068752231 0.0018885346795505242
59770.890409861015 4.284 0.019000000000000128 1.0051670190569748 0.007212976231481847 0.9953487640192387 1.0064362209386957 1.0017550485755242 0.003411970481450588
59770.89042580443 4.284 0.019000000000000128 0.9984101294501304 0.007205075008113422 0.9953690140041122 1.0064361590683586 1.0017753673099579 -0.0033652378598274524
59770.890441747855 4.284 0.019000000000000128 1.0048478711779743 0.007227680350800276 0.9953892411147656 1.006436097197965 1.0017956630203888 0.0030522081575854454
59770.89045769127 4.284 0.019000000000000128 1.0105734751524058 0.007239939982075864 0.9954094452260326 1.0064360353276276 1.0018159355809615 0.008757539571444317
59770.89047363469 4.284 0.019000000000000128 1.013877419496191 0.007241003191478973 0.9954296262780392 1.006435973457262 1.001836184931337 0.012041234564853953
59770.89048957811 4.284 0.019000000000000128 0.9997845017548056 0.007213448855611784 0.995449784175049 1.0064359115868966 1.001856410975195 -0.0020719092203894673
59770.89050552153 4.284 0.019000000000000128 1.0064572724865573 0.00722942213275642 0.9954699188281387 1.006435849716531 1.0018766136230441 0.00458065886351311
59770.89052146494 4.284 0.019000000000000128 1.0016267848634763 0.007224449667917024 0.995490030141206 1.006435787846194 1.001896792778196 -0.00027000791471976093
59770.89053740836 4.284 0.019000000000000128 1.0088442052899662 0.007226425108133398 0.9955101180441025 1.0064357259758285 1.001916948369999 0.006927256919967206
59770.89055335178 4.284 0.019000000000000128 0.9913633419344373 0.007187211772801806 0.9955301824385528 1.006435664105463 1.0019370802995777 -0.010573738365140417
59770.89056929521 4.284 0.019000000000000128 1.0010214630586278 0.007209441382017434 0.9955502232463822 1.0064356022350693 1.0019571884882303 -0.0009357254296025186
59770.89058523862 4.284 0.019000000000000128 1.0130514087040652 0.007227323342373684 0.9955702403503947 1.006435540364732 1.0019772728180956 0.011074135885969616
59770.890601182036 4.284 0.019000000000000128 0.9952424663826375 0.007196896767767853 0.9955902336795361 1.0064354784943947 1.0019973332176102 -0.006754866834972728
59770.890617125464 4.284 0.019000000000000128 0.99900146868507 0.00720240496297999 0.9956102031641776 1.006435416624001 1.0020173696166454 -0.0030159009315754437
59770.89063306888 4.284 0.019000000000000128 0.9967198163487259 0.007201717297804387 0.9956301486773064 1.006435354753664 1.0020373818874881 -0.005317565538762281
59770.8906490123 4.284 0.019000000000000128 1.0041112269752195 0.007211483164763413 0.9956500701563545 1.0064352928832985 1.0020573699670874 0.0020538570081320984
59770.89066495572 4.284 0.019000000000000128 1.0061729253116238 0.007228232467277152 0.9956699675033175 1.006435231012933 1.0020773337568407 0.004095591554783118
59770.89068089914 4.284 0.019000000000000128 0.9977133431817512 0.007201831911252463 0.9956898406268914 1.0064351691425675 1.0020972731648614 -0.004383929983110213
59770.89069684256 4.284 0.019000000000000128 0.9943688617792309 0.007193371178351391 0.9957096894378459 1.006435107272202 1.0021171881013493 -0.007748326322118415
59770.89071278597 4.284 0.019000000000000128 1.002893071401075 0.007207204245856089 0.9957295138358295 1.0064350454018647 1.0021370784653398 0.0007559929357352502
59770.89072872939 4.284 0.019000000000000128 0.9921770771048201 0.007194231836526093 0.9957493137477643 1.0064349835314994 1.002156944183233 -0.009979867078412918
59770.89074467281 4.284 0.019000000000000128 0.9981073026323033 0.007192851813950008 0.9957690890745369 1.006434921661134 1.0021767851553103 -0.004069482523006984
59770.89076061623 4.284 0.019000000000000128 0.9945921751585604 0.00719791542032728 0.9957888397242547 1.0064348597907684 1.0021966012890922 -0.007604426130531805
59770.890776559645 4.284 0.019000000000000128 1.0080042804292282 0.007235575919906741 0.9958085655956612 1.0064347979204311 1.0022163924827037 0.005787887946524517
