eureka_custom_plots/data/stage5_lcfit_results/S5_wasp39b_ap4_bg8_Table_Save_ch24.txt
# %ECSV 1.0
# ---
# datatype:
# - {name: time, datatype: float64}
# - {name: wavelength, datatype: float64}
# - {name: bin_width, datatype: float64}
# - {name: lcdata, datatype: float64}
# - {name: lcerr, datatype: float64}
# - {name: transit, datatype: float64}
# - {name: polynom, datatype: float64}
# - {name: model, datatype: float64}
# - {name: residuals, datatype: float64}
# schema: astropy-2.0
time wavelength bin_width lcdata lcerr transit polynom model residuals
[from data line 19340]
59770.9523659864 3.939 0.019000000000000128 1.0025554281119995 0.0061366131589559985 1.0 1.0056874486844989 1.0056874486844989 -0.0031320205724993944
59770.95238192983 3.939 0.019000000000000128 1.0121102689831174 0.006152432745468065 1.0 1.0056873781938571 1.0056873781938571 0.006422890789260283
59770.95239787324 3.939 0.019000000000000128 1.0058238150190224 0.006133522509211211 1.0 1.0056873077032797 1.0056873077032797 0.00013650731574266217
59770.95241381666 3.939 0.019000000000000128 1.011280841812439 0.006145796893440329 1.0 1.0056872372126704 1.0056872372126704 0.005593604599768653
59770.95242976008 3.939 0.019000000000000128 1.0065364332463738 0.006138801619523798 1.0 1.0056871667220608 1.0056871667220608 0.0008492665243129416
59770.9524457035 3.939 0.019000000000000128 1.0040352849524683 0.00613967896264497 1.0 1.0056870962314512 1.0056870962314512 -0.0016518112789829509
59770.95246164691 3.939 0.019000000000000128 1.0169297770186625 0.006165226064914766 1.0 1.005687025740874 1.005687025740874 0.011242751277788399
59770.952477590334 3.939 0.019000000000000128 1.0085032164301844 0.006155822889954223 1.0 1.0056869552502645 1.0056869552502645 0.0028162611799198434
59770.952493533754 3.939 0.019000000000000128 1.0047114706787041 0.00614417513764244 1.0 1.005686884759655 1.005686884759655 -0.0009754140809508094
59770.952509477174 3.939 0.019000000000000128 1.0013233214664234 0.006124217415520912 1.0 1.0056868142690454 1.0056868142690454 -0.004363492802621938
59770.952525420595 3.939 0.019000000000000128 1.0062730792492705 0.006150147377512235 1.0 1.005686743778436 1.005686743778436 0.0005863354708344204
59770.95254136401 3.939 0.019000000000000128 1.000072651457656 0.006121937668226097 1.0 1.0056866732878587 1.0056866732878587 -0.0056140218302027645
59770.95255730743 3.939 0.019000000000000128 1.0166887796883124 0.006165248430458064 1.0 1.005686602797249 1.005686602797249 0.011002176891063309
59770.95257325085 3.939 0.019000000000000128 0.9965977157991077 0.006111391891139564 1.0 1.0056865323066397 1.0056865323066397 -0.009088816507532016
59770.95258919427 3.939 0.019000000000000128 0.9970058519289783 0.006116020290885954 1.0 1.0056864618160302 1.0056864618160302 -0.008680609887051882
59770.95260513768 3.939 0.019000000000000128 1.0117715984025533 0.006165613215426649 1.0 1.0056863913254528 1.0056863913254528 0.006085207077100474
59770.9526210811 3.939 0.019000000000000128 1.0061069752921536 0.006145325546184344 1.0 1.0056863208348432 1.0056863208348432 0.00042065445731043205
59770.95263702452 3.939 0.019000000000000128 0.9882971596303076 0.00610496953316931 1.0 1.0056862503442339 1.0056862503442339 -0.017389090713926247
59770.952652967935 3.939 0.019000000000000128 1.0060817069822459 0.006143832378307177 1.0 1.0056861798536565 1.0056861798536565 0.000395527128589368
59770.952668911355 3.939 0.019000000000000128 1.0037072154507234 0.006146249633566732 1.0 1.005686109363047 1.005686109363047 -0.0019788939123235316
59770.95268485478 3.939 0.019000000000000128 1.0091020854216457 0.006151178613012334 1.0 1.0056860388724054 1.0056860388724054 0.003416046549240326
59770.952700798196 3.939 0.019000000000000128 0.9995652684546666 0.006139799806854301 1.0 1.005685968381828 1.005685968381828 -0.006120699927161355
59770.95271674161 3.939 0.019000000000000128 1.015706508821308 0.006165190968276301 1.0 1.0056858978912506 1.0056858978912506 0.01002061093005735
59770.95273268504 3.939 0.019000000000000128 1.019131608896452 0.006161422389526291 1.0 1.0056858274006089 1.0056858274006089 0.013445781495843079
59770.95274862845 3.939 0.019000000000000128 1.0078395076592988 0.006152721319332847 1.0 1.0056857569100317 1.0056857569100317 0.002153750749267047
59770.95276457187 3.939 0.019000000000000128 1.0000225641054037 0.006128554772966267 1.0 1.0056856864194221 1.0056856864194221 -0.005663122314018443
59770.95278051529 3.939 0.019000000000000128 0.990151734069081 0.0061166673911929505 1.0 1.0056856159288126 1.0056856159288126 -0.01553388185973159
59770.95279645871 3.939 0.019000000000000128 1.0027536143927724 0.006137860214919874 1.0 1.005685545438203 1.005685545438203 -0.002931931045430547
59770.95281240212 3.939 0.019000000000000128 1.008230304919661 0.006135163508220659 1.0 1.0056854749476258 1.0056854749476258 0.0025448299720352008
59770.95282834554 3.939 0.019000000000000128 0.9989595653882828 0.006143704374343243 1.0 1.0056854044570485 1.0056854044570485 -0.006725839068765671
59770.952844288964 3.939 0.019000000000000128 1.0006432426437981 0.00612397324065606 1.0 1.0056853339664067 1.0056853339664067 -0.005042091322608577
59770.95286023238 3.939 0.019000000000000128 1.003567545633008 0.00614278650442515 1.0 1.0056852634758293 1.0056852634758293 -0.0021177178428213317
59770.9528761758 3.939 0.019000000000000128 1.0061581803875055 0.006150694343141126 1.0 1.00568519298522 1.00568519298522 0.0004729874022855185
59770.95289211922 3.939 0.019000000000000128 1.0142720446602569 0.00614864214396102 1.0 1.0056851224946104 1.0056851224946104 0.008586922165646493
59770.95290806264 3.939 0.019000000000000128 1.0036697645653792 0.006130622105946708 1.0 1.0056850520040008 1.0056850520040008 -0.0020152874386216713
59770.95292400605 3.939 0.019000000000000128 0.99331861039298 0.006130210836765424 1.0 1.0056849815134234 1.0056849815134234 -0.012366371120443476
59770.95293994947 3.939 0.019000000000000128 1.0150185548372348 0.006151673788532071 1.0 1.005684911022814 1.005684911022814 0.0093336438144207
59770.95295589289 3.939 0.019000000000000128 0.9957029482730303 0.006122363874291451 1.0 1.0056848405322045 1.0056848405322045 -0.00998189225917423
59770.95297183631 3.939 0.019000000000000128 1.0122118548315933 0.006130934333018582 1.0 1.005684770041595 1.005684770041595 0.006527084789998305
59770.95298777973 3.939 0.019000000000000128 1.0009245457108131 0.006123997479104035 1.0 1.0056846995509856 1.0056846995509856 -0.004760153840172476
59770.953003723145 3.939 0.019000000000000128 1.0180537982651985 0.006166029778762269 1.0 1.0056846290604082 1.0056846290604082 0.012369169204790254
59770.953019666566 3.939 0.019000000000000128 1.0086697568794143 0.006139364439673303 1.0 1.0056845585697987 1.0056845585697987 0.002985198309615633
59770.953035609986 3.939 0.019000000000000128 1.0006706985495548 0.006133678243539793 1.0 1.005684488079189 1.005684488079189 -0.005013789529634272
59770.953051553406 3.939 0.019000000000000128 1.0122328959156064 0.006153978705067353 1.0 1.0056844175885797 1.0056844175885797 0.006548478327026652
59770.95306749682 3.939 0.019000000000000128 1.0041227334311296 0.00613991852751574 1.0 1.0056843470980024 1.0056843470980024 -0.0015616136668727965
59770.95308344024 3.939 0.019000000000000128 1.0071345666036473 0.006134470348537528 1.0 1.0056842766073928 1.0056842766073928 0.0014502899962545168
59770.95309938366 3.939 0.019000000000000128 0.9946385410845495 0.006105475662346624 1.0 1.0056842061167834 1.0056842061167834 -0.01104566503223392
59770.95311532707 3.939 0.019000000000000128 1.0105757671140605 0.006149504132467713 1.0 1.005684135626206 1.005684135626206 0.004891631487854431
59770.95313127049 3.939 0.019000000000000128 1.0007392597125786 0.006125311980549356 1.0 1.0056840651355965 1.0056840651355965 -0.004944805423017895
59770.95314721391 3.939 0.019000000000000128 0.9976988042470817 0.006120044775778587 1.0 1.005683994644987 1.005683994644987 -0.00798519039790524
59770.95316315733 3.939 0.019000000000000128 1.0029070490351373 0.0061288052856797075 1.0 1.0056839241543776 1.0056839241543776 -0.0027768751192402963
59770.95317910075 3.939 0.019000000000000128 1.0053709844073235 0.006155265971698393 1.0 1.0056838536638002 1.0056838536638002 -0.00031286925647666664
59770.953195044174 3.939 0.019000000000000128 1.0009458932405462 0.006136264395525116 1.0 1.0056837831731584 1.0056837831731584 -0.00473788993261226
59770.95321098759 3.939 0.019000000000000128 0.9993539652339917 0.006130897991028393 1.0 1.005683712682581 1.005683712682581 -0.0063297474485893845
59770.95322693101 3.939 0.019000000000000128 1.0038850676748776 0.006130040301047641 1.0 1.0056836421919717 1.0056836421919717 -0.001798574517094087
59770.95324287443 3.939 0.019000000000000128 1.0052989960368972 0.006146296498191306 1.0 1.0056835717013621 1.0056835717013621 -0.00038457566446492564
59770.95325881785 3.939 0.019000000000000128 1.0102428118946918 0.006146063985312455 1.0 1.0056835012107526 1.0056835012107526 0.004559310683939222
59770.95327476126 3.939 0.019000000000000128 0.9997192014774314 0.006125943619343661 1.0 1.0056834307201752 1.0056834307201752 -0.005964229242743757
59770.953290704674 3.939 0.019000000000000128 0.9990743135425483 0.006123493740875932 1.0 1.005683360229598 1.005683360229598 -0.006609046687049758
59770.9533066481 3.939 0.019000000000000128 1.0041175167087562 0.006148890193658337 1.0 1.0056832897389563 1.0056832897389563 -0.0015657730302001127
59770.953322591515 3.939 0.019000000000000128 0.996187252988471 0.006121837896744144 1.0 1.005683219248379 1.005683219248379 -0.009495966259907895
59770.953338534935 3.939 0.019000000000000128 1.010665331780959 0.006143979590567556 1.0 1.0056831487577695 1.0056831487577695 0.004982183023189535
59770.953354478355 3.939 0.019000000000000128 1.0116780788264148 0.006147620930849263 1.0 1.00568307826716 1.00568307826716 0.005995000559254837
59770.953370421776 3.939 0.019000000000000128 1.00895240477721 0.006140215476741235 1.0 1.0056830077765504 1.0056830077765504 0.0032693970006596462
59770.95338636519 3.939 0.019000000000000128 1.0016203760439406 0.0061355380836149425 1.0 1.005682937285973 1.005682937285973 -0.004062561242032414
59770.95340230861 3.939 0.019000000000000128 1.0057730946293866 0.006133108670757246 1.0 1.0056828667953637 1.0056828667953637 9.022783402290457e-05
59770.95341825203 3.939 0.019000000000000128 1.0140665399815711 0.0061511803238330194 1.0 1.005682796304754 1.005682796304754 0.008383743676817046
59770.95343419545 3.939 0.019000000000000128 1.011536875480069 0.0061593617972530625 1.0 1.0056827258141445 1.0056827258141445 0.005854149665924568
59770.95345013887 3.939 0.019000000000000128 0.9974549717378487 0.006127103414580871 1.0 1.0056826553235352 1.0056826553235352 -0.008227683585686485
59770.95346608228 3.939 0.019000000000000128 1.0051103397664107 0.006137796256664868 1.0 1.0056825848329578 1.0056825848329578 -0.0005722450665470724
59770.9534820257 3.939 0.019000000000000128 1.0175515297968534 0.006172075428991596 1.0 1.0056825143423482 1.0056825143423482 0.011869015454505139
59770.95349796912 3.939 0.019000000000000128 1.0028227027736654 0.006143650072580411 1.0 1.0056824438517387 1.0056824438517387 -0.002859741078073297
59770.953513912544 3.939 0.019000000000000128 0.9999776116964625 0.006148797389047266 1.0 1.0056823733611293 1.0056823733611293 -0.005704761664666824
59770.95352985596 3.939 0.019000000000000128 1.010575801911047 0.006152195493808389 1.0 1.005682302870552 1.005682302870552 0.004893499040494964
59770.95354579938 3.939 0.019000000000000128 1.0074742456706174 0.006142666519250607 1.0 1.0056822323799424 1.0056822323799424 0.0017920132906750208
59770.9535617428 3.939 0.019000000000000128 1.0024478387896214 0.00612925978790899 1.0 1.0056821618893328 1.0056821618893328 -0.003234323099711389
59770.95357768621 3.939 0.019000000000000128 1.0006508114097061 0.006122678449277464 1.0 1.0056820913987556 1.0056820913987556 -0.005031279989049509
59770.95359362963 3.939 0.019000000000000128 1.0091511784923366 0.006140105673890646 1.0 1.005682020908146 1.005682020908146 0.0034691575841905298
59770.95360957305 3.939 0.019000000000000128 1.0021339385520658 0.006140230637579696 1.0 1.0056819504175365 1.0056819504175365 -0.0035480118654707127
59770.95362551647 3.939 0.019000000000000128 0.9931679828566076 0.0061259888507743 1.0 1.0056818799269271 1.0056818799269271 -0.01251389707031958
59770.953641459884 3.939 0.019000000000000128 0.9956961445727284 0.006122091691882903 1.0 1.0056818094363498 1.0056818094363498 -0.009985664863621402
59770.95365740331 3.939 0.019000000000000128 0.9952034838501542 0.006122863851615911 1.0 1.005681738945708 1.005681738945708 -0.010478255095553779
59770.953673346725 3.939 0.019000000000000128 0.9948928329111149 0.006124218185402107 1.0 1.0056816684551306 1.0056816684551306 -0.010788835544015773
59770.95368929014 3.939 0.019000000000000128 1.0024083631040843 0.006119748145084704 1.0 1.0056815979645533 1.0056815979645533 -0.003273234860468932
59770.953705233565 3.939 0.019000000000000128 "" "" 1.0 1.0056815274739117 1.0056815274739117 ""
59770.953721176986 3.939 0.019000000000000128 1.0112849654807694 0.006145854117452523 1.0 1.0056814569833021 1.0056814569833021 0.005603508497467269
59770.9537371204 3.939 0.019000000000000128 1.014247836898507 0.006166907093631676 1.0 1.0056813864927248 1.0056813864927248 0.0085664504057823
59770.95375306381 3.939 0.019000000000000128 1.013879839294079 0.0061585362994336585 1.0 1.0056813160021476 1.0056813160021476 0.008198523291931492
59770.95376900724 3.939 0.019000000000000128 1.004192170276314 0.006128391314391885 1.0 1.0056812455115058 1.0056812455115058 -0.0014890752351919279
59770.95378495065 3.939 0.019000000000000128 0.9997403724692205 0.006134586309791481 1.0 1.0056811750209285 1.0056811750209285 -0.005940802551707924
59770.95380089407 3.939 0.019000000000000128 1.0107903348160119 0.0061557874044181555 1.0 1.005681104530319 1.005681104530319 0.005109230285692989
59770.95381683749 3.939 0.019000000000000128 1.012761508009385 0.006156415274169756 1.0 1.0056810340397095 1.0056810340397095 0.007080473969675483
59770.95383278091 3.939 0.019000000000000128 1.0070178508820369 0.006127689750915902 1.0 1.0056809635491 1.0056809635491 0.001336887332936909
59770.953848724326 3.939 0.019000000000000128 1.0026298438455763 0.0061314222414136366 1.0 1.0056808930585226 1.0056808930585226 -0.0030510492129462996
59770.95386466775 3.939 0.019000000000000128 1.0100815035026591 0.0061609866317383025 1.0 1.0056808225679132 1.0056808225679132 0.004400680934745882
59770.95388061117 3.939 0.019000000000000128 1.0034294012456684 0.006135892029155246 1.0 1.0056807520773037 1.0056807520773037 -0.0022513508316353015
59770.95389655459 3.939 0.019000000000000128 1.0074576864893392 0.0061509189532853795 1.0 1.005680681586694 1.005680681586694 0.0017770049026450963
59770.95391249801 3.939 0.019000000000000128 1.0112624876801908 0.006149696070819537 1.0 1.0056806110960845 1.0056806110960845 0.005581876584106249
59770.95392844142 3.939 0.019000000000000128 1.01505124270042 0.0061698379453463525 1.0 1.0056805406055074 1.0056805406055074 0.00937070209491253
59770.95394438484 3.939 0.019000000000000128 1.0024969061029843 0.006135395258283225 1.0 1.0056804701148978 1.0056804701148978 -0.0031835640119135533
59770.953960328254 3.939 0.019000000000000128 1.014055677327014 0.006159239299177423 1.0 1.0056803996243204 1.0056803996243204 0.008375277702693529
59770.95397627168 3.939 0.019000000000000128 1.0086603547670685 0.006142944711484456 1.0 1.0056803291336789 1.0056803291336789 0.002980025633389616
59770.953992215094 3.939 0.019000000000000128 1.0038884190872714 0.006151095275592785 1.0 1.0056802586431015 1.0056802586431015 -0.001791839555830066
59770.954008158515 3.939 0.019000000000000128 1.0007926248326893 0.006130646227778325 1.0 1.005680188152492 1.005680188152492 -0.004887563319802668
59770.954024101935 3.939 0.019000000000000128 1.008719192641447 0.006145120484677351 1.0 1.0056801176618824 1.0056801176618824 0.003039074979564571
59770.95404004535 3.939 0.019000000000000128 0.9992473878062254 0.006128762360015572 1.0 1.0056800471713052 1.0056800471713052 -0.0064326593650798625
59770.95405598877 3.939 0.019000000000000128 1.004317335019558 0.006137753118166999 1.0 1.0056799766806956 1.0056799766806956 -0.0013626416611376424
