eureka_custom_plots/data/stage5_lcfit_results/S5_wasp39b_ap4_bg8_Table_Save_ch00.txt
# %ECSV 1.0
# ---
# datatype:
# - {name: time, datatype: float64}
# - {name: wavelength, datatype: float64}
# - {name: bin_width, datatype: float64}
# - {name: lcdata, datatype: float64}
# - {name: lcerr, datatype: float64}
# - {name: transit, datatype: float64}
# - {name: polynom, datatype: float64}
# - {name: model, datatype: float64}
# - {name: residuals, datatype: float64}
# schema: astropy-2.0
time wavelength bin_width lcdata lcerr transit polynom model residuals
[from data line 11839]
59770.8327744004 3.019 0.018999999999999906 0.9513384746900212 0.027480047343241578 0.9746642284514585 1.0075270419125946 0.9820005669497193 -0.03066209225969807
59770.83279034381 3.019 0.018999999999999906 1.0158103446707996 0.028098134381491984 0.9746637505236602 1.0075269809922012 0.9820000260476393 0.03381031862316031
59770.83280628724 3.019 0.018999999999999906 0.943056073492724 0.027397882288785536 0.9746632738586657 1.007526920071752 0.981999486417872 -0.038943412925148024
59770.83282223065 3.019 0.018999999999999906 1.022406211802271 0.028210914309978317 0.974662798457022 1.0075268591513586 0.981998948061077 0.040407263741193966
59770.83283817408 3.019 0.018999999999999906 0.946038588529872 0.027432751231734106 0.9746623243174605 1.0075267982309095 0.9819984109758673 -0.03595982244599527
59770.83285411749 3.019 0.018999999999999906 0.9442158457827036 0.027433599003780538 0.9746618514405258 1.0075267373105161 0.9819978751628998 -0.03778202938019626
59770.832870060905 3.019 0.018999999999999906 1.0160488309081919 0.028133589920015377 0.9746613798253908 1.0075266763901227 0.981997340621287 0.034051490286904906
59770.83288600433 3.019 0.018999999999999906 0.9429097203602747 0.02737565802883354 0.9746609094712907 1.0075266154696736 0.9819968073502034 -0.0390870869899288
59770.832901947746 3.019 0.018999999999999906 1.012839382405216 0.02818458911229764 0.9746604403787106 1.0075265545492802 0.9819962753502464 0.03084310705496962
59770.83291789117 3.019 0.018999999999999906 0.988221285572896 0.027584444695293916 0.9746599725464393 1.0075264936288313 0.981995744620087 0.006225540952809028
59770.83293383459 3.019 0.018999999999999906 1.0049106221866921 0.02800637503736992 0.9746595059750007 1.0075264327084377 0.9819952151603607 0.022915407026331436
59770.832949778014 3.019 0.018999999999999906 1.0046735997969005 0.027967372333719532 0.9746590406631508 1.0075263717879888 0.9819946869697062 0.022678912827194364
59770.83296572143 3.019 0.018999999999999906 1.0106787778158035 0.028056719135823728 0.9746585766114224 1.0075263108675954 0.9819941600487679 0.02868461776703557
59770.832981664855 3.019 0.018999999999999906 1.0070188131939137 0.027994543680228023 0.9746581138185787 1.0075262499471462 0.9819936343961915 0.02502517879772226
59770.83299760827 3.019 0.018999999999999906 0.9490858822286931 0.027433410617907727 0.9746576522851509 1.0075261890267528 0.9819931100126201 -0.03290722778392707
59770.83301355169 3.019 0.018999999999999906 0.9780766773065186 0.027491590978690222 0.9746571920101202 1.0075261281063315 0.9819925868969457 -0.003915909590427091
59770.83302949511 3.019 0.018999999999999906 1.0122347970781431 0.039544517201995824 0.9746567329933646 1.0075260671859103 0.9819920650490725 0.030242732029070574
59770.83304543852 3.019 0.018999999999999906 0.9875531145457238 0.027606617091281642 0.9746562752347604 1.007526006265517 0.9819915444689026 0.005561570076821232
59770.83306138195 3.019 0.018999999999999906 0.9843507939531675 0.027562196418002515 0.9746558187332982 1.0075259453450678 0.9819910251553373 0.002359768797830175
59770.83307732536 3.019 0.018999999999999906 0.9391674252983581 0.02731612068050548 0.9746553634895039 1.0075258844246744 0.9819905071090149 -0.04282308181065686
59770.83309326879 3.019 0.018999999999999906 0.9537418329559391 0.027521427426184842 0.974654909502162 1.0075258235042253 0.981989990328602 -0.028248157372662952
59770.8331092122 3.019 0.018999999999999906 1.0059935054713902 0.027993181472026115 0.9746544567717954 1.0075257625838319 0.9819894748147335 0.024004030656656683
59770.83312515563 3.019 0.018999999999999906 0.9567917883835806 0.0275552316591104 0.9746540052971963 1.0075257016633827 0.981988960566084 -0.02519717218250339
59770.83314109904 3.019 0.018999999999999906 0.955874498445832 0.027529824346328828 0.97465355507887 1.0075256407429893 0.9819884475832709 -0.026113949137438808
59770.833157042456 3.019 0.018999999999999906 0.9864795827574313 0.02758341193110695 0.9746531061160701 1.007525579822596 0.9819879358654877 0.00449164689194359
59770.833172985884 3.019 0.018999999999999906 0.9512891276132758 0.027487227496259342 0.974652658408017 1.0075255189021468 0.9819874254118941 -0.030698297798618324
59770.833188929304 3.019 0.018999999999999906 1.002552606115106 0.027988825160575746 0.974652211955018 1.0075254579817257 0.9819869162228815 0.020565689892224515
59770.833204872724 3.019 0.018999999999999906 0.9973933092667335 0.02786191234589157 0.9746517667565026 1.0075253970613045 0.9819864082978472 0.015406900968886306
59770.83322081614 3.019 0.018999999999999906 0.9801365649400294 0.027519544411559346 0.9746513228123632 1.0075253361409109 0.9819859016367097 -0.0018493366966803038
59770.833236759565 3.019 0.018999999999999906 1.006911746137527 0.02795315205141424 0.9746508801216225 1.007525275220462 0.9819853962384032 0.02492634989912379
59770.83325270298 3.019 0.018999999999999906 1.0104835855758971 0.028092252544633173 0.9746504386847896 1.0075252143000686 0.9819848921035486 0.02849869347234857
59770.833268646405 3.019 0.018999999999999906 1.0152974609283676 0.02812647388845061 0.9746499985006872 1.0075251533796195 0.9819843892308507 0.03331307169751685
59770.83328458982 3.019 0.018999999999999906 0.9916647509353669 0.027725070561111488 0.97464955956981 1.007525092459226 0.9819838876209168 0.009680863314450061
59770.83330053324 3.019 0.018999999999999906 1.0102961385341198 0.028079286917311777 0.9746491218912271 1.0075250315388047 0.9819833872727268 0.028312751261392988
59770.83331647666 3.019 0.018999999999999906 0.9898060142983498 0.027634960165311456 0.974648685464785 1.0075249706183835 0.9819828881861536 0.007823126112196155
59770.83333242007 3.019 0.018999999999999906 1.0086873787086559 0.028062471329808436 0.9746482502903796 1.0075249096979901 0.9819823903611188 0.026704988347537095
59770.8333483635 3.019 0.018999999999999906 0.9383573947810142 0.027309284281396465 0.9746478163670527 1.007524848777541 0.9819818937965753 -0.04362449901556109
59770.83336430691 3.019 0.018999999999999906 0.9894338884813779 0.02761386171999463 0.9746473836953037 1.0075247878571476 0.9819813984931348 0.007452489988243105
59770.83338025034 3.019 0.018999999999999906 1.0112216280772413 0.02807760356139379 0.9746469522739791 1.0075247269366985 0.9819809044495262 0.029240723627715015
59770.83339619375 3.019 0.018999999999999906 1.0147302869614763 0.028101225891122142 0.9746465221035636 1.007524666016305 0.9819804116663462 0.03274987529513007
59770.83341213717 3.019 0.018999999999999906 0.9563023651681339 0.027501106822155195 0.9746460931831451 1.007524605095884 0.9819799201425944 -0.025677554974460448
59770.833428080594 3.019 0.018999999999999906 1.0077311776625564 0.028001435219568917 0.9746456655125739 1.0075245441754626 0.9819794298781463 0.02575174778441003
59770.83344402401 3.019 0.018999999999999906 1.012966266941809 0.02808610578468564 0.9746452390917479 1.0075244832550692 0.9819789408729267 0.030987326068882215
59770.833459967434 3.019 0.018999999999999906 1.0106763327382668 0.028059829222262824 0.9746448139197287 1.00752442233462 0.9819784531259079 0.028697879612358923
59770.833475910855 3.019 0.018999999999999906 1.0029184089989052 0.03939890270735496 0.9746443899968097 1.0075243614141989 0.9819779666374671 0.020940442361438105
59770.833491854275 3.019 0.018999999999999906 0.9861801639646873 0.027622992016521325 0.9746439673224488 1.0075243004937777 0.9819774814070307 0.004202682557656656
59770.83350779769 3.019 0.018999999999999906 1.0066952775083722 0.027956301523976032 0.9746435458965332 1.007524239573384 0.9819769974345114 0.024718280073860788
59770.833523741116 3.019 0.018999999999999906 0.982365422219769 0.02753957353188446 0.9746431257181724 1.0075241786529352 0.9819765147189311 0.00038890750083786507
59770.83353968453 3.019 0.018999999999999906 1.0048991307375577 0.027975361248030562 0.974642706787801 1.0075241177325418 0.9819760332608356 0.022923097476722054
59770.83355562795 3.019 0.018999999999999906 0.9848916192847956 0.027546929275940546 0.9746422891045443 1.0075240568121204 0.981975553059262 0.0029160662255336423
59770.83357157137 3.019 0.018999999999999906 1.0171951561827934 0.028159170883108126 0.9746418726682571 1.0075239958916993 0.9819750741140911 0.03522008206870231
59770.83358751479 3.019 0.018999999999999906 0.9520112949390723 0.02748615874036979 0.9746414574786475 1.007523934971278 0.9819745964250284 -0.02996330148595605
59770.83360345821 3.019 0.018999999999999906 0.9550726000651457 0.02750658740077931 0.9746410435353774 1.0075238740508567 0.9819741199917331 -0.026901519926587403
59770.83361940162 3.019 0.018999999999999906 1.0059697135251071 0.028019677661123402 0.9746406308383497 1.0075238131304634 0.9819736448141344 0.023996068710972707
59770.83363534505 3.019 0.018999999999999906 1.012962358869364 0.028087146886385684 0.9746402193866551 1.0075237522100142 0.9819731708912343 0.030989187978129662
59770.83365128847 3.019 0.018999999999999906 1.0190189559238108 0.0281058244817307 0.9746398091805789 1.007523691289593 0.9819726982234015 0.03704625770040926
59770.83366723189 3.019 0.018999999999999906 1.006065128151308 0.027991638406698667 0.9746394002195968 1.0075236303691717 0.9819722268100802 0.024092901341227768
59770.833683175304 3.019 0.018999999999999906 0.9995027964471328 0.02796822503756109 0.9746389925036004 1.0075235694487783 0.9819717566511885 0.01753103979594428
59770.833699118724 3.019 0.018999999999999906 0.9361881284330561 0.027349627751476792 0.974638586031915 1.0075235085283571 0.9819712877459921 -0.04578315931293597
59770.833715062145 3.019 0.018999999999999906 1.0128505813852144 0.028052930300536544 0.9746381808043993 1.0075234476079358 0.9819708200943751 0.030879761290839358
59770.833731005565 3.019 0.018999999999999906 0.9523851655118392 0.02751995437644038 0.9746377768207706 1.0075233866875146 0.9819703536960528 -0.02958518818421363
59770.833746948985 3.019 0.018999999999999906 0.9850089178848 0.02757162158819166 0.9746373740807002 1.0075233257670932 0.9819698885506936 0.003039029334106491
59770.833762892406 3.019 0.018999999999999906 0.9566741339020859 0.027563450410844414 0.9746369725839075 1.007523264846672 0.9819694246580148 -0.025295290755928956
59770.833778835826 3.019 0.018999999999999906 0.9508603175650274 0.027482822860297754 0.9746365723300656 1.007523203926251 0.9819689620176869 -0.031108644452659484
59770.83379477924 3.019 0.018999999999999906 1.0086756529849568 0.028044343591822556 0.9746361733190684 1.0075231430058573 0.9819685006296293 0.0267071523553275
59770.83381072266 3.019 0.018999999999999906 1.0106742348600892 0.028124283867946614 0.9746357755502566 1.0075230820854362 0.9819680404931239 0.02870619436696531
59770.83382666608 3.019 0.018999999999999906 0.9397128311260138 0.027262487172683057 0.9746353790234922 1.007523021165015 0.9819675816080583 -0.04225475048204452
59770.8338426095 3.019 0.018999999999999906 1.0136521745313438 0.02801876740813177 0.974634983738498 1.0075229602445936 0.9819671239741529 0.03168505055719095
59770.83385855292 3.019 0.018999999999999906 0.9481950506349849 0.02739580201581262 0.9746345896949538 1.0075228993241725 0.9819666675910851 -0.0337716169561002
59770.83387449634 3.019 0.018999999999999906 1.0119990493407565 0.028051329545350504 0.9746341968925838 1.0075228384037511 0.9819662124585764 0.03003283688218006
59770.83389043976 3.019 0.018999999999999906 1.00444979940179 0.02791177946537879 0.9746338053310699 1.00752277748333 0.9819657585763066 0.022484040825483387
59770.83390638317 3.019 0.018999999999999906 0.9402472229607928 0.027236102298262465 0.9746334150103072 1.0075227165629366 0.9819653059441966 -0.04171808298340385
59770.8339223266 3.019 0.018999999999999906 1.0160828709763874 0.028083642415079338 0.9746330259294722 1.0075226556424874 0.9819648545613352 0.03411801641505219
59770.83393827002 3.019 0.018999999999999906 1.0152409702619878 0.028098855161165497 0.9746326380888006 1.0075225947220663 0.981964404428041 0.03327656583394678
59770.833954213434 3.019 0.018999999999999906 0.9527053659233499 0.027489508497671317 0.9746322514879874 1.0075225338016727 0.9819639555440061 -0.029258589620656195
59770.833970156855 3.019 0.018999999999999906 0.9944707422032782 0.027661590657306587 0.9746318661263935 1.0075224728812515 0.9819635079085329 0.012507234294745317
59770.833986100275 3.019 0.018999999999999906 1.0046397330517984 0.027993329502422615 0.9746314820039194 1.0075224119608304 0.9819630615215474 0.02267667153025099
59770.834002043695 3.019 0.018999999999999906 1.0132553437289722 0.028076444664745997 0.9746310991202525 1.007522351040409 0.9819626163827346 0.03129272734623756
59770.834017987116 3.019 0.018999999999999906 0.9876138214633956 0.027562851752939967 0.9746307174751269 1.0075222901199878 0.9819621724918267 0.00565164897156889
59770.834033930536 3.019 0.018999999999999906 1.0151384801355139 0.028098955463633633 0.9746303370682318 1.0075222291995665 0.9819617298485097 0.033176750287004175
59770.834049873956 3.019 0.018999999999999906 0.9539233089286404 0.027526913948442262 0.9746299578993032 1.0075221682791453 0.9819612884525181 -0.028037979523877654
59770.83406581738 3.019 0.018999999999999906 1.0155215826977793 0.02818907935730273 0.9746295799680329 1.0075221073587242 0.9819608483035407 0.03356073439423857
59770.83408176079 3.019 0.018999999999999906 0.9507614944597512 0.027462704627697915 0.974629203274321 1.0075220464383305 0.9819604094015035 -0.03119891494175231
59770.83409770421 3.019 0.018999999999999906 1.0042142818848043 0.027989695337799096 0.9746288278175461 1.0075219855179094 0.9819599717457267 0.022254310139077638
59770.83411364763 3.019 0.018999999999999906 0.9463048055435478 0.027405043527701324 0.9746284535975774 1.007521924597488 0.9819595353361048 -0.035654729792557016
59770.83412959105 3.019 0.018999999999999906 0.9558148785189392 0.027474658610273567 0.9746280806141555 1.0075218636770669 0.9819591001723765 -0.026144221653437327
59770.83414553447 3.019 0.018999999999999906 0.9430080754122439 0.027379428705056528 0.9746277088669766 1.0075218027566457 0.9819586662542356 -0.038950590841991706
59770.83416147789 3.019 0.018999999999999906 1.0180356220866695 0.02813586650898293 0.9746273383557831 1.0075217418362243 0.9819582335814218 0.036077388505247776
59770.83417742131 3.019 0.018999999999999906 0.9452675445722988 0.027390899655674837 0.9746269690802742 1.0075216809158032 0.9819578021536325 -0.03669025758133371
59770.83419336473 3.019 0.018999999999999906 1.016251599091277 0.028113161089070655 0.9746266010401927 1.0075216199953818 0.9819573719706076 0.03429422712066943
59770.834209308145 3.019 0.018999999999999906 1.0067123360654997 0.02799782578575487 0.9746262342354098 1.0075215590749884 0.981956943032245 0.02475539303325469
59770.83422525157 3.019 0.018999999999999906 0.991632045640653 0.027635921092547568 0.9746258686651512 1.0075214981545395 0.9819565153376826 0.009675530302970414
59770.834241194985 3.019 0.018999999999999906 0.9835878220189213 0.027538150941331167 0.9746255043298293 1.007521437234146 0.9819560888874439 0.001631733131477353
59770.834257138406 3.019 0.018999999999999906 1.0145494911203534 0.028091646270183727 0.974625141228642 1.0075213763137247 0.9819556636806397 0.03259382743971373
59770.834273081826 3.019 0.018999999999999906 0.9560567693449248 0.027569178891254133 0.9746247793615049 1.0075213153933036 0.9819552397172118 -0.025898470372286986
59770.834289025246 3.019 0.018999999999999906 0.9548908469918281 0.027528885778306776 0.9746244187281256 1.0075212544728822 0.9819548169968647 -0.027063970005036575
59770.83430496867 3.019 0.018999999999999906 0.9954177439332572 0.027917352642268294 0.9746240593282532 1.007521193552461 0.9819543955193464 0.013463348413910836
