eureka_custom_plots/data/stage5_lcfit_results/S5_wasp39b_ap4_bg8_Table_Save_ch38.txt
# %ECSV 1.0
# ---
# datatype:
# - {name: time, datatype: float64}
# - {name: wavelength, datatype: float64}
# - {name: bin_width, datatype: float64}
# - {name: lcdata, datatype: float64}
# - {name: lcerr, datatype: float64}
# - {name: transit, datatype: float64}
# - {name: polynom, datatype: float64}
# - {name: model, datatype: float64}
# - {name: residuals, datatype: float64}
# schema: astropy-2.0
time wavelength bin_width lcdata lcerr transit polynom model residuals
[from data line 19148]
59770.94930485004 4.476 0.019000000000000128 1.0084432082769665 0.00880098143747239 1.0 1.0062229432381755 1.0062229432381755 0.002220265038791025
59770.949320793465 4.476 0.019000000000000128 1.020324448672246 0.008817821632130246 1.0 1.0062229019853504 1.0062229019853504 0.014101546686895672
59770.94933673688 4.476 0.019000000000000128 1.004840837754487 0.00877310534957047 1.0 1.006222860732563 1.006222860732563 -0.0013820229780758808
59770.9493526803 4.476 0.019000000000000128 1.0106927574177007 0.008775592194133527 1.0 1.0062228194797567 1.0062228194797567 0.004469937937944035
59770.94936862372 4.476 0.019000000000000128 1.0044865076740936 0.008787066159674574 1.0 1.0062227782269504 1.0062227782269504 -0.0017362705528567446
59770.94938456714 4.476 0.019000000000000128 1.001324744306565 0.00878874725596234 1.0 1.006222736974144 1.006222736974144 -0.004897992667579176
59770.94940051055 4.476 0.019000000000000128 0.9958350681245937 0.008747995954222538 1.0 1.0062226957213567 1.0062226957213567 -0.010387627596763038
59770.94941645398 4.476 0.019000000000000128 1.015715158596641 0.008819641959301596 1.0 1.0062226544685315 1.0062226544685315 0.009492504128109536
59770.94943239739 4.476 0.019000000000000128 1.0231273926833102 0.008819501637026954 1.0 1.0062226132157441 1.0062226132157441 0.016904779467566078
59770.94944834081 4.476 0.019000000000000128 1.0061880391110785 0.008784099505056627 1.0 1.0062225719629379 1.0062225719629379 -3.4532851859392366e-05
59770.94946428423 4.476 0.019000000000000128 1.0076941384697067 0.008786134744839906 1.0 1.0062225307101316 1.0062225307101316 0.001471607759575111
59770.949480227646 4.476 0.019000000000000128 1.0049963902769214 0.008765141441019355 1.0 1.0062224894573442 1.0062224894573442 -0.0012260991804227128
59770.949496171066 4.476 0.019000000000000128 1.00161428772549 0.00875607400031977 1.0 1.0062224482045379 1.0062224482045379 -0.004608160479047774
59770.94951211449 4.476 0.019000000000000128 1.0075543141131722 0.008791186177919358 1.0 1.0062224069517316 1.0062224069517316 0.0013319071614406042
59770.94952805791 4.476 0.019000000000000128 0.9907231862284485 0.008737734491450653 1.0 1.0062223656989253 1.0062223656989253 -0.015499179470476854
59770.94954400132 4.476 0.019000000000000128 1.0127402677119586 0.008808515899281487 1.0 1.0062223244461377 1.0062223244461377 0.006517943265820891
59770.94955994474 4.476 0.019000000000000128 1.0016545852554004 0.00877104440403244 1.0 1.0062222831933314 1.0062222831933314 -0.004567697937930992
59770.94957588816 4.476 0.019000000000000128 1.0260125388048702 0.008823306708118872 1.0 1.0062222419405251 1.0062222419405251 0.01979029686434508
59770.94959183157 4.476 0.019000000000000128 1.0033405073383854 0.008770628081341242 1.0 1.0062222006877377 1.0062222006877377 -0.002881693349352288
59770.94960777499 4.476 0.019000000000000128 1.0072682068899483 0.008789032754561842 1.0 1.0062221594349314 1.0062221594349314 0.0010460474550169074
59770.94962371842 4.476 0.019000000000000128 1.0109790987201177 0.008800518555589472 1.0 1.0062221181821063 1.0062221181821063 0.004756980538011435
59770.949639661834 4.476 0.019000000000000128 0.9992795582021283 0.00878310430076443 1.0 1.0062220769293189 1.0062220769293189 -0.006942518727190539
59770.94965560525 4.476 0.019000000000000128 0.9955736738708538 0.008765865002019434 1.0 1.0062220356765315 1.0062220356765315 -0.01064836180567763
59770.949671548675 4.476 0.019000000000000128 1.0131010242263525 0.008801564927067339 1.0 1.0062219944237063 1.0062219944237063 0.006879029802646208
59770.94968749209 4.476 0.019000000000000128 1.0132668217026077 0.008819739153175049 1.0 1.006221953170919 1.006221953170919 0.0070448685316888415
59770.94970343551 4.476 0.019000000000000128 0.9947584734434675 0.008751325227749206 1.0 1.0062219119181126 1.0062219119181126 -0.011463438474645149
59770.94971937893 4.476 0.019000000000000128 0.9923111704556413 0.008754903466851248 1.0 1.0062218706653063 1.0062218706653063 -0.013910700209665006
59770.94973532235 4.476 0.019000000000000128 1.004677577086238 0.00876440373422034 1.0 1.0062218294125 1.0062218294125 -0.0015442523262620966
59770.94975126576 4.476 0.019000000000000128 1.0017312800746985 0.008760660802072823 1.0 1.0062217881597126 1.0062217881597126 -0.0044905080850141665
59770.94976720918 4.476 0.019000000000000128 0.9987007492441174 0.00875821680620003 1.0 1.0062217469069064 1.0062217469069064 -0.007520997662788909
59770.9497831526 4.476 0.019000000000000128 0.9904362760386088 0.008750234906260217 1.0 1.0062217056540999 1.0062217056540999 -0.01578542961549101
59770.949799096015 4.476 0.019000000000000128 1.0132207678222442 0.008809472205727123 1.0 1.0062216644013124 1.0062216644013124 0.006999103420931796
59770.949815039436 4.476 0.019000000000000128 1.000990222546272 0.008787390687916428 1.0 1.0062216231485062 1.0062216231485062 -0.00523140060223426
59770.949830982856 4.476 0.019000000000000128 0.9989571578281364 0.008724839690909059 1.0 1.0062215818956999 1.0062215818956999 -0.007264424067563446
59770.949846926276 4.476 0.019000000000000128 0.9965324015519 0.008754659665810417 1.0 1.0062215406428936 1.0062215406428936 -0.00968913909099356
59770.94986286969 4.476 0.019000000000000128 1.0173801366235022 0.008801576208205805 1.0 1.0062214993901062 1.0062214993901062 0.011158637233396052
59770.94987881312 4.476 0.019000000000000128 1.004110307587681 0.008798354460169654 1.0 1.006221458137281 1.006221458137281 -0.0021111505496000937
59770.94989475653 4.476 0.019000000000000128 0.9997791272583234 0.008749957509056208 1.0 1.0062214168844936 1.0062214168844936 -0.006442289626170217
59770.94991069995 4.476 0.019000000000000128 1.0175572144508058 0.008793785472947707 1.0 1.0062213756316873 1.0062213756316873 0.011335838819118482
59770.94992664337 4.476 0.019000000000000128 1.0020986882750145 0.008754197558481693 1.0 1.006221334378881 1.006221334378881 -0.00412264610386659
59770.94994258678 4.476 0.019000000000000128 0.9930204975420347 0.008757651743374605 1.0 1.0062212931260937 1.0062212931260937 -0.013200795584058955
59770.949958530204 4.476 0.019000000000000128 1.0090766822339214 0.008787789020318642 1.0 1.0062212518732874 1.0062212518732874 0.0028554303606340703
59770.949974473624 4.476 0.019000000000000128 1.0114454505476442 0.008792729370677292 1.0 1.006221210620481 1.006221210620481 0.0052242399271631434
59770.949990417044 4.476 0.019000000000000128 1.0027103175576302 0.008785701903596295 1.0 1.0062211693676748 1.0062211693676748 -0.003510851810044624
59770.95000636046 4.476 0.019000000000000128 1.0133842435281704 0.00877915718599792 1.0 1.0062211281148872 1.0062211281148872 0.007163115413283183
59770.950022303885 4.476 0.019000000000000128 1.005780414833632 0.00878462064101 1.0 1.0062210868620622 1.0062210868620622 -0.00044067202843023345
59770.9500382473 4.476 0.019000000000000128 0.9951197073147604 0.008755206213586535 1.0 1.0062210456092746 1.0062210456092746 -0.011101338294514207
59770.95005419071 4.476 0.019000000000000128 0.9904906564067969 0.008735119402100954 1.0 1.0062210043564872 1.0062210043564872 -0.015730347949690304
59770.95007013413 4.476 0.019000000000000128 0.9999325047880748 0.008776629607162556 1.0 1.006220963103681 1.006220963103681 -0.006288458315606094
59770.95008607756 4.476 0.019000000000000128 0.996982575950792 0.00875986050707754 1.0 1.0062209218508558 1.0062209218508558 -0.009238345900063782
59770.95010202097 4.476 0.019000000000000128 1.0145272513437422 0.008817052041413819 1.0 1.0062208805980684 1.0062208805980684 0.008306370745673863
59770.950117964385 4.476 0.019000000000000128 1.0128352775253522 0.008817497759889215 1.0 1.006220839345281 1.006220839345281 0.006614438180071236
59770.95013390781 4.476 0.019000000000000128 1.0088284621919053 0.008795976220291105 1.0 1.0062207980924558 1.0062207980924558 0.002607664099449458
59770.950149851225 4.476 0.019000000000000128 1.003409679029378 0.008769936852138014 1.0 1.0062207568396684 1.0062207568396684 -0.00281107781029033
59770.950165794646 4.476 0.019000000000000128 1.0161405341345535 0.00881121573240465 1.0 1.006220715586862 1.006220715586862 0.009919818547691417
59770.950181738066 4.476 0.019000000000000128 0.9996638874247433 0.008761885232685408 1.0 1.0062206743340558 1.0062206743340558 -0.006556786909312495
59770.950197681486 4.476 0.019000000000000128 1.0026932842275853 0.00876847603870218 1.0 1.0062206330812495 1.0062206330812495 -0.003527348853664236
59770.9502136249 4.476 0.019000000000000128 1.0096681835974697 0.008775946991919654 1.0 1.0062205918284621 1.0062205918284621 0.003447591769007552
59770.95022956832 4.476 0.019000000000000128 0.9987083405856129 0.008776940533720348 1.0 1.0062205505756558 1.0062205505756558 -0.007512209990042984
59770.95024551174 4.476 0.019000000000000128 1.008311828713177 0.008767359673149419 1.0 1.0062205093228496 1.0062205093228496 0.002091319390327362
59770.95026145515 4.476 0.019000000000000128 0.9898270111884411 0.008739187875624216 1.0 1.006220468070062 1.006220468070062 -0.01639345688162086
59770.95027739858 4.476 0.019000000000000128 1.0132447444426906 0.008811507293040819 1.0 1.006220426817237 1.006220426817237 0.0070243176254536355
59770.95029334199 4.476 0.019000000000000128 1.0072288576637467 0.008798943378327827 1.0 1.0062203855644494 1.0062203855644494 0.0010084720992973306
59770.950309285414 4.476 0.019000000000000128 1.011241310672172 0.008798113188760906 1.0 1.006220344311643 1.006220344311643 0.005020966360528956
59770.950325228834 4.476 0.019000000000000128 1.0145664145487487 0.00881310572276033 1.0 1.0062203030588368 1.0062203030588368 0.008346111489911934
59770.95034117225 4.476 0.019000000000000128 0.9952496050604358 0.00874746156225737 1.0 1.0062202618060494 1.0062202618060494 -0.010970656745613594
59770.95035711567 4.476 0.019000000000000128 0.9903958589896005 0.008730043940581909 1.0 1.0062202205532431 1.0062202205532431 -0.01582436156364264
59770.95037305909 4.476 0.019000000000000128 0.9956537746245955 0.008747372513870857 1.0 1.0062201793004368 1.0062201793004368 -0.010566404675841357
59770.95038900251 4.476 0.019000000000000128 1.0177017339443604 0.00879616163187515 1.0 1.0062201380476306 1.0062201380476306 0.011481595896729813
59770.95040494592 4.476 0.019000000000000128 1.0231244141050209 0.008840725462107502 1.0 1.0062200967948431 1.0062200967948431 0.01690431731017772
59770.95042088934 4.476 0.019000000000000128 0.9986070071110369 0.008777129696282382 1.0 1.0062200555420369 1.0062200555420369 -0.007613048430999969
59770.95043683276 4.476 0.019000000000000128 0.9851725856549517 0.008743306143598221 1.0 1.0062200142892306 1.0062200142892306 -0.021047428634278886
59770.95045277618 4.476 0.019000000000000128 0.9996176544890276 0.008749690270018201 1.0 1.0062199730364243 1.0062199730364243 -0.0066023185473966794
59770.950468719595 4.476 0.019000000000000128 0.9953319595092026 0.008755618786962096 1.0 1.006219931783637 1.006219931783637 -0.010887972274434277
59770.95048466302 4.476 0.019000000000000128 0.997851486088377 0.00878218599916184 1.0 1.0062198905308117 1.0062198905308117 -0.008368404442434696
59770.950500606436 4.476 0.019000000000000128 1.0170044673062277 0.008801345969309878 1.0 1.0062198492780243 1.0062198492780243 0.010784618028203408
59770.95051654985 4.476 0.019000000000000128 1.013146470209958 0.008790061231769548 1.0 1.0062198080252367 1.0062198080252367 0.006926662184721266
59770.950532493276 4.476 0.019000000000000128 0.9926042564268105 0.008777869119257077 1.0 1.0062197667724118 1.0062197667724118 -0.013615510345601267
59770.9505484367 4.476 0.019000000000000128 1.015929433286201 0.008813359749343903 1.0 1.0062197255196055 1.0062197255196055 0.009709707766595521
59770.95056438011 4.476 0.019000000000000128 1.005130156596905 0.008788932066962178 1.0 1.0062196842668178 1.0062196842668178 -0.001089527669912771
59770.95058032353 4.476 0.019000000000000128 1.0099877903454204 0.008810835826899899 1.0 1.0062196430140116 1.0062196430140116 0.0037681473314088443
59770.95059626695 4.476 0.019000000000000128 1.0075284712303332 0.00877547421341847 1.0 1.0062196017612053 1.0062196017612053 0.0013088694691278935
59770.95061221036 4.476 0.019000000000000128 1.0159498276079049 0.008805065961246049 1.0 1.0062195605084179 1.0062195605084179 0.009730267099486989
59770.95062815378 4.476 0.019000000000000128 1.00024834290399 0.008773389916338397 1.0 1.0062195192556116 1.0062195192556116 -0.005971176351621699
59770.9506440972 4.476 0.019000000000000128 0.9922492911629447 0.008744361002943282 1.0 1.0062194780028053 1.0062194780028053 -0.013970186839860621
59770.950660040624 4.476 0.019000000000000128 1.0052697213793063 0.008808613784104635 1.0 1.006219436749999 1.006219436749999 -0.0009497153706927719
59770.95067598404 4.476 0.019000000000000128 0.9991391743121276 0.008770584699306827 1.0 1.0062193954972116 1.0062193954972116 -0.007080221185084001
59770.95069192746 4.476 0.019000000000000128 1.0206122885309243 0.00881894020851353 1.0 1.0062193542444053 1.0062193542444053 0.014392934286518999
59770.95070787088 4.476 0.019000000000000128 0.9994019039219953 0.008756260696063486 1.0 1.006219312991599 1.006219312991599 -0.006817409069603708
59770.95072381429 4.476 0.019000000000000128 1.013894255957334 0.00880355317988305 1.0 1.0062192717388116 1.0062192717388116 0.007674984218522418
59770.95073975772 4.476 0.019000000000000128 1.009543578057837 0.008796687816442663 1.0 1.0062192304859865 1.0062192304859865 0.0033243475718505167
59770.95075570113 4.476 0.019000000000000128 0.9995800321660947 0.008750503272462759 1.0 1.006219189233199 1.006219189233199 -0.006639157067104384
59770.95077164455 4.476 0.019000000000000128 1.0090184555682327 0.0087952465575704 1.0 1.0062191479803928 1.0062191479803928 0.002799307587839861
59770.95078758797 4.476 0.019000000000000128 1.0018962188262517 0.008771141437006802 1.0 1.0062191067275865 1.0062191067275865 -0.004322887901334838
59770.950803531385 4.476 0.019000000000000128 1.0055421334018813 0.008759761177308003 1.0 1.006219065474799 1.006219065474799 -0.0006769320729176354
59770.950819474805 4.476 0.019000000000000128 1.004754263695126 0.008791066223180016 1.0 1.0062190242219926 1.0062190242219926 -0.0014647605268665043
59770.95083541823 4.476 0.019000000000000128 1.0020116347904675 0.008758168534836578 1.0 1.0062189829691677 1.0062189829691677 -0.004207348178700165
59770.950851361646 4.476 0.019000000000000128 1.015312340798438 0.008834987600231459 1.0 1.00621894171638 1.00621894171638 0.009093399082057863
59770.95086730506 4.476 0.019000000000000128 0.999272628115736 0.008756529926281663 1.0 1.0062189004635926 1.0062189004635926 -0.006946272347856608
59770.95088324848 4.476 0.019000000000000128 1.014378878858021 0.008828953397916648 1.0 1.0062188592107864 1.0062188592107864 0.008160019647234673
59770.9508991919 4.476 0.019000000000000128 1.003509189861109 0.008769016324004897 1.0 1.00621881795798 1.00621881795798 -0.0027096280968710307
59770.95091513532 4.476 0.019000000000000128 1.0024380193891769 0.008774553210473377 1.0 1.0062187767051738 1.0062187767051738 -0.0037807573159969188
59770.95093107873 4.476 0.019000000000000128 1.0059952707804145 0.00876403938979367 1.0 1.0062187354523864 1.0062187354523864 -0.00022346467197187359
59770.95094702216 4.476 0.019000000000000128 1.0092969545196746 0.008779596152757106 1.0 1.0062186941995612 1.0062186941995612 0.0030782603201133796
59770.95096296557 4.476 0.019000000000000128 0.9995486284262897 0.008796211354731376 1.0 1.0062186529467738 1.0062186529467738 -0.006670024520484152
59770.950978908986 4.476 0.019000000000000128 1.0196722258809578 0.008811135716963249 1.0 1.0062186116939864 1.0062186116939864 0.013453614186971441
59770.950994852414 4.476 0.019000000000000128 1.0019314161086748 0.008772569568845014 1.0 1.0062185704411613 1.0062185704411613 -0.004287154332486498
