eureka_custom_plots/data/stage5_lcfit_results/S5_wasp39b_ap4_bg8_Table_Save_ch03.txt
# %ECSV 1.0
# ---
# datatype:
# - {name: time, datatype: float64}
# - {name: wavelength, datatype: float64}
# - {name: bin_width, datatype: float64}
# - {name: lcdata, datatype: float64}
# - {name: lcerr, datatype: float64}
# - {name: transit, datatype: float64}
# - {name: polynom, datatype: float64}
# - {name: model, datatype: float64}
# - {name: residuals, datatype: float64}
# schema: astropy-2.0
time wavelength bin_width lcdata lcerr transit polynom model residuals
[from data line 18959]
59770.946291543936 3.1340000000000003 0.018999999999999906 1.001018076767165 0.004137006865639083 1.0 1.005006433120767 1.005006433120767 -0.003988356353602063
59770.94630748735 3.1340000000000003 0.018999999999999906 1.0095836177636484 0.004153560706670311 1.0 1.005006261319303 1.005006261319303 0.004577356444345426
59770.94632343077 3.1340000000000003 0.018999999999999906 1.004624175813746 0.0041436064641627145 1.0 1.0050060895177604 1.0050060895177604 -0.0003819137040144138
59770.94633937419 3.1340000000000003 0.018999999999999906 0.9993325209667189 0.0041460045125298745 1.0 1.0050059177162178 1.0050059177162178 -0.00567339674949896
59770.94635531761 3.1340000000000003 0.018999999999999906 1.00502313570799 0.004144474251389583 1.0 1.0050057459146755 1.0050057459146755 1.7389793314448454e-05
59770.94637126102 3.1340000000000003 0.018999999999999906 1.0035426599041026 0.004139480766946423 1.0 1.0050055741132113 1.0050055741132113 -0.0014629142091087122
59770.94638720445 3.1340000000000003 0.018999999999999906 1.0098641373323796 0.0041473539556395244 1.0 1.0050054023115904 1.0050054023115904 0.004858735020789151
59770.946403147864 3.1340000000000003 0.018999999999999906 1.014211393519705 0.004161498664716201 1.0 1.0050052305101262 1.0050052305101262 0.009206163009578772
59770.94641909128 3.1340000000000003 0.018999999999999906 1.0039761313775017 0.004131671430922755 1.0 1.0050050587086623 1.0050050587086623 -0.0010289273311605562
59770.946435034704 3.1340000000000003 0.018999999999999906 1.0094918079351436 0.004145817829746036 1.0 1.0050048869070414 1.0050048869070414 0.00448692102810222
59770.94645097812 3.1340000000000003 0.018999999999999906 1.0088767704138681 0.004147916089907415 1.0 1.0050047151055772 1.0050047151055772 0.0038720553082909337
59770.94646692154 3.1340000000000003 0.018999999999999906 1.0003366208394722 0.004130693492479055 1.0 1.0050045433040347 1.0050045433040347 -0.004667922464562491
59770.94648286496 3.1340000000000003 0.018999999999999906 1.0008206664586718 0.004137613526786412 1.0 1.0050043715024923 1.0050043715024923 -0.004183705043820485
59770.94649880838 3.1340000000000003 0.018999999999999906 1.0005136635689502 0.004126871117561275 1.0 1.0050041997009498 1.0050041997009498 -0.004490536131999567
59770.94651475179 3.1340000000000003 0.018999999999999906 1.0052689361182392 0.00414188039475927 1.0 1.0050040278994856 1.0050040278994856 0.00026490821875357895
59770.94653069521 3.1340000000000003 0.018999999999999906 0.9971603872651044 0.004129870478487851 1.0 1.005003856097943 1.005003856097943 -0.007843468832838707
59770.94654663863 3.1340000000000003 0.018999999999999906 1.0015921281553357 0.004133311169551991 1.0 1.0050036842964007 1.0050036842964007 -0.003411556141065031
59770.94656258205 3.1340000000000003 0.018999999999999906 1.0013216019434268 0.004133543703575945 1.0 1.0050035124948582 1.0050035124948582 -0.003681910551431411
59770.946578525465 3.1340000000000003 0.018999999999999906 1.0057553896848985 0.004143352421065052 1.0 1.005003340693394 1.005003340693394 0.0007520489915044948
59770.946594468885 3.1340000000000003 0.018999999999999906 1.0069477303319698 0.004150000997420346 1.0 1.0050031688918515 1.0050031688918515 0.001944561440118342
59770.946610412306 3.1340000000000003 0.018999999999999906 1.0084801981923763 0.004148575931245413 1.0 1.0050029970903092 1.0050029970903092 0.0034772011020671734
59770.94662635572 3.1340000000000003 0.018999999999999906 1.008767829832635 0.004148292670820695 1.0 1.005002825288845 1.005002825288845 0.0037650045437900292
59770.946642299146 3.1340000000000003 0.018999999999999906 1.0062523258910956 0.00414067267539776 1.0 1.005002653487224 1.005002653487224 0.0012496724038715268
59770.94665824256 3.1340000000000003 0.018999999999999906 1.0077549408031061 0.004144346807337867 1.0 1.00500248168576 1.00500248168576 0.0027524591173462287
59770.94667418598 3.1340000000000003 0.018999999999999906 1.0022710026415713 0.004135581724677208 1.0 1.0050023098842176 1.0050023098842176 -0.0027313072426462526
59770.9466901294 3.1340000000000003 0.018999999999999906 0.9996494911347211 0.004128219332188852 1.0 1.005002138082675 1.005002138082675 -0.0053526469479538985
59770.94670607281 3.1340000000000003 0.018999999999999906 1.0026610063603805 0.0041368623195781355 1.0 1.0050019662812109 1.0050019662812109 -0.0023409599208303877
59770.94672201623 3.1340000000000003 0.018999999999999906 1.0079878619931273 0.004148049441796569 1.0 1.0050017944796683 1.0050017944796683 0.0029860675134589787
59770.94673795966 3.1340000000000003 0.018999999999999906 1.0017403001569583 0.004136195449122354 1.0 1.0050016226780476 1.0050016226780476 -0.0032613225210893493
59770.946753903074 3.1340000000000003 0.018999999999999906 1.0076484957775693 0.0041414337650957705 1.0 1.0050014508765834 1.0050014508765834 0.0026470449009858843
59770.94676984649 3.1340000000000003 0.018999999999999906 1.0025460533720556 0.004135592731698084 1.0 1.0050012790751193 1.0050012790751193 -0.002455225703063668
59770.946785789914 3.1340000000000003 0.018999999999999906 1.010479691317122 0.004152775410240287 1.0 1.0050011072734983 1.0050011072734983 0.005478584043623558
59770.94680173333 3.1340000000000003 0.018999999999999906 0.9967246140802563 0.004121532537846905 1.0 1.0050009354720344 1.0050009354720344 -0.00827632139177814
59770.94681767675 3.1340000000000003 0.018999999999999906 1.0044477775902425 0.004137908782666247 1.0 1.0050007636704918 1.0050007636704918 -0.0005529860802493403
59770.94683362016 3.1340000000000003 0.018999999999999906 1.011869460229041 0.004152539510885858 1.0 1.0050005918690277 1.0050005918690277 0.006868868360013325
59770.94684956359 3.1340000000000003 0.018999999999999906 0.9966750177952447 0.004122596076447767 1.0 1.0050004200674068 1.0050004200674068 -0.008325402272162052
59770.946865507 3.1340000000000003 0.018999999999999906 1.0037157946778117 0.00414056030150651 1.0 1.0050002482659428 1.0050002482659428 -0.001284453588131118
59770.946881450414 3.1340000000000003 0.018999999999999906 1.0035354674047554 0.004135802938578656 1.0 1.0050000764644786 1.0050000764644786 -0.001464609059723232
59770.94689739384 3.1340000000000003 0.018999999999999906 1.0061795719554738 0.004135016542182501 1.0 1.0049999046628577 1.0049999046628577 0.0011796672926160934
59770.946913337255 3.1340000000000003 0.018999999999999906 1.0126882903159133 0.004153505880949124 1.0 1.0049997328613935 1.0049997328613935 0.0076885574545197954
59770.946929280675 3.1340000000000003 0.018999999999999906 1.0069559592562678 0.004145358502156581 1.0 1.0049995610598512 1.0049995610598512 0.0019563981964165755
59770.946945224096 3.1340000000000003 0.018999999999999906 1.0047359980239046 0.0041428319316640025 1.0 1.0049993892583087 1.0049993892583087 -0.00026339123440410894
59770.946961167516 3.1340000000000003 0.018999999999999906 1.0053991873166166 0.004137747255808104 1.0 1.0049992174567661 1.0049992174567661 0.0003999698598504686
59770.94697711093 3.1340000000000003 0.018999999999999906 0.9981352838813926 0.0041305585863744675 1.0 1.004999045655302 1.004999045655302 -0.006863761773909349
59770.94699305435 3.1340000000000003 0.018999999999999906 0.9983792753436581 0.004128442911942284 1.0 1.0049988738537596 1.0049988738537596 -0.006619598510101521
59770.94700899777 3.1340000000000003 0.018999999999999906 0.9994769073703119 0.004128203784521411 1.0 1.004998702052217 1.004998702052217 -0.005521794681905168
59770.94702494119 3.1340000000000003 0.018999999999999906 1.0007814861819766 0.004133290109449273 1.0 1.0049985302506745 1.0049985302506745 -0.004217044068697939
59770.94704088461 3.1340000000000003 0.018999999999999906 1.0024972953333897 0.004128855680678564 1.0 1.004998358449132 1.004998358449132 -0.0025010631157422747
59770.94705682802 3.1340000000000003 0.018999999999999906 1.0037238267263946 0.00414421371962006 1.0 1.004998186647668 1.004998186647668 -0.001274359921273449
59770.94707277144 3.1340000000000003 0.018999999999999906 1.005255762767683 0.004142516144656889 1.0 1.0049980148461255 1.0049980148461255 0.00025774792155752735
59770.947088714864 3.1340000000000003 0.018999999999999906 1.0031183886544373 0.0041360212311242995 1.0 1.004997843044583 1.004997843044583 -0.0018794543901456962
59770.947104658284 3.1340000000000003 0.018999999999999906 1.009869255034351 0.004147617680847304 1.0 1.0049976712430404 1.0049976712430404 0.004871583791310696
59770.9471206017 3.1340000000000003 0.018999999999999906 1.0051218539343694 0.0041406078554823535 1.0 1.0049974994415765 1.0049974994415765 0.00012435449279291078
59770.947136545125 3.1340000000000003 0.018999999999999906 0.9976390551074407 0.0041279627207304204 1.0 1.0049973276399555 1.0049973276399555 -0.007358272532514865
59770.94715248854 3.1340000000000003 0.018999999999999906 1.005172063969567 0.004142728498968119 1.0 1.0049971558384914 1.0049971558384914 0.00017490813107556846
59770.94716843195 3.1340000000000003 0.018999999999999906 1.005926084505408 0.0041450040989027825 1.0 1.0049969840370272 1.0049969840370272 0.0009291004683809057
59770.94718437537 3.1340000000000003 0.018999999999999906 1.0080522383810542 0.00415252184457891 1.0 1.0049968122354849 1.0049968122354849 0.0030554261455693066
59770.9472003188 3.1340000000000003 0.018999999999999906 1.0064734959711987 0.004142386033676371 1.0 1.004996640433864 1.004996640433864 0.001476855537334787
59770.94721626221 3.1340000000000003 0.018999999999999906 1.0147720503553326 0.004159854682390894 1.0 1.0049964686323998 1.0049964686323998 0.009775581722932802
59770.947232205624 3.1340000000000003 0.018999999999999906 1.0086376902756153 0.004150086722312319 1.0 1.0049962968309356 1.0049962968309356 0.0036413934446797303
59770.94724814905 3.1340000000000003 0.018999999999999906 0.9938224381830056 0.004121166508784438 1.0 1.0049961250293147 1.0049961250293147 -0.011173686846309039
59770.947264092465 3.1340000000000003 0.018999999999999906 1.0053140519347805 0.004139837739428049 1.0 1.0049959532278507 1.0049959532278507 0.00031809870692978137
59770.947280035885 3.1340000000000003 0.018999999999999906 1.0094410617980172 0.004153344355203901 1.0 1.0049957814263082 1.0049957814263082 0.004445280371708993
59770.947295979306 3.1340000000000003 0.018999999999999906 1.0105193441363127 0.004148833615028172 1.0 1.0049956096247656 1.0049956096247656 0.005523734511547085
59770.947311922726 3.1340000000000003 0.018999999999999906 1.0076815522279063 0.004152443384750521 1.0 1.004995437823223 1.004995437823223 0.0026861144046832486
59770.94732786614 3.1340000000000003 0.018999999999999906 1.0076337148147154 0.004145626519299717 1.0 1.0049952660217591 1.0049952660217591 0.0026384487929562717
59770.94734380956 3.1340000000000003 0.018999999999999906 0.9990769837769549 0.00413298489996124 1.0 1.0049950942202166 1.0049950942202166 -0.005918110443261737
59770.94735975298 3.1340000000000003 0.018999999999999906 1.0010666392789227 0.004139574286016195 1.0 1.004994922418674 1.004994922418674 -0.003928283139751354
59770.94737569639 3.1340000000000003 0.018999999999999906 1.0013381765568774 0.004138462458076648 1.0 1.00499475061721 1.00499475061721 -0.003656574060332707
59770.94739163982 3.1340000000000003 0.018999999999999906 1.0086196621698065 0.004139002921494305 1.0 1.0049945788155892 1.0049945788155892 0.0036250833542172956
59770.94740758323 3.1340000000000003 0.018999999999999906 1.0115906403580568 0.004156274951671956 1.0 1.004994407014125 1.004994407014125 0.006596233343931779
59770.94742352665 3.1340000000000003 0.018999999999999906 1.0102700285695716 0.004148539713191865 1.0 1.0049942352125825 1.0049942352125825 0.0052757933569891335
59770.947439470074 3.1340000000000003 0.018999999999999906 1.0103785132466412 0.004150707196895663 1.0 1.00499406341104 1.00499406341104 0.005384449835601268
59770.94745541349 3.1340000000000003 0.018999999999999906 1.0010496260399835 0.004131687794965662 1.0 1.004993891609576 1.004993891609576 -0.003944265569592487
59770.94747135691 3.1340000000000003 0.018999999999999906 1.0055649234656512 0.004141288362824797 1.0 1.0049937198080334 1.0049937198080334 0.0005712036576177582
59770.94748730033 3.1340000000000003 0.018999999999999906 1.0009122675084803 0.004132232076645611 1.0 1.0049935480064909 1.0049935480064909 -0.004081280498010598
59770.94750324375 3.1340000000000003 0.018999999999999906 1.0094724303104672 0.004153873018970245 1.0 1.0049933762049483 1.0049933762049483 0.004479054105518854
59770.94751918716 3.1340000000000003 0.018999999999999906 1.0068995210481022 0.004145922547850364 1.0 1.0049932044034844 1.0049932044034844 0.0019063166446178226
59770.94753513058 3.1340000000000003 0.018999999999999906 1.0077590584396998 0.004142860187049185 1.0 1.0049930326019418 1.0049930326019418 0.0027660258377579794
59770.947551074 3.1340000000000003 0.018999999999999906 1.002302283413117 0.004137007242762594 1.0 1.0049928608003993 1.0049928608003993 -0.002690577387282289
59770.94756701742 3.1340000000000003 0.018999999999999906 1.009396538563915 0.0041493207582379826 1.0 1.0049926889988567 1.0049926889988567 0.004403849565058238
59770.947582960835 3.1340000000000003 0.018999999999999906 1.001723898262588 0.00413330712208059 1.0 1.0049925171973928 1.0049925171973928 -0.00326861893480479
59770.94759890426 3.1340000000000003 0.018999999999999906 1.0101969113181943 0.004151225125480772 1.0 1.0049923453957719 1.0049923453957719 0.005204565922422466
59770.947614847675 3.1340000000000003 0.018999999999999906 0.9981829346251593 0.004130826702290479 1.0 1.0049921735943077 1.0049921735943077 -0.006809238969148423
59770.94763079109 3.1340000000000003 0.018999999999999906 1.0060065121444324 0.0041369333058167345 1.0 1.0049920017928438 1.0049920017928438 0.0010145103515886156
59770.947646734516 3.1340000000000003 0.018999999999999906 0.9996067984033316 0.004135256341473802 1.0 1.0049918299912228 1.0049918299912228 -0.005385031587891276
59770.94766267793 3.1340000000000003 0.018999999999999906 1.0069947940752986 0.00414069741933348 1.0 1.0049916581897587 1.0049916581897587 0.0020031358855399084
59770.94767862135 3.1340000000000003 0.018999999999999906 1.007671500584484 0.004144641500202102 1.0 1.0049914863882161 1.0049914863882161 0.0026800141962679547
59770.94769456477 3.1340000000000003 0.018999999999999906 1.0049216840630621 0.004135699058613139 1.0 1.0049913145866736 1.0049913145866736 -6.963052361141919e-05
59770.94771050819 3.1340000000000003 0.018999999999999906 1.0092996056780457 0.00414724890209084 1.0 1.0049911427851312 1.0049911427851312 0.004308462892914422
59770.9477264516 3.1340000000000003 0.018999999999999906 1.0029607954824895 0.00414477230674366 1.0 1.004990970983667 1.004990970983667 -0.002030175501177567
59770.94774239503 3.1340000000000003 0.018999999999999906 1.0076413089567118 0.004153597339632315 1.0 1.0049907991820461 1.0049907991820461 0.0026505097746656325
59770.94775833844 3.1340000000000003 0.018999999999999906 1.0081899944963872 0.004146792965083368 1.0 1.004990627380582 1.004990627380582 0.003199367115805263
59770.94777428186 3.1340000000000003 0.018999999999999906 0.9937430422096891 0.005038351101269421 1.0 1.0049904555790397 1.0049904555790397 -0.011247413369350534
59770.94779022528 3.1340000000000003 0.018999999999999906 1.0042156372412427 0.004141443411837694 1.0 1.0049902837775755 1.0049902837775755 -0.0007746465363327459
59770.9478061687 3.1340000000000003 0.018999999999999906 1.0066307208674377 0.0041419687522641895 1.0 1.004990111976033 1.004990111976033 0.0016406088914047157
59770.94782211212 3.1340000000000003 0.018999999999999906 0.9971926175179293 0.004126441166122736 1.0 1.0049899401744904 1.0049899401744904 -0.007797322656561079
59770.94783805553 3.1340000000000003 0.018999999999999906 1.0069111402275028 0.004142557891088931 1.0 1.0049897683730264 1.0049897683730264 0.0019213718544763836
