eureka_custom_plots/data/stage5_lcfit_results/S5_wasp39b_ap4_bg8_Table_Save_ch49.txt
# %ECSV 1.0
# ---
# datatype:
# - {name: time, datatype: float64}
# - {name: wavelength, datatype: float64}
# - {name: bin_width, datatype: float64}
# - {name: lcdata, datatype: float64}
# - {name: lcerr, datatype: float64}
# - {name: transit, datatype: float64}
# - {name: polynom, datatype: float64}
# - {name: model, datatype: float64}
# - {name: residuals, datatype: float64}
# schema: astropy-2.0
time wavelength bin_width lcdata lcerr transit polynom model residuals
[from data line 21104]
59770.98049017651 4.8975 0.01949999999999985 1.0162105014129648 0.010062064145162785 1.0 1.0057242188481983 1.0057242188481983 0.01048628256476647
59770.98050611993 4.8975 0.01949999999999985 1.0044903999098491 0.009988757416823826 1.0 1.005724158261922 1.005724158261922 -0.0012337583520729556
59770.98052206335 4.8975 0.01949999999999985 1.0108693484868345 0.010035242570143413 1.0 1.0057240976756456 1.0057240976756456 0.005145250811188884
59770.98053800676 4.8975 0.01949999999999985 1.0007837779238247 0.010011860376070996 1.0 1.0057240370893972 1.0057240370893972 -0.0049402591655725026
59770.98055395018 4.8975 0.01949999999999985 0.9974525569796947 0.010015978574207964 1.0 1.005723976503121 1.005723976503121 -0.008271419523426249
59770.9805698936 4.8975 0.01949999999999985 1.00528236782339 0.010001077148253693 1.0 1.0057239159168445 1.0057239159168445 -0.0004415480934545357
59770.980585837024 4.8975 0.01949999999999985 1.0089573828045937 0.010049309282917975 1.0 1.0057238553305683 1.0057238553305683 0.0032335274740253883
59770.98060178044 4.8975 0.01949999999999985 1.0111180092243657 0.0100348794340878 1.0 1.0057237947443198 1.0057237947443198 0.005394214480045845
59770.98061772386 4.8975 0.01949999999999985 1.0159832103841469 0.010089146611142425 1.0 1.0057237341580436 1.0057237341580436 0.010259476226103237
59770.98063366728 4.8975 0.01949999999999985 0.9925985962397657 0.009957042086014294 1.0 1.0057236735717672 1.0057236735717672 -0.013125077332001522
59770.98064961069 4.8975 0.01949999999999985 0.9927131224836524 0.010008232993209088 1.0 1.0057236129855187 1.0057236129855187 -0.013010490501866312
59770.98066555411 4.8975 0.01949999999999985 0.9811012677265261 0.009964936460942809 1.0 1.0057235523992425 1.0057235523992425 -0.024622284672716432
59770.98068149754 4.8975 0.01949999999999985 1.0229951705166527 0.010025754576557308 1.0 1.0057234918129385 1.0057234918129385 0.017271678703714155
59770.98069744095 4.8975 0.01949999999999985 0.9841141482480844 0.009992238616635419 1.0 1.0057234312266898 1.0057234312266898 -0.021609282978605426
59770.980713384364 4.8975 0.01949999999999985 1.0055239678887489 0.010030991037501982 1.0 1.0057233706404414 1.0057233706404414 -0.0001994027516925012
59770.980729327785 4.8975 0.01949999999999985 0.9971825370211413 0.010026650043715423 1.0 1.005723310054165 1.005723310054165 -0.008540773033023585
59770.980745271205 4.8975 0.01949999999999985 1.0260553454498662 0.010057080853527666 1.0 1.0057232494678887 1.0057232494678887 0.020332095981977494
59770.980761214625 4.8975 0.01949999999999985 1.014428832898025 0.010041038084783157 1.0 1.0057231888816125 1.0057231888816125 0.008705644016412606
59770.98077715804 4.8975 0.01949999999999985 0.9983000644124184 0.010021875500674479 1.0 1.0057231282953638 1.0057231282953638 -0.0074230638829454465
59770.980793101466 4.8975 0.01949999999999985 1.002307606082467 0.010013114379288934 1.0 1.00572306770906 1.00572306770906 -0.0034154616265931192
59770.98080904488 4.8975 0.01949999999999985 0.998988514523481 0.010041453443128054 1.0 1.0057230071228114 1.0057230071228114 -0.006734492599330344
59770.98082498829 4.8975 0.01949999999999985 1.026532702747076 0.010081363135035541 1.0 1.0057229465365627 1.0057229465365627 0.020809756210513397
59770.98084093171 4.8975 0.01949999999999985 0.9988145824849984 0.01000605616454706 1.0 1.0057228859502865 1.0057228859502865 -0.006908303465288035
59770.98085687513 4.8975 0.01949999999999985 1.004477470692378 0.010021321745167913 1.0 1.0057228253640103 1.0057228253640103 -0.0012453546716322261
59770.98087281855 4.8975 0.01949999999999985 1.009258678573672 0.01003909532239285 1.0 1.005722764777734 1.005722764777734 0.003535913795937873
59770.980888761966 4.8975 0.01949999999999985 1.0180851751086553 0.01004981190396969 1.0 1.0057227041914854 1.0057227041914854 0.01236247091716991
59770.980904705386 4.8975 0.01949999999999985 1.0154994524634877 0.010059848929422839 1.0 1.0057226436052091 1.0057226436052091 0.009776808858278585
59770.980920648806 4.8975 0.01949999999999985 0.9950358495174207 0.01000261082719932 1.0 1.005722583018933 1.005722583018933 -0.010686733501512169
59770.98093659222 4.8975 0.01949999999999985 1.002087976014999 0.009988633820795916 1.0 1.0057225224326842 1.0057225224326842 -0.003634546417685236
59770.98095253564 4.8975 0.01949999999999985 1.0004360964651222 0.010038733111278451 1.0 1.005722461846408 1.005722461846408 -0.005286365381285796
59770.98096847907 4.8975 0.01949999999999985 1.0150376116246638 0.010073997080861576 1.0 1.0057224012601043 1.0057224012601043 0.009315210364559512
59770.98098442248 4.8975 0.01949999999999985 1.009197247342681 0.010034339512269992 1.0 1.0057223406738556 1.0057223406738556 0.0034749066688253283
59770.98100036589 4.8975 0.01949999999999985 1.0083896925189946 0.01003771920043425 1.0 1.005722280087607 1.005722280087607 0.0026674124313876835
59770.98101630931 4.8975 0.01949999999999985 1.0100532351742668 0.010022559697633762 1.0 1.0057222195013307 1.0057222195013307 0.004331015672936145
59770.981032252734 4.8975 0.01949999999999985 1.0030882086528836 0.010036582466213117 1.0 1.0057221589150545 1.0057221589150545 -0.0026339502621708366
59770.981048196154 4.8975 0.01949999999999985 1.0030607357022194 0.009998867288496001 1.0 1.0057220983287782 1.0057220983287782 -0.0026613626265588053
59770.98106413957 4.8975 0.01949999999999985 1.0098430235517037 0.01002799211165409 1.0 1.0057220377425296 1.0057220377425296 0.0041209858091741935
59770.981080082995 4.8975 0.01949999999999985 0.9919611174224562 0.010018674112207991 1.0 1.0057219771562256 1.0057219771562256 -0.013760859733769393
59770.98109602641 4.8975 0.01949999999999985 1.007546254924411 0.010021098655922742 1.0 1.0057219165699771 1.0057219165699771 0.001824338354433852
59770.98111196982 4.8975 0.01949999999999985 1.0096091317745106 0.010024600217279526 1.0 1.0057218559837284 1.0057218559837284 0.0038872757907821853
59770.98112791324 4.8975 0.01949999999999985 1.0017247179202526 0.010039030650890046 1.0 1.0057217953974522 1.0057217953974522 -0.003997077477199573
59770.98114385667 4.8975 0.01949999999999985 1.0102236084212903 0.010032858323338922 1.0 1.0057217348111482 1.0057217348111482 0.004501873610142093
59770.98115980008 4.8975 0.01949999999999985 1.0138339504416911 0.010052341862044923 1.0 1.0057216742248998 1.0057216742248998 0.008112276216791336
59770.981175743495 4.8975 0.01949999999999985 1.0039419890366312 0.010005186579492547 1.0 1.005721613638651 1.005721613638651 -0.001779624602019858
59770.98119168692 4.8975 0.01949999999999985 0.995995357126134 0.009992383432871291 1.0 1.0057215530523471 1.0057215530523471 -0.009726195926213155
59770.981207630335 4.8975 0.01949999999999985 0.9857967959624852 0.009966777248435999 1.0 1.0057214924660987 1.0057214924660987 -0.019924696503613504
59770.981223573755 4.8975 0.01949999999999985 1.0041165339985025 0.010013524568524992 1.0 1.0057214318798224 1.0057214318798224 -0.0016048978813199
59770.98123951717 4.8975 0.01949999999999985 1.0030850685741175 0.010038148739843246 1.0 1.0057213712935738 1.0057213712935738 -0.0026363027194562516
59770.981255460596 4.8975 0.01949999999999985 1.0010492160769855 0.009999983349137395 1.0 1.0057213107072698 1.0057213107072698 -0.004672094630284285
59770.98127140401 4.8975 0.01949999999999985 1.0005239369609538 0.010009184818412079 1.0 1.0057212501210213 1.0057212501210213 -0.0051973131600675515
59770.98128734742 4.8975 0.01949999999999985 1.015074719745748 0.010040922879856773 1.0 1.0057211895347726 1.0057211895347726 0.009353530210975292
59770.98130329084 4.8975 0.01949999999999985 1.014480152148055 0.010061917437913289 1.0 1.0057211289484964 1.0057211289484964 0.00875902319955868
59770.98131923426 4.8975 0.01949999999999985 1.0115002589601298 0.010027328662069089 1.0 1.0057210683622202 1.0057210683622202 0.005779190597909656
59770.98133517768 4.8975 0.01949999999999985 1.0139886057524898 0.010073571789349787 1.0 1.0057210077759438 1.0057210077759438 0.008267597976546082
59770.981351121096 4.8975 0.01949999999999985 1.01563645639539 0.010043554516577723 1.0 1.0057209471896953 1.0057209471896953 0.009915509205694617
59770.98136706452 4.8975 0.01949999999999985 1.0106584896817685 0.010050528649392963 1.0 1.0057208866033913 1.0057208866033913 0.004937603078377206
59770.98138300794 4.8975 0.01949999999999985 0.9993207521542811 0.010017650417277237 1.0 1.0057208260171426 1.0057208260171426 -0.006400073862861566
59770.98139895135 4.8975 0.01949999999999985 1.006538975073037 0.010016535934806893 1.0 1.0057207654308942 1.0057207654308942 0.0008182096421427421
59770.98141489477 4.8975 0.01949999999999985 0.9958832327101561 0.01000634151883006 1.0 1.005720704844618 1.005720704844618 -0.009837472134461844
59770.9814308382 4.8975 0.01949999999999985 1.0117725585901511 0.010031064619261518 1.0 1.005720644258314 1.005720644258314 0.00605191433183716
59770.98144678161 4.8975 0.01949999999999985 1.0021802913156816 0.010026610851890574 1.0 1.0057205836720653 1.0057205836720653 -0.0035402923563836453
59770.98146272502 4.8975 0.01949999999999985 1.0133274897687188 0.01004632665532065 1.0 1.0057205230858168 1.0057205230858168 0.00760696668290195
59770.98147866845 4.8975 0.01949999999999985 0.9948575514726282 0.010015638265586732 1.0 1.0057204624995129 1.0057204624995129 -0.010862911026884636
59770.981494611864 4.8975 0.01949999999999985 1.0032556770349623 0.010012042598977294 1.0 1.0057204019132642 1.0057204019132642 -0.0024647248783018494
59770.981510555284 4.8975 0.01949999999999985 1.0066087779262751 0.010024051094131209 1.0 1.005720341326988 1.005720341326988 0.0008884365992871679
59770.9815264987 4.8975 0.01949999999999985 1.0024237947471886 0.010032266953454227 1.0 1.0057202807407395 1.0057202807407395 -0.003296485993550924
59770.981542442125 4.8975 0.01949999999999985 0.9939724675672206 0.010023407572748513 1.0 1.0057202201544355 1.0057202201544355 -0.011747752587214944
59770.98155838554 4.8975 0.01949999999999985 0.9875351891233071 0.010012367969233696 1.0 1.0057201595681868 1.0057201595681868 -0.018184970444879767
59770.98157432895 4.8975 0.01949999999999985 0.9928763652421704 0.010010393046163836 1.0 1.0057200989819384 1.0057200989819384 -0.012843733739767993
59770.98159027237 4.8975 0.01949999999999985 1.0269148257006373 0.010095444592563061 1.0 1.005720038395662 1.005720038395662 0.02119478730497537
59770.98160621579 4.8975 0.01949999999999985 1.0029320886518664 0.01003996297534956 1.0 1.0057199778093857 1.0057199778093857 -0.0027878891575192633
59770.98162215921 4.8975 0.01949999999999985 0.9854566013920762 0.009948856287305657 1.0 1.0057199172231095 1.0057199172231095 -0.020263315831033246
59770.981638102625 4.8975 0.01949999999999985 0.9800884960301357 0.009932971846111905 1.0 1.0057198566368608 1.0057198566368608 -0.025631360606725107
59770.98165404605 4.8975 0.01949999999999985 0.9992557523901774 0.009977378107445499 1.0 1.005719796050557 1.005719796050557 -0.00646404366037967
59770.981669989465 4.8975 0.01949999999999985 1.000798668418665 0.010034039364225448 1.0 1.0057197354643084 1.0057197354643084 -0.004921067045643435
59770.981685932886 4.8975 0.01949999999999985 1.0149320434669031 0.010045136722413965 1.0 1.0057196748780322 1.0057196748780322 0.009212368588870978
59770.9817018763 4.8975 0.01949999999999985 0.99750247764192 0.010022125267635395 1.0 1.0057196142917835 1.0057196142917835 -0.008217136649863455
59770.981717819726 4.8975 0.01949999999999985 1.003605657091368 0.010042476372838944 1.0 1.0057195537054797 1.0057195537054797 -0.0021138966141116544
59770.98173376314 4.8975 0.01949999999999985 1.0167699853610608 0.010055985948649237 1.0 1.005719493119231 1.005719493119231 0.011050492241829746
59770.98174970655 4.8975 0.01949999999999985 0.9985471885997261 0.010039843235970075 1.0 1.0057194325329823 1.0057194325329823 -0.007172243933256217
59770.98176564998 4.8975 0.01949999999999985 1.0045598416652097 0.010071472298861954 1.0 1.0057193719466786 1.0057193719466786 -0.001159530281468868
59770.98178159339 4.8975 0.01949999999999985 1.011206877684384 0.010012492449017845 1.0 1.00571931136043 1.00571931136043 0.005487566323954196
59770.98179753681 4.8975 0.01949999999999985 1.0102550174136113 0.010045824743398468 1.0 1.0057192507741537 1.0057192507741537 0.00453576663945765
59770.981813480226 4.8975 0.01949999999999985 1.0085343971648029 0.010051053133887681 1.0 1.005719190187905 1.005719190187905 0.002815206976897855
59770.981829423654 4.8975 0.01949999999999985 1.0038858944447577 0.010018467350534785 1.0 1.0057191296016013 1.0057191296016013 -0.0018332351568435268
59770.98184536707 4.8975 0.01949999999999985 1.0067976126138467 0.010018790358880444 1.0 1.0057190690153526 1.0057190690153526 0.0010785435984941305
59770.98186131048 4.8975 0.01949999999999985 1.0026912165536805 0.009991910228158637 1.0 1.0057190084291039 1.0057190084291039 -0.003027791875423347
59770.98187725391 4.8975 0.01949999999999985 1.0279594644239314 0.010087474011490115 1.0 1.0057189478428001 1.0057189478428001 0.022240516581131242
59770.98189319733 4.8975 0.01949999999999985 1.0004754151384656 0.010032071518383813 1.0 1.0057188872565237 1.0057188872565237 -0.00524347211805809
59770.98190914074 4.8975 0.01949999999999985 0.9983900582029137 0.009990045159933427 1.0 1.0057188266702752 1.0057188266702752 -0.007328768467361524
59770.981925084154 4.8975 0.01949999999999985 0.9989564401494524 0.01005880695473668 1.0 1.0057187660840265 1.0057187660840265 -0.006762325934574154
59770.98194102758 4.8975 0.01949999999999985 1.0021182098663455 0.010048272401649775 1.0 1.0057187054977226 1.0057187054977226 -0.0036004956313770986
59770.981956970994 4.8975 0.01949999999999985 1.0125319949522273 0.010035255730126584 1.0 1.0057186449114741 1.0057186449114741 0.00681335004075323
59770.981972914415 4.8975 0.01949999999999985 1.0182403491734686 0.01006952569572285 1.0 1.005718584325198 1.005718584325198 0.012521764848270722
59770.98198885783 4.8975 0.01949999999999985 1.0037171315317464 0.010023980611520707 1.0 1.0057185237389492 1.0057185237389492 -0.0020013922072028567
59770.982004801255 4.8975 0.01949999999999985 1.0088190389711558 0.010021974119792209 1.0 1.0057184631526452 1.0057184631526452 0.0031005758185105314
59770.98202074467 4.8975 0.01949999999999985 1.0030232741360747 0.010053771005467798 1.0 1.0057184025663968 1.0057184025663968 -0.002695128430322047
59770.98203668808 4.8975 0.01949999999999985 0.990990418812947 0.010018570955722906 1.0 1.005718341980148 1.005718341980148 -0.014727923167201062
59770.98205263151 4.8975 0.01949999999999985 1.013834804823086 0.010070082665414709 1.0 1.0057182813938441 1.0057182813938441 0.008116523429241962
59770.98206857492 4.8975 0.01949999999999985 1.0170416608501118 0.010053488605481114 1.0 1.0057182208075957 1.0057182208075957 0.011323440042516175
59770.98208451834 4.8975 0.01949999999999985 0.997985981397161 0.010016081418781558 1.0 1.0057181602213192 1.0057181602213192 -0.00773217882415822
59770.982100461755 4.8975 0.01949999999999985 0.9925134160979473 0.010011789836488549 1.0 1.0057180996350708 1.0057180996350708 -0.013204683537123452
59770.98211640518 4.8975 0.01949999999999985 1.0187759476414555 0.010091802800086647 1.0 1.0057180390487668 1.0057180390487668 0.013057908592688738
59770.982132348596 4.8975 0.01949999999999985 1.02544092057646 0.010077601341184324 1.0 1.0057179784625183 1.0057179784625183 0.019722942113941766
59770.982148292016 4.8975 0.01949999999999985 1.0114855600612644 0.010053238987096648 1.0 1.0057179178762419 1.0057179178762419 0.00576764218502257
59770.982164235436 4.8975 0.01949999999999985 1.005005541806101 0.010023264729682351 1.0 1.0057178572899657 1.0057178572899657 -0.000712315483864634
59770.98218017886 4.8975 0.01949999999999985 0.9953620978597333 0.010020416455740554 1.0 1.0057177967036894 1.0057177967036894 -0.010355698843956151
