eureka_custom_plots/data/stage5_lcfit_results/S5_wasp39b_ap4_bg8_Table_Save_ch45.txt
# %ECSV 1.0
# ---
# datatype:
# - {name: time, datatype: float64}
# - {name: wavelength, datatype: float64}
# - {name: bin_width, datatype: float64}
# - {name: lcdata, datatype: float64}
# - {name: lcerr, datatype: float64}
# - {name: transit, datatype: float64}
# - {name: polynom, datatype: float64}
# - {name: model, datatype: float64}
# - {name: residuals, datatype: float64}
# schema: astropy-2.0
time wavelength bin_width lcdata lcerr transit polynom model residuals
[from data line 9903]
59770.80190794003 4.744 0.019000000000000128 0.9817376393683307 0.009819239373680075 0.9781968571343702 1.006489785332664 0.9845451447502589 -0.002807505381928199
59770.80192388345 4.744 0.019000000000000128 0.983151437065502 0.009802871613679915 0.9781960117196453 1.0064897379115112 0.9845442474617914 -0.0013928103962893568
59770.801939826866 4.744 0.019000000000000128 0.9763740348260406 0.009791549899462876 0.9781951674636926 1.0064896904903797 0.9845433513397172 -0.008169316513676583
59770.801955770294 4.744 0.019000000000000128 0.997405690661329 0.009838017815428991 0.978194324363097 1.0064896430692052 0.9845424563805357 0.012863234280793279
59770.80197171371 4.744 0.019000000000000128 0.9953509591025703 0.009848664932036878 0.9781934824171817 1.006489595648074 0.9845415625836506 0.010809396518919767
59770.80198765713 4.744 0.019000000000000128 0.9788336075022493 0.009828899161312387 0.9781926416226203 1.006489548226921 0.9845406699456495 -0.005707062443400135
59770.80200360055 4.744 0.019000000000000128 0.9967815639553712 0.009858780078409884 0.9781918019775551 1.006489500805768 0.984539778464684 0.012241785490687218
59770.80201954397 4.744 0.019000000000000128 0.976103096314579 0.009785932604353042 0.9781909634798427 1.0064894533846152 0.9845388881385969 -0.00843579182401788
59770.80203548739 4.744 0.019000000000000128 0.9891432760830429 0.009828093940936772 0.9781901261272735 1.0064894059634621 0.9845379989651636 0.004605277117879281
59770.80205143081 4.744 0.019000000000000128 0.9850280490662566 0.009847908939370164 0.9781892899176454 1.0064893585423091 0.9845371109421678 0.0004909381240888466
59770.80206737423 4.744 0.019000000000000128 0.994510819342237 0.009833860900449604 0.9781884548488345 1.0064893111211564 0.9845362240674719 0.009974595274765075
59770.80208331765 4.744 0.019000000000000128 0.9928421902905883 0.009825122562564853 0.9781876209186524 1.0064892637000034 0.9845353383388724 0.008306851951715877
59770.80209926106 4.744 0.019000000000000128 0.9742814148728701 0.00981273369020484 0.9781867881253017 1.0064892162788721 0.984534453754582 -0.010253038881711918
59770.80211520449 4.744 0.019000000000000128 0.9767214286114796 0.009792568194897756 0.9781859564655235 1.0064891688576973 0.9845335703112565 -0.007812141699776953
59770.80213114791 4.744 0.019000000000000128 0.9782038591056392 0.009828733164368256 0.9781851259383046 1.0064891214365446 0.9845326880079399 -0.006328828902300687
59770.80214709133 4.744 0.019000000000000128 0.9831306828903978 0.009782850102137431 0.9781842965410975 1.0064890740153916 0.9845318068420464 -0.0014011239516485974
59770.80216303474 4.744 0.019000000000000128 0.9770053102378209 0.009803959863489926 0.9781834682722013 1.0064890265942603 0.9845309268118854 -0.007525616574064475
59770.80217897817 4.744 0.019000000000000128 0.9678234120755309 0.009766309971423708 0.9781826411283183 1.0064889791730858 0.9845300479140741 -0.01670663583854315
59770.80219492158 4.744 0.019000000000000128 0.9871560901307608 0.009808113419543286 0.9781818151088366 1.0064889317519543 0.9845291701480806 0.002626919982680165
59770.80221086501 4.744 0.019000000000000128 0.9740940302354767 0.009775166047569802 0.9781809902101634 1.0064888843307798 0.9845282935102048 -0.010434263274728073
59770.802226808424 4.744 0.019000000000000128 0.9724216349860283 0.00980098516277591 0.9781801664316716 1.0064888369096485 0.9845274179998996 -0.01210578301387133
59770.80224275185 4.744 0.019000000000000128 1.000390944903585 0.009886956135963321 0.9781793437697853 1.006488789488474 0.9845265436134811 0.015864401290103913
59770.802258695265 4.744 0.019000000000000128 0.9886532622210917 0.009814334497590055 0.9781785222239104 1.0064887420673425 0.9845256703504357 0.004127591870656033
59770.80227463868 4.744 0.019000000000000128 0.9947163689800067 0.009854354551345505 0.978177701791175 1.0064886946462113 0.9845247982078307 0.010191570772176028
59770.802290582105 4.744 0.019000000000000128 0.9800608599354405 0.009775493676492684 0.9781768824687885 1.0064886472250367 0.9845239271828147 -0.0044630672473742194
59770.80230652552 4.744 0.019000000000000128 0.9787746888303788 0.009840149434744141 0.9781760642561463 1.0064885998039055 0.9845230572748638 -0.005748368444485008
59770.802322468946 4.744 0.019000000000000128 0.9913423214919399 0.009842291777194163 0.9781752471497139 1.006488552382731 0.9845221884803357 0.006820133011604224
59770.80233841236 4.744 0.019000000000000128 0.9776213524638725 0.009817081215853443 0.9781744311489187 1.0064885049615995 0.9845213207987382 -0.006899968334865725
59770.80235435579 4.744 0.019000000000000128 0.9692453898216915 0.00978267234791204 0.9781736162501953 1.006488457540425 0.9845204542263986 -0.01527506440470705
59770.8023702992 4.744 0.019000000000000128 0.9862975902619648 0.009850084807065179 0.9781728024529796 1.0064884101192937 0.9845195887628333 0.001778001499131543
59770.80238624263 4.744 0.019000000000000128 0.9867858536884995 0.009815474479939685 0.9781719897537697 1.0064883626981191 0.9845187244044331 0.0022671292840663604
59770.80240218604 4.744 0.019000000000000128 0.9780703299121258 0.009813047113328446 0.9781711781519866 1.0064883152769877 0.9845178611506992 -0.006447531238573334
59770.80241812947 4.744 0.019000000000000128 0.998461620167286 0.009865750931227777 0.9781703676441444 1.0064882678558131 0.9845169989980389 0.013944621169247107
59770.80243407288 4.744 0.019000000000000128 0.9731949399187327 0.009800878192292849 0.9781695582296955 1.006488220434682 0.9845161379459852 -0.01132119802725251
59770.8024500163 4.744 0.019000000000000128 0.9871697698362409 0.009831663686290333 0.9781687499054741 1.0064881730135289 0.984515277991288 0.002654491844952922
59770.80246595972 4.744 0.019000000000000128 0.9690997436249961 0.009777854049199973 0.9781679426698894 1.0064881255923759 0.9845144191323676 -0.015414675507371522
59770.80248190314 4.744 0.019000000000000128 0.9775699806747011 0.009784559700131508 0.9781671365209119 1.006488078171223 0.984513561367181 -0.0069435806924799115
59770.80249784656 4.744 0.019000000000000128 0.9798242153164846 0.009804019401666676 0.9781663314565181 1.00648803075007 0.9845127046936912 -0.004688489377206673
59770.80251378998 4.744 0.019000000000000128 0.9776500284559639 0.00980779134832907 0.9781655274747602 1.006487983328917 0.9845118491099378 -0.0068618206539738935
59770.8025297334 4.744 0.019000000000000128 0.967921053187191 0.009765692787386033 0.9781647245736267 1.0064879359077643 0.9845109946138964 -0.016589941426705335
59770.80254567682 4.744 0.019000000000000128 0.9911370442758171 0.009853823376407382 0.978163922751112 1.0064878884866113 0.9845101412035474 0.006626903072269652
59770.802561620236 4.744 0.019000000000000128 0.986245881741495 0.009811743155593628 0.978163122005656 1.00648784106548 0.9845092888773425 0.0017365928641525086
59770.802577563656 4.744 0.019000000000000128 0.9960524742966979 0.009815252744100946 0.9781623223345011 1.006487793644327 0.984508437632463 0.011544036664234869
59770.802593507084 4.744 0.019000000000000128 0.9757421432337733 0.009798941900661424 0.9781615237357296 1.0064877462231525 0.9845075874669792 -0.00876544423320591
59770.8026094505 4.744 0.019000000000000128 0.9944020927871398 0.0098719099846026 0.9781607262084677 1.006487698802021 0.9845067383800744 0.009895354407065349
59770.80262539392 4.744 0.019000000000000128 0.9899543104050855 0.00981566251335373 0.9781599297496308 1.0064876513808683 0.984505890368581 0.0054484200365044755
59770.80264133734 4.744 0.019000000000000128 0.998007572295417 0.009837922718237198 0.9781591343576869 1.0064876039597153 0.9845050434309774 0.013502528864439589
59770.80265728076 4.744 0.019000000000000128 0.9817922845331659 0.009800695180797582 0.9781583400306713 1.0064875565385623 0.9845041975652864 -0.002711913032120483
59770.80267322418 4.744 0.019000000000000128 1.0004788398687916 0.009851209944415355 0.9781575467666246 1.0064875091174095 0.9845033527695359 0.01597548709925567
59770.8026891676 4.744 0.019000000000000128 0.9920575791201832 0.009846824894817433 0.9781567545636622 1.0064874616962565 0.9845025090418286 0.007555070078354653
59770.80270511102 4.744 0.019000000000000128 0.9816537282634608 0.009821943102078422 0.9781559634198367 1.0064874142751035 0.9845016663802041 -0.0028479381167433315
59770.80272105444 4.744 0.019000000000000128 0.9747402775333388 0.009757082131748085 0.978155173333206 1.0064873668539505 0.9845008247827081 -0.009760547249369256
59770.80273699785 4.744 0.019000000000000128 0.9997986483769925 0.009823385615370599 0.9781543843022669 1.0064873194328192 0.9844999842478482 0.015298664129144268
59770.80275294128 4.744 0.019000000000000128 0.9730139063602654 0.009773868242874932 0.978153596323994 1.0064872720116447 0.9844991447725162 -0.011485238412250798
59770.80276888469 4.744 0.019000000000000128 0.9840013398830666 0.009811905347908116 0.9781528093979207 1.0064872245905134 0.9844983063563267 -0.0004969664732601409
59770.80278482812 4.744 0.019000000000000128 0.9890150428604603 0.009832980440161766 0.9781520235207389 1.0064871771693389 0.9844974689958653 0.004517573864594948
59770.80280077153 4.744 0.019000000000000128 0.9841084556702279 0.009830586514789474 0.9781512386919666 1.0064871297482074 0.9844966326907312 -0.0003881770205033108
59770.80281671496 4.744 0.019000000000000128 0.9800481908137749 0.009763907801123404 0.9781504549083104 1.0064870823270329 0.9844957974375254 -0.004447606623750433
59770.80283265837 4.744 0.019000000000000128 0.9785368788392523 0.009816427623848685 0.9781496721693178 1.0064870349059016 0.9844949632358764 -0.0059580843966240415
59770.802848601794 4.744 0.019000000000000128 "" "" 0.978148890472004 1.0064869874847486 0.9844941300827167 ""
59770.802864545214 4.744 0.019000000000000128 0.992128486838364 0.00981154222969333 0.978148109814907 1.0064869400635956 0.9844932979765956 0.007635188861768394
59770.802880488634 4.744 0.019000000000000128 0.9836217746884688 0.009819265544882704 0.9781473301961398 1.0064868926424428 0.9844924669156142 -0.0008706922271454198
59770.802896432055 4.744 0.019000000000000128 0.9621893027523929 0.009754663803975336 0.9781465516138209 1.0064868452212898 0.9844916368978781 -0.022302334145485214
59770.80291237547 4.744 0.019000000000000128 0.989742946959403 0.009827295591567274 0.9781457740665017 1.0064867978001586 0.9844908079219508 0.0052521390374522525
59770.802928318895 4.744 0.019000000000000128 0.9770402720353581 0.009814499435096947 0.9781449975512329 1.0064867503789838 0.9844899799847995 -0.007449707949441331
59770.80294426231 4.744 0.019000000000000128 0.987652224170283 0.009798030970854577 0.9781442220675858 1.0064867029578526 0.984489153086078 0.0031630710842049936
59770.802960205736 4.744 0.019000000000000128 0.9869581926206357 0.009818066075689599 0.978143447612333 1.006486655536678 0.9844883272224528 0.0024698653981828356
59770.80297614915 4.744 0.019000000000000128 0.9843640781012022 0.009817966826425398 0.9781426741850301 1.0064866081155468 0.9844875023935613 -0.00012342429235912
59770.80299209258 4.744 0.019000000000000128 1.0049318043484763 0.009841026285001976 0.9781419017824634 1.0064865606943723 0.9844866785960841 0.020445125752392213
59770.80300803599 4.744 0.019000000000000128 1.0058881522694358 0.009860173964282327 0.9781411304042182 1.0064865132732408 0.984485855829688 0.021402296439747892
59770.80302397941 4.744 0.019000000000000128 0.9683395546664569 0.009787852991810845 0.978140360047384 1.006486465852088 0.9844850340913804 -0.016145479424923503
59770.80303992283 4.744 0.019000000000000128 0.9879897977188103 0.00981435996040167 0.9781395907105511 1.006486418430935 0.9844842133797632 0.0035055843390471297
59770.80305586626 4.744 0.019000000000000128 0.9931694085928242 0.009853167231724193 0.978138822391535 1.0064863710097605 0.9844833936926167 0.008686014900207484
59770.80307180967 4.744 0.019000000000000128 0.9818919698003289 0.009783342909512008 0.9781380550895784 1.006486323588629 0.9844825750292416 -0.0025906052289127457
59770.80308775309 4.744 0.019000000000000128 0.9936395965405084 0.00985427538476241 0.9781372888018635 1.0064862761674762 0.9844817573867388 0.009157839153769554
59770.80310369651 4.744 0.019000000000000128 0.9781892516132549 0.009793185663447147 0.978136523526932 1.0064862287463232 0.9844809407636611 -0.006291689150406232
59770.80311963993 4.744 0.019000000000000128 0.9942292184850422 0.009837749833680062 0.978135759262976 1.0064861813251702 0.9844801251581887 0.009749093326853475
59770.80313558335 4.744 0.019000000000000128 0.9825632232537254 0.00982473230661919 0.9781349960082584 1.0064861339040174 0.9844793105685735 -0.0019160873148481583
59770.80315152677 4.744 0.019000000000000128 0.984703008859943 0.00983829320845481 0.9781342337609812 1.0064860864828644 0.9844784969930053 0.00022451186693772662
59770.80316747019 4.744 0.019000000000000128 0.9818014651307997 0.009800434485380538 0.9781334725193512 1.0064860390617114 0.9844776844296792 -0.002676219298879512
59770.803183413605 4.744 0.019000000000000128 0.985819956699209 0.009803839696861636 0.978132712281998 1.0064859916405802 0.9844768728772371 0.0013430838219719021
59770.803199357026 4.744 0.019000000000000128 0.98128261408815 0.009773441200753208 0.9781319530464129 1.0064859442194272 0.9844760623331112 -0.003193448244961261
59770.803215300446 4.744 0.019000000000000128 0.9780752528059852 0.009806069115607184 0.9781311948112356 1.0064858967982742 0.9844752527959538 -0.006399999989968652
59770.803231243866 4.744 0.019000000000000128 0.975015212440065 0.010952002989202271 0.9781304375746928 1.0064858493771214 0.98447444426398 -0.00945923182391506
59770.80324718729 4.744 0.019000000000000128 0.9794382019924304 0.00981763220527609 0.9781296813350161 1.0064858019559684 0.9844736367354094 -0.0050354347429790725
59770.80326313071 4.744 0.019000000000000128 0.9727380777154728 0.009800160425225 0.978128926090508 1.0064857545348154 0.9844728302085336 -0.011734752493060774
59770.80327907413 4.744 0.019000000000000128 0.997795647268478 0.009821328102037343 0.9781281718394098 1.0064857071136626 0.9844720246815825 0.013323622586895567
59770.80329501755 4.744 0.019000000000000128 0.991504725407825 0.00981845406766544 0.9781274185799681 1.0064856596925096 0.9844712201527906 0.0070335052550343224
59770.80331096096 4.744 0.019000000000000128 0.9840091410866912 0.00982974038881221 0.9781266663108468 1.0064856122713783 0.9844704166208348 -0.00046127553414354594
59770.80332690439 4.744 0.019000000000000128 0.9936751205317169 0.009854769488123987 0.9781259150292587 1.0064855648502036 0.9844696140828457 0.009205506448871192
59770.80334284781 4.744 0.019000000000000128 0.9868125218350873 0.009808154201642653 0.978125164734508 1.0064855174290508 0.9844688125381867 0.0023437092969005313
59770.80335879123 4.744 0.019000000000000128 "" "" 0.9781244154245776 1.0064854700078978 0.9844680119848063 ""
59770.80337473464 4.744 0.019000000000000128 0.988110412054534 0.009810478310227442 0.9781236670980623 1.0064854225867665 0.984467212421311 0.0036431996332230154
59770.80339067807 4.744 0.019000000000000128 0.9796864289216398 0.009785344019842735 0.9781229197522638 1.0064853751655918 0.9844664138449213 -0.004779984923281466
59770.80340662148 4.744 0.019000000000000128 0.9624048603061188 0.00977996290061331 0.9781221733868453 1.0064853277444605 0.984465616255383 -0.022060755949264155
59770.80342256491 4.744 0.019000000000000128 0.9853716587998723 0.00983335148395007 0.9781214279987314 1.006485280323286 0.9844648196495159 0.0009068391503563866
59770.80343850832 4.744 0.019000000000000128 0.9707013741599709 0.009790222431909364 0.9781206835875909 1.0064852329021547 0.9844640240270712 -0.013762649867100296
59770.80345445175 4.744 0.019000000000000128 0.9772450814875114 0.009786946139272789 0.9781199401504045 1.0064851854809802 0.9844632293849251 -0.007218147897413707
