eureka_custom_plots/data/stage5_lcfit_results/S5_wasp39b_ap4_bg8_Table_Save_ch37.txt
# %ECSV 1.0
# ---
# datatype:
# - {name: time, datatype: float64}
# - {name: wavelength, datatype: float64}
# - {name: bin_width, datatype: float64}
# - {name: lcdata, datatype: float64}
# - {name: lcerr, datatype: float64}
# - {name: transit, datatype: float64}
# - {name: polynom, datatype: float64}
# - {name: model, datatype: float64}
# - {name: residuals, datatype: float64}
# schema: astropy-2.0
time wavelength bin_width lcdata lcerr transit polynom model residuals
[from data line 11280]
59770.823862028876 4.4375 0.01949999999999985 0.9974560298771821 0.008137459031791324 0.9767376026445932 1.0066713717498121 0.9832537822938555 0.014202247583326555
59770.8238779723 4.4375 0.01949999999999985 0.9899136730903497 0.008095332782190766 0.9767374527647698 1.0066713175546305 0.9832535784796644 0.006660094610685285
59770.82389391572 4.4375 0.01949999999999985 0.9951765175989907 0.008139552297250555 0.9767373031320246 1.0066712633594737 0.9832533749142404 0.011923142684750365
59770.823909859144 4.4375 0.01949999999999985 0.9824706052469183 0.008116246242160383 0.9767371537460809 1.0066712091643168 0.9832531715972805 -0.0007825663503622238
59770.82392580256 4.4375 0.01949999999999985 0.9747988596461417 0.008083966379069349 0.9767370046067967 1.0066711549691847 0.9832529685286658 -0.00845410888252418
59770.823941745984 4.4375 0.01949999999999985 0.9752407129312975 0.008073071174918013 0.976736855713754 1.006671100774003 0.9832527657079033 -0.008012052776605771
59770.8239576894 4.4375 0.01949999999999985 0.9797573396728633 0.008076569579707154 0.9767367070670183 1.006671046578871 0.9832525631351555 -0.0034952234622922518
59770.823973632825 4.4375 0.01949999999999985 0.9833736349544373 0.008091996101746969 0.9767365586661045 1.0066709923836894 0.9832523608098371 0.00012127414460016972
59770.82398957624 4.4375 0.01949999999999985 0.994720423214075 0.008127373375845641 0.9767364105110773 1.0066709381885572 0.9832521587321099 0.01146826448196503
59770.82400551966 4.4375 0.01949999999999985 0.9905018467136865 0.008131492365192377 0.9767362626015217 1.0066708839934004 0.9832519569014839 0.007249889812202537
59770.82402146308 4.4375 0.01949999999999985 0.9862280081312264 0.008128663556360778 0.9767361149373015 1.0066708297982436 0.9832517553178459 0.002976252813380431
59770.82403740649 4.4375 0.01949999999999985 1.0040684446544692 0.008155064762498249 0.9767359675182636 1.0066707756031115 0.9832515539810659 0.02081689067340331
59770.82405334992 4.4375 0.01949999999999985 0.9796533778126816 0.00935412893514422 0.9767358203440123 1.00667072140793 0.9832513528906732 -0.003597975077991644
59770.82406929333 4.4375 0.01949999999999985 0.9761129295860904 0.008095118701950543 0.9767356734145995 1.0066706672127979 0.9832511520468163 -0.007138222460725929
59770.82408523676 4.4375 0.01949999999999985 0.981474677282204 0.008103186603264569 0.97673552672955 1.0066706130176162 0.9832509514489203 -0.0017762741667162185
59770.82410118017 4.4375 0.01949999999999985 0.9819961647839773 0.008111354586342906 0.9767353802889279 1.006670558822484 0.9832507510971465 -0.0012545863131692148
59770.8241171236 4.4375 0.01949999999999985 0.9680535717115502 0.008063604996133117 0.9767352340922557 1.0066705046273026 0.9832505509909175 -0.015196979279367362
59770.82413306701 4.4375 0.01949999999999985 0.9846019352052499 0.008095666743336343 0.9767350881395976 1.0066704504321704 0.9832503511303944 0.001351584074855472
59770.824149010434 4.4375 0.01949999999999985 0.9788123457408906 0.0080734554763442 0.9767349424305448 1.0066703962370136 0.9832501515150932 -0.004437805774202608
59770.824164953854 4.4375 0.01949999999999985 0.9813745185339438 0.008104186701640599 0.976734796964959 1.0066703420418568 0.9832499521448989 -0.0018754336109551017
59770.824180897274 4.4375 0.01949999999999985 0.9787835904270423 0.008098874758773963 0.9767346517426395 1.0066702878467 0.9832497530196092 -0.004466162592566825
59770.824196840695 4.4375 0.01949999999999985 0.9659835002408489 0.008062880058545885 0.9767345067633727 1.006670233651543 0.9832495541390089 -0.01726605389816005
59770.82421278411 4.4375 0.01949999999999985 0.9700187216195344 0.008057662541376472 0.9767343620270251 1.006670179456411 0.9832493555029885 -0.013230633883454135
59770.824228727535 4.4375 0.01949999999999985 0.9876616561833581 0.008134145751845859 0.976734217533192 1.0066701252612293 0.9832491571110672 0.00441249907229091
59770.82424467095 4.4375 0.01949999999999985 0.9821305917560585 0.008099109292362306 0.9767340732819367 1.0066700710660972 0.9832489589634058 -0.0011183672073472595
59770.824260614376 4.4375 0.01949999999999985 0.9793064873101743 0.00807658647315375 0.9767339292727891 1.0066700168709157 0.9832487610594345 -0.00394227374926015
59770.82427655779 4.4375 0.01949999999999985 0.9796175699297911 0.008106480700231527 0.9767337855058122 1.0066699626757836 0.9832485633993128 -0.0036309934695216706
59770.82429250122 4.4375 0.01949999999999985 0.9871964609232784 0.008129712268495083 0.9767336419805418 1.006669908480602 0.983248365982477 0.003948094940801394
59770.82430844463 4.4375 0.01949999999999985 0.9898057541696907 0.00813276081836889 0.9767334986970283 1.0066698542854697 0.9832481688090745 0.006557585360616236
59770.82432438804 4.4375 0.01949999999999985 1.004108154751754 0.008133461311466738 0.9767333556549493 1.0066698000903378 0.9832479718787327 0.020860182873021382
59770.82434033147 4.4375 0.01949999999999985 0.9946200339850475 0.008145338553278541 0.9767332128539711 1.0066697458951561 0.9832477751910665 0.01137225879398096
59770.82435627489 4.4375 0.01949999999999985 0.9842374657686146 0.008105162621387678 0.9767330702940825 1.0066696916999993 0.9832475787461378 0.0009898870224768208
59770.82437221831 4.4375 0.01949999999999985 0.9856035606235749 0.008100978843364116 0.9767329279750205 1.0066696375048425 0.9832473825436574 0.0023561780799175036
59770.82438816172 4.4375 0.01949999999999985 0.9958302505632025 0.008143125534218252 0.9767327858966504 1.0066695833097103 0.9832471865835135 0.012583063979689002
59770.82440410515 4.4375 0.01949999999999985 0.9833919007046117 0.00810584839474687 0.9767326440585747 1.0066695291145287 0.9832469908652339 0.00014490983937776036
59770.824420048564 4.4375 0.01949999999999985 0.9784040755122299 0.00808207760833888 0.976732502460856 1.0066694749193967 0.9832467953889783 -0.004842719876748447
59770.82443599199 4.4375 0.01949999999999985 0.990325922419863 0.008103972212688458 0.9767323611030329 1.006669420724215 0.983246600154185 0.007079322265677979
59770.824451935405 4.4375 0.01949999999999985 0.9785347319809112 0.008080318222262378 0.9767322199851676 1.006669366529083 0.9832464051610135 -0.004711673180102238
59770.824467878825 4.4375 0.01949999999999985 0.9863101814937021 0.008114424679933204 0.9767320791068695 1.006669312333926 0.9832462104089983 0.003063971084703798
59770.824483822245 4.4375 0.01949999999999985 0.978389135434999 0.00809195705711734 0.9767319384679974 1.0066692581387693 0.9832460158980211 -0.0048568804630221285
59770.82449976566 4.4375 0.01949999999999985 0.9685671847088053 0.00806337936387867 0.976731798068422 1.0066692039436371 0.9832458216279757 -0.014678636919170374
59770.824515709086 4.4375 0.01949999999999985 0.9821083451244964 0.008113332511395222 0.976731657907751 1.0066691497484554 0.983245627598395 -0.0011372824738985488
59770.8245316525 4.4375 0.01949999999999985 0.9689273091940231 0.008070919573339917 0.9767315179860463 1.0066690955533235 0.983245433809438 -0.014318124615414818
59770.82454759593 4.4375 0.01949999999999985 0.9765470871440066 0.008103848191122547 0.9767313783028521 1.0066690413581418 0.9832452402605487 -0.006698153116542094
59770.82456353934 4.4375 0.01949999999999985 0.9876886198875521 0.008089058054785483 0.97673123885823 1.0066689871630097 0.9832450469518861 0.004443572935665996
59770.82457948277 4.4375 0.01949999999999985 0.980141363628615 0.008088021236380447 0.9767310996517258 1.0066689329678282 0.9832448538828963 -0.0031034902542812492
59770.82459542618 4.4375 0.01949999999999985 0.9882072038663386 0.008127854818451555 0.976730960683401 1.006668878772696 0.9832446610537376 0.004962542812601001
59770.82461136961 4.4375 0.01949999999999985 0.9709822856325113 0.008070873673429183 0.976730821952807 1.0066688245775144 0.9832444684638617 -0.012262182831350388
59770.82462731302 4.4375 0.01949999999999985 0.9755055537814051 0.008098396816502318 0.976730683459997 1.0066687703823824 0.9832442761134192 -0.007738722332014114
59770.82464325644 4.4375 0.01949999999999985 0.975567939017273 0.008090351218544541 0.976730545204588 1.0066687161872254 0.9832440840019514 -0.00767614498467839
59770.82465919986 4.4375 0.01949999999999985 0.974379815347607 0.008073814549944155 0.9767304071864493 1.0066686619920686 0.9832438921293513 -0.008864076781744279
59770.824675143274 4.4375 0.01949999999999985 0.9832899667101653 0.008116983992181484 0.9767302694054506 1.0066686077969365 0.9832437004955117 4.626621465364522e-05
59770.8246910867 4.4375 0.01949999999999985 0.9742863008043654 0.008081390750535237 0.9767301318612068 1.006668553601755 0.9832435090999725 -0.008957208295607089
59770.824707030115 4.4375 0.01949999999999985 0.9890486805507527 0.008118619462026707 0.9767299945537792 1.0066684994066228 0.9832433179428918 0.005805362607860909
59770.82472297354 4.4375 0.01949999999999985 0.982583212949244 0.008111044839048327 0.9767298574827202 1.0066684452114414 0.9832431270237227 -0.0006599140744787402
59770.824738916956 4.4375 0.01949999999999985 0.9951105776297628 0.008144380793958414 0.9767297206480908 1.0066683910163092 0.9832429363426228 0.011867641287140018
59770.82475486038 4.4375 0.01949999999999985 0.997336967558215 0.00814464815399913 0.9767295840494494 1.0066683368211276 0.9832427458990509 0.014094221659164075
59770.824770803796 4.4375 0.01949999999999985 0.998951049895299 0.008156696373334393 0.9767294476868488 1.0066682826259954 0.9832425556931571 0.01570849420214193
59770.82478674721 4.4375 0.01949999999999985 0.9787286408222398 0.00809100073014971 0.9767293115599704 1.0066682284308635 0.9832423657245724 -0.004513724902332594
59770.82480269064 4.4375 0.01949999999999985 0.9858675315723401 0.008107467847879914 0.9767291756685094 1.0066681742356818 0.9832421759929408 0.0026253555793992467
59770.82481863406 4.4375 0.01949999999999985 0.9840113069093545 0.008110881500258757 0.9767290400124514 1.006668120040525 0.9832419864983212 0.0007693204110332807
59770.82483457748 4.4375 0.01949999999999985 0.9769711466964461 0.008092679893368121 0.976728904591547 1.0066680658453682 0.9832417972404378 -0.006270650543991674
59770.82485052089 4.4375 0.01949999999999985 0.987503620948448 0.008108688506823298 0.976728769405668 1.006668011650236 0.9832416082191857 0.004262012729262299
59770.82486646432 4.4375 0.01949999999999985 0.9732022903244139 0.008076791589205583 0.9767286344544371 1.0066679574550543 0.9832414194341126 -0.01003912910969873
59770.82488240773 4.4375 0.01949999999999985 0.9923747716377517 0.008111702453938387 0.9767284997379143 1.0066679032599222 0.9832412308853756 0.009133540752376046
59770.82489835116 4.4375 0.01949999999999985 0.9854494154056689 0.008107050646399966 0.976728365255665 1.0066678490647407 0.9832410425724407 0.002208372833228167
59770.82491429457 4.4375 0.01949999999999985 0.9900121814814187 0.008132204586886089 0.9767282310077412 1.0066677948696086 0.9832408544954565 0.006771326985962167
59770.824930238 4.4375 0.01949999999999985 0.9903560240815641 0.008138823854600147 0.9767280969937098 1.006667740674427 0.9832406666538905 0.007115357427673552
59770.82494618141 4.4375 0.01949999999999985 0.9780656505111992 0.008081890551966252 0.9767279632136303 1.006667686479295 0.9832404790478991 -0.005174828536699927
59770.824962124825 4.4375 0.01949999999999985 0.9685072071249331 0.008041390542180692 0.976727829667191 1.0066676322841628 0.9832402916771201 -0.014733084552187026
59770.82497806825 4.4375 0.01949999999999985 0.9766267117660447 0.008100944761621027 0.9767276963540806 1.006667578088981 0.983240104541192 -0.0066133927751473864
59770.824994011666 4.4375 0.01949999999999985 0.9858242778680721 0.00810684748974194 0.9767275632743591 1.0066675238938492 0.983239917640272 0.0025843602278001754
59770.82500995509 4.4375 0.01949999999999985 0.9738597657235039 0.008075077427707182 0.9767274304275929 1.0066674696986675 0.9832397309738262 -0.009379965250322364
59770.825025898506 4.4375 0.01949999999999985 0.9722588669427479 0.0080903274379208 0.9767272978138415 1.0066674155035353 0.9832395445420117 -0.0109806775992638
59770.825041841934 4.4375 0.01949999999999985 0.9801417450845128 0.008096650784075248 0.976727165432677 1.0066673613083539 0.983239358344301 -0.00309761325978819
59770.82505778535 4.4375 0.01949999999999985 0.9901485251385178 0.00810690271716798 0.976727033284151 1.0066673071132217 0.9832391723808424 0.006909352757675458
59770.82507372877 4.4375 0.01949999999999985 0.9835003870067714 0.008079803040292625 0.976726901367898 1.006667252918065 0.9832389866511956 0.00026140035557586927
59770.82508967219 4.4375 0.01949999999999985 0.9810106506478393 0.008084373485584401 0.976726769683794 1.0066671987229079 0.9832388011552597 -0.0022281505074204233
59770.82510561561 4.4375 0.01949999999999985 0.9704867551960528 0.00808297585823927 0.9767266382316544 1.006667144527751 0.9832386158928493 -0.012751860696796569
59770.82512155903 4.4375 0.01949999999999985 0.9907177794751256 0.008121807881128944 0.9767265070112944 1.0066670903325943 0.9832384308637779 0.0074793486113476915
59770.82513750244 4.4375 0.01949999999999985 0.9873789546193101 0.008101459066306441 0.9767263760225905 1.0066670361374621 0.9832382460679455 0.004140708551364614
59770.82515344587 4.4375 0.01949999999999985 0.9781464820943656 0.00809309404497856 0.9767262452651774 1.0066669819422807 0.9832380615049119 -0.005091579410546276
59770.82516938928 4.4375 0.01949999999999985 0.9804267331754495 0.008088387650373475 0.9767261147391132 1.0066669277471485 0.9832378771748319 -0.002811143999382426
59770.82518533271 4.4375 0.01949999999999985 0.9759888600850638 0.00809376970673125 0.9767259844439774 1.0066668735519668 0.9832376930771857 -0.0072488329921218675
59770.82520127612 4.4375 0.01949999999999985 0.9857931725336472 0.008107738540631206 0.9767258543798168 1.0066668193568349 0.9832375092121173 0.0025556633215298996
59770.82521721955 4.4375 0.01949999999999985 0.9868598353595045 0.008107561277592979 0.9767257245462233 1.0066667651616532 0.9832373255791186 0.0036225097803859185
59770.82523316296 4.4375 0.01949999999999985 0.9958437872991218 0.008139022286093768 0.9767255949432437 1.006666710966521 0.9832371421783337 0.01260664512078813
59770.82524910638 4.4375 0.01949999999999985 0.984941226338962 0.008106732713771828 0.9767254655705201 1.0066666567713642 0.9832369590093297 0.0017042673296322475
59770.8252650498 4.4375 0.01949999999999985 0.9936859851965005 0.00812817195702371 0.9767253364279309 1.0066666025762074 0.9832367760720084 0.010449209124492098
59770.825280993224 4.4375 0.01949999999999985 0.9837714839945554 0.00810750468626893 0.976725207515295 1.0066665483810506 0.9832365933661874 0.0005348906283679788
59770.825296936644 4.4375 0.01949999999999985 0.9902971915423665 0.008142591217744551 0.9767250788324318 1.0066664941858938 0.9832364108916849 0.007060780650681608
59770.82531288006 4.4375 0.01949999999999985 0.9914218348963533 0.008116917913808535 0.9767249503792199 1.0066664399907617 0.9832362286484027 0.008185606247950616
59770.825328823485 4.4375 0.01949999999999985 0.9812261702601182 0.008088974718183735 0.9767248221553051 1.00666638579558 0.9832360466359116 -0.002009876375793418
59770.8253447669 4.4375 0.01949999999999985 0.9876634925905895 0.008132489423245903 0.9767246941607337 1.0066663316004478 0.9832358648543551 0.004427627736234396
59770.825360710325 4.4375 0.01949999999999985 0.9813560238092472 0.008106790074815904 0.9767245663951041 1.0066662774052664 0.9832356833032324 -0.001879659493985164
59770.82537665374 4.4375 0.01949999999999985 0.9859747237632764 0.008102980524492662 0.9767244388584627 1.0066662232101342 0.9832355019826863 0.002739221780590162
59770.825392597166 4.4375 0.01949999999999985 0.9869400039184508 0.008107074729552318 0.9767243115503983 1.0066661690149525 0.9832353208922064 0.003704683026244382
