eureka_custom_plots/data/stage5_lcfit_results/S5_wasp39b_ap4_bg8_Table_Save_ch48.txt
# %ECSV 1.0
# ---
# datatype:
# - {name: time, datatype: float64}
# - {name: wavelength, datatype: float64}
# - {name: bin_width, datatype: float64}
# - {name: lcdata, datatype: float64}
# - {name: lcerr, datatype: float64}
# - {name: transit, datatype: float64}
# - {name: polynom, datatype: float64}
# - {name: model, datatype: float64}
# - {name: residuals, datatype: float64}
# schema: astropy-2.0
time wavelength bin_width lcdata lcerr transit polynom model residuals
[from data line 18413]
59770.937586437365 4.859 0.019000000000000128 1.0188047258614836 0.010836651669274161 1.0 1.0059383249876725 1.0059383249876725 0.012866400873811079
59770.937602380785 4.859 0.019000000000000128 0.9908349688345026 0.01079964724487986 1.0 1.005938264593713 1.005938264593713 -0.015103295759210322
59770.9376183242 4.859 0.019000000000000128 0.9965432132402106 0.010743351417759507 1.0 1.0059382041997809 1.0059382041997809 -0.009394990959570304
59770.937634267626 4.859 0.019000000000000128 1.0049001792944579 0.010797529254433298 1.0 1.0059381438057937 1.0059381438057937 -0.0010379645113358649
59770.93765021104 4.859 0.019000000000000128 0.9921925353356854 0.010814124787543527 1.0 1.0059380834118616 1.0059380834118616 -0.013745548076176228
59770.93766615446 4.859 0.019000000000000128 1.0146423159495324 0.010837024141739976 1.0 1.005938023017902 1.005938023017902 0.00870429293163033
59770.93768209788 4.859 0.019000000000000128 0.9870293640027218 0.0108220692248392 1.0 1.0059379626239424 1.0059379626239424 -0.01890859862122063
59770.9376980413 4.859 0.019000000000000128 1.0156614698555801 0.010830720554195232 1.0 1.0059379022299826 1.0059379022299826 0.009723567625597562
59770.93771398471 4.859 0.019000000000000128 1.018589955273141 0.010832357934045753 1.0 1.0059378418360507 1.0059378418360507 0.012652113437090273
59770.93772992814 4.859 0.019000000000000128 1.0002333306163413 0.010776655795039834 1.0 1.0059377814420634 1.0059377814420634 -0.005704450825722018
59770.93774587155 4.859 0.019000000000000128 0.995658484810801 0.010759461349239122 1.0 1.0059377210481313 1.0059377210481313 -0.010279236237330291
59770.93776181497 4.859 0.019000000000000128 1.0117783321381923 0.010836766504900164 1.0 1.0059376606541992 1.0059376606541992 0.005840671483993143
59770.937777758394 4.859 0.019000000000000128 1.003093789392199 0.010843194350323507 1.0 1.005937600260212 1.005937600260212 -0.002843810868013108
59770.93779370181 4.859 0.019000000000000128 1.0045256852271174 0.01191715731677775 1.0 1.00593753986628 1.00593753986628 -0.001411854639162602
59770.93780964523 4.859 0.019000000000000128 1.0119772708968748 0.010815075887810532 1.0 1.0059374794723204 1.0059374794723204 0.006039791424554464
59770.93782558865 4.859 0.019000000000000128 1.0192277720666978 0.010832236312584875 1.0 1.0059374190783608 1.0059374190783608 0.013290352988337029
59770.93784153207 4.859 0.019000000000000128 1.003770266197504 0.01081711721569979 1.0 1.0059373586844012 1.0059373586844012 -0.00216709248689706
59770.93785747548 4.859 0.019000000000000128 0.9970570173036716 0.010759897474961819 1.0 1.005937298290469 1.005937298290469 -0.008880280986797495
59770.9378734189 4.859 0.019000000000000128 0.9857465832609484 0.010751659816937218 1.0 1.0059372378965095 1.0059372378965095 -0.020190654635561023
59770.93788936232 4.859 0.019000000000000128 0.998566931134719 0.01076752060799215 1.0 1.0059371775025499 1.0059371775025499 -0.007370246367830902
59770.93790530574 4.859 0.019000000000000128 1.0122045018185217 0.010790452104800556 1.0 1.0059371171085902 1.0059371171085902 0.0062673847099314894
59770.93792124916 4.859 0.019000000000000128 1.0171553065845473 0.01083735771675096 1.0 1.0059370567146306 1.0059370567146306 0.011218249869916708
59770.937937192575 4.859 0.019000000000000128 1.0052836303256887 0.01077198256640219 1.0 1.0059369963206986 1.0059369963206986 -0.0006533659950098691
59770.937953135995 4.859 0.019000000000000128 0.9991905286526404 0.010789177570795146 1.0 1.005936935926739 1.005936935926739 -0.006746407274098587
59770.937969079416 4.859 0.019000000000000128 0.9869075289696211 0.010754620360774526 1.0 1.0059368755327793 1.0059368755327793 -0.019029346563158245
59770.937985022836 4.859 0.019000000000000128 1.004738808650714 0.010824340305721212 1.0 1.0059368151388197 1.0059368151388197 -0.0011980064881056407
59770.93800096625 4.859 0.019000000000000128 1.0270125912057613 0.010876215167184662 1.0 1.0059367547448876 1.0059367547448876 0.02107583646087363
59770.93801690968 4.859 0.019000000000000128 0.995953102266771 0.01074530602221065 1.0 1.0059366943509005 1.0059366943509005 -0.009983592084129467
59770.93803285309 4.859 0.019000000000000128 1.026354097160868 0.010839430363808081 1.0 1.0059366339569684 1.0059366339569684 0.02041746320389959
59770.9380487965 4.859 0.019000000000000128 1.021684578333278 0.010881023726097727 1.0 1.0059365735630363 1.0059365735630363 0.01574800477024163
59770.93806473992 4.859 0.019000000000000128 1.005570030996786 0.010822374377264944 1.0 1.0059365131690767 1.0059365131690767 -0.0003664821722906275
59770.93808068334 4.859 0.019000000000000128 1.0161322344515606 0.010855596988001252 1.0 1.0059364527751171 1.0059364527751171 0.010195781676443527
59770.93809662676 4.859 0.019000000000000128 0.9982023013144453 0.010788541535975523 1.0 1.0059363923811575 1.0059363923811575 -0.00773409106671219
59770.93811257018 4.859 0.019000000000000128 1.0215831689904424 0.010801472384564244 1.0 1.0059363319872254 1.0059363319872254 0.015646837003217007
59770.938128513604 4.859 0.019000000000000128 0.9941241404290462 0.010794241957237381 1.0 1.005936271593238 1.005936271593238 -0.011812131164191886
59770.93814445702 4.859 0.019000000000000128 1.0084611657801257 0.010812864657669325 1.0 1.005936211199306 1.005936211199306 0.002524954580819694
59770.93816040044 4.859 0.019000000000000128 0.9966592685885676 0.010817222092552845 1.0 1.0059361508053464 1.0059361508053464 -0.009276882216778803
59770.93817634386 4.859 0.019000000000000128 0.9861654692648248 0.010776923263436832 1.0 1.0059360904113868 1.0059360904113868 -0.019770621146561917
59770.93819228728 4.859 0.019000000000000128 1.0127737520128295 0.01084303509022869 1.0 1.0059360300174272 1.0059360300174272 0.006837721995402335
59770.93820823069 4.859 0.019000000000000128 1.0006738318149944 0.010785869899465322 1.0 1.005935969623495 1.005935969623495 -0.005262137808500711
59770.93822417411 4.859 0.019000000000000128 0.9955560715701328 0.010810107858696726 1.0 1.0059359092295355 1.0059359092295355 -0.010379837659402646
59770.93824011753 4.859 0.019000000000000128 1.0145488201713098 0.010844667231865291 1.0 1.0059358488355759 1.0059358488355759 0.00861297133573391
59770.938256060945 4.859 0.019000000000000128 1.0016408289557948 0.010804479377278018 1.0 1.0059357884416438 1.0059357884416438 -0.004294959485849015
59770.93827200437 4.859 0.019000000000000128 1.010317911749355 0.010829195096175784 1.0 1.0059357280476566 1.0059357280476566 0.0043821837016984055
59770.938287947785 4.859 0.019000000000000128 1.0086890851619978 0.0108300550819768 1.0 1.0059356676537246 1.0059356676537246 0.0027534175082732926
59770.938303891206 4.859 0.019000000000000128 0.9921126825476252 0.010759567941214963 1.0 1.005935607259765 1.005935607259765 -0.01382292471213975
59770.938319834626 4.859 0.019000000000000128 0.9992372141557392 0.010768133179952824 1.0 1.0059355468658053 1.0059355468658053 -0.006698332710066146
59770.93833577804 4.859 0.019000000000000128 1.0004643105310949 0.010811202227560669 1.0 1.0059354864718733 1.0059354864718733 -0.005471175940778394
59770.93835172146 4.859 0.019000000000000128 1.011803210793429 0.010859516166674115 1.0 1.0059354260779136 1.0059354260779136 0.005867784715515301
59770.93836766489 4.859 0.019000000000000128 1.00718620172032 0.010809638139024703 1.0 1.0059353656839265 1.0059353656839265 0.0012508360363934212
59770.9383836083 4.859 0.019000000000000128 1.0115750725490091 0.010798610662588679 1.0 1.0059353052899944 1.0059353052899944 0.005639767259014716
59770.93839955171 4.859 0.019000000000000128 0.9940615878388394 0.010780071774787667 1.0 1.0059352448960623 1.0059352448960623 -0.011873657057222986
59770.93841549514 4.859 0.019000000000000128 1.011622017583083 0.010812270569258908 1.0 1.0059351845020752 1.0059351845020752 0.005686833081007814
59770.93843143855 4.859 0.019000000000000128 1.012396180164506 0.010790918760363387 1.0 1.0059351241081431 1.0059351241081431 0.006461056056362935
59770.938447381974 4.859 0.019000000000000128 1.0064037107913009 0.012168848805122782 1.0 1.0059350637141835 1.0059350637141835 0.00046864707711735676
59770.938463325394 4.859 0.019000000000000128 0.9965049964000625 0.010785581132175438 1.0 1.005935003320224 1.005935003320224 -0.009430006920161382
59770.938479268814 4.859 0.019000000000000128 1.024248607497048 0.01085168624890726 1.0 1.005934942926264 1.005934942926264 0.018313664570783983
59770.93849521223 4.859 0.019000000000000128 0.9930803548330606 0.010775814419688725 1.0 1.0059348825323322 1.0059348825323322 -0.012854527699271645
59770.93851115565 4.859 0.019000000000000128 1.0290489413232464 0.010918784823074032 1.0 1.0059348221383724 1.0059348221383724 0.02311411918487405
59770.93852709907 4.859 0.019000000000000128 1.006523322818593 0.010823376104088294 1.0 1.0059347617444128 1.0059347617444128 0.0005885610741802605
59770.93854304248 4.859 0.019000000000000128 1.0015686062176372 0.012113129343365113 1.0 1.0059347013504807 1.0059347013504807 -0.004366095132843473
59770.93855898591 4.859 0.019000000000000128 1.021784412662483 0.010883221955264167 1.0 1.0059346409564935 1.0059346409564935 0.015849771705989557
59770.93857492932 4.859 0.019000000000000128 1.0051981401903913 0.010785515712016157 1.0 1.0059345805625615 1.0059345805625615 -0.0007364403721701329
59770.93859087274 4.859 0.019000000000000128 1.0243695969540905 0.01085689988023043 1.0 1.0059345201686019 1.0059345201686019 0.018435076785488613
59770.93860681616 4.859 0.019000000000000128 0.9903223415085853 0.010759467140482017 1.0 1.0059344597746422 1.0059344597746422 -0.015612118266056907
59770.938622759575 4.859 0.019000000000000128 1.0115605252933724 0.010825665136537278 1.0 1.0059343993807102 1.0059343993807102 0.005626125912662205
59770.938638702995 4.859 0.019000000000000128 0.9990453639789352 0.01081721463838045 1.0 1.0059343389867506 1.0059343389867506 -0.006888975007815379
59770.93865464642 4.859 0.019000000000000128 0.979634744749234 0.01075782287052781 1.0 1.0059342785927634 1.0059342785927634 -0.026299533843529455
59770.938670589836 4.859 0.019000000000000128 1.0025652906112439 0.010778513658170525 1.0 1.0059342181988313 1.0059342181988313 -0.0033689275875874447
59770.93868653325 4.859 0.019000000000000128 1.0029641874979023 0.010866508501382094 1.0 1.0059341578048993 1.0059341578048993 -0.002969970306996972
59770.93870247668 4.859 0.019000000000000128 0.997695177431862 0.010780151435222783 1.0 1.005934097410912 1.005934097410912 -0.00823891997905013
59770.93871842009 4.859 0.019000000000000128 1.0032200450059792 0.012111975183907098 1.0 1.00593403701698 1.00593403701698 -0.0027139920110008653
59770.93873436351 4.859 0.019000000000000128 1.01192796693446 0.010851569372767182 1.0 1.0059339766230204 1.0059339766230204 0.0059939903114396564
59770.93875030693 4.859 0.019000000000000128 1.0137247075235307 0.010869236294545951 1.0 1.0059339162290608 1.0059339162290608 0.007790791294469912
59770.93876625035 4.859 0.019000000000000128 1.01076785474333 0.010802546725013606 1.0 1.0059338558351012 1.0059338558351012 0.004833998908228887
59770.93878219376 4.859 0.019000000000000128 0.9988952479270761 0.0108049305874752 1.0 1.0059337954411691 1.0059337954411691 -0.007038547514093052
59770.93879813718 4.859 0.019000000000000128 1.0110533085006772 0.010786568873211362 1.0 1.005933735047237 1.005933735047237 0.005119573453440163
59770.938814080604 4.859 0.019000000000000128 1.0005710658709306 0.010806732712641428 1.0 1.00593367465325 1.00593367465325 -0.005362608782319311
59770.938830024024 4.859 0.019000000000000128 1.0162116819223108 0.010813249388625261 1.0 1.0059336142592903 1.0059336142592903 0.01027806766302053
59770.93884596744 4.859 0.019000000000000128 1.0037999688059958 0.010826984081655305 1.0 1.0059335538653582 1.0059335538653582 -0.002133585059362453
59770.93886191086 4.859 0.019000000000000128 0.9999608876581246 0.010794042457105338 1.0 1.0059334934713986 1.0059334934713986 -0.005972605813273968
59770.93887785428 4.859 0.019000000000000128 1.0158937271693722 0.010803749091982435 1.0 1.0059334330774388 1.0059334330774388 0.009960294091933442
59770.93889379769 4.859 0.019000000000000128 0.9952550984535996 0.010767793740392783 1.0 1.005933372683507 1.005933372683507 -0.010678274229907303
59770.93890974112 4.859 0.019000000000000128 1.0213595742547101 0.01087172961768764 1.0 1.0059333122895195 1.0059333122895195 0.01542626196519059
59770.93892568453 4.859 0.019000000000000128 1.0123010756972655 0.010821154555029123 1.0 1.0059332518955875 1.0059332518955875 0.0063678238016779964
59770.93894162795 4.859 0.019000000000000128 1.0147778561357987 0.010821111911114598 1.0 1.0059331915016279 1.0059331915016279 0.008844664634170885
59770.93895757137 4.859 0.019000000000000128 1.0020642751825795 0.010804877205411026 1.0 1.0059331311076682 1.0059331311076682 -0.0038688559250887877
59770.938973514785 4.859 0.019000000000000128 1.0117845836595205 0.01083234572695667 1.0 1.0059330707137362 1.0059330707137362 0.005851512945784343
59770.938989458205 4.859 0.019000000000000128 1.0153744531617797 0.010879635975330077 1.0 1.0059330103197766 1.0059330103197766 0.0094414428420031
59770.939005401626 4.859 0.019000000000000128 1.000016873566131 0.010818415890760671 1.0 1.005932949925817 1.005932949925817 -0.00591607635968594
59770.939021345046 4.859 0.019000000000000128 0.997718433007411 0.01076608015595642 1.0 1.0059328895318573 1.0059328895318573 -0.0082144565244463
59770.93903728846 4.859 0.019000000000000128 1.0078999502186372 0.010831801874336213 1.0 1.0059328291379253 1.0059328291379253 0.0019671210807119532
59770.93905323189 4.859 0.019000000000000128 1.0035423350141208 0.010842609180787848 1.0 1.005932768743938 1.005932768743938 -0.0023904337298172873
59770.9390691753 4.859 0.019000000000000128 1.0024356361758266 0.01079765989734943 1.0 1.005932708350006 1.005932708350006 -0.003497072174179383
59770.93908511871 4.859 0.019000000000000128 1.0019100325896366 0.010825032388200748 1.0 1.005932647956074 1.005932647956074 -0.004022615366437332
59770.93910106214 4.859 0.019000000000000128 1.0170861669034896 0.010855442380999244 1.0 1.0059325875620868 1.0059325875620868 0.01115357934140282
59770.93911700556 4.859 0.019000000000000128 0.9985720655979939 0.010791651367914767 1.0 1.0059325271681272 1.0059325271681272 -0.007360461570133259
59770.93913294897 4.859 0.019000000000000128 1.0096440567645213 0.010850908555840165 1.0 1.0059324667741951 1.0059324667741951 0.0037115899903261695
59770.939148892394 4.859 0.019000000000000128 0.9881081287710805 0.010762871358796907 1.0 1.0059324063802355 1.0059324063802355 -0.01782427760915506
59770.939164835814 4.859 0.019000000000000128 0.994493836198877 0.010791865762206053 1.0 1.005932345986276 1.005932345986276 -0.01143850978739891
59770.93918077923 4.859 0.019000000000000128 1.010737711735353 0.01083905268235082 1.0 1.0059322855923438 1.0059322855923438 0.004805426143009273
59770.939196722655 4.859 0.019000000000000128 0.9951403739669316 0.010777663654583165 1.0 1.0059322251983567 1.0059322251983567 -0.01079185123142512
59770.93921266607 4.859 0.019000000000000128 1.0032670365760894 0.010809258261492559 1.0 1.0059321648044246 1.0059321648044246 -0.0026651282283352007
59770.93922860949 4.859 0.019000000000000128 1.0209520291756846 0.010866107455830585 1.0 1.005932104410465 1.005932104410465 0.015019924765219628
59770.93924455291 4.859 0.019000000000000128 1.0041905268989963 0.010835502466144259 1.0 1.0059320440165052 1.0059320440165052 -0.0017415171175088062
59770.93926049632 4.859 0.019000000000000128 0.988108257359676 0.010778252421739132 1.0 1.0059319836225733 1.0059319836225733 -0.0178237262628973
59770.93927643974 4.859 0.019000000000000128 1.0040876694020207 0.010815524572254341 1.0 1.0059319232286135 1.0059319232286135 -0.0018442538265928121
59770.93929238316 4.859 0.019000000000000128 1.0038942170441034 0.010776229975261222 1.0 1.0059318628346539 1.0059318628346539 -0.0020376457905504353
