eureka_custom_plots/data/stage5_lcfit_results/S5_wasp39b_ap4_bg8_Table_Save_ch18.txt
# %ECSV 1.0
# ---
# datatype:
# - {name: time, datatype: float64}
# - {name: wavelength, datatype: float64}
# - {name: bin_width, datatype: float64}
# - {name: lcdata, datatype: float64}
# - {name: lcerr, datatype: float64}
# - {name: transit, datatype: float64}
# - {name: polynom, datatype: float64}
# - {name: model, datatype: float64}
# - {name: residuals, datatype: float64}
# schema: astropy-2.0
time wavelength bin_width lcdata lcerr transit polynom model residuals
[from data line 16733]
59770.91080149385 3.709 0.019000000000000128 1.0033814474811513 0.005183910233024849 1.0 1.0059168152636047 1.0059168152636047 -0.002535367782453335
59770.91081743727 3.709 0.019000000000000128 1.0013556198790163 0.005176656533250266 1.0 1.0059167500824173 1.0059167500824173 -0.004561130203400987
59770.91083338068 3.709 0.019000000000000128 1.0103307340232692 0.0051861714278734865 1.0 1.00591668490126 1.00591668490126 0.004414049122009267
59770.91084932411 3.709 0.019000000000000128 1.0123590069211792 0.005188396388631058 1.0 1.0059166197200429 1.0059166197200429 0.006442387201136324
59770.91086526752 3.709 0.019000000000000128 1.0068160701781794 0.005199066701391907 1.0 1.0059165545388855 1.0059165545388855 0.000899515639293913
59770.91088121094 3.709 0.019000000000000128 1.002526268538568 0.00518630178509746 1.0 1.0059164893576982 1.0059164893576982 -0.0033902208191300964
59770.91089715436 3.709 0.019000000000000128 1.0078409532344246 0.005170585898239064 1.0 1.005916424176511 1.005916424176511 0.0019245290579135155
59770.91091309778 3.709 0.019000000000000128 1.0101259483174145 0.005180570086884391 1.0 1.0059163589953237 1.0059163589953237 0.004209589322090812
59770.9109290412 3.709 0.019000000000000128 1.0138365834831389 0.005207831454626156 1.0 1.0059162938141366 1.0059162938141366 0.007920289669002267
59770.91094498462 3.709 0.019000000000000128 1.0020276122190481 0.005175503309002189 1.0 1.0059162286329495 1.0059162286329495 -0.003888616413901369
59770.910960928035 3.709 0.019000000000000128 1.0071603256931638 0.005191381358220276 1.0 1.005916163451792 1.005916163451792 0.0012441622413719156
59770.910976871455 3.709 0.019000000000000128 1.0065241377148968 0.005198960425691341 1.0 1.0059160982706048 1.0059160982706048 0.0006080394442919967
59770.910992814875 3.709 0.019000000000000128 1.0056004494919912 0.005187896235156159 1.0 1.0059160330894175 1.0059160330894175 -0.00031558359742622777
59770.91100875829 3.709 0.019000000000000128 1.0087269765132025 0.005191073026204404 1.0 1.00591596790826 1.00591596790826 0.002811008604942433
59770.911024701716 3.709 0.019000000000000128 1.0074787762514363 0.005188762834039687 1.0 1.005915902727043 1.005915902727043 0.0015628735243933267
59770.91104064513 3.709 0.019000000000000128 1.0117774511459292 0.005181852382926205 1.0 1.0059158375458856 1.0059158375458856 0.005861613600043558
59770.91105658855 3.709 0.019000000000000128 0.9998072726907589 0.005184401257497254 1.0 1.0059157723646983 1.0059157723646983 -0.006108499673939449
59770.91107253197 3.709 0.019000000000000128 1.0050201888287433 0.005190264653897727 1.0 1.0059157071835112 1.0059157071835112 -0.0008955183547678658
59770.91108847538 3.709 0.019000000000000128 1.0021069076552116 0.0051895431609551715 1.0 1.0059156420023536 1.0059156420023536 -0.0038087343471420176
59770.9111044188 3.709 0.019000000000000128 1.0056494465649406 0.00518404061329206 1.0 1.0059155768211665 1.0059155768211665 -0.0002661302562259049
59770.91112036223 3.709 0.019000000000000128 1.0014535485654619 0.005179119631666586 1.0 1.0059155116399494 1.0059155116399494 -0.0044619630744875405
59770.91113630564 3.709 0.019000000000000128 1.0061805740072094 0.005195721553062196 1.0 1.005915446458792 1.005915446458792 0.0002651275484173432
59770.91115224906 3.709 0.019000000000000128 1.0117862715310675 0.005197452013801403 1.0 1.0059153812776345 1.0059153812776345 0.005870890253433014
59770.911168192484 3.709 0.019000000000000128 1.0061334767938956 0.005171380265009995 1.0 1.0059153160964176 1.0059153160964176 0.00021816069747804256
59770.9111841359 3.709 0.019000000000000128 1.0125584890816954 0.0051768713710893975 1.0 1.0059152509152602 1.0059152509152602 0.006643238166435195
59770.911200079325 3.709 0.019000000000000128 1.0098412315813887 0.005182338077375241 1.0 1.0059151857340431 1.0059151857340431 0.003926045847345572
59770.91121602274 3.709 0.019000000000000128 1.0074739171043505 0.005185763430905337 1.0 1.0059151205528858 1.0059151205528858 0.0015587965514647362
59770.91123196616 3.709 0.019000000000000128 0.999421606876972 0.0051731499030639 1.0 1.0059150553716985 1.0059150553716985 -0.006493448494726439
59770.91124790958 3.709 0.019000000000000128 1.0151732135174254 0.005207409996921876 1.0 1.0059149901905113 1.0059149901905113 0.009258223326914061
59770.91126385299 3.709 0.019000000000000128 1.0066509536977908 0.005191309474460361 1.0 1.0059149250093538 1.0059149250093538 0.0007360286884370293
59770.91127979641 3.709 0.019000000000000128 1.0138160593374337 0.005205813210815241 1.0 1.0059148598281666 1.0059148598281666 0.007901199509267043
59770.91129573983 3.709 0.019000000000000128 0.9984871310221956 0.005179266075491226 1.0 1.0059147946469793 1.0059147946469793 -0.0074276636247837535
59770.91131168325 3.709 0.019000000000000128 1.003319509967409 0.005189706530129594 1.0 1.0059147294657922 1.0059147294657922 -0.00259521949838315
59770.911327626665 3.709 0.019000000000000128 0.999014181005245 0.005165527715083646 1.0 1.0059146642846346 1.0059146642846346 -0.006900483279389635
59770.91134357009 3.709 0.019000000000000128 1.0024399886544295 0.0051851570909239265 1.0 1.0059145991034177 1.0059145991034177 -0.0034746104489882246
59770.911359513506 3.709 0.019000000000000128 0.9980199125032446 0.005176757012198349 1.0 1.0059145339222602 1.0059145339222602 -0.007894621419015535
59770.91137545692 3.709 0.019000000000000128 0.9933227210585022 0.005174007083532962 1.0 1.0059144687411028 1.0059144687411028 -0.01259174768260063
59770.91139140035 3.709 0.019000000000000128 1.0082697655191009 0.0052061367287062005 1.0 1.005914403559886 1.005914403559886 0.00235536195921493
59770.91140734377 3.709 0.019000000000000128 1.0145582335693781 0.005196073798278387 1.0 1.0059143383786986 1.0059143383786986 0.00864389519067954
59770.91142328719 3.709 0.019000000000000128 1.0093179946492623 0.005182108128492329 1.0 1.0059142731975115 1.0059142731975115 0.0034037214517508296
59770.9114392306 3.709 0.019000000000000128 1.0079638675365346 0.005192303072729456 1.0 1.005914208016354 1.005914208016354 0.0020496595201806578
59770.91145517402 3.709 0.019000000000000128 1.0130103107871145 0.0051914265448922735 1.0 1.0059141428351668 1.0059141428351668 0.007096167951947674
59770.91147111744 3.709 0.019000000000000128 1.0134852684123103 0.005185137455533683 1.0 1.0059140776539794 1.0059140776539794 0.0075711907583309035
59770.91148706086 3.709 0.019000000000000128 1.0037368178820048 0.005167645823612967 1.0 1.0059140124727923 1.0059140124727923 -0.002177194590787579
59770.911503004274 3.709 0.019000000000000128 1.0113501082715686 0.005184128837897364 1.0 1.0059139472916347 1.0059139472916347 0.005436160979933824
59770.9115189477 3.709 0.019000000000000128 1.0014454513458921 0.005170720079983115 1.0 1.0059138821104179 1.0059138821104179 -0.004468430764525744
59770.911534891115 3.709 0.019000000000000128 1.0081678989260847 0.005183895321600308 1.0 1.0059138169292603 1.0059138169292603 0.0022540819968244197
59770.91155083453 3.709 0.019000000000000128 1.0153344891203624 0.005194621653035578 1.0 1.005913751748103 1.005913751748103 0.009420737372259458
59770.911566777955 3.709 0.019000000000000128 1.0090648256694033 0.005194531653916455 1.0 1.0059136865668858 1.0059136865668858 0.0031511391025174085
59770.911582721375 3.709 0.019000000000000128 1.0063603846763622 0.005188437952423563 1.0 1.0059136213856987 1.0059136213856987 0.00044676329066350995
59770.91159866479 3.709 0.019000000000000128 1.0023983509783705 0.005188271940409017 1.0 1.0059135562045414 1.0059135562045414 -0.003515205226170881
59770.91161460821 3.709 0.019000000000000128 1.0054318841869496 0.005170482157958242 1.0 1.005913491023354 1.005913491023354 -0.0004816068364044135
59770.91163055163 3.709 0.019000000000000128 1.0044544287044677 0.005173849006766723 1.0 1.005913425842167 1.005913425842167 -0.0014589971376992583
59770.91164649505 3.709 0.019000000000000128 1.0020110660163768 0.005187705957499295 1.0 1.0059133606609796 1.0059133606609796 -0.0039022946446027884
59770.91166243847 3.709 0.019000000000000128 1.010867270813096 0.005207178228946847 1.0 1.0059132954797925 1.0059132954797925 0.00495397533330344
59770.91167838188 3.709 0.019000000000000128 1.0022078767667575 0.0051673908929838735 1.0 1.0059132302986349 1.0059132302986349 -0.003705353531877398
59770.91169432531 3.709 0.019000000000000128 1.0020719015199924 0.005188996933744365 1.0 1.005913165117418 1.005913165117418 -0.003841263597425648
59770.91171026872 3.709 0.019000000000000128 1.0018264873262677 0.005179167166838339 1.0 1.0059130999362604 1.0059130999362604 -0.004086612609992768
59770.911726212136 3.709 0.019000000000000128 1.0130144629519013 0.005190128277005975 1.0 1.005913034755103 1.005913034755103 0.007101428196798265
59770.911742155564 3.709 0.019000000000000128 1.00670631930328 0.005184036885356237 1.0 1.005912969573886 1.005912969573886 0.0007933497293939329
59770.91175809898 3.709 0.019000000000000128 0.9986167305381429 0.005177766398738499 1.0 1.0059129043927286 1.0059129043927286 -0.007296173854585697
59770.9117740424 3.709 0.019000000000000128 1.0135069781429995 0.005214374577018804 1.0 1.0059128392115413 1.0059128392115413 0.007594138931458216
59770.91178998582 3.709 0.019000000000000128 1.0051027627146887 0.005159852672502698 1.0 1.0059127740303542 1.0059127740303542 -0.0008100113156654931
59770.91180592924 3.709 0.019000000000000128 1.0103692939696247 0.005203931101590716 1.0 1.005912708849167 1.005912708849167 0.004456585120457657
59770.91182187265 3.709 0.019000000000000128 1.0163710848367975 0.005192086215704504 1.0 1.0059126436680095 1.0059126436680095 0.010458441168788024
59770.91183781607 3.709 0.019000000000000128 1.0114533115501996 0.005205193186875106 1.0 1.0059125784868224 1.0059125784868224 0.005540733063377212
59770.91185375949 3.709 0.019000000000000128 1.0042358782164118 0.005190759556801379 1.0 1.005912513305635 1.005912513305635 -0.0016766350892232218
59770.91186970291 3.709 0.019000000000000128 0.9984996790273832 0.005155987880346878 1.0 1.005912448124448 1.005912448124448 -0.007412769097064675
59770.91188564633 3.709 0.019000000000000128 1.0039073384260304 0.005182011806930289 1.0 1.0059123829432606 1.0059123829432606 -0.002005044517230159
59770.911901589745 3.709 0.019000000000000128 1.0092926146401244 0.005183745111996491 1.0 1.0059123177621032 1.0059123177621032 0.003380296878021216
59770.91191753317 3.709 0.019000000000000128 1.0034524559035356 0.005173940374947567 1.0 1.0059122525808861 1.0059122525808861 -0.002459796677350523
59770.911933476586 3.709 0.019000000000000128 1.0045447266367626 0.005170727661976219 1.0 1.0059121873997288 1.0059121873997288 -0.0013674607629661217
59770.911949420006 3.709 0.019000000000000128 1.008499166838262 0.005196126802149942 1.0 1.0059121222185414 1.0059121222185414 0.00258704461972048
59770.911965363426 3.709 0.019000000000000128 1.0076524852338768 0.005192208726515596 1.0 1.0059120570373543 1.0059120570373543 0.0017404281965225366
59770.91198130685 3.709 0.019000000000000128 1.0018646416936647 0.005165811419106039 1.0 1.005911991856167 1.005911991856167 -0.004047350162502239
59770.91199725026 3.709 0.019000000000000128 1.005453764927652 0.005194118334714484 1.0 1.0059119266750096 1.0059119266750096 -0.0004581617473575772
59770.91201319368 3.709 0.019000000000000128 1.0079736094447411 0.005970161589611402 1.0 1.0059118614938223 1.0059118614938223 0.0020617479509188463
59770.9120291371 3.709 0.019000000000000128 1.0051150986665878 0.005191538104351136 1.0 1.0059117963126352 1.0059117963126352 -0.0007966976460473951
59770.91204508051 3.709 0.019000000000000128 1.003251681275879 0.005191785272295201 1.0 1.0059117311314778 1.0059117311314778 -0.002660049855598867
59770.91206102394 3.709 0.019000000000000128 1.003122318512686 0.005166825890092407 1.0 1.0059116659502607 1.0059116659502607 -0.0027893474375746408
59770.912076967354 3.709 0.019000000000000128 1.0100651005246835 0.005212291139479771 1.0 1.0059116007691034 1.0059116007691034 0.004153499755580103
59770.912092910774 3.709 0.019000000000000128 1.0057862279026095 0.0051879148833027374 1.0 1.005911535587916 1.005911535587916 -0.00012530768530649716
59770.912108854194 3.709 0.019000000000000128 0.9991250354133409 0.0051639920821567944 1.0 1.005911470406729 1.005911470406729 -0.006786434993388046
59770.912124797615 3.709 0.019000000000000128 1.0053631070705669 0.005192319684047767 1.0 1.0059114052255416 1.0059114052255416 -0.0005482981549747024
59770.912140741035 3.709 0.019000000000000128 1.011214679752476 0.005200413153480416 1.0 1.0059113400443545 1.0059113400443545 0.005303339708121468
59770.912156684455 3.709 0.019000000000000128 1.006060960842352 0.005202594466048783 1.0 1.0059112748631671 1.0059112748631671 0.00014968597918496584
59770.91217262787 3.709 0.019000000000000128 1.0051831818394714 0.005185658009632085 1.0 1.0059112096820098 1.0059112096820098 -0.0007280278425383369
59770.91218857129 3.709 0.019000000000000128 0.9923977891740732 0.005159512557689704 1.0 1.0059111445008224 1.0059111445008224 -0.013513355326749243
59770.91220451471 3.709 0.019000000000000128 0.9925654238123736 0.005938661019256488 1.0 1.0059110793196353 1.0059110793196353 -0.013345655507261744
59770.91222045812 3.709 0.019000000000000128 1.0016460742288666 0.0051739667616318655 1.0 1.0059110141384777 1.0059110141384777 -0.004264939909611076
59770.91223640155 3.709 0.019000000000000128 0.9995883253903561 0.005183739607536889 1.0 1.0059109489572609 1.0059109489572609 -0.006322623566904717
59770.91225234496 3.709 0.019000000000000128 1.0164016009334622 0.005193610933037547 1.0 1.0059108837761035 1.0059108837761035 0.01049071715735872
59770.91226828838 3.709 0.019000000000000128 1.005142199203224 0.005188842637032056 1.0 1.0059108185949162 1.0059108185949162 -0.0007686193916922601
59770.9122842318 3.709 0.019000000000000128 1.007110769644892 0.005193625270368359 1.0 1.005910753413729 1.005910753413729 0.001200016231162948
59770.912300175216 3.709 0.019000000000000128 1.0104031026340983 0.0060164583122353415 1.0 1.0059106882325715 1.0059106882325715 0.004492414401526812
59770.912316118636 3.709 0.019000000000000128 1.001540420051868 0.005182910888848861 1.0 1.0059106230513843 1.0059106230513843 -0.004370202999516293
59770.912332062064 3.709 0.019000000000000128 1.0021208664156247 0.005178304185117868 1.0 1.0059105578701673 1.0059105578701673 -0.003789691454542554
59770.91234800548 3.709 0.019000000000000128 1.0053923977468364 0.005189652937773894 1.0 1.00591049268901 1.00591049268901 -0.0005180949421734748
59770.91236394889 3.709 0.019000000000000128 1.0045504208327594 0.005191185290377147 1.0 1.0059104275078523 1.0059104275078523 -0.0013600066750929507
59770.91237989232 3.709 0.019000000000000128 1.0022975850885107 0.005192219365564155 1.0 1.0059103623266354 1.0059103623266354 -0.003612777238124698
59770.91239583573 3.709 0.019000000000000128 0.9963757396364518 0.005173848466905829 1.0 1.0059102971454779 1.0059102971454779 -0.009534557509026098
59770.91241177916 3.709 0.019000000000000128 1.0076290515734825 0.005181621571579842 1.0 1.005910231964261 1.005910231964261 0.0017188196092214891
59770.91242772257 3.709 0.019000000000000128 1.008612076695644 0.005198229074234841 1.0 1.0059101667831034 1.0059101667831034 0.00270190991254049
59770.91244366599 3.709 0.019000000000000128 0.9990159811016621 0.005175546736427756 1.0 1.0059101016019163 1.0059101016019163 -0.006894120500254175
59770.91245960941 3.709 0.019000000000000128 1.0032845620105724 0.0051717235207016845 1.0 1.0059100364207292 1.0059100364207292 -0.002625474410156814
59770.912475552825 3.709 0.019000000000000128 1.0125092855350053 0.005182512282704731 1.0 1.0059099712395716 1.0059099712395716 0.0065993142954337
