eureka_custom_plots/data/stage5_lcfit_results/S5_wasp39b_ap4_bg8_Table_Save_ch03.txt
# %ECSV 1.0
# ---
# datatype:
# - {name: time, datatype: float64}
# - {name: wavelength, datatype: float64}
# - {name: bin_width, datatype: float64}
# - {name: lcdata, datatype: float64}
# - {name: lcerr, datatype: float64}
# - {name: transit, datatype: float64}
# - {name: polynom, datatype: float64}
# - {name: model, datatype: float64}
# - {name: residuals, datatype: float64}
# schema: astropy-2.0
time wavelength bin_width lcdata lcerr transit polynom model residuals
[from data line 3178]
59770.69468843945 3.1340000000000003 0.018999999999999906 1.0162968719310748 0.00416083544587343 1.0 1.0077176331425 1.0077176331425 0.008579238788574806
59770.69470438287 3.1340000000000003 0.018999999999999906 1.0028855143493853 0.00414124346440594 1.0 1.0077174613409574 1.0077174613409574 -0.004831946991572078
59770.69472032629 3.1340000000000003 0.018999999999999906 1.0170721309145658 0.004163058765636364 1.0 1.007717289539415 1.007717289539415 0.009354841375150746
59770.69473626971 3.1340000000000003 0.018999999999999906 0.9990971003176249 0.004135318229132805 1.0 1.0077171177378725 1.0077171177378725 -0.00862001742024765
59770.69475221314 3.1340000000000003 0.018999999999999906 1.0066335279017038 0.0041419199365475305 1.0 1.0077169459362516 1.0077169459362516 -0.0010834180345478117
59770.69476815655 3.1340000000000003 0.018999999999999906 1.0070621688033836 0.004145708098935731 1.0 1.0077167741347874 1.0077167741347874 -0.0006546053314038236
59770.69478409997 3.1340000000000003 0.018999999999999906 1.0070190071032614 0.004146859350000802 1.0 1.007716602333245 1.007716602333245 -0.000697595229983472
59770.69480004339 3.1340000000000003 0.018999999999999906 1.010177105867767 0.004149025171826502 1.0 1.0077164305317026 1.0077164305317026 0.002460675336064533
59770.69481598682 3.1340000000000003 0.018999999999999906 1.0009352899169985 0.004138025539990189 1.0 1.0077162587300816 1.0077162587300816 -0.006780968813083099
59770.69483193024 3.1340000000000003 0.018999999999999906 1.006363245002587 0.004146061203109651 1.0 1.007716086928539 1.007716086928539 -0.0013528419259520863
59770.69484787365 3.1340000000000003 0.018999999999999906 "" "" 1.0 1.007715915127075 1.007715915127075 ""
59770.69486381708 3.1340000000000003 0.018999999999999906 1.0055349339617206 0.004135726183923005 1.0 1.0077157433254542 1.0077157433254542 -0.00218080936373366
59770.69487976049 3.1340000000000003 0.018999999999999906 1.005513101338965 0.004140434188732308 1.0 1.00771557152399 1.00771557152399 -0.0022024701850249517
59770.69489570392 3.1340000000000003 0.018999999999999906 1.0071081432709816 0.004141128767674831 1.0 1.0077153997223691 1.0077153997223691 -0.0006072564513874834
59770.69491164733 3.1340000000000003 0.018999999999999906 1.0083035675282646 0.004146960022589279 1.0 1.007715227920905 1.007715227920905 0.0005883396073596003
59770.69492759076 3.1340000000000003 0.018999999999999906 1.0061051393203093 0.00413835579306956 1.0 1.007715056119284 1.007715056119284 -0.0016099167989747087
59770.69494353418 3.1340000000000003 0.018999999999999906 1.0011539892327028 0.004139867022556543 1.0 1.0077148843177417 1.0077148843177417 -0.006560895085038876
59770.694959477594 3.1340000000000003 0.018999999999999906 1.0118822295973895 0.004154247904222598 1.0 1.0077147125162775 1.0077147125162775 0.00416751708111196
59770.69497542102 3.1340000000000003 0.018999999999999906 1.0107529635039088 0.00415343024220563 1.0 1.0077145407146566 1.0077145407146566 0.0030384227892521487
59770.69499136444 3.1340000000000003 0.018999999999999906 0.9988112747287402 0.004133726908596424 1.0 1.007714368913114 1.007714368913114 -0.00890309418437385
59770.69500730786 3.1340000000000003 0.018999999999999906 1.007757089906566 0.004146797148361142 1.0 1.0077141971115717 1.0077141971115717 4.289279499425369e-05
59770.69502325128 3.1340000000000003 0.018999999999999906 1.007931923791185 0.004149584456505853 1.0 1.0077140253100292 1.0077140253100292 0.00021789848115583155
59770.6950391947 3.1340000000000003 0.018999999999999906 1.0062925351294427 0.004146784150967992 1.0 1.0077138535084866 1.0077138535084866 -0.0014213183790439121
59770.69505513812 3.1340000000000003 0.018999999999999906 1.00845164250973 0.004142250334282063 1.0 1.007713681706944 1.007713681706944 0.0007379608027859863
59770.69507108154 3.1340000000000003 0.018999999999999906 1.0051054266619175 0.0041436174955991915 1.0 1.0077135099054015 1.0077135099054015 -0.0026080832434840495
59770.695087024964 3.1340000000000003 0.018999999999999906 1.0075584972937903 0.00415286148223347 1.0 1.0077133381038592 1.0077133381038592 -0.00015484081006889028
59770.69510296839 3.1340000000000003 0.018999999999999906 1.0074868454121986 0.00414880900930228 1.0 1.0077131663022383 1.0077131663022383 -0.00022632089003971068
59770.695118911804 3.1340000000000003 0.018999999999999906 1.0144120615508034 0.0041611591773041585 1.0 1.0077129945007741 1.0077129945007741 0.006699067050029317
59770.695134855225 3.1340000000000003 0.018999999999999906 1.0152239826211258 0.004160948857084178 1.0 1.0077128226992316 1.0077128226992316 0.007511159921894217
59770.695150798645 3.1340000000000003 0.018999999999999906 1.0063000264272182 0.004144569235381678 1.0 1.0077126508976892 1.0077126508976892 -0.00141262447047108
59770.695166742065 3.1340000000000003 0.018999999999999906 1.0067301968270497 0.0041472438295503695 1.0 1.0077124790961467 1.0077124790961467 -0.0009822822690970234
59770.69518268549 3.1340000000000003 0.018999999999999906 1.0069228633299512 0.0041449835476553235 1.0 1.0077123072945258 1.0077123072945258 -0.0007894439645745877
59770.695198628906 3.1340000000000003 0.018999999999999906 1.008587413810195 0.004147082839060799 1.0 1.0077121354930616 1.0077121354930616 0.000875278317133299
59770.69521457233 3.1340000000000003 0.018999999999999906 1.005480570760517 0.004141444796904656 1.0 1.0077119636914407 1.0077119636914407 -0.00223139293092367
59770.69523051575 3.1340000000000003 0.018999999999999906 1.0080730494600212 0.004148210933706127 1.0 1.0077117918899767 1.0077117918899767 0.0003612575700444598
59770.69524645917 3.1340000000000003 0.018999999999999906 1.0066563597554314 0.004146929757966058 1.0 1.0077116200884342 1.0077116200884342 -0.0010552603330027388
59770.695262402594 3.1340000000000003 0.018999999999999906 1.0152144226341788 0.004159061107882213 1.0 1.0077114482868132 1.0077114482868132 0.007502974347365576
59770.695278346015 3.1340000000000003 0.018999999999999906 1.0071805608235196 0.004144471919048205 1.0 1.0077112764852707 1.0077112764852707 -0.0005307156617511133
59770.695294289435 3.1340000000000003 0.018999999999999906 1.0083464160746984 0.004149727949915062 1.0 1.0077111046837282 1.0077111046837282 0.0006353113909702834
59770.69531023285 3.1340000000000003 0.018999999999999906 1.0117279263881087 0.0041573079021608285 1.0 1.0077109328822642 1.0077109328822642 0.004016993505844502
59770.695326176276 3.1340000000000003 0.018999999999999906 1.0033882577254034 0.004143030620280685 1.0 1.0077107610806433 1.0077107610806433 -0.004322503355239871
59770.69534211969 3.1340000000000003 0.018999999999999906 1.0040379535208916 0.004141280548365275 1.0 1.0077105892791791 1.0077105892791791 -0.003672635758287468
59770.695358063116 3.1340000000000003 0.018999999999999906 1.0059152425965072 0.004136484318790236 1.0 1.0077104174775582 1.0077104174775582 -0.001795174881050965
59770.69537400654 3.1340000000000003 0.018999999999999906 1.0163292085536726 0.004160387537191749 1.0 1.0077102456760159 1.0077102456760159 0.008618962877656733
59770.69538994996 3.1340000000000003 0.018999999999999906 1.010087910898398 0.0041491854684522645 1.0 1.0077100738744733 1.0077100738744733 0.0023778370239246893
59770.69540589338 3.1340000000000003 0.018999999999999906 1.010094420581452 0.004148158223376681 1.0 1.0077099020729308 1.0077099020729308 0.0023845185085211718
59770.69542183679 3.1340000000000003 0.018999999999999906 1.0126719185465665 0.004157555818865034 1.0 1.0077097302714666 1.0077097302714666 0.004962188275099866
59770.69543778022 3.1340000000000003 0.018999999999999906 1.01738600445082 0.0041659075661236375 1.0 1.0077095584698457 1.0077095584698457 0.00967644598097439
59770.69545372364 3.1340000000000003 0.018999999999999906 1.008742381437548 0.004148883718436811 1.0 1.0077093866683033 1.0077093866683033 0.0010329947692446773
59770.69546966706 3.1340000000000003 0.018999999999999906 1.007325985605094 0.004145343965078156 1.0 1.0077092148667608 1.0077092148667608 -0.0003832292616667843
59770.69548561048 3.1340000000000003 0.018999999999999906 1.0048646889357842 0.0041437962758635455 1.0 1.0077090430652182 1.0077090430652182 -0.002844354129434068
59770.6955015539 3.1340000000000003 0.018999999999999906 1.0075072708425867 0.004153880022753649 1.0 1.0077088712636757 1.0077088712636757 -0.00020160042108896548
59770.69551749732 3.1340000000000003 0.018999999999999906 1.0028160246626043 0.004139306106698314 1.0 1.0077086994621334 1.0077086994621334 -0.00489267479952904
59770.69553344075 3.1340000000000003 0.018999999999999906 1.0077229849050269 0.004146686831564127 1.0 1.0077085276605124 1.0077085276605124 1.4457244514431977e-05
59770.69554938416 3.1340000000000003 0.018999999999999906 1.0126088956628383 0.0041593070707962075 1.0 1.0077083558590483 1.0077083558590483 0.004900539803790016
59770.69556532759 3.1340000000000003 0.018999999999999906 1.0049496996230907 0.0041403220100211325 1.0 1.0077081840574273 1.0077081840574273 -0.0027584844343366832
59770.695581271 3.1340000000000003 0.018999999999999906 1.012444713564733 0.00415835676802817 1.0 1.0077080122559634 1.0077080122559634 0.004736701308769575
59770.69559721442 3.1340000000000003 0.018999999999999906 1.0074313672753619 0.004147676866766295 1.0 1.0077078404544209 1.0077078404544209 -0.00027647317905898916
59770.69561315785 3.1340000000000003 0.018999999999999906 1.0026378757659342 0.0041383995496225194 1.0 1.0077076686528 1.0077076686528 -0.005069792886865709
59770.69562910126 3.1340000000000003 0.018999999999999906 1.0074168007488011 0.004145206782900492 1.0 1.0077074968513358 1.0077074968513358 -0.00029069610253462663
59770.69564504469 3.1340000000000003 0.018999999999999906 1.0054961288325666 0.0041409491664327145 1.0 1.0077073250497148 1.0077073250497148 -0.00221119621714827
59770.6956609881 3.1340000000000003 0.018999999999999906 1.0073376205316897 0.004151574747308392 1.0 1.0077071532482509 1.0077071532482509 -0.0003695327165611495
59770.69567693153 3.1340000000000003 0.018999999999999906 1.0056874276533927 0.004152006040426077 1.0 1.00770698144663 1.00770698144663 -0.002019553793237261
59770.69569287494 3.1340000000000003 0.018999999999999906 1.0075351287484657 0.004144672394595012 1.0 1.0077068096451658 1.0077068096451658 -0.00017168089670005493
59770.69570881836 3.1340000000000003 0.018999999999999906 1.006704859867423 0.004139730537484623 1.0 1.0077066378436232 1.0077066378436232 -0.0010017779762001577
59770.69572476179 3.1340000000000003 0.018999999999999906 1.0080695856365742 0.004142779095445836 1.0 1.0077064660420023 1.0077064660420023 0.00036311959457191456
59770.69574070521 3.1340000000000003 0.018999999999999906 1.0061839600096418 0.00414373310564691 1.0 1.00770629424046 1.00770629424046 -0.0015223342308181564
59770.69575664863 3.1340000000000003 0.018999999999999906 1.0082575625865897 0.0041468453865100355 1.0 1.0077061224389174 1.0077061224389174 0.0005514401476722774
59770.695772592044 3.1340000000000003 0.018999999999999906 1.0082340535874292 0.004149200988297874 1.0 1.0077059506374533 1.0077059506374533 0.0005281029499759615
59770.69578853547 3.1340000000000003 0.018999999999999906 1.0118136449224622 0.004156995329905956 1.0 1.0077057788358323 1.0077057788358323 0.00410786608662983
59770.69580447889 3.1340000000000003 0.018999999999999906 1.0035901525377249 0.004141957051962105 1.0 1.00770560703429 1.00770560703429 -0.004115454496565141
59770.69582042231 3.1340000000000003 0.018999999999999906 1.0122941399452745 0.004157647411173197 1.0 1.0077054352327475 1.0077054352327475 0.004588704712527036
59770.69583636573 3.1340000000000003 0.018999999999999906 1.0170428707369779 0.004160356682582077 1.0 1.007705263431205 1.007705263431205 0.009337607305772933
59770.69585230915 3.1340000000000003 0.018999999999999906 1.0112736349768787 0.0041573396482494866 1.0 1.0077050916296624 1.0077050916296624 0.0035685433472163464
59770.69586825257 3.1340000000000003 0.018999999999999906 1.0055282934429441 0.004141867470815255 1.0 1.0077049198281198 1.0077049198281198 -0.002176626385175684
59770.69588419599 3.1340000000000003 0.018999999999999906 1.0057135105896848 0.004141405291571209 1.0 1.0077047480265775 1.0077047480265775 -0.0019912374368926677
59770.69590013941 3.1340000000000003 0.018999999999999906 1.0112851022220302 0.004152798599365907 1.0 1.007704576225035 1.007704576225035 0.0035805259969952097
59770.695916082834 3.1340000000000003 0.018999999999999906 1.0099806283594057 0.004149535195534818 1.0 1.0077044044234924 1.0077044044234924 0.002276223935913313
59770.695932026254 3.1340000000000003 0.018999999999999906 1.0117425957671615 0.0041559775234404316 1.0 1.0077042326219499 1.0077042326219499 0.004038363145211665
59770.695947969674 3.1340000000000003 0.018999999999999906 1.0048580392730921 0.004141723652599557 1.0 1.0077040608204075 1.0077040608204075 -0.0028460215473153916
59770.6959639131 3.1340000000000003 0.018999999999999906 1.0073578656449806 0.0041418326668028445 1.0 1.0077038890187866 1.0077038890187866 -0.00034602337380595927
59770.695979856515 3.1340000000000003 0.018999999999999906 1.0026453997696347 0.004134084736535999 1.0 1.0077037172173224 1.0077037172173224 -0.005058317447687699
59770.695995799935 3.1340000000000003 0.018999999999999906 1.0091115742459424 0.004151652694890974 1.0 1.0077035454157799 1.0077035454157799 0.0014080288301625554
59770.696011743355 3.1340000000000003 0.018999999999999906 1.0063311827253167 0.0041495377325925014 1.0 1.0077033736142373 1.0077033736142373 -0.0013721908889205991
59770.69602768678 3.1340000000000003 0.018999999999999906 1.0105898228554986 0.004146545551411338 1.0 1.0077032018126166 1.0077032018126166 0.002886621042881954
59770.6960436302 3.1340000000000003 0.018999999999999906 1.0014453530120553 0.0041302695309290045 1.0 1.007703030011074 1.007703030011074 -0.006257676999018802
59770.69605957362 3.1340000000000003 0.018999999999999906 1.006157789531527 0.004148172627859151 1.0 1.00770285820961 1.00770285820961 -0.001545068678082906
59770.696075517044 3.1340000000000003 0.018999999999999906 1.0051929856320116 0.004134477854728624 1.0 1.007702686407989 1.007702686407989 -0.0025097007759773415
59770.69609146046 3.1340000000000003 0.018999999999999906 1.0133962530666154 0.004156554419025677 1.0 1.007702514606525 1.007702514606525 0.0056937384600903584
59770.696107403885 3.1340000000000003 0.018999999999999906 0.9962670517416997 0.004131979797121324 1.0 1.0077023428049041 1.0077023428049041 -0.0114352910632044
59770.6961233473 3.1340000000000003 0.018999999999999906 1.005227094554424 0.004137131230167783 1.0 1.00770217100344 1.00770217100344 -0.0024750764490160115
59770.696139290725 3.1340000000000003 0.018999999999999906 1.0113981866051853 0.0041521530101583815 1.0 1.007701999201819 1.007701999201819 0.0036961874033663022
59770.696155234145 3.1340000000000003 0.018999999999999906 1.0119897568563132 0.00415302471801586 1.0 1.0077018274002765 1.0077018274002765 0.004287929456036732
59770.69617117756 3.1340000000000003 0.018999999999999906 1.003448296538562 0.0041401798907344045 1.0 1.0077016555988125 1.0077016555988125 -0.004253359060250483
59770.696187120986 3.1340000000000003 0.018999999999999906 1.0031385459168025 0.004145003101777338 1.0 1.0077014837971916 1.0077014837971916 -0.004562937880389084
59770.696203064406 3.1340000000000003 0.018999999999999906 1.0045073518973024 0.004139413342048918 1.0 1.007701311995649 1.007701311995649 -0.0031939600983466043
59770.69621900783 3.1340000000000003 0.018999999999999906 1.0053353427860436 0.004141186674816999 1.0 1.0077011401941065 1.0077011401941065 -0.002365797408062864
59770.69623495125 3.1340000000000003 0.018999999999999906 1.005163299251486 0.004141954775193872 1.0 1.0077009683925642 1.0077009683925642 -0.002537669141078114
