eureka_custom_plots/data/stage5_lcfit_results/S5_wasp39b_ap4_bg8_Table_Save_ch09.txt
# %ECSV 1.0
# ---
# datatype:
# - {name: time, datatype: float64}
# - {name: wavelength, datatype: float64}
# - {name: bin_width, datatype: float64}
# - {name: lcdata, datatype: float64}
# - {name: lcerr, datatype: float64}
# - {name: transit, datatype: float64}
# - {name: polynom, datatype: float64}
# - {name: model, datatype: float64}
# - {name: residuals, datatype: float64}
# schema: astropy-2.0
time wavelength bin_width lcdata lcerr transit polynom model residuals
[from data line 112]
59770.64580591133 3.364 0.018999999999999906 1.0109110447956577 0.005469582653823992 1.0 1.0074639807562296 1.0074639807562296 0.0034470640394281826
59770.64582185474 3.364 0.018999999999999906 1.0033643473305964 0.005454293815376622 1.0 1.0074638680119097 1.0074638680119097 -0.004099520681313251
59770.64583779816 3.364 0.018999999999999906 1.0072563963895824 0.005453598832162278 1.0 1.007463755267538 1.007463755267538 -0.00020735887795564345
59770.64585374159 3.364 0.018999999999999906 1.0011076493931845 0.005448632564542912 1.0 1.0074636425231152 1.0074636425231152 -0.006355993129930626
59770.645869685 3.364 0.018999999999999906 1.007068493091166 0.005456706504330508 1.0 1.0074635297787953 1.0074635297787953 -0.0003950366876293021
59770.64588562843 3.364 0.018999999999999906 1.0038561846653506 0.005451508815816887 1.0 1.0074634170343724 1.0074634170343724 -0.003607232369021718
59770.64590157184 3.364 0.018999999999999906 1.0152458602162264 0.0054781278079430685 1.0 1.0074633042900523 1.0074633042900523 0.007782555926174162
59770.64591751527 3.364 0.018999999999999906 1.0121712881458027 0.0054696986785862664 1.0 1.0074631915456294 1.0074631915456294 0.00470809660017335
59770.64593345869 3.364 0.018999999999999906 1.0140704724139522 0.005474301867828799 1.0 1.007463078801258 1.007463078801258 0.006607393612694246
59770.645949402104 3.364 0.018999999999999906 1.0074702554427006 0.005464544293798232 1.0 1.0074629660569379 1.0074629660569379 7.28938576277649e-06
59770.64596534553 3.364 0.018999999999999906 1.0057702451968014 0.0054505822952296305 1.0 1.007462853312515 1.007462853312515 -0.0016926081157135897
59770.64598128896 3.364 0.018999999999999906 0.9992341650886233 0.0054468976400339824 1.0 1.007462740568092 1.007462740568092 -0.008228575479468758
59770.64599723237 3.364 0.018999999999999906 1.0048742758176388 0.005457086151837031 1.0 1.0074626278237722 1.0074626278237722 -0.0025883520061333876
59770.64601317579 3.364 0.018999999999999906 1.0106762007870216 0.005478114775444857 1.0 1.0074625150794005 1.0074625150794005 0.003213685707621039
59770.64602911922 3.364 0.018999999999999906 1.007038466581715 0.0054632295831942585 1.0 1.0074624023349776 1.0074624023349776 -0.0004239357532627164
59770.64604506263 3.364 0.018999999999999906 1.0001952922112438 0.005447409285334218 1.0 1.0074622895906578 1.0074622895906578 -0.007266997379413942
59770.64606100606 3.364 0.018999999999999906 1.0153302128853052 0.0054815470000311095 1.0 1.0074621768462348 1.0074621768462348 0.00786803603907038
59770.64607694948 3.364 0.018999999999999906 "" "" 1.0 1.0074620641018632 1.0074620641018632 ""
59770.6460928929 3.364 0.018999999999999906 1.003476126737855 0.00545025840762625 1.0 1.0074619513574918 1.0074619513574918 -0.003985824619636924
59770.64610883632 3.364 0.018999999999999906 1.0008003641852021 0.00544985456446838 1.0 1.0074618386131204 1.0074618386131204 -0.0066614744279183125
59770.64612477974 3.364 0.018999999999999906 "" "" 1.0 1.007461725868749 1.007461725868749 ""
59770.64614072316 3.364 0.018999999999999906 1.019747794290816 0.005487820242634428 1.0 1.0074616131243774 1.0074616131243774 0.012286181166438537
59770.64615666658 3.364 0.018999999999999906 1.0089687522729986 0.005465878589858535 1.0 1.007461500380006 1.007461500380006 0.0015072518929926115
59770.64617261 3.364 0.018999999999999906 1.0093489897023937 0.005457142681078985 1.0 1.0074613876356346 1.0074613876356346 0.0018876020667590865
59770.64618855342 3.364 0.018999999999999906 0.9987050634132122 0.005443334398028822 1.0 1.007461274891263 1.007461274891263 -0.008756211478050835
59770.64620449685 3.364 0.018999999999999906 "" "" 1.0 1.0074611621468401 1.0074611621468401 ""
59770.64622044026 3.364 0.018999999999999906 1.0090851759209214 0.005472805522992294 1.0 1.0074610494025202 1.0074610494025202 0.0016241265184011588
59770.64623638368 3.364 0.018999999999999906 "" "" 1.0 1.0074609366581486 1.0074609366581486 ""
59770.64625232711 3.364 0.018999999999999906 1.0055351950607363 0.005464930151713709 1.0 1.0074608239137257 1.0074608239137257 -0.0019256288529894139
59770.64626827053 3.364 0.018999999999999906 1.0048952108765763 0.005452317982175441 1.0 1.0074607111693543 1.0074607111693543 -0.0025655002927780224
59770.64628421395 3.364 0.018999999999999906 0.9987702912774477 0.005451261220534651 1.0 1.007460598424983 1.007460598424983 -0.00869030714753527
59770.64630015737 3.364 0.018999999999999906 1.0110925031626854 0.005463026645382369 1.0 1.0074604856806115 1.0074604856806115 0.003632017482073868
59770.64631610079 3.364 0.018999999999999906 1.000983236832717 0.005443309731495124 1.0 1.00746037293624 1.00746037293624 -0.006477136103522962
59770.64633204421 3.364 0.018999999999999906 1.0054846540889628 0.005458532278212902 1.0 1.0074602601918685 1.0074602601918685 -0.0019756061029057026
59770.64634798764 3.364 0.018999999999999906 0.996402529814099 0.005443639604086043 1.0 1.0074601474474456 1.0074601474474456 -0.011057617633346561
59770.64636393105 3.364 0.018999999999999906 1.0085142022474682 0.005467814583015601 1.0 1.0074600347031255 1.0074600347031255 0.0010541675443427323
59770.64637987448 3.364 0.018999999999999906 1.0044735669421276 0.00545134335841084 1.0 1.0074599219587026 1.0074599219587026 -0.0029863550165749597
59770.6463958179 3.364 0.018999999999999906 1.006563603993107 0.005455077878497163 1.0 1.0074598092143312 1.0074598092143312 -0.0008962052212242444
59770.646411761314 3.364 0.018999999999999906 1.009995479429482 0.005465022924538019 1.0 1.007459696470011 1.007459696470011 0.002535782959470989
59770.64642770474 3.364 0.018999999999999906 "" "" 1.0 1.0074595837255882 1.0074595837255882 ""
59770.646443648155 3.364 0.018999999999999906 0.9980099567072915 0.005450012256668451 1.0 1.0074594709812683 1.0074594709812683 -0.009449514273976778
59770.64645959158 3.364 0.018999999999999906 1.015586700496766 0.00547888457766505 1.0 1.0074593582368454 1.0074593582368454 0.008127342259920622
59770.646475535 3.364 0.018999999999999906 1.0060089852152734 0.005464264480539997 1.0 1.0074592454924738 1.0074592454924738 -0.0014502602772004103
59770.64649147842 3.364 0.018999999999999906 1.009969756434759 0.005469360825270656 1.0 1.0074591327481024 1.0074591327481024 0.0025106236866565546
59770.64650742184 3.364 0.018999999999999906 1.0126742898629506 0.005476617489067654 1.0 1.007459020003731 1.007459020003731 0.005215269859219607
59770.64652336527 3.364 0.018999999999999906 1.0062735494423554 0.005465260109138073 1.0 1.007458907259308 1.007458907259308 -0.0011853578169527257
59770.646539308684 3.364 0.018999999999999906 1.011306652800645 0.005462035833564211 1.0 1.007458794514988 1.007458794514988 0.0038478582856569243
59770.64655525211 3.364 0.018999999999999906 1.0102193728598605 0.005469340787882457 1.0 1.007458681770565 1.007458681770565 0.0027606910892954417
59770.64657119553 3.364 0.018999999999999906 1.007793320609841 0.005466575549436861 1.0 1.0074585690261937 1.0074585690261937 0.0003347515836473747
59770.646587138945 3.364 0.018999999999999906 "" "" 1.0 1.0074584562818736 1.0074584562818736 ""
59770.64660308237 3.364 0.018999999999999906 1.0017742506389704 0.005450323349711527 1.0 1.0074583435374507 1.0074583435374507 -0.005684092898480264
59770.64661902579 3.364 0.018999999999999906 1.0166746396602115 0.0054822813337041905 1.0 1.0074582307930793 1.0074582307930793 0.009216408867132264
59770.64663496921 3.364 0.018999999999999906 "" "" 1.0 1.0074581180487079 1.0074581180487079 ""
59770.64665091263 3.364 0.018999999999999906 1.0010055469968355 0.005447648917744941 1.0 1.0074580053043363 1.0074580053043363 -0.006452458307500741
59770.64666685605 3.364 0.018999999999999906 1.004623067652085 0.005454824049426855 1.0 1.0074578925599649 1.0074578925599649 -0.002834824907879785
59770.64668279947 3.364 0.018999999999999906 1.0198650964276912 0.00548865022551119 1.0 1.0074577798155935 1.0074577798155935 0.012407316612097707
59770.646698742894 3.364 0.018999999999999906 1.012442943386209 0.005470920687575774 1.0 1.007457667071222 1.007457667071222 0.004985276314986908
59770.646714686314 3.364 0.018999999999999906 0.9987456740041749 0.005442418351327951 1.0 1.0074575543268505 1.0074575543268505 -0.008711880322675558
59770.64673062974 3.364 0.018999999999999906 1.0075135194783817 0.0054677695836753215 1.0 1.0074574415824276 1.0074574415824276 5.607789595418744e-05
59770.64674657316 3.364 0.018999999999999906 1.0042205482664566 0.005459276871740949 1.0 1.0074573288380562 1.0074573288380562 -0.0032367805715995956
59770.646762516575 3.364 0.018999999999999906 1.003461230551591 0.00544762659483432 1.0 1.007457216093736 1.007457216093736 -0.003995985542144975
59770.64677846 3.364 0.018999999999999906 1.013600783508419 0.005471819251196074 1.0 1.0074571033493132 1.0074571033493132 0.006143680159105935
59770.64679440342 3.364 0.018999999999999906 1.0082785811843855 0.0054714537892351 1.0 1.0074569906049418 1.0074569906049418 0.0008215905794437539
59770.64681034684 3.364 0.018999999999999906 1.0031839816497472 0.005454689309724755 1.0 1.0074568778605704 1.0074568778605704 -0.004272896210823163
59770.64682629026 3.364 0.018999999999999906 1.0028104675911413 0.005460293461517513 1.0 1.0074567651161987 1.0074567651161987 -0.004646297525057408
59770.64684223369 3.364 0.018999999999999906 1.0114303268539753 0.0054760595515008165 1.0 1.0074566523717758 1.0074566523717758 0.00397367448219943
59770.646858177104 3.364 0.018999999999999906 1.0049036961879005 0.005451846609404602 1.0 1.007456539627456 1.007456539627456 -0.002552843439555419
59770.646874120524 3.364 0.018999999999999906 1.01091291671144 0.00547087320551509 1.0 1.0074564268830843 1.0074564268830843 0.003456489828355558
59770.64689006395 3.364 0.018999999999999906 1.0058490468507757 0.005462187691339833 1.0 1.0074563141386614 1.0074563141386614 -0.0016072672878857386
59770.646906007365 3.364 0.018999999999999906 1.0074685412677549 0.005459665423929869 1.0 1.0074562013943416 1.0074562013943416 1.2339873413313995e-05
59770.64692195079 3.364 0.018999999999999906 1.014611598968318 0.005476038977823373 1.0 1.0074560886499186 1.0074560886499186 0.0071555103183993385
59770.646937894206 3.364 0.018999999999999906 1.0078708974704718 0.0054670771905224146 1.0 1.0074559759055985 1.0074559759055985 0.0004149215648732163
59770.64695383763 3.364 0.018999999999999906 1.005875331416225 0.005458294963248246 1.0 1.0074558631611756 1.0074558631611756 -0.0015805317449506529
59770.64696978105 3.364 0.018999999999999906 1.0097958101630458 0.005464181327990194 1.0 1.0074557504168042 1.0074557504168042 0.0023400597462415185
59770.64698572447 3.364 0.018999999999999906 1.0145064441333245 0.0054813133646545945 1.0 1.0074556376724841 1.0074556376724841 0.007050806460840331
59770.647001667894 3.364 0.018999999999999906 1.0069385450801553 0.0054687580168651445 1.0 1.0074555249280612 1.0074555249280612 -0.0005169798479058851
59770.64701761132 3.364 0.018999999999999906 1.0059929700048902 0.005460483600120614 1.0 1.0074554121836383 1.0074554121836383 -0.0014624421787481356
59770.647033554735 3.364 0.018999999999999906 1.0004364552072222 0.005446327574982822 1.0 1.0074552994393184 1.0074552994393184 -0.0070188442320962
59770.647049498155 3.364 0.018999999999999906 1.0050055168054035 0.005463103632064188 1.0 1.0074551866949468 1.0074551866949468 -0.0024496698895433155
59770.64706544158 3.364 0.018999999999999906 1.0142746489314889 0.005474035042058295 1.0 1.007455073950524 1.007455073950524 0.006819574980964971
59770.647081384996 3.364 0.018999999999999906 1.0088302990382347 0.005471018161069536 1.0 1.007454961206204 1.007454961206204 0.0013753378320306986
59770.64709732842 3.364 0.018999999999999906 1.0055999048924043 0.00545659798430589 1.0 1.0074548484617811 1.0074548484617811 -0.0018549435693768768
59770.64711327184 3.364 0.018999999999999906 1.0234311007392252 0.006721115958483119 1.0 1.0074547357174097 1.0074547357174097 0.01597636502181543
59770.647129215264 3.364 0.018999999999999906 0.999836575785594 0.005447541373832393 1.0 1.0074546229730381 1.0074546229730381 -0.007618047187444077
59770.647145158684 3.364 0.018999999999999906 1.0210618248392132 0.006712734560185563 1.0 1.0074545102286667 1.0074545102286667 0.013607314610546428
59770.647161102104 3.364 0.018999999999999906 1.0067913830443402 0.005464007190654425 1.0 1.0074543974842953 1.0074543974842953 -0.0006630144399550897
59770.647177045525 3.364 0.018999999999999906 1.0090556606303547 0.005460358133637507 1.0 1.0074542847399237 1.0074542847399237 0.0016013758904309672
59770.64719298895 3.364 0.018999999999999906 0.9992845593949277 0.005439412286248542 1.0 1.0074541719955008 1.0074541719955008 -0.00816961260057314
59770.647208932365 3.364 0.018999999999999906 1.0069117604605071 0.005461126213677601 1.0 1.007454059251181 1.007454059251181 -0.0005422987906738008
59770.647224875785 3.364 0.018999999999999906 0.9974793240206943 0.0066577507033409675 1.0 1.0074539465068093 1.0074539465068093 -0.009974622486115026
59770.64724081921 3.364 0.018999999999999906 1.0046652761029233 0.00545461043878008 1.0 1.0074538337623864 1.0074538337623864 -0.0027885576594630646
59770.647256762626 3.364 0.018999999999999906 "" "" 1.0 1.0074537210180665 1.0074537210180665 ""
59770.64727270605 3.364 0.018999999999999906 1.0050209458962442 0.005453044348842168 1.0 1.0074536082736436 1.0074536082736436 -0.002432662377399364
59770.647288649474 3.364 0.018999999999999906 1.0028992115596447 0.005458622992300518 1.0 1.007453495529272 1.007453495529272 -0.004554283969627315
59770.647304592894 3.364 0.018999999999999906 1.0098497210390343 0.005475763714068293 1.0 1.0074533827849006 1.0074533827849006 0.0023963382541336564
59770.647320536315 3.364 0.018999999999999906 1.0101721582882803 0.005467473370624407 1.0 1.0074532700405292 1.0074532700405292 0.002718888247751128
59770.647336479735 3.364 0.018999999999999906 1.0054977068452602 0.005452807587831128 1.0 1.0074531572961578 1.0074531572961578 -0.0019554504508976223
59770.647352423155 3.364 0.018999999999999906 1.0138310608265608 0.0054855146943162784 1.0 1.0074530445517862 1.0074530445517862 0.006378016274774634
59770.647368366575 3.364 0.018999999999999906 1.0019492397185246 0.0054524282851005235 1.0 1.0074529318074148 1.0074529318074148 -0.005503692088890233
59770.64738431 3.364 0.018999999999999906 0.999607984056931 0.005442881108134943 1.0 1.0074528190629919 1.0074528190629919 -0.007844835006060924
59770.647400253416 3.364 0.018999999999999906 1.0101201876922952 0.005464888336551537 1.0 1.0074527063186718 1.0074527063186718 0.0026674813736233816
59770.64741619684 3.364 0.018999999999999906 1.0082388453632605 0.005462325961579021 1.0 1.0074525935742489 1.0074525935742489 0.0007862517890115939
59770.64743214026 3.364 0.018999999999999906 "" "" 1.0 1.007452480829929 1.007452480829929 ""
59770.64744808368 3.364 0.018999999999999906 1.0091920853176959 0.005462099208571334 1.0 1.0074523680855574 1.0074523680855574 0.0017397172321385046
59770.647464027104 3.364 0.018999999999999906 1.007628003714953 0.005460429577983584 1.0 1.0074522553411345 1.0074522553411345 0.00017574837381850728
59770.647479970525 3.364 0.018999999999999906 1.0126448480838672 0.005475779886486078 1.0 1.007452142596763 1.007452142596763 0.0051927054871041545
59770.647495913945 3.364 0.018999999999999906 1.0079681064000265 0.005475019653183078 1.0 1.0074520298523917 1.0074520298523917 0.0005160765476348583
59770.647511857365 3.364 0.018999999999999906 1.0035946998708107 0.005454599336761782 1.0 1.0074519171080203 1.0074519171080203 -0.0038572172372095537
59770.647527800786 3.364 0.018999999999999906 0.9979739451107018 0.005435860032829756 1.0 1.0074518043636487 1.0074518043636487 -0.009477859252946863
59770.647543744206 3.364 0.018999999999999906 1.0066098997718846 0.0054577183743671626 1.0 1.0074516916192773 1.0074516916192773 -0.0008417918473926367
