eureka_custom_plots/data/stage5_lcfit_results/S5_wasp39b_ap4_bg8_Table_Save_ch50.txt
# %ECSV 1.0
# ---
# datatype:
# - {name: time, datatype: float64}
# - {name: wavelength, datatype: float64}
# - {name: bin_width, datatype: float64}
# - {name: lcdata, datatype: float64}
# - {name: lcerr, datatype: float64}
# - {name: transit, datatype: float64}
# - {name: polynom, datatype: float64}
# - {name: model, datatype: float64}
# - {name: residuals, datatype: float64}
# schema: astropy-2.0
time wavelength bin_width lcdata lcerr transit polynom model residuals
[from data line 19919]
59770.96159722572 4.936 0.019000000000000128 1.018341256899318 0.010515509371747516 1.0 1.006040116059645 1.006040116059645 0.01230114083967293
59770.96161316914 4.936 0.019000000000000128 1.0100896486571442 0.010453175567992643 1.0 1.0060400766288835 1.0060400766288835 0.004049572028260728
59770.96162911256 4.936 0.019000000000000128 1.0119573128991801 0.010464930506326056 1.0 1.0060400371981042 1.0060400371981042 0.005917275701075919
59770.96164505598 4.936 0.019000000000000128 1.010693140442437 0.010439660087902845 1.0 1.006039997767325 1.006039997767325 0.004653142675112187
59770.96166099939 4.936 0.019000000000000128 1.0048486078392116 0.010440897191171127 1.0 1.0060399583365633 1.0060399583365633 -0.0011913504973517508
59770.96167694281 4.936 0.019000000000000128 1.0071316310142353 0.010427457420413597 1.0 1.006039918905784 1.006039918905784 0.0010917121084512704
59770.96169288622 4.936 0.019000000000000128 0.9968002704824044 0.010430202015279095 1.0 1.0060398794750225 1.0060398794750225 -0.009239608992618109
59770.96170882965 4.936 0.019000000000000128 1.0240103892489876 0.010504674256720836 1.0 1.0060398400442252 1.0060398400442252 0.017970549204762376
59770.961724773064 4.936 0.019000000000000128 1.0140078540694586 0.010481266169163695 1.0 1.0060398006134639 1.0060398006134639 0.007968053455994717
59770.961740716484 4.936 0.019000000000000128 1.0167596219310662 0.010453884615856841 1.0 1.0060397611826843 1.0060397611826843 0.010719860748381826
59770.961756659904 4.936 0.019000000000000128 1.0118368226743688 0.010433991782311079 1.0 1.006039721751905 1.006039721751905 0.0057971009224637715
59770.96177260332 4.936 0.019000000000000128 1.001769330090568 0.010441990813187117 1.0 1.0060396823211435 1.0060396823211435 -0.0042703522305755914
59770.96178854674 4.936 0.019000000000000128 1.013188529356237 0.010452301394621439 1.0 1.0060396428903642 1.0060396428903642 0.007148886465872861
59770.961804490165 4.936 0.019000000000000128 0.9998193544274366 0.01044373033033548 1.0 1.0060396034595667 1.0060396034595667 -0.006220249032130032
59770.96182043358 4.936 0.019000000000000128 1.0100351787129547 0.010469370972297765 1.0 1.0060395640288053 1.0060395640288053 0.003995614684149329
59770.96183637699 4.936 0.019000000000000128 1.0052197567922552 0.010458553381732901 1.0 1.006039524598044 1.006039524598044 -0.0008197678057888513
59770.96185232041 4.936 0.019000000000000128 0.9951715754707906 0.010439256739222991 1.0 1.0060394851672645 1.0060394851672645 -0.010867909696473887
59770.96186826383 4.936 0.019000000000000128 1.0004586925809444 0.010492881312298634 1.0 1.0060394457364852 1.0060394457364852 -0.005580753155540741
59770.96188420725 4.936 0.019000000000000128 0.9995521289436468 0.010460265840180682 1.0 1.0060394063057057 1.0060394063057057 -0.006487277362058896
59770.961900150665 4.936 0.019000000000000128 1.0220424893708375 0.01174822172879786 1.0 1.0060393668749443 1.0060393668749443 0.016003122495893196
59770.96191609409 4.936 0.019000000000000128 1.0106083792563463 0.010452420576885684 1.0 1.006039327444147 1.006039327444147 0.004569051812199243
59770.961932037506 4.936 0.019000000000000128 1.014014919105293 0.010468242370889122 1.0 1.0060392880133855 1.0060392880133855 0.007975631091907465
59770.96194798092 4.936 0.019000000000000128 1.0075938600813312 0.01043924497723743 1.0 1.0060392485826242 1.0060392485826242 0.0015546114987070592
59770.96196392435 4.936 0.019000000000000128 1.0024516990182588 0.010436849951536362 1.0 1.0060392091518267 1.0060392091518267 -0.0035875101335678394
59770.96197986776 4.936 0.019000000000000128 0.9943084819988282 0.010456945020742767 1.0 1.0060391697210653 1.0060391697210653 -0.011730687722237176
59770.96199581118 4.936 0.019000000000000128 0.9909795286944072 0.010416813790836053 1.0 1.006039130290286 1.006039130290286 -0.015059601595878824
59770.96201175459 4.936 0.019000000000000128 1.0159794801908881 0.010500475265149155 1.0 1.0060390908595245 1.0060390908595245 0.009940389331363653
59770.96202769802 4.936 0.019000000000000128 0.9875583653388907 0.01041792050502361 1.0 1.0060390514287272 1.0060390514287272 -0.01848068608983644
59770.96204364143 4.936 0.019000000000000128 1.0099651335822444 0.010430882522920579 1.0 1.0060390119979656 1.0060390119979656 0.003926121584278741
59770.96205958485 4.936 0.019000000000000128 0.9905102346339256 0.010401256539720532 1.0 1.0060389725672043 1.0060389725672043 -0.015528737933278691
59770.962075528274 4.936 0.019000000000000128 0.99723829089052 0.010429007067423491 1.0 1.006038933136407 1.006038933136407 -0.008800642245887058
59770.962091471694 4.936 0.019000000000000128 0.9955835559294769 0.01045270537998187 1.0 1.0060388937056275 1.0060388937056275 -0.010455337776150597
59770.96210741511 4.936 0.019000000000000128 1.0085435727203855 0.010467265902807745 1.0 1.0060388542748662 1.0060388542748662 0.0025047184455193605
59770.96212335853 4.936 0.019000000000000128 1.0124501329687323 0.010499327326911589 1.0 1.0060388148440866 1.0060388148440866 0.006411318124645682
59770.96213930195 4.936 0.019000000000000128 1.0107454153340796 0.01046448433055384 1.0 1.0060387754133073 1.0060387754133073 0.004706639920772249
59770.96215524536 4.936 0.019000000000000128 1.0156186839322936 0.010488446304990764 1.0 1.006038735982546 1.006038735982546 0.009579947949747591
59770.96217118878 4.936 0.019000000000000128 1.0091982820628116 0.010496612392105625 1.0 1.0060386965517665 1.0060386965517665 0.0031595855110451154
59770.9621871322 4.936 0.019000000000000128 1.0165210859176903 0.010463905410757732 1.0 1.0060386571209872 1.0060386571209872 0.010482428796703136
59770.96220307562 4.936 0.019000000000000128 1.0011777813088516 0.01042749971997862 1.0 1.0060386176902076 1.0060386176902076 -0.004860836381356037
59770.962219019035 4.936 0.019000000000000128 1.0245325976926278 0.010522917866529086 1.0 1.0060385782594463 1.0060385782594463 0.01849401943318152
59770.962234962455 4.936 0.019000000000000128 1.0071285618685948 0.01047321903398747 1.0 1.006038538828667 1.006038538828667 0.0010900230399277788
59770.962250905875 4.936 0.019000000000000128 1.0026463417959819 0.010395782418852957 1.0 1.0060384993978875 1.0060384993978875 -0.0033921576019055877
59770.962266849296 4.936 0.019000000000000128 1.0093840984454214 0.010483831126768095 1.0 1.0060384599671082 1.0060384599671082 0.003345638478313262
59770.962282792716 4.936 0.019000000000000128 1.0113114047821359 0.010452580602961191 1.0 1.0060384205363286 1.0060384205363286 0.005272984245807244
59770.96229873613 4.936 0.019000000000000128 1.0042261964687298 0.010406635901198127 1.0 1.0060383811055673 1.0060383811055673 -0.0018121846368375216
59770.96231467955 4.936 0.019000000000000128 0.9991022367002539 0.010430469674953155 1.0 1.006038341674788 1.006038341674788 -0.0069361049745341186
59770.96233062296 4.936 0.019000000000000128 1.0116411939415912 0.010459676824165416 1.0 1.0060383022440265 1.0060383022440265 0.0056028916975647824
59770.96234656639 4.936 0.019000000000000128 1.002973431762661 0.010429566563186072 1.0 1.0060382628132292 1.0060382628132292 -0.0030648310505680953
59770.9623625098 4.936 0.019000000000000128 0.995093922243461 0.010451314437923577 1.0 1.0060382233824676 1.0060382233824676 -0.010944301139006574
59770.96237845322 4.936 0.019000000000000128 1.0157341516822147 0.010461879500737807 1.0 1.0060381839516883 1.0060381839516883 0.00969596773052639
59770.96239439664 4.936 0.019000000000000128 1.0131008437351172 0.01051098924871147 1.0 1.0060381445209088 1.0060381445209088 0.007062699214208434
59770.96241034006 4.936 0.019000000000000128 1.0294311075215115 0.010509945130010795 1.0 1.0060381050901475 1.0060381050901475 0.023393002431363996
59770.96242628348 4.936 0.019000000000000128 0.9983685565885769 0.010455635246131014 1.0 1.0060380656593682 1.0060380656593682 -0.007669509070791225
59770.9624422269 4.936 0.019000000000000128 1.0082558807491815 0.010476693838076043 1.0 1.0060380262285886 1.0060380262285886 0.0022178545205928657
59770.96245817032 4.936 0.019000000000000128 1.0004853914775151 0.010468437885349026 1.0 1.0060379867978093 1.0060379867978093 -0.005552595320294174
59770.96247411373 4.936 0.019000000000000128 0.9997483873894675 0.010457936492519226 1.0 1.0060379473670478 1.0060379473670478 -0.006289559977580295
59770.96249005715 4.936 0.019000000000000128 1.0161208203266154 0.0104951588157861 1.0 1.0060379079362685 1.0060379079362685 0.010082912390346976
59770.96250600057 4.936 0.019000000000000128 0.9902749600777057 0.010405387663053748 1.0 1.0060378685054892 1.0060378685054892 -0.015762908427783495
59770.962521943984 4.936 0.019000000000000128 0.995091465403972 0.010443640322911578 1.0 1.0060378290747276 1.0060378290747276 -0.010946363670755632
59770.962537887404 4.936 0.019000000000000128 1.0108371947155677 0.01047559533479396 1.0 1.0060377896439483 1.0060377896439483 0.004799405071619356
59770.96255383083 4.936 0.019000000000000128 0.9986855062977059 0.010463844840350768 1.0 1.0060377502131508 1.0060377502131508 -0.007352243915444867
59770.962569774245 4.936 0.019000000000000128 1.005591109354035 0.010447265037201725 1.0 1.0060377107823895 1.0060377107823895 -0.0004466014283543984
59770.96258571766 4.936 0.019000000000000128 1.0047360332012034 0.010446280570033129 1.0 1.0060376713516281 1.0060376713516281 -0.001301638150424722
59770.962601661086 4.936 0.019000000000000128 1.008587178367908 0.010434596771648416 1.0 1.0060376319208306 1.0060376319208306 0.0025495464470772777
59770.9626176045 4.936 0.019000000000000128 0.9960848832176008 0.010412278448818903 1.0 1.0060375924900693 1.0060375924900693 -0.009952709272468496
59770.96263354792 4.936 0.019000000000000128 1.0271711325292598 0.010519254197048127 1.0 1.0060375530592898 1.0060375530592898 0.021133579469970076
59770.96264949133 4.936 0.019000000000000128 1.0144857332240014 0.010500345771318653 1.0 1.0060375136285284 1.0060375136285284 0.008448219595472928
59770.96266543476 4.936 0.019000000000000128 0.9913484172614982 0.01044941692294507 1.0 1.0060374741977312 1.0060374741977312 -0.014689056936232903
59770.96268137817 4.936 0.019000000000000128 1.006538310074267 0.01042972226724064 1.0 1.0060374347669696 1.0060374347669696 0.000500875307297477
59770.962697321585 4.936 0.019000000000000128 1.0004338147931673 0.010423363159786432 1.0 1.0060373953362083 1.0060373953362083 -0.005603580543040998
59770.96271326501 4.936 0.019000000000000128 1.0071045735283188 0.01047866011480073 1.0 1.0060373559054108 1.0060373559054108 0.0010672176229080677
59770.96272920843 4.936 0.019000000000000128 1.011414044252851 0.010478350879972974 1.0 1.0060373164746315 1.0060373164746315 0.005376727778219514
59770.962745151846 4.936 0.019000000000000128 0.9951197564075608 0.010441813548774109 1.0 1.0060372770438701 1.0060372770438701 -0.010917520636309352
59770.96276109527 4.936 0.019000000000000128 1.0135725950468082 0.010497939132500932 1.0 1.0060372376130906 1.0060372376130906 0.007535357433717582
59770.96277703869 4.936 0.019000000000000128 1.001089700675481 0.010485852156401227 1.0 1.0060371981823113 1.0060371981823113 -0.004947497506830212
59770.9627929821 4.936 0.019000000000000128 1.0030563618740165 0.010448667290851412 1.0 1.0060371587515498 1.0060371587515498 -0.002980796877533276
59770.96280892552 4.936 0.019000000000000128 0.9960720997148476 0.010409870769875582 1.0 1.0060371193207704 1.0060371193207704 -0.009965019605922887
59770.96282486894 4.936 0.019000000000000128 1.0131731592224544 0.010497526101285208 1.0 1.0060370798899911 1.0060370798899911 0.0071360793324632965
59770.96284081236 4.936 0.019000000000000128 1.0211359408266112 0.010474024374307486 1.0 1.0060370404592116 1.0060370404592116 0.015098900367399581
59770.962856755774 4.936 0.019000000000000128 1.002952588898718 0.010462226264747392 1.0 1.0060370010284503 1.0060370010284503 -0.003084412129732206
59770.962872699194 4.936 0.019000000000000128 1.005689950987639 0.01045917530478809 1.0 1.0060369615976708 1.0060369615976708 -0.0003470106100318393
59770.962888642614 4.936 0.019000000000000128 1.0185198562467577 0.010456835529558521 1.0 1.0060369221668914 1.0060369221668914 0.012482934079866226
59770.96290458603 4.936 0.019000000000000128 1.0082094075890082 0.010446125030259159 1.0 1.0060368827361301 1.0060368827361301 0.0021725248528781105
59770.962920529455 4.936 0.019000000000000128 0.9834540889803243 0.010374576872580352 1.0 1.0060368433053326 1.0060368433053326 -0.022582754325008336
59770.96293647287 4.936 0.019000000000000128 0.9967596846074314 0.010458028130107655 1.0 1.0060368038745713 1.0060368038745713 -0.009277119267139922
59770.96295241629 4.936 0.019000000000000128 1.0116157918130015 0.010450364559785397 1.0 1.0060367644437918 1.0060367644437918 0.005579027369209788
59770.9629683597 4.936 0.019000000000000128 1.0208778790496773 0.0116693451948459 1.0 1.0060367250130304 1.0060367250130304 0.014841154036646875
59770.96298430312 4.936 0.019000000000000128 0.9919612371013729 0.010441360280092116 1.0 1.006036685582251 1.006036685582251 -0.01407544848087805
59770.96300024654 4.936 0.019000000000000128 1.0201491351770207 0.010502819070231978 1.0 1.0060366461514716 1.0060366461514716 0.014112489025549069
59770.96301618996 4.936 0.019000000000000128 1.0131454644400946 0.010454177162474498 1.0 1.0060366067206923 1.0060366067206923 0.007108857719402284
59770.96303213338 4.936 0.019000000000000128 0.9965035847904402 0.010451044862071494 1.0 1.0060365672899128 1.0060365672899128 -0.009532982499472542
59770.963048076796 4.936 0.019000000000000128 0.9895212829941438 0.010409201902124729 1.0 1.0060365278591514 1.0060365278591514 -0.01651524486500766
59770.963064020216 4.936 0.019000000000000128 0.9968518749475865 0.010405457753252516 1.0 1.006036488428372 1.006036488428372 -0.009184613480785364
59770.963079963636 4.936 0.019000000000000128 0.9931433989301719 0.010425111979420941 1.0 1.0060364489975926 1.0060364489975926 -0.012893050067420697
59770.96309590706 4.936 0.019000000000000128 0.9841243952754947 0.010399066718035714 1.0 1.0060364095668133 1.0060364095668133 -0.021912014291318616
59770.96311185047 4.936 0.019000000000000128 1.0025928361314245 0.01047129046367788 1.0 1.0060363701360517 1.0060363701360517 -0.003443534004627269
59770.96312779389 4.936 0.019000000000000128 1.0048049424663592 0.01043710578742153 1.0 1.0060363307052724 1.0060363307052724 -0.0012313882389132225
59770.96314373731 4.936 0.019000000000000128 1.0060671433438795 0.010433523346502962 1.0 1.006036291274493 1.006036291274493 3.0852069386577696e-05
59770.96315968072 4.936 0.019000000000000128 1.0199273545624594 0.010495821441934852 1.0 1.0060362518437316 1.0060362518437316 0.013891102718727844
59770.96317562414 4.936 0.019000000000000128 1.0060009813948403 0.010455875786853655 1.0 1.0060362124129523 1.0060362124129523 -3.5231018111980816e-05
59770.96319156756 4.936 0.019000000000000128 1.023098054672002 0.010496823120106654 1.0 1.0060361729821727 1.0060361729821727 0.01706188168982936
59770.963207510984 4.936 0.019000000000000128 1.0000039783207966 0.010441114520242194 1.0 1.0060361335513934 1.0060361335513934 -0.006032155230596858
59770.9632234544 4.936 0.019000000000000128 1.0032559898224374 0.010407981466601986 1.0 1.0060360941206319 1.0060360941206319 -0.00278010429819453
59770.963239397825 4.936 0.019000000000000128 0.9937619115418875 0.010429985363077916 1.0 1.0060360546898346 1.0060360546898346 -0.012274143147947059
59770.96325534124 4.936 0.019000000000000128 0.9950999460307876 0.010426202244675437 1.0 1.0060360152590733 1.0060360152590733 -0.010936069228285716
59770.96327128466 4.936 0.019000000000000128 0.9979216842366915 0.010450985633746466 1.0 1.0060359758282937 1.0060359758282937 -0.008114291591602263
59770.96328722807 4.936 0.019000000000000128 1.009315779486644 0.010480484823487879 1.0 1.0060359363975324 1.0060359363975324 0.003279843089111667
