eureka_custom_plots/data/stage5_lcfit_results/S5_wasp39b_ap4_bg8_Table_Save_ch43.txt
# %ECSV 1.0
# ---
# datatype:
# - {name: time, datatype: float64}
# - {name: wavelength, datatype: float64}
# - {name: bin_width, datatype: float64}
# - {name: lcdata, datatype: float64}
# - {name: lcerr, datatype: float64}
# - {name: transit, datatype: float64}
# - {name: polynom, datatype: float64}
# - {name: model, datatype: float64}
# - {name: residuals, datatype: float64}
# schema: astropy-2.0
time wavelength bin_width lcdata lcerr transit polynom model residuals
[from data line 16121]
59770.90104412147 4.6675 0.019500000000000295 1.0062339581812219 0.00868238755252898 1.0 1.0061437270654172 1.0061437270654172 9.023111580463983e-05
59770.9010600649 4.6675 0.019500000000000295 1.0056860347247512 0.008682670735449633 1.0 1.0061436688202736 1.0061436688202736 -0.00045763409552246337
59770.90107600832 4.6675 0.019500000000000295 1.0095113452237396 0.009725656818672894 1.0 1.0061436105751567 1.0061436105751567 0.0033677346485829762
59770.90109195173 4.6675 0.019500000000000295 1.0074965873665827 0.008682963987590246 1.0 1.0061435523300661 1.0061435523300661 0.0013530350365165145
59770.90110789515 4.6675 0.019500000000000295 1.0168608840390754 0.008686788628314943 1.0 1.006143494084949 1.006143494084949 0.01071738995412641
59770.90112383857 4.6675 0.019500000000000295 1.0114056950455799 0.009711812187979297 1.0 1.006143435839832 1.006143435839832 0.0052622592057478546
59770.90113978199 4.6675 0.019500000000000295 1.0018612332570425 0.00867531489108767 1.0 1.0061433775947148 1.0061433775947148 -0.004282144337672378
59770.90115572541 4.6675 0.019500000000000295 1.0050853664045347 0.008656820073004697 1.0 1.0061433193495979 1.0061433193495979 -0.0010579529450631675
59770.901171668826 4.6675 0.019500000000000295 1.0026812474290616 0.008689493570761778 1.0 1.0061432611045074 1.0061432611045074 -0.003462013675445741
59770.90118761225 4.6675 0.019500000000000295 1.0047780075615858 0.008658080812519947 1.0 1.0061432028593638 1.0061432028593638 -0.0013651952977780102
59770.901203555666 4.6675 0.019500000000000295 1.013630675427067 0.008696446787939082 1.0 1.0061431446142732 1.0061431446142732 0.007487530812793741
59770.90121949908 4.6675 0.019500000000000295 1.0085446178710469 0.008671300232950154 1.0 1.0061430863691827 1.0061430863691827 0.0024015315018641736
59770.90123544251 4.6675 0.019500000000000295 1.0186895039427173 0.008707870928935683 1.0 1.006143028124039 1.006143028124039 0.012546475818678182
59770.90125138592 4.6675 0.019500000000000295 1.010784787740051 0.008685660576822752 1.0 1.0061429698789488 1.0061429698789488 0.004641817861102293
59770.90126732934 4.6675 0.019500000000000295 1.0073195149815104 0.008655972823639856 1.0 1.0061429116338316 1.0061429116338316 0.001176603347678773
59770.90128327276 4.6675 0.019500000000000295 0.9877538045649852 0.008618980200082425 1.0 1.0061428533887147 1.0061428533887147 -0.018389048823729492
59770.90129921618 4.6675 0.019500000000000295 1.0012247672795827 0.008674185470456165 1.0 1.0061427951435975 1.0061427951435975 -0.004918027864014851
59770.9013151596 4.6675 0.019500000000000295 1.006977794411483 0.008678819694762524 1.0 1.0061427368984805 1.0061427368984805 0.0008350575130025018
59770.901331103014 4.6675 0.019500000000000295 0.998726432502926 0.008650706232396298 1.0 1.00614267865339 1.00614267865339 -0.00741624615046399
59770.901347046434 4.6675 0.019500000000000295 0.9976814202148884 0.008648038243407014 1.0 1.0061426204082728 1.0061426204082728 -0.008461200193384477
59770.90136298986 4.6675 0.019500000000000295 1.0080539926273417 0.008681495912306214 1.0 1.0061425621631293 1.0061425621631293 0.0019114304642124935
59770.901378933275 4.6675 0.019500000000000295 0.991498257525392 0.008622583099082174 1.0 1.0061425039180387 1.0061425039180387 -0.01464424639264672
59770.90139487669 4.6675 0.019500000000000295 0.9985477124854986 0.008657027970534767 1.0 1.0061424456729484 1.0061424456729484 -0.007594733187449854
59770.901410820115 4.6675 0.019500000000000295 1.0093848642907142 0.008699115719953656 1.0 1.0061423874278046 1.0061423874278046 0.0032424768629095713
59770.90142676353 4.6675 0.019500000000000295 1.0108125161769954 0.008710219786970421 1.0 1.0061423291827143 1.0061423291827143 0.0046701869942811225
59770.901442706956 4.6675 0.019500000000000295 1.0039522886313434 0.008679857431071884 1.0 1.0061422709375705 1.0061422709375705 -0.002189982306227023
59770.90145865037 4.6675 0.019500000000000295 0.9923542548662316 0.008654511023840985 1.0 1.0061422126924802 1.0061422126924802 -0.013787957826248531
59770.90147459379 4.6675 0.019500000000000295 1.0179687273387663 0.008693258222568064 1.0 1.006142154447363 1.006142154447363 0.01182657289140332
59770.90149053721 4.6675 0.019500000000000295 1.0103205589183897 0.00869661626366788 1.0 1.006142096202246 1.006142096202246 0.004178462716143638
59770.90150648062 4.6675 0.019500000000000295 1.0021483571437513 0.00867154534340458 1.0 1.0061420379571555 1.0061420379571555 -0.003993680813404232
59770.90152242404 4.6675 0.019500000000000295 1.0179820541842586 0.008693438180323448 1.0 1.0061419797120386 1.0061419797120386 0.011840074472220019
59770.90153836747 4.6675 0.019500000000000295 1.017087889911432 0.008707333622538468 1.0 1.0061419214668947 1.0061419214668947 0.010945968444537213
59770.90155431088 4.6675 0.019500000000000295 0.9966742627109316 0.008660227268188242 1.0 1.0061418632218044 1.0061418632218044 -0.009467600510872809
59770.9015702543 4.6675 0.019500000000000295 1.009422179316487 0.008665925648736174 1.0 1.006141804976714 1.006141804976714 0.003280374339773129
59770.901586197724 4.6675 0.019500000000000295 0.9902107331581761 0.008641460443575472 1.0 1.0061417467315703 1.0061417467315703 -0.015931013573394215
59770.90160214114 4.6675 0.019500000000000295 1.0049403303990856 0.008683055024537163 1.0 1.0061416884864798 1.0061416884864798 -0.0012013580873941887
59770.901618084565 4.6675 0.019500000000000295 1.0013788271794488 0.008679314026431963 1.0 1.0061416302413362 1.0061416302413362 -0.004762803061887366
59770.90163402798 4.6675 0.019500000000000295 1.003708216618164 0.008670651450560908 1.0 1.0061415719962457 1.0061415719962457 -0.0024333553780817585
59770.9016499714 4.6675 0.019500000000000295 0.9938217105178375 0.008661441288732653 1.0 1.0061415137511285 1.0061415137511285 -0.01231980323329096
59770.90166591482 4.6675 0.019500000000000295 1.0022891015919773 0.008661250604484564 1.0 1.0061414555060115 1.0061414555060115 -0.0038523539140342677
59770.90168185823 4.6675 0.019500000000000295 1.0061032361687603 0.008670697113220178 1.0 1.006141397260921 1.006141397260921 -3.816109216070451e-05
59770.90169780165 4.6675 0.019500000000000295 1.01103970058844 0.008693561088820426 1.0 1.006141339015804 1.006141339015804 0.004898361572635901
59770.90171374507 4.6675 0.019500000000000295 1.0055678213010526 0.00866241743174215 1.0 1.0061412807706869 1.0061412807706869 -0.0005734594696342743
59770.90172968849 4.6675 0.019500000000000295 1.0087541108658165 0.008690339627378306 1.0 1.00614122252557 1.00614122252557 0.002612888340246533
59770.901745631905 4.6675 0.019500000000000295 1.0081308396079245 0.008685413193489006 1.0 1.0061411642804794 1.0061411642804794 0.001989675327445095
59770.90176157533 4.6675 0.019500000000000295 0.999889604198 0.008654411442704412 1.0 1.0061411060353358 1.0061411060353358 -0.0062515018373358044
59770.901777518746 4.6675 0.019500000000000295 1.0068393315191546 0.008673663505025834 1.0 1.0061410477902453 1.0061410477902453 0.0006982837289093435
59770.901793462166 4.6675 0.019500000000000295 1.0082352705514341 0.009723921863335885 1.0 1.006140989545128 1.006140989545128 0.0020942810063060424
59770.90180940559 4.6675 0.019500000000000295 1.0196023770131162 0.008712315231974148 1.0 1.0061409313000111 1.0061409313000111 0.013461445713105036
59770.90182534901 4.6675 0.019500000000000295 0.9932747105075056 0.00866925572818091 1.0 1.0061408730548942 1.0061408730548942 -0.012866162547388593
59770.90184129243 4.6675 0.019500000000000295 0.998316800700406 0.008644780494785577 1.0 1.006140814809777 1.006140814809777 -0.007824014109371058
59770.90185723584 4.6675 0.019500000000000295 1.0121092034088646 0.008698157362050289 1.0 1.0061407565646865 1.0061407565646865 0.005968446844178077
59770.90187317926 4.6675 0.019500000000000295 1.0035739887658373 0.00868672267443623 1.0 1.0061406983195695 1.0061406983195695 -0.0025667095537322826
59770.90188912268 4.6675 0.019500000000000295 1.0113558245755885 0.008671026489952664 1.0 1.0061406400744524 1.0061406400744524 0.005215184501136116
59770.9019050661 4.6675 0.019500000000000295 1.0131639387996008 0.008698236820366089 1.0 1.0061405818293354 1.0061405818293354 0.007023356970265349
59770.90192100952 4.6675 0.019500000000000295 1.0086542115705774 0.008680551299511525 1.0 1.0061405235842182 1.0061405235842182 0.002513687986359203
59770.90193695294 4.6675 0.019500000000000295 1.0059367804140948 0.00867642923047415 1.0 1.0061404653391013 1.0061404653391013 -0.00020368492500644209
59770.901952896354 4.6675 0.019500000000000295 1.0095270443312454 0.008658253599836152 1.0 1.0061404070940108 1.0061404070940108 0.0033866372372346465
59770.901968839775 4.6675 0.019500000000000295 1.0080414061306355 0.008676549855835746 1.0 1.0061403488488938 1.0061403488488938 0.0019010572817417248
59770.901984783195 4.6675 0.019500000000000295 1.0020949330398454 0.00868255919211779 1.0 1.0061402906037766 1.0061402906037766 -0.004045357563931207
59770.90200072661 4.6675 0.019500000000000295 0.9993911357195464 0.00863124807497825 1.0 1.006140232358686 1.006140232358686 -0.006749096639139696
59770.902016670036 4.6675 0.019500000000000295 0.9983039165369102 0.008673865780172308 1.0 1.0061401741135425 1.0061401741135425 -0.00783625757663231
59770.90203261345 4.6675 0.019500000000000295 0.9934449034866079 0.00863341160166081 1.0 1.006140115868452 1.006140115868452 -0.012695212381844123
59770.90204855687 4.6675 0.019500000000000295 0.996044405700217 0.008646386550642645 1.0 1.006140057623335 1.006140057623335 -0.01009565192311801
59770.90206450029 4.6675 0.019500000000000295 1.0196121341193995 0.008707946023550364 1.0 1.0061399993782179 1.0061399993782179 0.013472134741181696
59770.90208044371 4.6675 0.019500000000000295 1.0081958757581249 0.008673956061571095 1.0 1.006139941133101 1.006139941133101 0.0020559346250239585
59770.90209638713 4.6675 0.019500000000000295 1.0027112346522213 0.0086663033258058 1.0 1.0061398828879837 1.0061398828879837 -0.003428648235762388
59770.90211233055 4.6675 0.019500000000000295 0.998234405955273 0.008641053382937644 1.0 1.0061398246428668 1.0061398246428668 -0.007905418687593757
59770.90212827396 4.6675 0.019500000000000295 1.022589095391011 0.008703566726551919 1.0 1.0061397663977762 1.0061397663977762 0.016449328993234813
59770.90214421738 4.6675 0.019500000000000295 1.0265002743376008 0.008727206929183972 1.0 1.0061397081526593 1.0061397081526593 0.02036056618494153
59770.902160160804 4.6675 0.019500000000000295 1.0053465753488626 0.008667968027531812 1.0 1.0061396499075421 1.0061396499075421 -0.0007930745586794963
59770.90217610422 4.6675 0.019500000000000295 1.0004413004408776 0.00865783126068679 1.0 1.0061395916624518 1.0061395916624518 -0.00569829122157417
59770.902192047644 4.6675 0.019500000000000295 0.9852191065007294 0.00864281794366075 1.0 1.006139533417308 1.006139533417308 -0.020920426916578583
59770.90220799106 4.6675 0.019500000000000295 1.0237685227388837 0.008726078574828522 1.0 1.0061394751722177 1.0061394751722177 0.017629047566666056
59770.90222393448 4.6675 0.019500000000000295 1.0048694937368108 0.008682887251097946 1.0 1.0061394169271005 1.0061394169271005 -0.0012699231902897345
59770.9022398779 4.6675 0.019500000000000295 1.0076220864888124 0.00867692140958323 1.0 1.0061393586819836 1.0061393586819836 0.0014827278068287875
59770.90225582131 4.6675 0.019500000000000295 1.0142278015319202 0.008688001102080307 1.0 1.006139300436893 1.006139300436893 0.008088501095027123
59770.90227176474 4.6675 0.019500000000000295 0.997601996641054 0.008636502295881341 1.0 1.0061392421917494 1.0061392421917494 -0.00853724555069546
59770.90228770816 4.6675 0.019500000000000295 1.0190517168319158 0.008715720180371762 1.0 1.0061391839466323 1.0061391839466323 0.01291253288528349
59770.90230365157 4.6675 0.019500000000000295 1.023412239560068 0.00875146414381321 1.0 1.0061391257015417 1.0061391257015417 0.017273113858526257
59770.90231959499 4.6675 0.019500000000000295 1.0152846317561204 0.00872074414417435 1.0 1.0061390674564248 1.0061390674564248 0.009145564299695597
59770.90233553841 4.6675 0.019500000000000295 1.0072187387174356 0.008692385524847248 1.0 1.0061390092113076 1.0061390092113076 0.0010797295061280021
59770.902351481825 4.6675 0.019500000000000295 0.9905575236817615 0.008628735349061141 1.0 1.0061389509662173 1.0061389509662173 -0.015581427284455773
59770.90236742525 4.6675 0.019500000000000295 1.00956202010466 0.008670775106367072 1.0 1.0061388927210735 1.0061388927210735 0.0034231273835865217
59770.902383368666 4.6675 0.019500000000000295 1.0025699202834597 0.008694136217018198 1.0 1.0061388344759832 1.0061388344759832 -0.0035689141925234757
59770.902399312086 4.6675 0.019500000000000295 1.018102965831089 0.008685473956699963 1.0 1.006138776230866 1.006138776230866 0.011964189600222941
59770.90241525551 4.6675 0.019500000000000295 1.0115945033626974 0.008690594384230517 1.0 1.006138717985749 1.006138717985749 0.005455785376948352
59770.90243119892 4.6675 0.019500000000000295 1.009546101588947 0.008678338891069563 1.0 1.0061386597406585 1.0061386597406585 0.0034074418482885616
59770.90244714235 4.6675 0.019500000000000295 1.014494583770766 0.008685276446789595 1.0 1.006138601495515 1.006138601495515 0.008355982275251028
59770.90246308576 4.6675 0.019500000000000295 1.0175483587902547 0.008702229494780977 1.0 1.0061385432504244 1.0061385432504244 0.011409815539830337
59770.90247902918 4.6675 0.019500000000000295 1.008969658085026 0.008672476181590678 1.0 1.0061384850053074 1.0061384850053074 0.0028311730797185852
59770.9024949726 4.6675 0.019500000000000295 "" "" 1.0 1.0061384267601903 1.0061384267601903 ""
59770.90251091602 4.6675 0.019500000000000295 1.020667644902991 0.008715690738033414 1.0 1.0061383685150733 1.0061383685150733 0.014529276387917678
59770.902526859434 4.6675 0.019500000000000295 0.9980598125897411 0.008656124483442305 1.0 1.0061383102699828 1.0061383102699828 -0.008078497680241714
59770.90254280286 4.6675 0.019500000000000295 0.9893698803454511 0.009639911608442327 1.0 1.0061382520248392 1.0061382520248392 -0.01676837167938805
59770.902558746275 4.6675 0.019500000000000295 0.9976640252718795 0.008665287113750905 1.0 1.0061381937797487 1.0061381937797487 -0.008474168507869195
59770.9025746897 4.6675 0.019500000000000295 1.0014573751040938 0.008670528259451398 1.0 1.006138135534605 1.006138135534605 -0.004680760430511244
59770.902590633115 4.6675 0.019500000000000295 0.9992973712686549 0.008661203512283161 1.0 1.0061380772895145 1.0061380772895145 -0.0068407060208596215
59770.90260657653 4.6675 0.019500000000000295 1.01176340224752 0.008686736219737243 1.0 1.006138019044424 1.006138019044424 0.005625383203095913
59770.902622519956 4.6675 0.019500000000000295 1.0088592372039755 0.008680664585424908 1.0 1.0061379607992804 1.0061379607992804 0.0027212764046951055
59770.90263846337 4.6675 0.019500000000000295 1.0058301031834391 0.008671578239832927 1.0 1.00613790255419 1.00613790255419 -0.0003077993707507609
59770.90265440679 4.6675 0.019500000000000295 0.9985886336600263 0.008676401138332795 1.0 1.006137844309073 1.006137844309073 -0.007549210649046678
59770.90267035021 4.6675 0.019500000000000295 0.9893846111982358 0.009618671991018193 1.0 1.0061377860639558 1.0061377860639558 -0.016753174865719922
59770.90268629363 4.6675 0.019500000000000295 1.0099584927517171 0.008684029234817635 1.0 1.0061377278188388 1.0061377278188388 0.0038207649328783067
59770.90270223704 4.6675 0.019500000000000295 1.013156568776563 0.008693578584606015 1.0 1.0061376695737483 1.0061376695737483 0.007018899202814621
59770.90271818046 4.6675 0.019500000000000295 0.9990773683233521 0.008678987156854822 1.0 1.006137611328631 1.006137611328631 -0.0070602430052789655
59770.90273412388 4.6675 0.019500000000000295 0.9908895156636811 0.008636840492888763 1.0 1.0061375530835142 1.0061375530835142 -0.01524803741983305
