eureka_custom_plots/data/stage5_lcfit_results/S5_wasp39b_ap4_bg8_Table_Save_ch39.txt
# %ECSV 1.0
# ---
# datatype:
# - {name: time, datatype: float64}
# - {name: wavelength, datatype: float64}
# - {name: bin_width, datatype: float64}
# - {name: lcdata, datatype: float64}
# - {name: lcerr, datatype: float64}
# - {name: transit, datatype: float64}
# - {name: polynom, datatype: float64}
# - {name: model, datatype: float64}
# - {name: residuals, datatype: float64}
# schema: astropy-2.0
time wavelength bin_width lcdata lcerr transit polynom model residuals
[from data line 17634]
59770.9251665142 4.514 0.019000000000000128 1.0235145995900057 0.007985947283699146 1.0 1.006146201168988 1.006146201168988 0.017368398421017783
59770.92518245761 4.514 0.019000000000000128 1.008811375893248 0.007974403457720217 1.0 1.0061461536339467 1.0061461536339467 0.0026652222593013253
59770.92519840103 4.514 0.019000000000000128 1.0085314507546221 0.007969091225130183 1.0 1.0061461060988837 1.0061461060988837 0.002385344655738475
59770.925214344454 4.514 0.019000000000000128 1.0068825435205262 0.007973378911833206 1.0 1.0061460585638207 1.0061460585638207 0.0007364849567055298
59770.92523028787 4.514 0.019000000000000128 1.006843255483943 0.00795253434221913 1.0 1.0061460110287794 1.0061460110287794 0.0006972444551636148
59770.92524623129 4.514 0.019000000000000128 1.0008457930508357 0.007952415860140092 1.0 1.0061459634937164 1.0061459634937164 -0.0053001704428807805
59770.925262174715 4.514 0.019000000000000128 1.0129150213348708 0.007950210307431132 1.0 1.0061459159586317 1.0061459159586317 0.006769105376239093
59770.92527811813 4.514 0.019000000000000128 1.003745342487965 0.00797013970363103 1.0 1.0061458684235904 1.0061458684235904 -0.0024005259356254527
59770.92529406154 4.514 0.019000000000000128 1.0011332118863743 0.007952310798885715 1.0 1.0061458208885492 1.0061458208885492 -0.005012609002174928
59770.92531000497 4.514 0.019000000000000128 0.9892491489607665 0.008877594458723099 1.0 1.0061457733534644 1.0061457733534644 -0.0168966243926979
59770.92532594838 4.514 0.019000000000000128 1.0082404809057541 0.007971922737219366 1.0 1.0061457258184232 1.0061457258184232 0.002094755087330924
59770.9253418918 4.514 0.019000000000000128 1.0134934496882957 0.007988446756460566 1.0 1.0061456782833602 1.0061456782833602 0.007347771404935477
59770.92535783522 4.514 0.019000000000000128 1.0233817625619406 0.00801244252642019 1.0 1.0061456307482972 1.0061456307482972 0.017236131813643363
59770.92537377864 4.514 0.019000000000000128 1.0195236156077576 0.007985967065569347 1.0 1.0061455832132342 1.0061455832132342 0.013378032394523398
59770.925389722055 4.514 0.019000000000000128 1.0002834794543474 0.00792333176550598 1.0 1.006145535678193 1.006145535678193 -0.005862056223845613
59770.925405665475 4.514 0.019000000000000128 1.0190100834279459 0.007988800018531233 1.0 1.00614548814313 1.00614548814313 0.012864595284815872
59770.925421608896 4.514 0.019000000000000128 1.0020839193279298 0.007958103122942631 1.0 1.006145440608067 1.006145440608067 -0.004061521280137148
59770.925437552316 4.514 0.019000000000000128 1.0024224704089983 0.007943072483007392 1.0 1.006145393073004 1.006145393073004 -0.0037229226640056456
59770.925453495736 4.514 0.019000000000000128 1.00095432401771 0.007962818329137174 1.0 1.006145345537941 1.006145345537941 -0.005191021520231098
59770.92546943915 4.514 0.019000000000000128 1.0110984676486265 0.007969000602098323 1.0 1.0061452980028998 1.0061452980028998 0.004953169645726785
59770.92548538257 4.514 0.019000000000000128 1.0020508789624147 0.007957322672626128 1.0 1.0061452504678368 1.0061452504678368 -0.004094371505422023
59770.92550132599 4.514 0.019000000000000128 1.0209975777608227 0.007997276474765272 1.0 1.0061452029327738 1.0061452029327738 0.014852374828048909
59770.92551726941 4.514 0.019000000000000128 1.0029959528900492 0.007940473252167613 1.0 1.0061451553977108 1.0061451553977108 -0.003149202507661597
59770.92553321282 4.514 0.019000000000000128 0.9987750344985411 0.007959018165693676 1.0 1.0061451078626695 1.0061451078626695 -0.007370073364128427
59770.92554915625 4.514 0.019000000000000128 1.0048210447328234 0.00796474440217871 1.0 1.0061450603275848 1.0061450603275848 -0.001324015594761363
59770.925565099664 4.514 0.019000000000000128 1.0080261992038404 0.007943010835945048 1.0 1.0061450127925435 1.0061450127925435 0.0018811864112968646
59770.92558104308 4.514 0.019000000000000128 1.0084802539425195 0.007965556936870512 1.0 1.006144965257502 1.006144965257502 0.0023352886850174226
59770.925596986504 4.514 0.019000000000000128 0.9931978928419325 0.007915135851375193 1.0 1.0061449177224175 1.0061449177224175 -0.012947024880485047
59770.92561292992 4.514 0.019000000000000128 1.0031620052297812 0.007941274927915786 1.0 1.0061448701873763 1.0061448701873763 -0.002982864957595144
59770.92562887334 4.514 0.019000000000000128 1.002374056279987 0.007922672786305969 1.0 1.0061448226523133 1.0061448226523133 -0.0037707663723263174
59770.92564481676 4.514 0.019000000000000128 1.004533206869325 0.007943605844375009 1.0 1.0061447751172503 1.0061447751172503 -0.00161156824792541
59770.92566076018 4.514 0.019000000000000128 1.010226909398275 0.007957194071062105 1.0 1.0061447275821873 1.0061447275821873 0.00408218181608766
59770.92567670359 4.514 0.019000000000000128 0.9988964061206544 0.007932376732818637 1.0 1.0061446800471459 1.0061446800471459 -0.007248273926491411
59770.92569264701 4.514 0.019000000000000128 1.008856151078053 0.007965485887102072 1.0 1.0061446325120829 1.0061446325120829 0.0027115185659700725
59770.92570859043 4.514 0.019000000000000128 1.008472296385102 0.007959607157090185 1.0 1.00614458497702 1.00614458497702 0.002327711408081967
59770.92572453386 4.514 0.019000000000000128 1.0040238630957743 0.00796701232313253 1.0 1.0061445374419353 1.0061445374419353 -0.0021206743461610333
59770.92574047727 4.514 0.019000000000000128 0.9925230476961608 0.007932954333832272 1.0 1.006144489906894 1.006144489906894 -0.013621442210733248
59770.925756420686 4.514 0.019000000000000128 0.9995679365210858 0.007940232285936735 1.0 1.0061444423718526 1.0061444423718526 -0.006576505850766856
59770.92577236411 4.514 0.019000000000000128 1.0079673291949753 0.007963870387271478 1.0 1.006144394836768 1.006144394836768 0.00182293435820724
59770.925788307526 4.514 0.019000000000000128 1.0001910656307116 0.007946509067598518 1.0 1.0061443473017266 1.0061443473017266 -0.005953281671015054
59770.92580425095 4.514 0.019000000000000128 1.0160062709255504 0.00797679582607994 1.0 1.0061442997666636 1.0061442997666636 0.009861971158886762
59770.92582019437 4.514 0.019000000000000128 1.0105743270648544 0.007958715152390569 1.0 1.0061442522316009 1.0061442522316009 0.004430074833253528
59770.92583613779 4.514 0.019000000000000128 1.0077420912685817 0.007962601788962478 1.0 1.0061442046965379 1.0061442046965379 0.0015978865720438495
59770.9258520812 4.514 0.019000000000000128 1.008444855273408 0.007957823736077908 1.0 1.0061441571614964 1.0061441571614964 0.002300698111911581
59770.92586802462 4.514 0.019000000000000128 1.009295777564318 0.007957035659450119 1.0 1.0061441096264334 1.0061441096264334 0.0031516679378846835
59770.92588396804 4.514 0.019000000000000128 1.0253839555162692 0.00801548388271571 1.0 1.0061440620913704 1.0061440620913704 0.019239893424898735
59770.92589991145 4.514 0.019000000000000128 1.0129570604716254 0.00795783502644549 1.0 1.0061440145563292 1.0061440145563292 0.00681304591529619
59770.92591585488 4.514 0.019000000000000128 1.011916444148444 0.007999744004929622 1.0 1.0061439670212444 1.0061439670212444 0.005772477127199638
59770.925931798294 4.514 0.019000000000000128 1.0011142807021214 0.007946762966079553 1.0 1.0061439194862032 1.0061439194862032 -0.005029638784081802
59770.925947741714 4.514 0.019000000000000128 0.9971575450219007 0.007930903022421588 1.0 1.0061438719511402 1.0061438719511402 -0.008986326929239508
59770.925963685135 4.514 0.019000000000000128 1.008614487416352 0.007965672978908217 1.0 1.0061438244160772 1.0061438244160772 0.0024706630002748753
59770.925979628555 4.514 0.019000000000000128 1.0008132194490167 0.007975506835197576 1.0 1.0061437768810142 1.0061437768810142 -0.005330557431997507
59770.92599557197 4.514 0.019000000000000128 0.9966042281569807 0.007932035770249524 1.0 1.006143729345973 1.006143729345973 -0.009539501188992272
59770.926011515396 4.514 0.019000000000000128 1.0012251917995592 0.007926582102084165 1.0 1.0061436818108882 1.0061436818108882 -0.004918490011329046
59770.92602745881 4.514 0.019000000000000128 1.012051306486135 0.007946928257559457 1.0 1.006143634275847 1.006143634275847 0.005907672210287984
59770.92604340222 4.514 0.019000000000000128 1.011200568834024 0.007966468341093089 1.0 1.0061435867408057 1.0061435867408057 0.005056982093218254
59770.92605934565 4.514 0.019000000000000128 1.0078215154602692 0.007964981987088412 1.0 1.006143539205721 1.006143539205721 0.0016779762545482413
59770.92607528906 4.514 0.019000000000000128 1.0130215821219086 0.007979697693859032 1.0 1.0061434916706797 1.0061434916706797 0.006878090451228891
59770.92609123248 4.514 0.019000000000000128 1.0033602184308843 0.007941271977692132 1.0 1.0061434441356167 1.0061434441356167 -0.0027832257047324394
59770.9261071759 4.514 0.019000000000000128 1.0136961554661903 0.007955971910996734 1.0 1.0061433966005537 1.0061433966005537 0.007552758865636555
59770.92612311932 4.514 0.019000000000000128 1.023983332234678 0.007988910004205386 1.0 1.0061433490654907 1.0061433490654907 0.017839983169187335
59770.926139062736 4.514 0.019000000000000128 0.9999384519943632 0.007950232518601831 1.0 1.0061433015304495 1.0061433015304495 -0.006204849536086354
59770.92615500616 4.514 0.019000000000000128 1.0185053661536587 0.007985494293033937 1.0 1.0061432539953865 1.0061432539953865 0.01236211215827221
59770.92617094958 4.514 0.019000000000000128 1.0071585293655931 0.007969964104949307 1.0 1.0061432064603235 1.0061432064603235 0.0010153229052696222
59770.926186893 4.514 0.019000000000000128 1.0082538025661105 0.00796804804965152 1.0 1.0061431589252605 1.0061431589252605 0.0021106436408500073
59770.92620283642 4.514 0.019000000000000128 0.9918913967967429 0.00792319832797191 1.0 1.0061431113901975 1.0061431113901975 -0.014251714593454645
59770.92621877983 4.514 0.019000000000000128 1.023621476343587 0.00799097331121961 1.0 1.0061430638551563 1.0061430638551563 0.017478412488430628
59770.92623472325 4.514 0.019000000000000128 1.0163915588271042 0.007977023692971201 1.0 1.0061430163200933 1.0061430163200933 0.010248542507010905
59770.92625066667 4.514 0.019000000000000128 1.016230946529005 0.007996527035625867 1.0 1.0061429687850303 1.0061429687850303 0.01008797774397463
59770.92626661009 4.514 0.019000000000000128 1.0113041463043588 0.00797039351882258 1.0 1.0061429212499673 1.0061429212499673 0.005161225054391538
59770.926282553504 4.514 0.019000000000000128 1.0150019023819457 0.007970385428565369 1.0 1.006142873714926 1.006142873714926 0.008859028667019597
59770.92629849693 4.514 0.019000000000000128 1.019574717866286 0.0079778388635522 1.0 1.0061428261798413 1.0061428261798413 0.013431891686444652
59770.926314440345 4.514 0.019000000000000128 1.0121841754972254 0.008915429592504034 1.0 1.0061427786448 1.0061427786448 0.006041396852425329
59770.92633038376 4.514 0.019000000000000128 1.0087738415956171 0.007948656156093708 1.0 1.0061427311097586 1.0061427311097586 0.002631110485858512
59770.926346327185 4.514 0.019000000000000128 1.0082651690340552 0.007950086560743013 1.0 1.006142683574674 1.006142683574674 0.002122485459381096
59770.9263622706 4.514 0.019000000000000128 1.0098937235950376 0.00797073678356597 1.0 1.0061426360396328 1.0061426360396328 0.003751087555404764
59770.92637821402 4.514 0.019000000000000128 0.9969759568443192 0.007932183598633532 1.0 1.0061425885045698 1.0061425885045698 -0.009166631660250668
59770.92639415744 4.514 0.019000000000000128 0.9884048898583863 0.007907457262374372 1.0 1.0061425409695068 1.0061425409695068 -0.017737651111120578
59770.92641010086 4.514 0.019000000000000128 1.013000371540756 0.007982592865312051 1.0 1.0061424934344438 1.0061424934344438 0.006857878106312221
59770.92642604427 4.514 0.019000000000000128 0.9975407130112534 0.007927138291326248 1.0 1.0061424458994024 1.0061424458994024 -0.008601732888149027
59770.9264419877 4.514 0.019000000000000128 1.005493305923875 0.007958307766233947 1.0 1.0061423983643178 1.0061423983643178 -0.0006490924404427556
59770.92645793111 4.514 0.019000000000000128 1.0067891759923808 0.007949895548696906 1.0 1.0061423508292766 1.0061423508292766 0.0006468251631042143
59770.92647387453 4.514 0.019000000000000128 0.9990174660530126 0.007947023792371012 1.0 1.0061423032942136 1.0061423032942136 -0.007124837241201054
59770.92648981795 4.514 0.019000000000000128 1.0008145820765404 0.00794769261775137 1.0 1.0061422557591506 1.0061422557591506 -0.005327673682610223
59770.92650576137 4.514 0.019000000000000128 1.0087701629657726 0.00796829029066228 1.0 1.0061422082241092 1.0061422082241092 0.002627954741663441
59770.92652170479 4.514 0.019000000000000128 1.0084315266958386 0.007962858982404022 1.0 1.0061421606890462 1.0061421606890462 0.002289366006792415
59770.92653764821 4.514 0.019000000000000128 0.9947994787118934 0.007927742453444287 1.0 1.0061421131539832 1.0061421131539832 -0.011342634442089716
59770.92655359163 4.514 0.019000000000000128 1.0097768381070558 0.007958113440794395 1.0 1.0061420656189202 1.0061420656189202 0.003634772488135596
59770.92656953505 4.514 0.019000000000000128 1.0185955919469074 0.007976784266894485 1.0 1.0061420180838574 1.0061420180838574 0.012453573863050016
59770.92658547847 4.514 0.019000000000000128 1.0089984914576688 0.007953021152081794 1.0 1.0061419705487944 1.0061419705487944 0.002856520908874449
59770.92660142188 4.514 0.019000000000000128 0.9966378441316612 0.007926722225978256 1.0 1.006141923013753 1.006141923013753 -0.009504078882091704
59770.9266173653 4.514 0.019000000000000128 0.9934176804501768 0.007922048103867827 1.0 1.00614187547869 1.00614187547869 -0.012724195028513186
59770.92663330872 4.514 0.019000000000000128 1.011140846520137 0.00795831842443105 1.0 1.006141827943627 1.006141827943627 0.004999018576510084
59770.92664925214 4.514 0.019000000000000128 1.015340485748428 0.007966277695384568 1.0 1.006141780408564 1.006141780408564 0.00919870533986411
59770.92666519556 4.514 0.019000000000000128 0.9867192040767324 0.007921345647863731 1.0 1.006141732873501 1.006141732873501 -0.019422528796768534
59770.926681138975 4.514 0.019000000000000128 1.0014757485595043 0.00794217939309685 1.0 1.0061416853384597 1.0061416853384597 -0.004665936778955437
59770.926697082396 4.514 0.019000000000000128 1.0039599633070067 0.007932073534630282 1.0 1.0061416378033967 1.0061416378033967 -0.0021816744963900625
59770.926713025816 4.514 0.019000000000000128 1.0115610983951162 0.007986222454884935 1.0 1.0061415902683337 1.0061415902683337 0.005419508126782491
59770.926728969236 4.514 0.019000000000000128 1.007416505708795 0.007955061825713778 1.0 1.0061415427332707 1.0061415427332707 0.0012749629755242076
59770.92674491265 4.514 0.019000000000000128 1.0105203089420194 0.007962469283812433 1.0 1.0061414951982295 1.0061414951982295 0.0043788137437899
59770.92676085608 4.514 0.019000000000000128 1.0165248333032033 0.007978680020350739 1.0 1.0061414476631447 1.0061414476631447 0.010383385640058584
59770.92677679949 4.514 0.019000000000000128 1.014356000502834 0.007972366101749439 1.0 1.0061414001281035 1.0061414001281035 0.00821460037473054
59770.9267927429 4.514 0.019000000000000128 1.0136729329203409 0.007964125143903007 1.0 1.0061413525930623 1.0061413525930623 0.007531580327278631
59770.92680868633 4.514 0.019000000000000128 0.9974291047457068 0.007929347360489968 1.0 1.0061413050579775 1.0061413050579775 -0.008712200312270713
59770.92682462974 4.514 0.019000000000000128 1.0098518556732898 0.007971510437925228 1.0 1.0061412575229363 1.0061412575229363 0.0037105981503535723
59770.926840573164 4.514 0.019000000000000128 1.0043081742307587 0.007969368032890627 1.0 1.0061412099878733 1.0061412099878733 -0.0018330357571145761
59770.926856516584 4.514 0.019000000000000128 1.016372556001171 0.0079740698530153 1.0 1.0061411624528103 1.0061411624528103 0.010231393548360668
