eureka_custom_plots/data/stage5_lcfit_results/S5_wasp39b_ap4_bg8_Table_Save_ch06.txt
# %ECSV 1.0
# ---
# datatype:
# - {name: time, datatype: float64}
# - {name: wavelength, datatype: float64}
# - {name: bin_width, datatype: float64}
# - {name: lcdata, datatype: float64}
# - {name: lcerr, datatype: float64}
# - {name: transit, datatype: float64}
# - {name: polynom, datatype: float64}
# - {name: model, datatype: float64}
# - {name: residuals, datatype: float64}
# schema: astropy-2.0
time wavelength bin_width lcdata lcerr transit polynom model residuals
[from data line 17748]
59770.92698406393 3.2489999999999997 0.018999999999999906 1.0061925161827694 0.005011964782336713 1.0 1.0054005069976695 1.0054005069976695 0.0007920091850999178
59770.92700000735 3.2489999999999997 0.018999999999999906 1.003637338443614 0.004328397114211077 1.0 1.00540036610134 1.00540036610134 -0.0017630276577260684
59770.92701595077 3.2489999999999997 0.018999999999999906 1.0072622109057805 0.004334640820662754 1.0 1.0054002252050105 1.0054002252050105 0.001861985700770008
59770.927031894185 3.2489999999999997 0.018999999999999906 1.001518037109015 0.004325134723068322 1.0 1.0054000843087454 1.0054000843087454 -0.0038820471997302874
59770.92704783761 3.2489999999999997 0.018999999999999906 1.0114258930595261 0.004340396609898528 1.0 1.0053999434123515 1.0053999434123515 0.006025949647174622
59770.927063781026 3.2489999999999997 0.018999999999999906 1.0015230467914686 0.005000271177806271 1.0 1.0053998025160862 1.0053998025160862 -0.003876755724617542
59770.92707972444 3.2489999999999997 0.018999999999999906 1.0012269334455024 0.00432337266066065 1.0 1.005399661619821 1.005399661619821 -0.004172728174318685
59770.92709566787 3.2489999999999997 0.018999999999999906 1.0065460879799888 0.004328686116912787 1.0 1.0053995207234272 1.0053995207234272 0.0011465672565615925
59770.92711161129 3.2489999999999997 0.018999999999999906 1.0112148666216423 0.0043420778479877084 1.0 1.0053993798270977 1.0053993798270977 0.005815486794544578
59770.9271275547 3.2489999999999997 0.018999999999999906 1.0048441772517303 0.004329591120384636 1.0 1.0053992389308324 1.0053992389308324 -0.0005550616791021312
59770.92714349812 3.2489999999999997 0.018999999999999906 1.0038546082369815 0.004324627794840622 1.0 1.005399098034503 1.005399098034503 -0.00154448979752142
59770.92715944154 3.2489999999999997 0.018999999999999906 0.9988580696934753 0.004316544233927686 1.0 1.0053989571381734 1.0053989571381734 -0.006540887444698051
59770.92717538495 3.2489999999999997 0.018999999999999906 1.0084463556931889 0.004334679076204114 1.0 1.0053988162419083 1.0053988162419083 0.0030475394512805565
59770.92719132838 3.2489999999999997 0.018999999999999906 1.0037511600734115 0.004330729440732911 1.0 1.0053986753455144 1.0053986753455144 -0.0016475152721029396
59770.927207271794 3.2489999999999997 0.018999999999999906 0.9946323459965035 0.004311449711772734 1.0 1.005398534449249 1.005398534449249 -0.010766188452745573
59770.927223215214 3.2489999999999997 0.018999999999999906 1.0048898883214354 0.004329447352779345 1.0 1.0053983935529196 1.0053983935529196 -0.0005085052314841576
59770.927239158635 3.2489999999999997 0.018999999999999906 0.9994050675196205 0.004323944444090113 1.0 1.00539825265659 1.00539825265659 -0.005993185136969559
59770.92725510205 3.2489999999999997 0.018999999999999906 1.0056426430293994 0.004331829372676436 1.0 1.0053981117603248 1.0053981117603248 0.00024453126907464373
59770.92727104547 3.2489999999999997 0.018999999999999906 1.0097030395516027 0.004332203890475112 1.0 1.0053979708639953 1.0053979708639953 0.004305068687607383
59770.92728698889 3.2489999999999997 0.018999999999999906 1.0100184373594803 0.00433851549133151 1.0 1.0053978299676658 1.0053978299676658 0.0046206073918144686
59770.92730293231 3.2489999999999997 0.018999999999999906 0.9970943363479886 0.0043131389782631036 1.0 1.0053976890713363 1.0053976890713363 -0.008303352723347701
59770.92731887572 3.2489999999999997 0.018999999999999906 1.0063053962746118 0.004333764393082475 1.0 1.005397548175071 1.005397548175071 0.0009078480995408089
59770.92733481915 3.2489999999999997 0.018999999999999906 1.0156881649641905 0.004348243156819632 1.0 1.0053974072786773 1.0053974072786773 0.01029075768551313
59770.92735076256 3.2489999999999997 0.018999999999999906 1.0046850998132622 0.00433062795366448 1.0 1.005397266382412 1.005397266382412 -0.0007121665691498524
59770.927366705975 3.2489999999999997 0.018999999999999906 1.002544469325581 0.0043250824862276025 1.0 1.005397125486147 1.005397125486147 -0.0028526561605659584
59770.9273826494 3.2489999999999997 0.018999999999999906 1.0111430963211014 0.004336225639321231 1.0 1.005396984589753 1.005396984589753 0.0057461117313484245
59770.92739859282 3.2489999999999997 0.018999999999999906 1.0038351554301725 0.0043271015871180285 1.0 1.0053968436934235 1.0053968436934235 -0.001561688263250982
59770.927414536236 3.2489999999999997 0.018999999999999906 1.006430451765537 0.005010023043499164 1.0 1.0053967027971582 1.0053967027971582 0.0010337489683787116
59770.927430479656 3.2489999999999997 0.018999999999999906 1.0085801445168907 0.004337639735916759 1.0 1.0053965619008287 1.0053965619008287 0.0031835826160619973
59770.92744642308 3.2489999999999997 0.018999999999999906 1.0076718481939182 0.004341742821371304 1.0 1.0053964210044992 1.0053964210044992 0.002275427189418977
59770.92746236649 3.2489999999999997 0.018999999999999906 0.998519825582829 0.004325660725020222 1.0 1.005396280108234 1.005396280108234 -0.006876454525404863
59770.92747830992 3.2489999999999997 0.018999999999999906 1.0075651367535023 0.0043350657587202844 1.0 1.0053961392118402 1.0053961392118402 0.00216899754166211
59770.92749425333 3.2489999999999997 0.018999999999999906 1.0173932265174797 0.0050379978344010775 1.0 1.005395998315575 1.005395998315575 0.011997228201904742
59770.92751019675 3.2489999999999997 0.018999999999999906 1.0156485408985074 0.0043480995792989354 1.0 1.0053958574192454 1.0053958574192454 0.010252683479262004
59770.92752614017 3.2489999999999997 0.018999999999999906 1.008468547924238 0.004336927455567636 1.0 1.005395716522916 1.005395716522916 0.0030728314013219737
59770.927542083584 3.2489999999999997 0.018999999999999906 0.9999328327030679 0.004320676903748991 1.0 1.0053955756266506 1.0053955756266506 -0.005462742923582731
59770.927558027004 3.2489999999999997 0.018999999999999906 1.0039871365504278 0.004324020894480495 1.0 1.0053954347303211 1.0053954347303211 -0.001408298179893297
59770.927573970424 3.2489999999999997 0.018999999999999906 "" "" 1.0 1.0053952938339916 1.0053952938339916 ""
59770.927589913845 3.2489999999999997 0.018999999999999906 1.0006836692713967 0.004322815018410657 1.0 1.0053951529376621 1.0053951529376621 -0.0047114836662653925
59770.927605857265 3.2489999999999997 0.018999999999999906 1.0051672086344141 0.0043324974413389925 1.0 1.0053950120413326 1.0053950120413326 -0.0002278034069185253
59770.927621800685 3.2489999999999997 0.018999999999999906 1.0049722351039327 0.004329015605976672 1.0 1.0053948711450031 1.0053948711450031 -0.0004226360410704011
59770.9276377441 3.2489999999999997 0.018999999999999906 1.0037886376847163 0.004327550482445498 1.0 1.0053947302487378 1.0053947302487378 -0.001606092564021555
59770.927653687526 3.2489999999999997 0.018999999999999906 1.0085288000165875 0.004336606077560913 1.0 1.005394589352344 1.005394589352344 0.003134210664243575
59770.92766963094 3.2489999999999997 0.018999999999999906 1.002197660000962 0.004326618697739038 1.0 1.0053944484560788 1.0053944484560788 -0.003196788455116728
59770.92768557436 3.2489999999999997 0.018999999999999906 0.9962013522576684 0.004320509837101482 1.0 1.0053943075597493 1.0053943075597493 -0.009192955302080974
59770.92770151778 3.2489999999999997 0.018999999999999906 0.997870973604722 0.00431756516079474 1.0 1.0053941666634199 1.0053941666634199 -0.0075231930586978635
59770.92771746119 3.2489999999999997 0.018999999999999906 1.0067859210840733 0.004333242005578567 1.0 1.0053940257671545 1.0053940257671545 0.0013918953169187454
59770.92773340461 3.2489999999999997 0.018999999999999906 1.0019486380784237 0.004319658145346714 1.0 1.005393884870825 1.005393884870825 -0.003445246792401324
59770.92774934803 3.2489999999999997 0.018999999999999906 1.0086139748927458 0.0043378554724827515 1.0 1.0053937439744955 1.0053937439744955 0.0032202309182502997
59770.92776529145 3.2489999999999997 0.018999999999999906 1.0087801124725362 0.004338636326429999 1.0 1.005393603078166 1.005393603078166 0.0033865093943701297
59770.92778123487 3.2489999999999997 0.018999999999999906 1.0086354032541927 0.004331376908956648 1.0 1.0053934621819007 1.0053934621819007 0.0032419410722919206
59770.927797178294 3.2489999999999997 0.018999999999999906 1.0174704399518881 0.005042319700501987 1.0 1.0053933212855068 1.0053933212855068 0.012077118666381281
59770.92781312171 3.2489999999999997 0.018999999999999906 1.0040133925502006 0.004331341418146823 1.0 1.0053931803892417 1.0053931803892417 -0.0013797878390411356
59770.92782906512 3.2489999999999997 0.018999999999999906 1.0023616095624053 0.0043278177426321245 1.0 1.0053930394929764 1.0053930394929764 -0.00303142993057115
59770.92784500855 3.2489999999999997 0.018999999999999906 1.0049588012048247 0.004323377792220982 1.0 1.0053928985965828 1.0053928985965828 -0.0004340973917580371
59770.92786095197 3.2489999999999997 0.018999999999999906 1.0104333442446365 0.004338611064550985 1.0 1.005392757700253 1.005392757700253 0.005040586544383441
59770.92787689538 3.2489999999999997 0.018999999999999906 1.0024552476773594 0.004327722024701764 1.0 1.005392616803988 1.005392616803988 -0.002937369126628564
59770.9278928388 3.2489999999999997 0.018999999999999906 1.0017829830004596 0.004317992698612403 1.0 1.0053924759076585 1.0053924759076585 -0.003609492907198808
59770.92790878222 3.2489999999999997 0.018999999999999906 0.9961580638507145 0.004312229843145669 1.0 1.005392335011329 1.005392335011329 -0.009234271160614482
59770.927924725635 3.2489999999999997 0.018999999999999906 1.008999449867595 0.00433596602263762 1.0 1.0053921941150636 1.0053921941150636 0.003607255752531291
59770.92794066906 3.2489999999999997 0.018999999999999906 1.0059722129876354 0.004334274831268956 1.0 1.0053920532186698 1.0053920532186698 0.0005801597689656379
59770.927956612475 3.2489999999999997 0.018999999999999906 1.0018190382285441 0.004327917754171917 1.0 1.0053919123224047 1.0053919123224047 -0.003572874093860534
59770.927972555895 3.2489999999999997 0.018999999999999906 1.008961320240609 0.004334866157566095 1.0 1.0053917714260752 1.0053917714260752 0.0035695488145337517
59770.927988499316 3.2489999999999997 0.018999999999999906 1.0055160336038271 0.00433325568051167 1.0 1.0053916305297457 1.0053916305297457 0.00012440307408145834
59770.92800444273 3.2489999999999997 0.018999999999999906 1.0075261504567765 0.00502396991846704 1.0 1.0053914896334804 1.0053914896334804 0.002134660823296164
59770.92802038615 3.2489999999999997 0.018999999999999906 1.0058503633928952 0.0043328655014925705 1.0 1.0053913487371509 1.0053913487371509 0.00045901465574438305
59770.92803632957 3.2489999999999997 0.018999999999999906 1.0100450916875354 0.004343125550748432 1.0 1.0053912078408214 1.0053912078408214 0.0046538838467140575
59770.92805227299 3.2489999999999997 0.018999999999999906 0.9965568180122805 0.00499535564845593 1.0 1.0053910669444919 1.0053910669444919 -0.008834248932211408
59770.9280682164 3.2489999999999997 0.018999999999999906 1.0058212939982107 0.004330415082081235 1.0 1.0053909260482266 1.0053909260482266 0.0004303679499841895
59770.92808415983 3.2489999999999997 0.018999999999999906 1.0033589337485986 0.004319602030741767 1.0 1.0053907851518327 1.0053907851518327 -0.0020318514032340307
59770.92810010324 3.2489999999999997 0.018999999999999906 1.0059771701798186 0.004331532319187341 1.0 1.0053906442555676 1.0053906442555676 0.0005865259242510135
59770.92811604666 3.2489999999999997 0.018999999999999906 1.007110875295064 0.004332208207739149 1.0 1.005390503359238 1.005390503359238 0.0017203719358258596
59770.928131990084 3.2489999999999997 0.018999999999999906 1.006596640752801 0.00433283449061658 1.0 1.0053903624629084 1.0053903624629084 0.001206278289892726
59770.928147933504 3.2489999999999997 0.018999999999999906 1.0073254538356753 0.004335131668166749 1.0 1.0053902215665789 1.0053902215665789 0.0019352322690964208
59770.92816387692 3.2489999999999997 0.018999999999999906 1.006169273943281 0.004330522657210762 1.0 1.0053900806703138 1.0053900806703138 0.0007791932729672713
59770.92817982034 3.2489999999999997 0.018999999999999906 1.0055803165197168 0.00433871803381858 1.0 1.0053899397739843 1.0053899397739843 0.0001903767457325234
59770.92819576376 3.2489999999999997 0.018999999999999906 1.0048238679411166 0.0043269290395417425 1.0 1.0053897988776548 1.0053897988776548 -0.0005659309365382281
59770.92821170717 3.2489999999999997 0.018999999999999906 0.9997201034551335 0.00431933411470888 1.0 1.0053896579813895 1.0053896579813895 -0.005669554526255949
59770.9282276506 3.2489999999999997 0.018999999999999906 0.9999273563327413 0.004325213443657875 1.0 1.0053895170849956 1.0053895170849956 -0.005462160752254253
59770.92824359401 3.2489999999999997 0.018999999999999906 1.0030947353850823 0.0043276299711282554 1.0 1.0053893761887305 1.0053893761887305 -0.0022946408036481625
59770.92825953743 3.2489999999999997 0.018999999999999906 1.0058672821030368 0.0043301495743233295 1.0 1.005389235292401 1.005389235292401 0.00047804681063579046
59770.92827548085 3.2489999999999997 0.018999999999999906 1.0042821742061578 0.004329281102063942 1.0 1.0053890943960713 1.0053890943960713 -0.0011069201899134296
59770.928291424265 3.2489999999999997 0.018999999999999906 1.007460928400389 0.004333635513281343 1.0 1.0053889534998062 1.0053889534998062 0.0020719749005828625
59770.928307367685 3.2489999999999997 0.018999999999999906 1.0054385491616256 0.004331890925152467 1.0 1.0053888126034767 1.0053888126034767 4.973655814888289e-05
59770.92832331111 3.2489999999999997 0.018999999999999906 0.9989228178626333 0.00432191607894543 1.0 1.0053886717070828 1.0053886717070828 -0.006465853844449532
59770.928339254526 3.2489999999999997 0.018999999999999906 1.0058639553070154 0.0043314350093579665 1.0 1.0053885308108175 1.0053885308108175 0.00047542449619797367
59770.92835519794 3.2489999999999997 0.018999999999999906 1.009106109973046 0.004335371298067036 1.0 1.0053883899145524 1.0053883899145524 0.00371772005849369
59770.92837114137 3.2489999999999997 0.018999999999999906 1.0018608812326961 0.004324095742225824 1.0 1.0053882490181585 1.0053882490181585 -0.0035273677854623653
59770.92838708478 3.2489999999999997 0.018999999999999906 1.000655421075427 0.0050056262553700845 1.0 1.0053881081218934 1.0053881081218934 -0.004732687046466344
59770.9284030282 3.2489999999999997 0.018999999999999906 1.010362855493167 0.004338877588230129 1.0 1.005387967225564 1.005387967225564 0.0049748882676030615
59770.92841897162 3.2489999999999997 0.018999999999999906 1.0107031089310299 0.004344754907214062 1.0 1.0053878263292342 1.0053878263292342 0.005315282601795701
59770.92843491504 3.2489999999999997 0.018999999999999906 1.009514070601181 0.0049681727857952985 1.0 1.0053876854329047 1.0053876854329047 0.0041263851682762365
59770.92845085845 3.2489999999999997 0.018999999999999906 1.0097542750912964 0.004343901051835913 1.0 1.0053875445366396 1.0053875445366396 0.004366730554656861
59770.92846680187 3.2489999999999997 0.018999999999999906 1.0093126965042503 0.004339572589825912 1.0 1.00538740364031 1.00538740364031 0.003925292863940166
59770.928482745294 3.2489999999999997 0.018999999999999906 1.0079354220780297 0.004330721926359251 1.0 1.0053872627439804 1.0053872627439804 0.0025481593340492825
59770.92849868871 3.2489999999999997 0.018999999999999906 1.01387310635454 0.004344508607130647 1.0 1.0053871218477153 1.0053871218477153 0.008485984506824806
59770.928514632134 3.2489999999999997 0.018999999999999906 1.0004293580308283 0.004325080523091869 1.0 1.0053869809513214 1.0053869809513214 -0.0049576229204930655
59770.92853057555 3.2489999999999997 0.018999999999999906 1.0026755838020036 0.004328020957241745 1.0 1.0053868400550563 1.0053868400550563 -0.002711256253052685
59770.92854651897 3.2489999999999997 0.018999999999999906 1.0102534262550291 0.004340306146021662 1.0 1.0053866991587268 1.0053866991587268 0.004866727096302315
