eureka_custom_plots/data/stage5_lcfit_results/S5_wasp39b_ap4_bg8_Table_Save_ch54.txt
# %ECSV 1.0
# ---
# datatype:
# - {name: time, datatype: float64}
# - {name: wavelength, datatype: float64}
# - {name: bin_width, datatype: float64}
# - {name: lcdata, datatype: float64}
# - {name: lcerr, datatype: float64}
# - {name: transit, datatype: float64}
# - {name: polynom, datatype: float64}
# - {name: model, datatype: float64}
# - {name: residuals, datatype: float64}
# schema: astropy-2.0
time wavelength bin_width lcdata lcerr transit polynom model residuals
[from data line 2277]
59770.68032341745 5.089 0.018999999999999684 1.017687046304145 0.012884298725342466 1.0 1.0068305530085622 1.0068305530085622 0.010856493295582803
59770.680339360864 5.089 0.018999999999999684 0.999854785255078 0.012794735230194683 1.0 1.006830490258845 1.006830490258845 -0.0069757050037669854
59770.680355304285 5.089 0.018999999999999684 1.0275104634949026 0.012941916688279886 1.0 1.0068304275090993 1.0068304275090993 0.020680035985803258
59770.68037124771 5.089 0.018999999999999684 0.9983550349788061 0.012784751371444365 1.0 1.006830364759325 1.006830364759325 -0.008475329780519014
59770.680387191125 5.089 0.018999999999999684 1.0132826619301503 0.012869338076349867 1.0 1.006830302009608 1.006830302009608 0.006452359920542161
59770.68040313455 5.089 0.018999999999999684 1.019506492579448 0.012850667134934848 1.0 1.0068302392598336 1.0068302392598336 0.012676253319614306
59770.680419077966 5.089 0.018999999999999684 1.0095092229372133 0.012841160929215297 1.0 1.0068301765101166 1.0068301765101166 0.0026790464270967096
59770.68043502139 5.089 0.018999999999999684 0.9911644466306969 0.012778454928685897 1.0 1.0068301137603424 1.0068301137603424 -0.015665667129645455
59770.680450964814 5.089 0.018999999999999684 1.015968937118655 0.0128522971177891 1.0 1.0068300510105965 1.0068300510105965 0.009138886108058575
59770.680466908234 5.089 0.018999999999999684 0.9973776820672333 0.012786020596997173 1.0 1.006829988260851 1.006829988260851 -0.009452306193617588
59770.680482851654 5.089 0.018999999999999684 1.0231891520992211 0.012880645920984306 1.0 1.0068299255111053 1.0068299255111053 0.01635922658811584
59770.680498795075 5.089 0.018999999999999684 1.019880920091523 0.012862863292128511 1.0 1.0068298627613597 1.0068298627613597 0.01305105733016343
59770.680514738495 5.089 0.018999999999999684 0.9903196972874906 0.01281763068764666 1.0 1.0068298000116138 1.0068298000116138 -0.016510102724123232
59770.680530681915 5.089 0.018999999999999684 1.0273491646738742 0.012927539077330116 1.0 1.0068297372618682 1.0068297372618682 0.020519427412005964
59770.680546625335 5.089 0.018999999999999684 1.0267896303673805 0.012886585363255088 1.0 1.0068296745121226 1.0068296745121226 0.019959955855257894
59770.680562568756 5.089 0.018999999999999684 1.024386650626952 0.012909776354762143 1.0 1.0068296117623767 1.0068296117623767 0.01755703886457516
59770.68057851218 5.089 0.018999999999999684 1.0065844666129915 0.012802510314890587 1.0 1.0068295490126025 1.0068295490126025 -0.000245082399610963
59770.680594455596 5.089 0.018999999999999684 1.0291267255452838 0.012886031611010776 1.0 1.0068294862628855 1.0068294862628855 0.02229723928239835
59770.680610399024 5.089 0.018999999999999684 0.9971638505701101 0.012789757261850943 1.0 1.0068294235131112 1.0068294235131112 -0.009665572943001077
59770.68062634244 5.089 0.018999999999999684 1.007838328916478 0.012851288159155115 1.0 1.006829360763394 1.006829360763394 0.0010089681530840444
59770.68064228586 5.089 0.018999999999999684 1.000723289534345 0.012812776618617995 1.0 1.0068292980136484 1.0068292980136484 -0.006106008479303426
59770.680658229285 5.089 0.018999999999999684 1.0295607757054797 0.012890312293846361 1.0 1.0068292352638741 1.0068292352638741 0.022731540441605524
59770.680674172705 5.089 0.018999999999999684 1.0073600534190907 0.012857221281470963 1.0 1.0068291725141283 1.0068291725141283 0.0005308809049624497
59770.680690116125 5.089 0.018999999999999684 1.0152535333295634 0.012886590106563222 1.0 1.0068291097643827 1.0068291097643827 0.008424423565180694
59770.68070605954 5.089 0.018999999999999684 1.0362267336008013 0.012910003323759559 1.0 1.0068290470146657 1.0068290470146657 0.02939768658613562
59770.680722002966 5.089 0.018999999999999684 1.011279865106199 0.01443162390110299 1.0 1.0068289842648912 1.0068289842648912 0.004450880841307736
59770.680737946386 5.089 0.018999999999999684 1.007238604010437 0.012794170789399276 1.0 1.0068289215151456 1.0068289215151456 0.0004096824952914968
59770.68075388981 5.089 0.018999999999999684 0.9902782122381605 0.012821220080200004 1.0 1.0068288587654 1.0068288587654 -0.016550646527239476
59770.68076983323 5.089 0.018999999999999684 1.0262441252946048 0.012932297726700669 1.0 1.0068287960156543 1.0068287960156543 0.01941532927895051
59770.68078577665 5.089 0.018999999999999684 0.9932913161504487 0.012791797336662596 1.0 1.0068287332659085 1.0068287332659085 -0.013537417115459749
59770.68080172007 5.089 0.018999999999999684 1.0168555164111486 0.012879445650495145 1.0 1.0068286705161629 1.0068286705161629 0.010026845894985703
59770.68081766349 5.089 0.018999999999999684 1.00321185804606 0.01283571310767653 1.0 1.0068286077664172 1.0068286077664172 -0.003616749720357193
59770.68083360691 5.089 0.018999999999999684 1.023484739423248 0.012870971671066905 1.0 1.0068285450166714 1.0068285450166714 0.01665619440657662
59770.68084955033 5.089 0.018999999999999684 0.9977087411841659 0.01279737744758201 1.0 1.0068284822669258 1.0068284822669258 -0.009119741082759925
59770.68086549375 5.089 0.018999999999999684 0.9880726360530918 0.012802373982242909 1.0 1.0068284195171802 1.0068284195171802 -0.01875578346408835
59770.68088143717 5.089 0.018999999999999684 0.9976699434659251 0.01284212244509482 1.0 1.0068283567674345 1.0068283567674345 -0.00915841330150946
59770.6808973806 5.089 0.018999999999999684 1.005576674028801 0.012876337571175072 1.0 1.00682829401766 1.00682829401766 -0.0012516199888590318
59770.68091332401 5.089 0.018999999999999684 1.0286546450072438 0.012872579669271769 1.0 1.006828231267943 1.006828231267943 0.02182641373930072
59770.68092926743 5.089 0.018999999999999684 1.0035180561696673 0.01282953509558541 1.0 1.0068281685181975 1.0068281685181975 -0.003310112348530181
59770.68094521086 5.089 0.018999999999999684 1.0053521350992727 0.012855088679335566 1.0 1.006828105768423 1.006828105768423 -0.0014759706691502839
59770.68096115428 5.089 0.018999999999999684 1.0088636768069825 0.01282446625773838 1.0 1.0068280430186773 1.0068280430186773 0.00203563378830518
59770.6809770977 5.089 0.018999999999999684 1.006742075508683 0.012887352179506196 1.0 1.0068279802689317 1.0068279802689317 -8.590476024861182e-05
59770.68099304111 5.089 0.018999999999999684 0.9954271005185577 0.01277400455376513 1.0 1.0068279175192147 1.0068279175192147 -0.011400817000657093
59770.68100898454 5.089 0.018999999999999684 1.0039389022487168 0.012868590609167145 1.0 1.0068278547694403 1.0068278547694403 -0.002888952520723409
59770.68102492796 5.089 0.018999999999999684 1.0177953219180027 0.01287380485041893 1.0 1.0068277920196946 1.0068277920196946 0.01096752989830807
59770.68104087138 5.089 0.018999999999999684 1.0203368289915162 0.012880297315432181 1.0 1.006827729269949 1.006827729269949 0.01350909972156722
59770.6810568148 5.089 0.018999999999999684 0.9906707677631799 0.012783520693026022 1.0 1.0068276665202032 1.0068276665202032 -0.016156898757023308
59770.68107275822 5.089 0.018999999999999684 0.9978831682371639 0.01278817426689995 1.0 1.0068276037704575 1.0068276037704575 -0.008944435533293604
59770.68108870164 5.089 0.018999999999999684 1.0037737154165385 0.012811929331565915 1.0 1.006827541020712 1.006827541020712 -0.0030538256041734435
59770.68110464506 5.089 0.018999999999999684 1.0126739121296375 0.012859845766474368 1.0 1.006827478270966 1.006827478270966 0.0058464338586714515
59770.68112058848 5.089 0.018999999999999684 1.0209523049215634 0.012894991677041254 1.0 1.0068274155212205 1.0068274155212205 0.014124889400342955
59770.68113653191 5.089 0.018999999999999684 0.9919461934024545 0.012791379552414201 1.0 1.0068273527714462 1.0068273527714462 -0.014881159368991703
59770.68115247532 5.089 0.018999999999999684 1.0168487603679024 0.012840710860559115 1.0 1.0068272900217292 1.0068272900217292 0.010021470346173178
59770.68116841874 5.089 0.018999999999999684 0.9899852415392308 0.012809966838762715 1.0 1.0068272272719834 1.0068272272719834 -0.01684198573275253
59770.68118436217 5.089 0.018999999999999684 "" "" 1.0 1.006827164522209 1.006827164522209 ""
59770.68120030558 5.089 0.018999999999999684 1.0150529494054776 0.012896659591200229 1.0 1.0068271017724921 1.0068271017724921 0.008225847632985506
59770.68121624901 5.089 0.018999999999999684 0.9980422162166335 0.012828498785422528 1.0 1.0068270390227176 1.0068270390227176 -0.00878482280608417
59770.68123219242 5.089 0.018999999999999684 1.0155186367993034 0.012884196197798414 1.0 1.0068269762730007 1.0068269762730007 0.008691660526302769
59770.68124813585 5.089 0.018999999999999684 1.0171091839369777 0.012821352693957868 1.0 1.0068269135232264 1.0068269135232264 0.010282270413751293
59770.68126407927 5.089 0.018999999999999684 1.00391668238442 0.01286162651668505 1.0 1.0068268507734808 1.0068268507734808 -0.0029101683890608854
59770.68128002268 5.089 0.018999999999999684 0.9971217510704736 0.01283522814521338 1.0 1.0068267880237636 1.0068267880237636 -0.009705036953289947
59770.68129596611 5.089 0.018999999999999684 1.0007912580903358 0.012823649239335383 1.0 1.0068267252739893 1.0068267252739893 -0.006035467183653553
59770.681311909524 5.089 0.018999999999999684 1.0048130821293793 0.012839686304391706 1.0 1.0068266625242723 1.0068266625242723 -0.0020135803948930775
59770.68132785295 5.089 0.018999999999999684 0.9825813493990688 0.012767435579763686 1.0 1.0068265997744978 1.0068265997744978 -0.024245250375429017
59770.68134379637 5.089 0.018999999999999684 1.00798271518496 0.012814563989580035 1.0 1.0068265370247522 1.0068265370247522 0.0011561781602078547
59770.68135973979 5.089 0.018999999999999684 1.0037389092192126 0.012845084594666618 1.0 1.0068264742750066 1.0068264742750066 -0.003087565055793995
59770.68137568321 5.089 0.018999999999999684 1.0094827096397763 0.012824266955146092 1.0 1.006826411525261 1.006826411525261 0.0026562981145152875
59770.68139162663 5.089 0.018999999999999684 1.011481634941376 0.012868682439479324 1.0 1.0068263487755151 1.0068263487755151 0.004655286165860861
59770.68140757005 5.089 0.018999999999999684 1.0207760509233141 0.012849410037311135 1.0 1.0068262860257695 1.0068262860257695 0.013949764897544625
59770.68142351348 5.089 0.018999999999999684 1.018024160704513 0.012885643832629657 1.0 1.0068262232759952 1.0068262232759952 0.011197937428517823
59770.681439456894 5.089 0.018999999999999684 1.0333110659116993 0.012970767242190203 1.0 1.006826160526278 1.006826160526278 0.026484905385421253
59770.681455400314 5.089 0.018999999999999684 1.0219726718594868 0.01289643141820455 1.0 1.0068260977765324 1.0068260977765324 0.01514657408295439
59770.68147134374 5.089 0.018999999999999684 1.0294969783891281 0.012894068540649522 1.0 1.0068260350267582 1.0068260350267582 0.022670943362369966
59770.681487287155 5.089 0.018999999999999684 0.9936428999077418 0.012778970224845391 1.0 1.0068259722770412 1.0068259722770412 -0.013183072369299387
59770.68150323058 5.089 0.018999999999999684 0.9973084278111907 0.01273581523517968 1.0 1.0068259095272667 1.0068259095272667 -0.009517481716076026
59770.681519173995 5.089 0.018999999999999684 0.9807363652770608 0.012756550775081067 1.0 1.0068258467775497 1.0068258467775497 -0.026089481500488954
59770.68153511742 5.089 0.018999999999999684 1.0032796256257794 0.012841443509336619 1.0 1.0068257840277755 1.0068257840277755 -0.0035461584019960135
59770.68155106084 5.089 0.018999999999999684 "" "" 1.0 1.0068257212780296 1.0068257212780296 ""
59770.681567004256 5.089 0.018999999999999684 0.9960868828131082 0.012803881334590343 1.0 1.0068256585283126 1.0068256585283126 -0.01073877571520443
59770.68158294768 5.089 0.018999999999999684 1.0125552401742877 0.012849533540315573 1.0 1.0068255957785384 1.0068255957785384 0.0057296443957493
59770.6815988911 5.089 0.018999999999999684 1.001481517486075 0.012827325908112499 1.0 1.0068255330288212 1.0068255330288212 -0.005344015542746217
59770.681614834524 5.089 0.018999999999999684 1.0080293789987904 0.012859012848677707 1.0 1.006825470279047 1.006825470279047 0.0012039087197435183
59770.681630777945 5.089 0.018999999999999684 0.9973770378979945 0.012804028456022182 1.0 1.0068254075293013 1.0068254075293013 -0.009448369631306797
59770.681646721365 5.089 0.018999999999999684 1.001773439673511 0.012842731684513532 1.0 1.0068253447795557 1.0068253447795557 -0.005051905106044696
59770.681662664785 5.089 0.018999999999999684 0.9972857653296707 0.012773606875452422 1.0 1.0068252820298098 1.0068252820298098 -0.009539516700139083
59770.681678608205 5.089 0.018999999999999684 1.0362957177988774 0.012882880382698374 1.0 1.0068252192800642 1.0068252192800642 0.029470498518813226
59770.681694551626 5.089 0.018999999999999684 1.0076176053903048 0.012820462998838078 1.0 1.0068251565303186 1.0068251565303186 0.0007924488599861945
59770.68171049505 5.089 0.018999999999999684 1.0027190348357549 0.012856807569882245 1.0 1.006825093780544 1.006825093780544 -0.004106058944789215
59770.681726438466 5.089 0.018999999999999684 1.0192607160368965 0.012904555789347863 1.0 1.006825031030827 1.006825031030827 0.012435685006069397
59770.68174238189 5.089 0.018999999999999684 0.9986687540023974 0.012815187590585432 1.0 1.0068249682810815 1.0068249682810815 -0.00815621427868407
59770.681758325314 5.089 0.018999999999999684 1.0084962501909907 0.012851860819835775 1.0 1.0068249055313072 1.0068249055313072 0.001671344659683438
59770.68177426873 5.089 0.018999999999999684 0.9934737060355553 0.012791119948894846 1.0 1.00682484278159 1.00682484278159 -0.01335113674603472
59770.681790212155 5.089 0.018999999999999684 1.0091905288644025 0.012837731851762391 1.0 1.0068247800318157 1.0068247800318157 0.002365748832586778
59770.68180615557 5.089 0.018999999999999684 1.0214858502499555 0.01288457152987765 1.0 1.0068247172820988 1.0068247172820988 0.01466113296785676
59770.681822098995 5.089 0.018999999999999684 1.0024751922994177 0.012817111388572427 1.0 1.0068246545323243 1.0068246545323243 -0.0043494622329065535
59770.681838042416 5.089 0.018999999999999684 1.0073783459456571 0.012829928393591266 1.0 1.0068245917825787 1.0068245917825787 0.000553754163078457
59770.68185398583 5.089 0.018999999999999684 1.0157264084902091 0.01283536051933808 1.0 1.0068245290328617 1.0068245290328617 0.008901879457347439
59770.681869929256 5.089 0.018999999999999684 1.0040998987724272 0.012840025419882935 1.0 1.0068244662830874 1.0068244662830874 -0.002724567510660192
59770.68188587268 5.089 0.018999999999999684 0.9971023701938714 0.012861776640339875 1.0 1.0068244035333416 1.0068244035333416 -0.009722033339470193
59770.6819018161 5.089 0.018999999999999684 1.0327486396603949 0.012911694806803606 1.0 1.006824340783596 1.006824340783596 0.025924298876798924
59770.68191775952 5.089 0.018999999999999684 1.0274270909531085 0.012909767325171085 1.0 1.0068242780338503 1.0068242780338503 0.02060281291925814
59770.68193370294 5.089 0.018999999999999684 1.0090517410481905 0.012886867477562614 1.0 1.0068242152841045 1.0068242152841045 0.0022275257640860247
59770.68194964636 5.089 0.018999999999999684 1.0241020096184155 0.012918905120449319 1.0 1.0068241525343589 1.0068241525343589 0.017277857084056603
59770.68196558978 5.089 0.018999999999999684 0.9811334784971804 0.012719936189048311 1.0 1.0068240897846132 1.0068240897846132 -0.025690611287432885
59770.6819815332 5.089 0.018999999999999684 0.9840384352137512 0.012755006641226058 1.0 1.0068240270348674 1.0068240270348674 -0.02278559182111617
59770.681997476626 5.089 0.018999999999999684 1.0084151229759342 0.01284840675204602 1.0 1.0068239642850931 1.0068239642850931 0.0015911586908410325
59770.68201342004 5.089 0.018999999999999684 0.9908755166046461 0.012762561817000112 1.0 1.0068239015353762 1.0068239015353762 -0.01594838493073003
59770.68202936346 5.089 0.018999999999999684 1.0221875399928122 0.012898532113058933 1.0 1.0068238387856305 1.0068238387856305 0.015363701207181668
