eureka_custom_plots/data/stage5_lcfit_results/S5_wasp39b_ap4_bg8_Table_Save_ch47.txt
# %ECSV 1.0
# ---
# datatype:
# - {name: time, datatype: float64}
# - {name: wavelength, datatype: float64}
# - {name: bin_width, datatype: float64}
# - {name: lcdata, datatype: float64}
# - {name: lcerr, datatype: float64}
# - {name: transit, datatype: float64}
# - {name: polynom, datatype: float64}
# - {name: model, datatype: float64}
# - {name: residuals, datatype: float64}
# schema: astropy-2.0
time wavelength bin_width lcdata lcerr transit polynom model residuals
[from data line 16350]
59770.90469516441 4.821 0.019000000000000128 1.0026576984423015 0.01055211156873167 1.0 1.006052252065023 1.006052252065023 -0.0033945536227215634
59770.90471110783 4.821 0.019000000000000128 1.00925392819787 0.010552518889772272 1.0 1.006052199266247 1.006052199266247 0.0032017289316230713
59770.90472705125 4.821 0.019000000000000128 1.013978457743006 0.012268492638153154 1.0 1.0060521464674712 1.0060521464674712 0.007926311275534781
59770.904742994666 4.821 0.019000000000000128 1.0145792092561985 0.010573178627317058 1.0 1.0060520936687194 1.0060520936687194 0.008527115587479095
59770.904758938086 4.821 0.019000000000000128 1.0180809926525007 0.010563686155083506 1.0 1.0060520408699434 1.0060520408699434 0.012028951782557362
59770.90477488151 4.821 0.019000000000000128 1.0160922397535306 0.010555909504490212 1.0 1.0060519880711674 1.0060519880711674 0.010040251682363222
59770.90479082493 4.821 0.019000000000000128 0.9987265927180033 0.010548641631713339 1.0 1.0060519352723916 1.0060519352723916 -0.0073253425543882145
59770.90480676834 4.821 0.019000000000000128 1.0153444646612495 0.010576012260167428 1.0 1.0060518824736395 1.0060518824736395 0.009292582187609977
59770.90482271177 4.821 0.019000000000000128 1.0071203525069854 0.010515381820065237 1.0 1.0060518296748395 1.0060518296748395 0.0010685228321458684
59770.90483865518 4.821 0.019000000000000128 0.9973521228264619 0.010535577357906058 1.0 1.0060517768760877 1.0060517768760877 -0.008699654049625805
59770.9048545986 4.821 0.019000000000000128 1.0212454143778018 0.010602859234332615 1.0 1.006051724077312 1.006051724077312 0.015193690300489893
59770.90487054202 4.821 0.019000000000000128 1.0136726979823536 0.010561826474451688 1.0 1.006051671278536 1.006051671278536 0.0076210267038177015
59770.90488648544 4.821 0.019000000000000128 1.0055630611196475 0.010512460830460162 1.0 1.0060516184797599 1.0060516184797599 -0.0004885573601123294
59770.90490242886 4.821 0.019000000000000128 1.0028147742971827 0.010533794807292645 1.0 1.006051565680984 1.006051565680984 -0.003236791383801396
59770.904918372275 4.821 0.019000000000000128 1.0140772312730617 0.010558837319906145 1.0 1.006051512882232 1.006051512882232 0.008025718390829661
59770.904934315695 4.821 0.019000000000000128 1.010454451305001 0.010561437457914033 1.0 1.0060514600834563 1.0060514600834563 0.004402991221544639
59770.904950259115 4.821 0.019000000000000128 1.0010167399129932 0.01051060851443201 1.0 1.0060514072846802 1.0060514072846802 -0.005034667371687007
59770.904966202535 4.821 0.019000000000000128 0.9997927434786097 0.01052417178266045 1.0 1.0060513544859044 1.0060513544859044 -0.006258611007294745
59770.90498214595 4.821 0.019000000000000128 0.9913454067342737 0.010484924570309329 1.0 1.0060513016871524 1.0060513016871524 -0.014705894952878662
59770.904998089376 4.821 0.019000000000000128 0.9957677999207171 0.010510857343996883 1.0 1.0060512488883524 1.0060512488883524 -0.010283448967635334
59770.90501403279 4.821 0.019000000000000128 0.9982920296982402 0.010495058293817694 1.0 1.0060511960896006 1.0060511960896006 -0.007759166391360428
59770.90502997621 4.821 0.019000000000000128 1.0156718105937264 0.010570195277914094 1.0 1.0060511432908246 1.0060511432908246 0.009620667302901786
59770.90504591963 4.821 0.019000000000000128 1.0140926450129892 0.010585143209015158 1.0 1.0060510904920488 1.0060510904920488 0.008041554520940464
59770.90506186304 4.821 0.019000000000000128 0.9989420332759006 0.010498172104433759 1.0 1.006051037693297 1.006051037693297 -0.00710900441739637
59770.90507780647 4.821 0.019000000000000128 0.9999677653293281 0.010485870586397652 1.0 1.006050984894497 1.006050984894497 -0.006083219565168885
59770.90509374988 4.821 0.019000000000000128 0.9972710447279909 0.01049079273108751 1.0 1.006050932095745 1.006050932095745 -0.008779887367754036
59770.9051096933 4.821 0.019000000000000128 1.0084538127055271 0.01055406024411744 1.0 1.0060508792969691 1.0060508792969691 0.0024029334085580167
59770.905125636724 4.821 0.019000000000000128 1.001230594339931 0.010507032188163994 1.0 1.006050826498193 1.006050826498193 -0.0048202321582622165
59770.90514158014 4.821 0.019000000000000128 1.029283829877491 0.01057915188045198 1.0 1.0060507736994413 1.0060507736994413 0.023233056178049605
59770.90515752356 4.821 0.019000000000000128 0.9982572336781474 0.010520182673395911 1.0 1.0060507209006653 1.0060507209006653 -0.007793487222517825
59770.905173466985 4.821 0.019000000000000128 1.0206544057674383 0.010602502019906234 1.0 1.0060506681018653 1.0060506681018653 0.014603737665572991
59770.9051894104 4.821 0.019000000000000128 1.0086035223672654 0.010553911656185345 1.0 1.0060506153031135 1.0060506153031135 0.002552907064151899
59770.90520535382 4.821 0.019000000000000128 1.0080029536557067 0.010516692214776009 1.0 1.0060505625043374 1.0060505625043374 0.0019523911513692482
59770.90522129724 4.821 0.019000000000000128 1.0058420330644542 0.010514225097166359 1.0 1.0060505097055616 1.0060505097055616 -0.0002084766411074579
59770.90523724065 4.821 0.019000000000000128 0.9859283148732859 0.010480434280638728 1.0 1.0060504569068098 1.0060504569068098 -0.020122142033523915
59770.90525318408 4.821 0.019000000000000128 0.9905007061510276 0.010512305413854627 1.0 1.0060504041080096 1.0060504041080096 -0.015549697956982023
59770.90526912749 4.821 0.019000000000000128 1.0033441641078755 0.010524190394575108 1.0 1.0060503513092578 1.0060503513092578 -0.0027061872013822708
59770.90528507091 4.821 0.019000000000000128 1.024982657121657 0.01217902141175244 1.0 1.006050298510482 1.006050298510482 0.018932358611174926
59770.90530101433 4.821 0.019000000000000128 0.9821444377732649 0.010451314895737491 1.0 1.006050245711706 1.006050245711706 -0.023905807938441104
59770.905316957746 4.821 0.019000000000000128 1.0044054751098321 0.010558448601850748 1.0 1.0060501929129542 1.0060501929129542 -0.001644717803122031
59770.905332901166 4.821 0.019000000000000128 0.9987042496930448 0.010500831918742699 1.0 1.0060501401141781 1.0060501401141781 -0.0073458904211333165
59770.905348844586 4.821 0.019000000000000128 0.9848477665307649 0.010506538286457983 1.0 1.0060500873154024 1.0060500873154024 -0.021202320784637463
59770.90536478801 4.821 0.019000000000000128 0.9895905939816952 0.01050278775258023 1.0 1.0060500345166263 1.0060500345166263 -0.01645944053493109
59770.90538073143 4.821 0.019000000000000128 1.009419270079429 0.010534185483569356 1.0 1.0060499817178503 1.0060499817178503 0.0033692883615787927
59770.90539667485 4.821 0.019000000000000128 0.9909475403661456 0.010496328121775731 1.0 1.0060499289190745 1.0060499289190745 -0.015102388552928891
59770.90541261826 4.821 0.019000000000000128 1.0055021703501292 0.010516536660323006 1.0 1.0060498761203227 1.0060498761203227 -0.000547705770193474
59770.90542856169 4.821 0.019000000000000128 0.9949741028804885 0.010481106751123643 1.0 1.0060498233215225 1.0060498233215225 -0.011075720441033998
59770.9054445051 4.821 0.019000000000000128 1.0222517285370099 0.010578723157781172 1.0 1.0060497705227707 1.0060497705227707 0.01620195801423918
59770.90546044852 4.821 0.019000000000000128 1.0085740188069572 0.010559088943571554 1.0 1.0060497177239949 1.0060497177239949 0.0025243010829623103
59770.90547639194 4.821 0.019000000000000128 1.0071053629497215 0.010547517882377257 1.0 1.0060496649252189 1.0060496649252189 0.0010556980245026715
59770.905492335354 4.821 0.019000000000000128 1.0077167952416128 0.010553265793284855 1.0 1.006049612126467 1.006049612126467 0.0016671831151457983
59770.905508278775 4.821 0.019000000000000128 0.9866293025974354 0.010486033570356044 1.0 1.006049559327691 1.006049559327691 -0.019420256730255603
59770.905524222195 4.821 0.019000000000000128 1.013620869883259 0.010551688414632554 1.0 1.0060495065289152 1.0060495065289152 0.007571363354343719
59770.905540165615 4.821 0.019000000000000128 0.99334214471419 0.010498315294689201 1.0 1.0060494537301392 1.0060494537301392 -0.012707309015949186
59770.90555610903 4.821 0.019000000000000128 1.01349671928109 0.010576196903832257 1.0 1.0060494009313874 1.0060494009313874 0.007447318349702581
59770.905572052456 4.821 0.019000000000000128 0.9956699060504052 0.010492103736068759 1.0 1.0060493481325874 1.0060493481325874 -0.010379442082182222
59770.90558799587 4.821 0.019000000000000128 1.005189872006629 0.010531964819912627 1.0 1.0060492953338356 1.0060492953338356 -0.0008594233272065654
59770.90560393929 4.821 0.019000000000000128 0.9811312262867706 0.010470720852453022 1.0 1.0060492425350596 1.0060492425350596 -0.024918016248288932
59770.90561988271 4.821 0.019000000000000128 0.9957153399174112 0.010519868402459399 1.0 1.0060491897362835 1.0060491897362835 -0.01033384981887231
59770.90563582613 4.821 0.019000000000000128 1.0067475367462864 0.010516644277421083 1.0 1.0060491369375077 1.0060491369375077 0.0006983998087786158
59770.90565176955 4.821 0.019000000000000128 1.0009306491621768 0.01050615874600098 1.0 1.0060490841387317 1.0060490841387317 -0.005118434976554953
59770.90566771296 4.821 0.019000000000000128 1.020985023530192 0.010603355352067556 1.0 1.00604903133998 1.00604903133998 0.014935992190212133
59770.90568365638 4.821 0.019000000000000128 1.017050798754168 0.010582446060986793 1.0 1.006048978541204 1.006048978541204 0.01100182021296403
59770.9056995998 4.821 0.019000000000000128 0.9864257331008429 0.010487954359779538 1.0 1.006048925742428 1.006048925742428 -0.019623192641585185
59770.905715543224 4.821 0.019000000000000128 1.0002507362003692 0.010532233272383208 1.0 1.006048872943652 1.006048872943652 -0.005798136743282889
59770.90573148664 4.821 0.019000000000000128 1.0071724795798134 0.010542770093963073 1.0 1.0060488201449003 1.0060488201449003 0.0011236594349131046
59770.905747430064 4.821 0.019000000000000128 1.0058218862164803 0.010554516010109753 1.0 1.0060487673461003 1.0060487673461003 -0.00022688112961999352
59770.90576337348 4.821 0.019000000000000128 0.9971916547700719 0.010511035734518417 1.0 1.0060487145473482 1.0060487145473482 -0.008857059777276355
59770.9057793169 4.821 0.019000000000000128 "" "" 1.0 1.0060486617485724 1.0060486617485724 ""
59770.90579526032 4.821 0.019000000000000128 1.0162459431205646 0.010560816730556945 1.0 1.0060486089497964 1.0060486089497964 0.01019733417076818
59770.90581120373 4.821 0.019000000000000128 0.9934078489377217 0.010510918649715342 1.0 1.0060485561510446 1.0060485561510446 -0.012640707213322888
59770.90582714716 4.821 0.019000000000000128 1.0313990598803062 0.010604510335735716 1.0 1.0060485033522446 1.0060485033522446 0.02535055652806162
59770.90584309057 4.821 0.019000000000000128 1.0065748791381708 0.010519259456241176 1.0 1.0060484505534928 1.0060484505534928 0.0005264285846779959
59770.90585903399 4.821 0.019000000000000128 1.016157065897444 0.010561578310458205 1.0 1.0060483977547168 1.0060483977547168 0.01010866814272715
59770.90587497741 4.821 0.019000000000000128 0.9976522973550936 0.010486791678444308 1.0 1.0060483449559408 1.0060483449559408 -0.008396047600847112
59770.90589092083 4.821 0.019000000000000128 1.0055598686146365 0.010561963434508685 1.0 1.006048292157165 1.006048292157165 -0.0004884235425284267
59770.905906864245 4.821 0.019000000000000128 1.0130279397848267 0.010533376750489567 1.0 1.0060482393584131 1.0060482393584131 0.006979700426413604
59770.90592280767 4.821 0.019000000000000128 0.9876670108563864 0.010507033438561452 1.0 1.0060481865596131 1.0060481865596131 -0.018381175703226726
59770.905938751086 4.821 0.019000000000000128 1.0287447376664676 0.01061603321920611 1.0 1.006048133760861 1.006048133760861 0.02269660390560646
59770.90595469451 4.821 0.019000000000000128 1.0060089279938005 0.010550231051176967 1.0 1.0060480809620853 1.0060480809620853 -3.915296828482795e-05
59770.90597063793 4.821 0.019000000000000128 1.0124771420901042 0.010527484480298712 1.0 1.0060480281633093 1.0060480281633093 0.006429113926794905
59770.90598658134 4.821 0.019000000000000128 1.0000405969720618 0.01051384935262244 1.0 1.0060479753645575 1.0060479753645575 -0.006007378392495655
59770.90600252477 4.821 0.019000000000000128 1.0131659296130244 0.010569440064348646 1.0 1.0060479225657575 1.0060479225657575 0.00711800704726695
59770.90601846818 4.821 0.019000000000000128 1.0104646622099336 0.01056872776701349 1.0 1.0060478697670057 1.0060478697670057 0.004416792442927919
59770.9060344116 4.821 0.019000000000000128 1.007570135707882 0.010515326699180289 1.0 1.0060478169682296 1.0060478169682296 0.0015223187396522508
59770.90605035502 4.821 0.019000000000000128 1.0058963455210106 0.010538566364064073 1.0 1.0060477641694536 1.0060477641694536 -0.00015141864844303576
59770.906066298434 4.821 0.019000000000000128 1.021448829114647 0.010569313271889511 1.0 1.0060477113707018 1.0060477113707018 0.015401117743945258
59770.906082241854 4.821 0.019000000000000128 0.9982459763608776 0.010565476677870674 1.0 1.006047658571926 1.006047658571926 -0.0078016822110483774
59770.90609818528 4.821 0.019000000000000128 1.0058179236378229 0.010536968625011849 1.0 1.006047605773126 1.006047605773126 -0.0002296821353031664
59770.906114128695 4.821 0.019000000000000128 1.0032787532143053 0.010523686049348804 1.0 1.006047552974374 1.006047552974374 -0.0027687997600687186
59770.906130072115 4.821 0.019000000000000128 1.021901194529965 0.010614234607379142 1.0 1.0060475001755982 1.0060475001755982 0.015853694354366787
59770.906146015535 4.821 0.019000000000000128 0.9982321460113994 0.010496849320968093 1.0 1.0060474473768222 1.0060474473768222 -0.007815301365422744
59770.90616195895 4.821 0.019000000000000128 0.9853698979969051 0.010453903687785584 1.0 1.0060473945780704 1.0060473945780704 -0.020677496581165244
59770.906177902376 4.821 0.019000000000000128 1.0076719522996542 0.010534372224942405 1.0 1.0060473417792704 1.0060473417792704 0.0016246105203838734
59770.90619384579 4.821 0.019000000000000128 0.9807782542197202 0.010493153592988847 1.0 1.0060472889805185 1.0060472889805185 -0.025269034760798337
59770.90620978921 4.821 0.019000000000000128 1.0127980926733575 0.010577567762553725 1.0 1.0060472361817425 1.0060472361817425 0.006750856491614998
59770.90622573263 4.821 0.019000000000000128 1.0087227526367384 0.010568927430882509 1.0 1.0060471833829665 1.0060471833829665 0.002675569253771881
59770.90624167604 4.821 0.019000000000000128 1.0130421643043697 0.010557395446157226 1.0 1.0060471305842147 1.0060471305842147 0.006995033720154975
59770.90625761946 4.821 0.019000000000000128 1.018949375228652 0.010567010657962344 1.0 1.006047077785439 1.006047077785439 0.01290229744321314
59770.90627356288 4.821 0.019000000000000128 1.0088366384949103 0.010567233547200128 1.0 1.0060470249866629 1.0060470249866629 0.0027896135082474682
59770.9062895063 4.821 0.019000000000000128 1.0135593067569975 0.01055167901102885 1.0 1.0060469721878869 1.0060469721878869 0.007512334569110601
59770.90630544972 4.821 0.019000000000000128 1.0324419018730857 0.010588973926263881 1.0 1.006046919389135 1.006046919389135 0.02639498248395067
59770.906321393144 4.821 0.019000000000000128 1.0014242932317392 0.010503564556277937 1.0 1.006046866590335 1.006046866590335 -0.004622573358595838
59770.90633733656 4.821 0.019000000000000128 0.9974470111032784 0.010495228656421282 1.0 1.0060468137915832 1.0060468137915832 -0.008599802688304847
59770.90635327998 4.821 0.019000000000000128 1.0080507709757722 0.010531859141282084 1.0 1.0060467609928072 1.0060467609928072 0.002004009982965016
59770.9063692234 4.821 0.019000000000000128 1.0161168695464189 0.01054435544015909 1.0 1.0060467081940314 1.0060467081940314 0.010070161352387474
59770.90638516682 4.821 0.019000000000000128 1.0085203476264166 0.010554081945001844 1.0 1.0060466553952554 1.0060466553952554 0.0024736922311612286
59770.90640111024 4.821 0.019000000000000128 1.0063710552001703 0.010527318282775797 1.0 1.0060466025964794 1.0060466025964794 0.0003244526036909612
