eureka_custom_plots/data/stage5_lcfit_results/S5_wasp39b_ap4_bg8_Table_Save_ch45.txt
# %ECSV 1.0
# ---
# datatype:
# - {name: time, datatype: float64}
# - {name: wavelength, datatype: float64}
# - {name: bin_width, datatype: float64}
# - {name: lcdata, datatype: float64}
# - {name: lcerr, datatype: float64}
# - {name: transit, datatype: float64}
# - {name: polynom, datatype: float64}
# - {name: model, datatype: float64}
# - {name: residuals, datatype: float64}
# schema: astropy-2.0
time wavelength bin_width lcdata lcerr transit polynom model residuals
[from data line 4009]
59770.70793742192 4.744 0.019000000000000128 1.0191412955597965 0.009932276507349031 1.0 1.0067692856048394 1.0067692856048394 0.01237200995495713
59770.70795336533 4.744 0.019000000000000128 1.0199118949238726 0.009913463320101838 1.0 1.006769238183708 1.006769238183708 0.013142656740164682
59770.70796930876 4.744 0.019000000000000128 0.997580934654525 0.009884038437316112 1.0 1.0067691907625334 1.0067691907625334 -0.00918825610800833
59770.70798525218 4.744 0.019000000000000128 0.9997653841550127 0.009884734197264778 1.0 1.0067691433413806 1.0067691433413806 -0.007003759186367864
59770.7080011956 4.744 0.019000000000000128 0.9946149511058503 0.009844199666737087 1.0 1.0067690959202276 1.0067690959202276 -0.012154144814377266
59770.70801713902 4.744 0.019000000000000128 0.9966398172994398 0.009869268876267328 1.0 1.0067690484990746 1.0067690484990746 -0.010129231199634714
59770.70803308244 4.744 0.019000000000000128 1.0090089796704986 0.00988631794292143 1.0 1.0067690010779216 1.0067690010779216 0.0022399785925770743
59770.70804902586 4.744 0.019000000000000128 1.0021551067957961 0.009879374944177394 1.0 1.0067689536567688 1.0067689536567688 -0.004613846860972659
59770.70806496927 4.744 0.019000000000000128 1.0007985198286886 0.009882989056453089 1.0 1.0067689062356373 1.0067689062356373 -0.005970386406948691
59770.7080809127 4.744 0.019000000000000128 1.00382222305475 0.009863904902186863 1.0 1.0067688588144628 1.0067688588144628 -0.002946635759712768
59770.70809685612 4.744 0.019000000000000128 1.0227700004297222 0.009939685748435451 1.0 1.00676881139331 1.00676881139331 0.016001189036412233
59770.70811279954 4.744 0.019000000000000128 1.003449823081614 0.009932701717327557 1.0 1.006768763972157 1.006768763972157 -0.003318940890542965
59770.70812874296 4.744 0.019000000000000128 1.0067540675936448 0.009915209962416068 1.0 1.006768716551004 1.006768716551004 -1.46489573591424e-05
59770.70814468638 4.744 0.019000000000000128 1.0141044164249442 0.009925138429934898 1.0 1.006768669129851 1.006768669129851 0.007335747295093231
59770.7081606298 4.744 0.019000000000000128 1.0005723533996582 0.009879108794400383 1.0 1.0067686217086982 1.0067686217086982 -0.006196268309039965
59770.70817657322 4.744 0.019000000000000128 1.0197543112852976 0.00993437311479985 1.0 1.0067685742875452 1.0067685742875452 0.012985736997752406
59770.70819251664 4.744 0.019000000000000128 0.9963353917452761 0.009903621101210899 1.0 1.0067685268663922 1.0067685268663922 -0.0104331351211161
59770.70820846007 4.744 0.019000000000000128 1.004572626418473 0.009889290452683783 1.0 1.0067684794452176 1.0067684794452176 -0.002195853026744743
59770.70822440348 4.744 0.019000000000000128 1.0167430476013668 0.009937810973120943 1.0 1.0067684320240864 1.0067684320240864 0.00997461557728041
59770.7082403469 4.744 0.019000000000000128 0.9972913175734442 0.00990336399686129 1.0 1.0067683846029334 1.0067683846029334 -0.009477067029489139
59770.70825629032 4.744 0.019000000000000128 1.0083554309369103 0.009915374919352403 1.0 1.0067683371817804 1.0067683371817804 0.001587093755129887
59770.70827223374 4.744 0.019000000000000128 0.9941350493399564 0.009857180638327776 1.0 1.0067682897606276 1.0067682897606276 -0.012633240420671155
59770.70828817717 4.744 0.019000000000000128 1.0068430499494847 0.00990885975982259 1.0 1.0067682423394528 1.0067682423394528 7.480761003186842e-05
59770.708304120584 4.744 0.019000000000000128 0.9961694139954278 0.009887988723863185 1.0 1.0067681949183216 1.0067681949183216 -0.010598780922893791
59770.70832006401 4.744 0.019000000000000128 1.0151459700030931 0.00991637900807842 1.0 1.006768147497147 1.006768147497147 0.008377822505946098
59770.708336007425 4.744 0.019000000000000128 0.9932811704180277 0.00987483548760635 1.0 1.0067681000760158 1.0067681000760158 -0.013486929657988145
59770.708351950845 4.744 0.019000000000000128 1.0152272792240096 0.00993653906768112 1.0 1.0067680526548628 1.0067680526548628 0.008459226569146772
59770.708367894265 4.744 0.019000000000000128 1.0013397897995866 0.009915705286536104 1.0 1.0067680052337098 1.0067680052337098 -0.005428215434123196
59770.70838383769 4.744 0.019000000000000128 1.0182429006445795 0.009923687567555043 1.0 1.0067679578125353 1.0067679578125353 0.0114749428320442
59770.70839978111 4.744 0.019000000000000128 1.0051776659465363 0.00991059147808715 1.0 1.0067679103913822 1.0067679103913822 -0.0015902444448459008
59770.708415724526 4.744 0.019000000000000128 1.0018418109492688 0.009898570000269481 1.0 1.006767862970251 1.006767862970251 -0.0049260520209821745
59770.708431667954 4.744 0.019000000000000128 0.9957682493307384 0.009873124571307217 1.0 1.0067678155490765 1.0067678155490765 -0.010999566218338086
59770.70844761137 4.744 0.019000000000000128 1.0009709137584262 0.00989796374262232 1.0 1.0067677681279452 1.0067677681279452 -0.005796854369519044
59770.708463554794 4.744 0.019000000000000128 1.0141071601331202 0.00993119464556324 1.0 1.0067677207067705 1.0067677207067705 0.0073394394263497365
59770.708479498215 4.744 0.019000000000000128 0.9949045894879769 0.009860615128410556 1.0 1.0067676732856177 1.0067676732856177 -0.011863083797640783
59770.708495441635 4.744 0.019000000000000128 1.0035284525821078 0.00990793828390977 1.0 1.0067676258644647 1.0067676258644647 -0.0032391732823568997
59770.708511385055 4.744 0.019000000000000128 1.0007899506268825 0.0099078141902649 1.0 1.0067675784433117 1.0067675784433117 -0.005977627816429187
59770.70852732847 4.744 0.019000000000000128 1.015575472126754 0.009932783786943499 1.0 1.0067675310221804 1.0067675310221804 0.008807941104573613
59770.708543271896 4.744 0.019000000000000128 1.0052879162002422 0.009890739556551072 1.0 1.0067674836010059 1.0067674836010059 -0.001479567400763715
59770.70855921531 4.744 0.019000000000000128 1.0144180245194212 0.009932624907043455 1.0 1.0067674361798746 1.0067674361798746 0.007650588339546571
59770.70857515874 4.744 0.019000000000000128 1.0061642325974876 0.009910181813366505 1.0 1.0067673887586999 1.0067673887586999 -0.0006031561612123149
59770.70859110216 4.744 0.019000000000000128 0.9959544246183523 0.0098803241451097 1.0 1.006767341337547 1.006767341337547 -0.01081291671919482
59770.70860704558 4.744 0.019000000000000128 1.0058169325230548 0.009937191005921052 1.0 1.006767293916394 1.006767293916394 -0.0009503613933392607
59770.708622989 4.744 0.019000000000000128 1.0028880151710764 0.009891193641656647 1.0 1.006767246495241 1.006767246495241 -0.003879231324164678
59770.70863893241 4.744 0.019000000000000128 1.0057574114925105 0.00986692338487447 1.0 1.0067671990741098 1.0067671990741098 -0.0010097875815993085
59770.70865487584 4.744 0.019000000000000128 1.0113510160355343 0.009895441367638475 1.0 1.0067671516529353 1.0067671516529353 0.004583864382599057
59770.70867081926 4.744 0.019000000000000128 1.0056835878979091 0.00989003160573609 1.0 1.0067671042317823 1.0067671042317823 -0.001083516333873158
59770.70868676268 4.744 0.019000000000000128 1.0114675166430147 0.009896746287032564 1.0 1.0067670568106293 1.0067670568106293 0.0047004598323854285
59770.7087027061 4.744 0.019000000000000128 0.9864194453716162 0.009874543750252426 1.0 1.0067670093894765 1.0067670093894765 -0.02034756401786031
59770.70871864952 4.744 0.019000000000000128 1.0120286392786382 0.009921161039406027 1.0 1.0067669619683235 1.0067669619683235 0.005261677310314683
59770.70873459294 4.744 0.019000000000000128 1.0142395428949862 0.009894980169886994 1.0 1.0067669145471705 1.0067669145471705 0.007472628347815702
59770.70875053636 4.744 0.019000000000000128 0.9966419685896493 0.009894573844774423 1.0 1.0067668671260175 1.0067668671260175 -0.010124898536368221
59770.70876647978 4.744 0.019000000000000128 1.0180346128971165 0.00992685038281098 1.0 1.0067668197048647 1.0067668197048647 0.011267793192251796
59770.7087824232 4.744 0.019000000000000128 1.0095819785922309 0.009930515518877213 1.0 1.0067667722837117 1.0067667722837117 0.002815206308519169
59770.70879836662 4.744 0.019000000000000128 1.016181785685767 0.009956696741291864 1.0 1.0067667248625587 1.0067667248625587 0.009415060823208199
59770.70881431004 4.744 0.019000000000000128 0.98354747573727 0.009828562912257213 1.0 1.006766677441406 1.006766677441406 -0.02321920170413594
59770.70883025346 4.744 0.019000000000000128 0.9854826144419615 0.009859014579987833 1.0 1.006766630020253 1.006766630020253 -0.021284015578291404
59770.70884619688 4.744 0.019000000000000128 1.0141243715465011 0.009904048854880634 1.0 1.0067665825991 1.0067665825991 0.007357788947401245
59770.7088621403 4.744 0.019000000000000128 1.0006450512240777 0.00989331301354313 1.0 1.006766535177947 1.006766535177947 -0.0061214839538692445
59770.70887808372 4.744 0.019000000000000128 1.0088798208653629 0.011019533406126504 1.0 1.0067664877567941 1.0067664877567941 0.00211333310856876
59770.70889402715 4.744 0.019000000000000128 1.0076145020444511 0.00991350226301355 1.0 1.0067664403356196 1.0067664403356196 0.0008480617088315601
59770.70890997056 4.744 0.019000000000000128 0.9815257303704333 0.009841539256860732 1.0 1.006766392914488 1.006766392914488 -0.02524066254405477
59770.70892591399 4.744 0.019000000000000128 1.0018878468453838 0.011110031211292224 1.0 1.0067663454933136 1.0067663454933136 -0.004878498647929774
59770.7089418574 4.744 0.019000000000000128 1.0158866753363451 0.009907745632748268 1.0 1.0067662980721823 1.0067662980721823 0.009120377264162816
59770.70895780083 4.744 0.019000000000000128 1.0156933449280492 0.009943657942782104 1.0 1.0067662506510078 1.0067662506510078 0.008927094277041414
59770.708973744244 4.744 0.019000000000000128 0.9964025107947194 0.00984672362066617 1.0 1.0067662032298763 1.0067662032298763 -0.01036369243515689
59770.708989687664 4.744 0.019000000000000128 1.0105955815706849 0.00991016887590939 1.0 1.0067661558087235 1.0067661558087235 0.0038294257619613248
59770.70900563109 4.744 0.019000000000000128 0.989626998335698 0.00986319367780043 1.0 1.0067661083875488 1.0067661083875488 -0.01713911005185076
59770.709021574505 4.744 0.019000000000000128 1.003906699020515 0.009894263443200785 1.0 1.0067660609664175 1.0067660609664175 -0.0028593619459025277
59770.70903751793 4.744 0.019000000000000128 0.9989511913253932 0.011090230648156443 1.0 1.006766013545243 1.006766013545243 -0.007814822219849749
59770.709053461345 4.744 0.019000000000000128 1.0135996681723398 0.009917303448061257 1.0 1.0067659661241117 1.0067659661241117 0.006833702048228085
59770.70906940477 4.744 0.019000000000000128 0.9953909527305693 0.009857342225583461 1.0 1.0067659187029372 1.0067659187029372 -0.011374965972367868
59770.709085348186 4.744 0.019000000000000128 0.9924220925192553 0.00985755867781153 1.0 1.0067658712818057 1.0067658712818057 -0.014343778762550441
59770.709101291606 4.744 0.019000000000000128 1.022657142792017 0.009967912265484437 1.0 1.006765823860653 1.006765823860653 0.015891318931364085
59770.709117235034 4.744 0.019000000000000128 1.0069879946088027 0.009901977747240538 1.0 1.0067657764394782 1.0067657764394782 0.00022221816932455063
59770.709133178454 4.744 0.019000000000000128 0.9998385560481792 0.011041099984828353 1.0 1.0067657290183254 1.0067657290183254 -0.006927172970146223
59770.709149121874 4.744 0.019000000000000128 1.0090533171957714 0.009909895208943649 1.0 1.0067656815971724 1.0067656815971724 0.0022876355985990138
59770.70916506529 4.744 0.019000000000000128 1.0071203585314183 0.009897865803809403 1.0 1.0067656341760411 1.0067656341760411 0.0003547243553772006
59770.709181008715 4.744 0.019000000000000128 1.01781543402301 0.009940562784452378 1.0 1.0067655867548666 1.0067655867548666 0.011049847268143287
59770.70919695213 4.744 0.019000000000000128 1.02397243582886 0.009918876763270468 1.0 1.0067655393337351 1.0067655393337351 0.017206896495124857
59770.709212895556 4.744 0.019000000000000128 1.0057552068683937 0.00990652875954201 1.0 1.0067654919125606 1.0067654919125606 -0.001010285044166892
59770.709228838976 4.744 0.019000000000000128 1.0145211485978 0.009896746957904398 1.0 1.0067654444914076 1.0067654444914076 0.00775570410639248
59770.709244782396 4.744 0.019000000000000128 1.0005908435273547 0.009866976067162463 1.0 1.0067653970702548 1.0067653970702548 -0.006174553542900085
59770.70926072582 4.744 0.019000000000000128 1.022102461219151 0.00990262496929478 1.0 1.0067653496491018 1.0067653496491018 0.015337111570049133
59770.70927666923 4.744 0.019000000000000128 1.0000106359970622 0.009888360120350452 1.0 1.0067653022279706 1.0067653022279706 -0.006754666230908368
59770.70929261266 4.744 0.019000000000000128 1.005367610595173 0.009898972009251826 1.0 1.006765254806796 1.006765254806796 -0.001397644211623028
59770.70930855608 4.744 0.019000000000000128 1.0087667656160517 0.009916162241600752 1.0 1.006765207385643 1.006765207385643 0.0020015582304087065
59770.7093244995 4.744 0.019000000000000128 1.0091628707969562 0.009922628648372699 1.0 1.00676515996449 1.00676515996449 0.0023977108324662044
59770.70934044292 4.744 0.019000000000000128 1.0322863533548885 0.009986167870609242 1.0 1.006765112543337 1.006765112543337 0.025521240811551493
59770.70935638634 4.744 0.019000000000000128 1.0193174907418834 0.00992586626701928 1.0 1.0067650651221842 1.0067650651221842 0.012552425619699159
59770.70937232976 4.744 0.019000000000000128 1.004468063832996 0.00986967008585892 1.0 1.0067650177010312 1.0067650177010312 -0.0022969538680353008
59770.70938827318 4.744 0.019000000000000128 1.002207331747057 0.009890731529319482 1.0 1.0067649702798782 1.0067649702798782 -0.004557638532821207
59770.7094042166 4.744 0.019000000000000128 1.014972470406923 0.009927616371846922 1.0 1.0067649228587252 1.0067649228587252 0.008207547548197747
59770.70942016003 4.744 0.019000000000000128 1.0097879753360268 0.009889568866260443 1.0 1.0067648754375507 1.0067648754375507 0.003023099898476156
59770.70943610344 4.744 0.019000000000000128 1.0139818115995813 0.00992275126407681 1.0 1.0067648280164194 1.0067648280164194 0.007216983583161918
59770.70945204686 4.744 0.019000000000000128 1.0020455866506515 0.00988602123909469 1.0 1.0067647805952664 1.0067647805952664 -0.004719193944614952
59770.70946799028 4.744 0.019000000000000128 0.9926970329668011 0.009909936184697984 1.0 1.0067647331741136 1.0067647331741136 -0.014067700207312517
59770.7094839337 4.744 0.019000000000000128 0.9958392122148387 0.009879672366896146 1.0 1.0067646857529606 1.0067646857529606 -0.0109254735381219
59770.70949987712 4.744 0.019000000000000128 0.9891434807690732 0.009870903925153317 1.0 1.0067646383318076 1.0067646383318076 -0.017621157562734413
59770.70951582054 4.744 0.019000000000000128 1.0091985784079303 0.00992439534840302 1.0 1.0067645909106546 1.0067645909106546 0.002433987497275636
59770.70953176397 4.744 0.019000000000000128 1.011767670622521 0.0099079259977461 1.0 1.00676454348948 1.00676454348948 0.005003127133040852
59770.70954770738 4.744 0.019000000000000128 1.0056898199409665 0.009899281103750044 1.0 1.0067644960683488 1.0067644960683488 -0.0010746761273823235
59770.7095636508 4.744 0.019000000000000128 0.9963983653958874 0.009861538137719554 1.0 1.0067644486471958 1.0067644486471958 -0.010366083251308389
59770.70957959422 4.744 0.019000000000000128 1.0116342815390298 0.00993056288086025 1.0 1.006764401226043 1.006764401226043 0.004869880312986741
59770.70959553765 4.744 0.019000000000000128 1.0051459764236415 0.009894978803937322 1.0 1.0067643538048683 1.0067643538048683 -0.001618377381226832
59770.70961148106 4.744 0.019000000000000128 1.0079986786902233 0.009919063068767971 1.0 1.006764306383737 1.006764306383737 0.0012343723064862644
59770.70962742448 4.744 0.019000000000000128 0.9962399177896761 0.009886391022580944 1.0 1.006764258962584 1.006764258962584 -0.010524341172907903
