eureka_custom_plots/data/stage5_lcfit_results/S5_wasp39b_ap4_bg8_Table_Save_ch22.txt
# %ECSV 1.0
# ---
# datatype:
# - {name: time, datatype: float64}
# - {name: wavelength, datatype: float64}
# - {name: bin_width, datatype: float64}
# - {name: lcdata, datatype: float64}
# - {name: lcerr, datatype: float64}
# - {name: transit, datatype: float64}
# - {name: polynom, datatype: float64}
# - {name: model, datatype: float64}
# - {name: residuals, datatype: float64}
# schema: astropy-2.0
time wavelength bin_width lcdata lcerr transit polynom model residuals
[from data line 16936]
59770.914038007875 3.8625 0.019500000000000073 1.00568321514216 0.0060193163746283225 1.0 1.0058368470913257 1.0058368470913257 -0.00015363194916573342
59770.914053951296 3.8625 0.019500000000000073 0.9972206643078735 0.00601254743149999 1.0 1.005836770228856 1.005836770228856 -0.008616105920982498
59770.91406989471 3.8625 0.019500000000000073 1.0089275544896446 0.006025922249089235 1.0 1.0058366933664211 1.0058366933664211 0.0030908611232234318
59770.914085838136 3.8625 0.019500000000000073 1.0074157367798162 0.006021691873753483 1.0 1.0058366165039163 1.0058366165039163 0.0015791202758999034
59770.91410178155 3.8625 0.019500000000000073 1.004511386003057 0.006023978224120502 1.0 1.0058365396414817 1.0058365396414817 -0.0013251536384246698
59770.91411772497 3.8625 0.019500000000000073 1.0093948505815897 0.006034860425344269 1.0 1.005836462779012 1.005836462779012 0.003558387802577778
59770.91413366839 3.8625 0.019500000000000073 1.0072938469772297 0.006023242082350673 1.0 1.0058363859165422 1.0058363859165422 0.0014574610606874483
59770.9141496118 3.8625 0.019500000000000073 1.003302891525502 0.006012468237589619 1.0 1.0058363090541076 1.0058363090541076 -0.002533417528605586
59770.91416555522 3.8625 0.019500000000000073 0.9968745187917535 0.006004517033256862 1.0 1.0058362321916379 1.0058362321916379 -0.008961713399884386
59770.91418149864 3.8625 0.019500000000000073 1.0054662856218664 0.006032529396014663 1.0 1.0058361553291681 1.0058361553291681 -0.00036986970730179536
59770.91419744206 3.8625 0.019500000000000073 0.9976553968049692 0.006013238050075823 1.0 1.0058360784666984 1.0058360784666984 -0.00818068166172925
59770.91421338548 3.8625 0.019500000000000073 0.9983589211361054 0.0060219457588906325 1.0 1.0058360016042636 1.0058360016042636 -0.007477080468158204
59770.914229328904 3.8625 0.019500000000000073 1.014580739790765 0.006039654276323537 1.0 1.0058359247417588 1.0058359247417588 0.00874481504900615
59770.91424527232 3.8625 0.019500000000000073 1.0056677301296653 0.006024489915727596 1.0 1.0058358478793241 1.0058358478793241 -0.00016811774965885817
59770.914261215745 3.8625 0.019500000000000073 1.0144558462210767 0.006044664002025856 1.0 1.0058357710168193 1.0058357710168193 0.008620075204257338
59770.91427715916 3.8625 0.019500000000000073 1.0062286971455632 0.006032576878979786 1.0 1.0058356941543847 1.0058356941543847 0.0003930029911785038
59770.91429310258 3.8625 0.019500000000000073 1.0118826461879709 0.0060424902546544245 1.0 1.005835617291915 1.005835617291915 0.006047028896055906
59770.914309046 3.8625 0.019500000000000073 1.0029297115938842 0.006014877793468635 1.0 1.0058355404294452 1.0058355404294452 -0.0029058288355610085
59770.91432498941 3.8625 0.019500000000000073 1.0014969670168576 0.006012450332598429 1.0 1.0058354635670106 1.0058354635670106 -0.004338496550152948
59770.91434093283 3.8625 0.019500000000000073 1.0093112861524196 0.006052097264493526 1.0 1.0058353867045409 1.0058353867045409 0.0034758994478787386
59770.91435687625 3.8625 0.019500000000000073 1.0037730181291968 0.0060131421569016635 1.0 1.0058353098420711 1.0058353098420711 -0.002062291712874309
59770.91437281967 3.8625 0.019500000000000073 1.0082044833080075 0.006038089954219367 1.0 1.0058352329796012 1.0058352329796012 0.0023692503284062916
59770.914388763085 3.8625 0.019500000000000073 1.0091951511917854 0.006025123809746832 1.0 1.0058351561171666 1.0058351561171666 0.0033599950746188156
59770.91440470651 3.8625 0.019500000000000073 1.0185652236846756 0.007003185702490424 1.0 1.0058350792546618 1.0058350792546618 0.012730144430013857
59770.914420649926 3.8625 0.019500000000000073 1.0027726281147726 0.006024084230212482 1.0 1.0058350023922271 1.0058350023922271 -0.0030623742774544827
59770.91443659334 3.8625 0.019500000000000073 1.012238669215006 0.006031136114662447 1.0 1.0058349255297925 1.0058349255297925 0.00640374368521357
59770.91445253677 3.8625 0.019500000000000073 0.993032097565327 0.0060042725251513085 1.0 1.0058348486672877 1.0058348486672877 -0.012802751101960719
59770.91446848019 3.8625 0.019500000000000073 0.9986643167592626 0.0060186358882287115 1.0 1.005834771804818 1.005834771804818 -0.007170455045555357
59770.9144844236 3.8625 0.019500000000000073 1.0047301430769404 0.006023171277564968 1.0 1.0058346949423833 1.0058346949423833 -0.0011045518654428932
59770.91450036702 3.8625 0.019500000000000073 1.0038900514927027 0.006007535537330933 1.0 1.0058346180799136 1.0058346180799136 -0.001944566587210872
59770.91451631044 3.8625 0.019500000000000073 1.0100868809565575 0.006037304205501525 1.0 1.0058345412174436 1.0058345412174436 0.004252339739113875
59770.91453225386 3.8625 0.019500000000000073 1.0066094856851375 0.00602256406359354 1.0 1.005834464354974 1.005834464354974 0.0007750213301636055
59770.91454819728 3.8625 0.019500000000000073 1.0014987649346394 0.0060176069586772496 1.0 1.0058343874925042 1.0058343874925042 -0.004335622557864793
59770.914564140694 3.8625 0.019500000000000073 1.001758824549109 0.006022489286487303 1.0 1.0058343106300696 1.0058343106300696 -0.004075486080960644
59770.91458008412 3.8625 0.019500000000000073 1.0088684897042925 0.006030663213185728 1.0 1.0058342337675648 1.0058342337675648 0.003034255936727792
59770.914596027535 3.8625 0.019500000000000073 1.0030126166548443 0.006037573011883354 1.0 1.0058341569051301 1.0058341569051301 -0.0028215402502858034
59770.91461197095 3.8625 0.019500000000000073 1.0100988093049108 0.006031620781208411 1.0 1.0058340800426955 1.0058340800426955 0.004264729262215328
59770.914627914375 3.8625 0.019500000000000073 0.9993494781106887 0.006021879930124785 1.0 1.0058340031801907 1.0058340031801907 -0.006484525069501923
59770.91464385779 3.8625 0.019500000000000073 1.0091363009286196 0.00603244220241736 1.0 1.005833926317756 1.005833926317756 0.0033023746108635788
59770.91465980121 3.8625 0.019500000000000073 1.009878076546189 0.006029435883212162 1.0 1.005833849455286 1.005833849455286 0.004044227090902908
59770.91467574463 3.8625 0.019500000000000073 1.0119298994230463 0.006041703515839087 1.0 1.0058337725928164 1.0058337725928164 0.006096126830229975
59770.91469168805 3.8625 0.019500000000000073 1.0002236802584499 0.006021208732738978 1.0 1.0058336957303466 1.0058336957303466 -0.005610015471896768
59770.91470763146 3.8625 0.019500000000000073 1.0014688468667576 0.006019783099631345 1.0 1.005833618867912 1.005833618867912 -0.004364772001154371
59770.91472357488 3.8625 0.019500000000000073 1.009597411982171 0.006975297348974105 1.0 1.0058335420054423 1.0058335420054423 0.0037638699767286177
59770.9147395183 3.8625 0.019500000000000073 1.0075297148810023 0.006022223366868201 1.0 1.0058334651429726 1.0058334651429726 0.0016962497380297314
59770.91475546172 3.8625 0.019500000000000073 1.0151942568413985 0.006047912946948186 1.0 1.0058333882805028 1.0058333882805028 0.009360868560895685
59770.91477140514 3.8625 0.019500000000000073 1.0160183086688674 0.006058456008042612 1.0 1.0058333114180331 1.0058333114180331 0.010184997250834327
59770.914787348556 3.8625 0.019500000000000073 1.0171776967016013 0.006050467510794324 1.0 1.0058332345555985 1.0058332345555985 0.01134446214600282
59770.914803291984 3.8625 0.019500000000000073 1.001158304452077 0.006026326018717358 1.0 1.0058331576930937 1.0058331576930937 -0.004674853241016574
59770.9148192354 3.8625 0.019500000000000073 1.0113845790294382 0.006054885589862732 1.0 1.0058330808306588 1.0058330808306588 0.005551498198779425
59770.91483517882 3.8625 0.019500000000000073 1.009743115531387 0.006022488998934133 1.0 1.005833003968189 1.005833003968189 0.003910111563197871
59770.91485112224 3.8625 0.019500000000000073 1.0206045196564442 0.006047084778761672 1.0 1.0058329271057194 1.0058329271057194 0.0147715925507248
59770.91486706566 3.8625 0.019500000000000073 1.0097945186550563 0.006024149205133738 1.0 1.0058328502432496 1.0058328502432496 0.003961668411806674
59770.91488300907 3.8625 0.019500000000000073 1.005298939905167 0.006030699074514962 1.0 1.005832773380815 1.005832773380815 -0.000533833475647949
59770.91489895249 3.8625 0.019500000000000073 0.9967224879756568 0.0059980151111955525 1.0 1.0058326965183453 1.0058326965183453 -0.009110208542688514
59770.91491489591 3.8625 0.019500000000000073 1.0071384141124105 0.00603353758533787 1.0 1.0058326196558756 1.0058326196558756 0.0013057944565348922
59770.91493083933 3.8625 0.019500000000000073 1.0065860537969145 0.0060164700493007175 1.0 1.0058325427934058 1.0058325427934058 0.0007535110035086223
59770.91494678275 3.8625 0.019500000000000073 0.9986690357568737 0.006003889595029777 1.0 1.0058324659309361 1.0058324659309361 -0.007163430174062402
59770.914962726165 3.8625 0.019500000000000073 1.013212786479748 0.006035118409584602 1.0 1.0058323890685013 1.0058323890685013 0.007380397411246742
59770.914978669585 3.8625 0.019500000000000073 0.998905064040517 0.0060127188723962215 1.0 1.0058323122060315 1.0058323122060315 -0.006927248165514488
59770.914994613006 3.8625 0.019500000000000073 1.007055322474868 0.006022354215960632 1.0 1.0058322353435618 1.0058322353435618 0.0012230871313061442
59770.915010556426 3.8625 0.019500000000000073 1.0000190578734962 0.0060110444000182235 1.0 1.005832158481092 1.005832158481092 -0.005813100607595878
59770.91502649984 3.8625 0.019500000000000073 1.0064480948102283 0.0060405520253491805 1.0 1.0058320816186574 1.0058320816186574 0.0006160131915708966
59770.91504244327 3.8625 0.019500000000000073 1.007657866110577 0.006039886928447441 1.0 1.0058320047561526 1.0058320047561526 0.0018258613544244184
59770.91505838668 3.8625 0.019500000000000073 1.000169138220159 0.006018074791696748 1.0 1.005831927893718 1.005831927893718 -0.005662789673559043
59770.9150743301 3.8625 0.019500000000000073 1.0088642562556185 0.006039010198819445 1.0 1.0058318510312483 1.0058318510312483 0.003032405224370205
59770.91509027352 3.8625 0.019500000000000073 1.0006518838713299 0.006027007048755593 1.0 1.0058317741687786 1.0058317741687786 -0.005179890297448697
59770.91510621693 3.8625 0.019500000000000073 1.0053702623144072 0.006030128014995292 1.0 1.0058316973063437 1.0058316973063437 -0.0004614349919365157
59770.91512216036 3.8625 0.019500000000000073 1.0081894251614338 0.006024497600122061 1.0 1.005831620443839 1.005831620443839 0.002357804717594947
59770.915138103774 3.8625 0.019500000000000073 0.9987242615496766 0.006019091881306226 1.0 1.0058315435814043 1.0058315435814043 -0.007107282031727613
59770.915154047194 3.8625 0.019500000000000073 1.0040275395352947 0.006015315083040898 1.0 1.0058314667189345 1.0058314667189345 -0.001803927183639864
59770.915169990614 3.8625 0.019500000000000073 1.0110421385542256 0.006040579150200678 1.0 1.0058313898564648 1.0058313898564648 0.005210748697760836
59770.91518593403 3.8625 0.019500000000000073 1.016951145158779 0.006044120159819624 1.0 1.0058313129940302 1.0058313129940302 0.011119832164748766
59770.91520187745 3.8625 0.019500000000000073 1.0134672936355358 0.00604455192357848 1.0 1.0058312361315604 1.0058312361315604 0.007636057503975335
59770.915217820875 3.8625 0.019500000000000073 1.0049692977952351 0.006020040033931411 1.0 1.0058311592690556 1.0058311592690556 -0.0008618614738205022
59770.91523376429 3.8625 0.019500000000000073 1.0080016498461537 0.006038687742846832 1.0 1.005831082406621 1.005831082406621 0.0021705674395327
59770.9152497077 3.8625 0.019500000000000073 1.020706591075566 0.0060524345279721285 1.0 1.0058310055441861 1.0058310055441861 0.014875585531379798
59770.91526565113 3.8625 0.019500000000000073 1.009901702208672 0.006021904653315914 1.0 1.0058309286816813 1.0058309286816813 0.004070773526990701
59770.91528159454 3.8625 0.019500000000000073 1.0028584213381322 0.006023300586306659 1.0 1.0058308518192467 1.0058308518192467 -0.0029724304811145075
59770.91529753796 3.8625 0.019500000000000073 1.0067309561461004 0.006030795992337024 1.0 1.005830774956777 1.005830774956777 0.0009001811893234457
59770.91531348138 3.8625 0.019500000000000073 1.0160235682556902 0.006070026140018561 1.0 1.0058306980943073 1.0058306980943073 0.010192870161382928
59770.9153294248 3.8625 0.019500000000000073 1.0030678862366964 0.006015941463000458 1.0 1.0058306212318375 1.0058306212318375 -0.002762734995141125
59770.915345368216 3.8625 0.019500000000000073 1.008346725807097 0.006027676129948399 1.0 1.005830544369403 1.005830544369403 0.002516181437694165
59770.915361311636 3.8625 0.019500000000000073 1.0014819370487384 0.006026656473645196 1.0 1.0058304675069332 1.0058304675069332 -0.0043485304581947215
59770.915377255056 3.8625 0.019500000000000073 1.00841733124917 0.0060180597422866125 1.0 1.0058303906444634 1.0058303906444634 0.0025869406047065446
59770.915393198484 3.8625 0.019500000000000073 0.9959791614988642 0.006020617576443085 1.0 1.0058303137819586 1.0058303137819586 -0.009851152283094411
59770.9154091419 3.8625 0.019500000000000073 0.9888979467995468 0.005984679308704123 1.0 1.0058302369195238 1.0058302369195238 -0.01693229011997699
59770.91542508531 3.8625 0.019500000000000073 1.0058266189692295 0.00602717128605866 1.0 1.0058301600570891 1.0058301600570891 -3.541087859604275e-06
59770.91544102874 3.8625 0.019500000000000073 1.0092224964179157 0.006038682449115773 1.0 1.0058300831945843 1.0058300831945843 0.003392413223331392
59770.91545697215 3.8625 0.019500000000000073 1.0087123821571127 0.006030420647184439 1.0 1.0058300063321497 1.0058300063321497 0.0028823758249629794
59770.91547291557 3.8625 0.019500000000000073 1.0049928542105782 0.006028285766576782 1.0 1.00582992946968 1.00582992946968 -0.000837075259101816
59770.91548885899 3.8625 0.019500000000000073 1.0089510578642578 0.006044739723202494 1.0 1.0058298526072103 1.0058298526072103 0.00312120525704751
59770.91550480241 3.8625 0.019500000000000073 1.0006725156070242 0.006014947137201669 1.0 1.0058297757447405 1.0058297757447405 -0.005157260137716335
59770.915520745824 3.8625 0.019500000000000073 1.006693041980685 0.006032139880902168 1.0 1.005829698882306 1.005829698882306 0.0008633430983790991
59770.915536689245 3.8625 0.019500000000000073 1.0003254158169665 0.006011703480907566 1.0 1.005829622019836 1.005829622019836 -0.005504206202869399
59770.915552632665 3.8625 0.019500000000000073 1.0026000218771622 0.006020950154916315 1.0 1.0058295451573662 1.0058295451573662 -0.003229523280203983
59770.91556857608 3.8625 0.019500000000000073 0.9991008326907534 0.00601680225274859 1.0 1.0058294682949316 1.0058294682949316 -0.006728635604178135
59770.915584519506 3.8625 0.019500000000000073 1.003867460562898 0.006019287954955479 1.0 1.0058293914324268 1.0058293914324268 -0.001961930869528672
59770.91560046292 3.8625 0.019500000000000073 1.0053900779855167 0.006020858542819696 1.0 1.0058293145699921 1.0058293145699921 -0.000439236584475422
59770.91561640634 3.8625 0.019500000000000073 1.0050314875601813 0.006009837844797185 1.0 1.0058292377075224 1.0058292377075224 -0.0007977501473410697
59770.91563234976 3.8625 0.019500000000000073 1.0058271321062788 0.006032736840596129 1.0 1.0058291608450527 1.0058291608450527 -2.0287387738626705e-06
59770.91564829317 3.8625 0.019500000000000073 1.0035366106314254 0.006023114404594824 1.0 1.005829083982618 1.005829083982618 -0.0022924733511926476
59770.9156642366 3.8625 0.019500000000000073 1.018527345241876 0.006036989305875171 1.0 1.0058290071201132 1.0058290071201132 0.012698338121762687
59770.91568018002 3.8625 0.019500000000000073 1.0005172331403276 0.00600788599637988 1.0 1.0058289302576435 1.0058289302576435 -0.005311697117315939
59770.91569612343 3.8625 0.019500000000000073 1.0132898500071301 0.006040176731024229 1.0 1.0058288533952087 1.0058288533952087 0.0074609966119214555
59770.91571206685 3.8625 0.019500000000000073 1.005295563315208 0.006017221773974004 1.0 1.005828776532739 1.005828776532739 -0.000533213217530859
