eureka_custom_plots/data/stage5_lcfit_results/S5_wasp39b_ap4_bg8_Table_Save_ch10.txt
# %ECSV 1.0
# ---
# datatype:
# - {name: time, datatype: float64}
# - {name: wavelength, datatype: float64}
# - {name: bin_width, datatype: float64}
# - {name: lcdata, datatype: float64}
# - {name: lcerr, datatype: float64}
# - {name: transit, datatype: float64}
# - {name: polynom, datatype: float64}
# - {name: model, datatype: float64}
# - {name: residuals, datatype: float64}
# schema: astropy-2.0
time wavelength bin_width lcdata lcerr transit polynom model residuals
[from data line 7180]
59770.75849400763 3.4025 0.019500000000000073 1.0073100942161264 0.0041312693801943854 1.0 1.0067651757475158 1.0067651757475158 0.0005449184686106001
59770.75850995105 3.4025 0.019500000000000073 1.0053768472577196 0.004125177819563905 1.0 1.006765072521268 1.006765072521268 -0.001388225263548426
59770.75852589447 3.4025 0.019500000000000073 1.0143295791126663 0.004144087901680904 1.0 1.0067649692950202 1.0067649692950202 0.007564609817646062
59770.75854183789 3.4025 0.019500000000000073 1.0067416785606222 0.004131514365442417 1.0 1.0067648660687725 1.0067648660687725 -2.318750815022419e-05
59770.75855778131 3.4025 0.019500000000000073 1.0120456627427046 0.004139655764446418 1.0 1.0067647628425247 1.0067647628425247 0.005280899900179881
59770.75857372472 3.4025 0.019500000000000073 "" "" 1.0 1.006764659616324 1.006764659616324 ""
59770.75858966815 3.4025 0.019500000000000073 1.0119831800877386 0.004145719228346293 1.0 1.006764556390029 1.006764556390029 0.005218623697709646
59770.75860561157 3.4025 0.019500000000000073 0.9987007591972193 0.004118675981387049 1.0 1.0067644531637812 1.0067644531637812 -0.008063693966561813
59770.75862155499 3.4025 0.019500000000000073 1.006703738175156 0.00413088716526915 1.0 1.0067643499375334 1.0067643499375334 -6.061176237737165e-05
59770.7586374984 3.4025 0.019500000000000073 1.0149500970608658 0.004142074302613217 1.0 1.0067642467113327 1.0067642467113327 0.00818585034953312
59770.75865344183 3.4025 0.019500000000000073 1.0039611918514928 0.004126148636232644 1.0 1.0067641434850378 1.0067641434850378 -0.0028029516335450477
59770.75866938525 3.4025 0.019500000000000073 1.0068505880997813 0.004139301162598089 1.0 1.00676404025879 1.00676404025879 8.6547840991269e-05
59770.75868532867 3.4025 0.019500000000000073 1.0127203541701486 0.004145586189154969 1.0 1.0067639370325423 1.0067639370325423 0.005956417137606307
59770.75870127209 3.4025 0.019500000000000073 1.000395011172976 0.004122079084276811 1.0 1.0067638338062945 1.0067638338062945 -0.006368822633318505
59770.75871721551 3.4025 0.019500000000000073 1.0101964777337211 0.004140838953166103 1.0 1.0067637305800468 1.0067637305800468 0.0034327471536743648
59770.75873315893 3.4025 0.019500000000000073 1.0136977398397986 0.004788105823807671 1.0 1.0067636273537988 1.0067636273537988 0.006934112485999844
59770.758749102344 3.4025 0.019500000000000073 1.013248522154318 0.004146027200287144 1.0 1.0067635241275983 1.0067635241275983 0.006484998026719646
59770.75876504577 3.4025 0.019500000000000073 1.0085641250890647 0.004141687525014343 1.0 1.0067634209013032 1.0067634209013032 0.0018007041877614594
59770.758780989185 3.4025 0.019500000000000073 1.0020667765001423 0.004125339919234145 1.0 1.0067633176751025 1.0067633176751025 -0.0046965411749602115
59770.75879693261 3.4025 0.019500000000000073 1.0083637774979979 0.004135265499966013 1.0 1.0067632144488077 1.0067632144488077 0.0016005630491902068
59770.758812876025 3.4025 0.019500000000000073 1.0064211000631391 0.0041282423910227115 1.0 1.006763111222607 1.006763111222607 -0.00034201115946785876
59770.75882881945 3.4025 0.019500000000000073 1.005216508409505 0.004125386249634861 1.0 1.0067630079963121 1.0067630079963121 -0.0015464995868070819
59770.758844762866 3.4025 0.019500000000000073 1.005858606201965 0.0041345285616348326 1.0 1.0067629047701114 1.0067629047701114 -0.0009042985681464444
59770.758860706286 3.4025 0.019500000000000073 1.0033083719903533 0.004127567659237191 1.0 1.0067628015438637 1.0067628015438637 -0.0034544295535103853
59770.75887664971 3.4025 0.019500000000000073 1.0073388159616152 0.0041363405646760555 1.0 1.006762698317616 1.006762698317616 0.000576117643999341
59770.758892593134 3.4025 0.019500000000000073 1.007043558190545 0.004134306365248365 1.0 1.0067625950913208 1.0067625950913208 0.00028096309922420737
59770.75890853655 3.4025 0.019500000000000073 1.0066353783990263 0.0041348178303991946 1.0 1.0067624918651201 1.0067624918651201 -0.00012711346609384222
59770.75892447997 3.4025 0.019500000000000073 1.0068237589904292 0.0041355670770749095 1.0 1.0067623886388724 1.0067623886388724 6.137035155684423e-05
59770.75894042339 3.4025 0.019500000000000073 1.0040205790194652 0.0041289351879973835 1.0 1.0067622854126246 1.0067622854126246 -0.0027417063931594043
59770.75895636681 3.4025 0.019500000000000073 1.0127958066350435 0.004143070550265605 1.0 1.0067621821863768 1.0067621821863768 0.00603362444866673
59770.75897231023 3.4025 0.019500000000000073 1.0060326383679645 0.0041353060733289254 1.0 1.006762078960129 1.006762078960129 -0.0007294405921645097
59770.75898825365 3.4025 0.019500000000000073 1.0033316985896925 0.004132153064051168 1.0 1.0067619757338813 1.0067619757338813 -0.0034302771441887536
59770.75900419707 3.4025 0.019500000000000073 1.0042195808108256 0.004133009558215753 1.0 1.0067618725076335 1.0067618725076335 -0.0025422916968078635
59770.75902014049 3.4025 0.019500000000000073 1.0087095430673474 0.00413740494777193 1.0 1.0067617692813857 1.0067617692813857 0.0019477737859616706
59770.75903608391 3.4025 0.019500000000000073 1.0068917348179591 0.004140049148246331 1.0 1.006761666055138 1.006761666055138 0.0001300687628211783
59770.75905202733 3.4025 0.019500000000000073 1.0058331657829769 0.00413082170922904 1.0 1.0067615628288902 1.0067615628288902 -0.0009283970459132984
59770.75906797076 3.4025 0.019500000000000073 1.0068492655540615 0.004131915496091276 1.0 1.006761459602595 1.006761459602595 8.780595146640202e-05
59770.75908391417 3.4025 0.019500000000000073 1.0039039504539642 0.004765813400953589 1.0 1.0067613563763944 1.0067613563763944 -0.002857405922430223
59770.75909985759 3.4025 0.019500000000000073 1.0006222874301582 0.004123333665192189 1.0 1.0067612531501466 1.0067612531501466 -0.0061389657199883985
59770.75911580101 3.4025 0.019500000000000073 1.0126880928634425 0.004142478358640016 1.0 1.0067611499238989 1.0067611499238989 0.005926942939543656
59770.75913174443 3.4025 0.019500000000000073 1.0088564732865397 0.00413598733430565 1.0 1.006761046697651 1.006761046697651 0.002095426588888616
59770.75914768785 3.4025 0.019500000000000073 1.008564880162282 0.004135128061853479 1.0 1.0067609434714033 1.0067609434714033 0.001803936690878638
59770.75916363127 3.4025 0.019500000000000073 1.0076017186539725 0.004138343442093768 1.0 1.0067608402451556 1.0067608402451556 0.0008408784088169696
59770.75917957469 3.4025 0.019500000000000073 1.0084504289419638 0.004135246293542576 1.0 1.0067607370189078 1.0067607370189078 0.0016896919230560137
59770.75919551811 3.4025 0.019500000000000073 1.0110778737310733 0.004137337060050137 1.0 1.00676063379266 1.00676063379266 0.004317239938413264
59770.759211461525 3.4025 0.019500000000000073 1.013136239220256 0.004142891208340647 1.0 1.0067605305664593 1.0067605305664593 0.006375708653796774
59770.75922740495 3.4025 0.019500000000000073 1.0073773905351404 0.004135484842088416 1.0 1.0067604273401642 1.0067604273401642 0.0006169631949761722
59770.759243348366 3.4025 0.019500000000000073 1.0063287427646008 0.00413589251685263 1.0 1.0067603241139638 1.0067603241139638 -0.0004315813493629417
59770.75925929179 3.4025 0.019500000000000073 1.0074916201160407 0.004136845097484257 1.0 1.0067602208876687 1.0067602208876687 0.0007313992283719539
59770.75927523521 3.4025 0.019500000000000073 1.0072394773725046 0.004128859581407118 1.0 1.006760117661468 1.006760117661468 0.000479359711036631
59770.759291178634 3.4025 0.019500000000000073 1.012954621341611 0.004142740610623145 1.0 1.0067600144351732 1.0067600144351732 0.006194606906437805
59770.75930712205 3.4025 0.019500000000000073 1.00494886497828 0.004133375877858266 1.0 1.0067599112089725 1.0067599112089725 -0.0018110462306923925
59770.75932306547 3.4025 0.019500000000000073 1.010783307223657 0.004137164384673182 1.0 1.0067598079827247 1.0067598079827247 0.00402349924093226
59770.75933900889 3.4025 0.019500000000000073 1.0099818570091912 0.004141169040579192 1.0 1.006759704756477 1.006759704756477 0.003222152252714272
59770.759354952315 3.4025 0.019500000000000073 1.0025520379432153 0.004127693850791035 1.0 1.006759601530182 1.006759601530182 -0.004207563586966723
59770.75937089573 3.4025 0.019500000000000073 1.0142346220952279 0.0041455983895279545 1.0 1.0067594983039814 1.0067594983039814 0.007475123791246485
59770.75938683915 3.4025 0.019500000000000073 1.004627622710356 0.004130991197456095 1.0 1.0067593950777336 1.0067593950777336 -0.0021317723673774935
59770.759402782576 3.4025 0.019500000000000073 0.9994656877807795 0.0041265004708097635 1.0 1.0067592918514385 1.0067592918514385 -0.007293604070659043
59770.75941872599 3.4025 0.019500000000000073 1.0018628452823006 0.004126605503612204 1.0 1.0067591886252378 1.0067591886252378 -0.004896343342937204
59770.75943466942 3.4025 0.019500000000000073 1.0019150593958706 0.004128230622742747 1.0 1.006759085398943 1.006759085398943 -0.0048440260030724325
59770.75945061283 3.4025 0.019500000000000073 1.0099794131595516 0.004139391608477711 1.0 1.0067589821727423 1.0067589821727423 0.003220430986809353
59770.75946655626 3.4025 0.019500000000000073 1.0065508105996843 0.004134130938334646 1.0 1.0067588789464474 1.0067588789464474 -0.0002080683467631239
59770.75948249967 3.4025 0.019500000000000073 1.006180564208405 0.004134144303184501 1.0 1.0067587757202467 1.0067587757202467 -0.0005782115118417863
59770.75949844309 3.4025 0.019500000000000073 1.0059866134174242 0.0041308304500259395 1.0 1.006758672493999 1.006758672493999 -0.0007720590765747382
59770.75951438651 3.4025 0.019500000000000073 1.002559885428853 0.004128432108261592 1.0 1.0067585692677512 1.0067585692677512 -0.0041986838388980985
59770.75953032993 3.4025 0.019500000000000073 1.0070716861604283 0.004130486731177402 1.0 1.0067584660415034 1.0067584660415034 0.0003132201189248729
59770.75954627335 3.4025 0.019500000000000073 1.0033380446744171 0.004123245445011722 1.0 1.0067583628152557 1.0067583628152557 -0.003420318140838541
59770.75956221677 3.4025 0.019500000000000073 1.005677659452074 0.004132024766899205 1.0 1.0067582595890077 1.0067582595890077 -0.0010806001369336737
59770.75957816019 3.4025 0.019500000000000073 1.0074455557213104 0.004131406744275322 1.0 1.00675815636276 1.00675815636276 0.0006873993585505556
59770.75959410361 3.4025 0.019500000000000073 1.0073962974575732 0.004133303330627165 1.0 1.0067580531365121 1.0067580531365121 0.0006382443210610766
59770.75961004703 3.4025 0.019500000000000073 1.0076623251450574 0.004132083778371956 1.0 1.0067579499102643 1.0067579499102643 0.0009043752347930312
59770.75962599045 3.4025 0.019500000000000073 1.007216034421984 0.004132685586856169 1.0 1.0067578466840166 1.0067578466840166 0.0004581877379674637
59770.75964193387 3.4025 0.019500000000000073 1.0038067895117286 0.004131281647351179 1.0 1.0067577434577688 1.0067577434577688 -0.002950953946040169
59770.759657877294 3.4025 0.019500000000000073 1.004771300486029 0.004130190165878046 1.0 1.006757640231521 1.006757640231521 -0.001986339745492005
59770.75967382071 3.4025 0.019500000000000073 1.0029366947826097 0.004123854669663919 1.0 1.0067575370053203 1.0067575370053203 -0.0038208422227106187
59770.759689764134 3.4025 0.019500000000000073 1.0081195043063513 0.0041345415765482625 1.0 1.0067574337790255 1.0067574337790255 0.0013620705273258427
59770.75970570755 3.4025 0.019500000000000073 1.0037124455102497 0.00413003680777672 1.0 1.0067573305528248 1.0067573305528248 -0.0030448850425750518
59770.759721650975 3.4025 0.019500000000000073 1.0119465483727321 0.004144171248825556 1.0 1.0067572273265297 1.0067572273265297 0.0051893210462024
59770.75973759439 3.4025 0.019500000000000073 1.002492678712738 0.00412799803882928 1.0 1.006757124100329 1.006757124100329 -0.004264445387591076
59770.759753537815 3.4025 0.019500000000000073 1.0105404292537425 0.004138226255792214 1.0 1.0067570208740342 1.0067570208740342 0.003783408379708364
59770.759769481236 3.4025 0.019500000000000073 1.0133000951063231 0.0041435728345008615 1.0 1.0067569176477864 1.0067569176477864 0.00654317745853672
59770.75978542465 3.4025 0.019500000000000073 1.0045508724300525 0.00413241561186057 1.0 1.0067568144215857 1.0067568144215857 -0.0022059419915332334
59770.759801368076 3.4025 0.019500000000000073 1.0015862284042008 0.004126501088140445 1.0 1.0067567111952909 1.0067567111952909 -0.005170482791090114
59770.7598173115 3.4025 0.019500000000000073 1.0114031368349452 0.004147384640003547 1.0 1.006756607969043 1.006756607969043 0.004646528865902111
59770.75983325492 3.4025 0.019500000000000073 1.0059146158786203 0.004125933376328615 1.0 1.0067565047427953 1.0067565047427953 -0.0008418888641750222
59770.75984919833 3.4025 0.019500000000000073 1.0088311311638658 0.004135917258885215 1.0 1.0067564015165946 1.0067564015165946 0.0020747296472711785
59770.75986514176 3.4025 0.019500000000000073 1.0039896144072051 0.004124915167857657 1.0 1.0067562982902998 1.0067562982902998 -0.002766683883094645
59770.75988108517 3.4025 0.019500000000000073 1.0104560246442462 0.004136043274185967 1.0 1.006756195064099 1.006756195064099 0.0036998295801471404
59770.7598970286 3.4025 0.019500000000000073 1.0109037866720783 0.004139950794028437 1.0 1.006756091837804 1.006756091837804 0.00414769483427424
59770.75991297201 3.4025 0.019500000000000073 1.0014570966397212 0.004126929284336236 1.0 1.0067559886116033 1.0067559886116033 -0.005298891971882158
59770.75992891544 3.4025 0.019500000000000073 1.0078007499602746 0.004775325954476126 1.0 1.0067558853853085 1.0067558853853085 0.001044864574966109
59770.75994485885 3.4025 0.019500000000000073 1.0095732535080182 0.004140438031575089 1.0 1.0067557821591078 1.0067557821591078 0.0028174713489104164
59770.75996080227 3.4025 0.019500000000000073 1.012663010216028 0.004146053934427841 1.0 1.00675567893286 1.00675567893286 0.005907331283167894
59770.75997674569 3.4025 0.019500000000000073 1.0006077716132322 0.004123266301551507 1.0 1.0067555757066122 1.0067555757066122 -0.006147804093380005
59770.75999268911 3.4025 0.019500000000000073 1.0087858353307522 0.004136067523249 1.0 1.0067554724803645 1.0067554724803645 0.0020303628503877125
59770.76000863253 3.4025 0.019500000000000073 1.0054025850939539 0.00413046036104984 1.0 1.0067553692541167 1.0067553692541167 -0.0013527841601628232
59770.76002457595 3.4025 0.019500000000000073 1.0082047970292431 0.00413786886575384 1.0 1.006755266027869 1.006755266027869 0.001449531001374238
59770.76004051937 3.4025 0.019500000000000073 1.0086806652599203 0.004774231114279423 1.0 1.0067551628016211 1.0067551628016211 0.0019255024582991442
59770.760056462794 3.4025 0.019500000000000073 1.0048787882705095 0.004128195043333166 1.0 1.0067550595753731 1.0067550595753731 -0.0018762713048636748
59770.760072406214 3.4025 0.019500000000000073 1.003378983571396 0.004129235476434339 1.0 1.0067549563491254 1.0067549563491254 -0.0033759727777293858
59770.760088349634 3.4025 0.019500000000000073 1.0018530605350966 0.004123669185600069 1.0 1.0067548531228776 1.0067548531228776 -0.0049017925877810065
59770.760104293055 3.4025 0.019500000000000073 1.0085732789057664 0.004134605110122463 1.0 1.0067547498966298 1.0067547498966298 0.0018185290091365935
59770.760120236475 3.4025 0.019500000000000073 1.0037613468504651 0.004130064093570531 1.0 1.006754646670382 1.006754646670382 -0.002993299819916917
59770.760136179895 3.4025 0.019500000000000073 1.0105903363673148 0.0041385321558004345 1.0 1.0067545434441343 1.0067545434441343 0.003835792923180481
59770.760152123315 3.4025 0.019500000000000073 1.0099951808777106 0.004141893011733868 1.0 1.0067544402178865 1.0067544402178865 0.0032407406598240485
59770.760168066736 3.4025 0.019500000000000073 1.005653052632686 0.004130217701068058 1.0 1.0067543369916387 1.0067543369916387 -0.0011012843589528476
59770.760184010156 3.4025 0.019500000000000073 1.0022293028680007 0.004124844027399759 1.0 1.006754233765391 1.006754233765391 -0.004524930897390256
