eureka_custom_plots/data/stage5_lcfit_results/S5_wasp39b_ap4_bg8_Table_Save_ch36.txt
# %ECSV 1.0
# ---
# datatype:
# - {name: time, datatype: float64}
# - {name: wavelength, datatype: float64}
# - {name: bin_width, datatype: float64}
# - {name: lcdata, datatype: float64}
# - {name: lcerr, datatype: float64}
# - {name: transit, datatype: float64}
# - {name: polynom, datatype: float64}
# - {name: model, datatype: float64}
# - {name: residuals, datatype: float64}
# schema: astropy-2.0
time wavelength bin_width lcdata lcerr transit polynom model residuals
[from data line 3350]
59770.69743070779 4.399 0.019000000000000128 1.0092493000923208 0.007552753276080489 1.0 1.007269004806079 1.007269004806079 0.0019802952862417733
59770.697446651204 4.399 0.019000000000000128 1.0059146620313721 0.007556685379798793 1.0 1.007268935761592 1.007268935761592 -0.0013542737302199015
59770.69746259463 4.399 0.019000000000000128 0.9916246932048339 0.0075091279901713616 1.0 1.007268866717042 1.007268866717042 -0.015644173512208037
59770.69747853805 4.399 0.019000000000000128 1.01651261092957 0.007594089205196581 1.0 1.0072687976725234 1.0072687976725234 0.009243813257046485
59770.69749448147 4.399 0.019000000000000128 0.9990210615718755 0.007547127102850091 1.0 1.0072687286280047 1.0072687286280047 -0.008247667056129115
59770.69751042489 4.399 0.019000000000000128 1.0184493591077164 0.007574185108508309 1.0 1.007268659583486 1.007268659583486 0.011180699524230286
59770.69752636831 4.399 0.019000000000000128 1.0120912907712587 0.007569991706324766 1.0 1.0072685905389676 1.0072685905389676 0.004822700232291144
59770.69754231173 4.399 0.019000000000000128 0.9982162986523527 0.007548179689296367 1.0 1.007268521494449 1.007268521494449 -0.00905222284209628
59770.69755825515 4.399 0.019000000000000128 1.0139065921733992 0.007592557801807695 1.0 1.0072684524499305 1.0072684524499305 0.006638139723468717
59770.69757419857 4.399 0.019000000000000128 0.9979526953144474 0.007557503169186842 1.0 1.007268383405412 1.007268383405412 -0.009315688090964502
59770.697590141994 4.399 0.019000000000000128 1.00916073798777 0.007576384516382799 1.0 1.0072683143608934 1.0072683143608934 0.0018924236268766936
59770.697606085414 4.399 0.019000000000000128 1.004402825154567 0.007546799224495546 1.0 1.0072682453163748 1.0072682453163748 -0.002865420161807908
59770.697622028834 4.399 0.019000000000000128 1.0203099037234646 0.007584855845380495 1.0 1.0072681762718563 1.0072681762718563 0.013041727451608365
59770.69763797226 4.399 0.019000000000000128 1.002236967136193 0.007571664784341816 1.0 1.0072681072273062 1.0072681072273062 -0.005031140091113162
59770.697653915675 4.399 0.019000000000000128 1.0213403394002183 0.007586222292903551 1.0 1.0072680381828192 1.0072680381828192 0.014072301217399108
59770.6976698591 4.399 0.019000000000000128 1.0101499385301538 0.007560804281690922 1.0 1.007267969138269 1.007267969138269 0.0028819693918846756
59770.697685802515 4.399 0.019000000000000128 1.0041932736636965 0.007556283626032961 1.0 1.007267900093782 1.007267900093782 -0.003074626430085603
59770.69770174594 4.399 0.019000000000000128 0.9941882910190886 0.007525388124738577 1.0 1.007267831049232 1.007267831049232 -0.013079540030143444
59770.69771768936 4.399 0.019000000000000128 1.0036917053868823 0.007559425601356401 1.0 1.0072677620047135 1.0072677620047135 -0.0035760566178311137
59770.69773363278 4.399 0.019000000000000128 1.0015596134873 0.007548159171659403 1.0 1.0072676929602262 1.0072676929602262 -0.005708079472926286
59770.697749576204 4.399 0.019000000000000128 1.0053585522464688 0.007552524652176122 1.0 1.0072676239156761 1.0072676239156761 -0.0019090716692073961
59770.69776551962 4.399 0.019000000000000128 1.0041720241012726 0.007537720782232542 1.0 1.0072675548711891 1.0072675548711891 -0.0030955307699165324
59770.697781463045 4.399 0.019000000000000128 1.0120609539363778 0.007563559080390972 1.0 1.007267485826639 1.007267485826639 0.0047934681097387966
59770.69779740646 4.399 0.019000000000000128 1.012908858682788 0.007567020782944435 1.0 1.007267416782152 1.007267416782152 0.0056414419006358685
59770.697813349885 4.399 0.019000000000000128 1.0192226920866478 0.0075888423536334 1.0 1.007267347737602 1.007267347737602 0.011955344349045882
59770.697829293305 4.399 0.019000000000000128 0.9984408900457417 0.007527126650364125 1.0 1.0072672786930834 1.0072672786930834 -0.008826388647341754
59770.69784523672 4.399 0.019000000000000128 1.0116076906068265 0.007579981540864708 1.0 1.0072672096485964 1.0072672096485964 0.004340480958230142
59770.697861180146 4.399 0.019000000000000128 1.0163017594519732 0.0075835919163808226 1.0 1.0072671406040463 1.0072671406040463 0.00903461884792689
59770.697877123566 4.399 0.019000000000000128 1.0064859859145419 0.007559477206953592 1.0 1.0072670715595278 1.0072670715595278 -0.0007810856449859127
59770.69789306699 4.399 0.019000000000000128 1.0021784084504595 0.007529970316348229 1.0 1.0072670025150092 1.0072670025150092 -0.005088594064549756
59770.69790901041 4.399 0.019000000000000128 1.0026464745997739 0.007544593850103558 1.0 1.0072669334704907 1.0072669334704907 -0.004620458870716826
59770.69792495383 4.399 0.019000000000000128 1.0143125915883136 0.007578188372870616 1.0 1.0072668644259721 1.0072668644259721 0.00704572716234142
59770.69794089725 4.399 0.019000000000000128 0.9939180550483494 0.007532009822860535 1.0 1.0072667953814536 1.0072667953814536 -0.013348740333104181
59770.69795684067 4.399 0.019000000000000128 1.012556323821677 0.0075835662335422376 1.0 1.0072667263369348 1.0072667263369348 0.005289597484742226
59770.69797278409 4.399 0.019000000000000128 0.9981388683920471 0.008435074292583252 1.0 1.0072666572924163 1.0072666572924163 -0.009127788900369138
59770.697988727516 4.399 0.019000000000000128 1.0103656520598376 0.0075615557128154934 1.0 1.0072665882478662 1.0072665882478662 0.0030990638119714475
59770.69800467093 4.399 0.019000000000000128 1.0135032086894236 0.007545963583014817 1.0 1.0072665192033792 1.0072665192033792 0.006236689486044389
59770.69802061435 4.399 0.019000000000000128 1.0157480518104345 0.007562497028736194 1.0 1.0072664501588606 1.0072664501588606 0.008481601651573856
59770.69803655777 4.399 0.019000000000000128 "" "" 1.0 1.007266381114342 1.007266381114342 ""
59770.69805250119 4.399 0.019000000000000128 1.0132364934346931 0.00759546210059335 1.0 1.0072663120698235 1.0072663120698235 0.005970181364869598
59770.69806844461 4.399 0.019000000000000128 1.000644313916319 0.007529806208362763 1.0 1.007266243025305 1.007266243025305 -0.006621929108985958
59770.69808438803 4.399 0.019000000000000128 1.012446841021835 0.007574472049163475 1.0 1.0072661739807864 1.0072661739807864 0.005180667041048581
59770.69810033146 4.399 0.019000000000000128 1.0096297633575222 0.007553335190991678 1.0 1.0072661049362364 1.0072661049362364 0.0023636584212858303
59770.69811627487 4.399 0.019000000000000128 1.010852521017944 0.007576479878954876 1.0 1.0072660358917493 1.0072660358917493 0.0035864851261946384
59770.69813221829 4.399 0.019000000000000128 1.0017754188146806 0.007548162423627153 1.0 1.0072659668472308 1.0072659668472308 -0.005490548032550224
59770.69814816171 4.399 0.019000000000000128 1.0119254157658966 0.007556449943392015 1.0 1.0072658978027123 1.0072658978027123 0.004659517963184312
59770.69816410514 4.399 0.019000000000000128 1.0212120133147018 0.007588360205748084 1.0 1.0072658287581622 1.0072658287581622 0.01394618455653962
59770.69818004856 4.399 0.019000000000000128 0.9909056095699672 0.007516750764758862 1.0 1.0072657597136436 1.0072657597136436 -0.016360150143676422
59770.69819599197 4.399 0.019000000000000128 1.0093690770276724 0.007573759151144934 1.0 1.0072656906691564 1.0072656906691564 0.002103386358516035
59770.6982119354 4.399 0.019000000000000128 0.9996412217070961 0.007567935216191565 1.0 1.0072656216246063 1.0072656216246063 -0.007624399917510183
59770.69822787881 4.399 0.019000000000000128 1.0045647548272074 0.007554676068349629 1.0 1.0072655525801193 1.0072655525801193 -0.0027007977529118765
59770.69824382224 4.399 0.019000000000000128 1.018262452798215 0.007586462075575279 1.0 1.0072654835355692 1.0072654835355692 0.010996969262645706
59770.69825976566 4.399 0.019000000000000128 1.0123141655538728 0.007558466438915237 1.0 1.0072654144910507 1.0072654144910507 0.005048751062822099
59770.69827570908 4.399 0.019000000000000128 0.9873250694533888 0.007496922758490782 1.0 1.0072653454465321 1.0072653454465321 -0.019940275993143297
59770.6982916525 4.399 0.019000000000000128 1.002555230848385 0.007535711447817585 1.0 1.0072652764020136 1.0072652764020136 -0.004710045553628639
59770.698307595914 4.399 0.019000000000000128 1.009499774967146 0.007555637915556927 1.0 1.0072652073575266 1.0072652073575266 0.0022345676096193756
59770.69832353934 4.399 0.019000000000000128 1.0224566630372098 0.007581809580806636 1.0 1.0072651383129765 1.0072651383129765 0.015191524724233352
59770.69833948276 4.399 0.019000000000000128 1.0160250777849291 0.007604435656687969 1.0 1.007265069268458 1.007265069268458 0.008760008516471185
59770.69835542618 4.399 0.019000000000000128 1.0129470077907918 0.007589758845622681 1.0 1.0072650002239394 1.0072650002239394 0.005682007566852443
59770.6983713696 4.399 0.019000000000000128 0.9961216328789287 0.007551069735943985 1.0 1.0072649311794208 1.0072649311794208 -0.0111432983004921
59770.69838731302 4.399 0.019000000000000128 0.9983035252145024 0.0075526777492735606 1.0 1.0072648621349023 1.0072648621349023 -0.00896133692039991
59770.69840325644 4.399 0.019000000000000128 1.002197906942063 0.007523305120896305 1.0 1.0072647930903837 1.0072647930903837 -0.005066886148320737
59770.69841919986 4.399 0.019000000000000128 1.0020247968810239 0.007541773436814232 1.0 1.007264724045865 1.007264724045865 -0.005239927164841118
59770.698435143284 4.399 0.019000000000000128 1.0012383768305582 0.007544942660392706 1.0 1.0072646550013464 1.0072646550013464 -0.0060262781707882684
59770.69845108671 4.399 0.019000000000000128 1.0109986207774808 0.007570830287003498 1.0 1.0072645859567964 1.0072645859567964 0.003734034820684462
59770.698467030124 4.399 0.019000000000000128 1.002617128817856 0.007547390932165086 1.0 1.0072645169123093 1.0072645169123093 -0.004647388094453309
59770.698482973545 4.399 0.019000000000000128 1.0000296319101982 0.0075391074935196945 1.0 1.0072644478677908 1.0072644478677908 -0.007234815957592566
59770.698498916965 4.399 0.019000000000000128 1.0068797498334874 0.00756447587055659 1.0 1.0072643788232722 1.0072643788232722 -0.00038462898978486315
59770.698514860385 4.399 0.019000000000000128 1.0072593096378715 0.007550399658367469 1.0 1.0072643097787537 1.0072643097787537 -5.000140882227555e-06
59770.69853080381 4.399 0.019000000000000128 1.0042045571124072 0.007554475404179363 1.0 1.0072642407342036 1.0072642407342036 -0.0030596836217964274
59770.698546747226 4.399 0.019000000000000128 0.999972863637232 0.007529068016937004 1.0 1.0072641716897166 1.0072641716897166 -0.007291308052484569
59770.69856269065 4.399 0.019000000000000128 0.9905683698342574 0.00750674529510367 1.0 1.0072641026451665 1.0072641026451665 -0.01669573281090908
59770.69857863407 4.399 0.019000000000000128 0.9990698761083145 0.007534534304151719 1.0 1.0072640336006795 1.0072640336006795 -0.008194157492364962
59770.69859457749 4.399 0.019000000000000128 1.0058881550989438 0.007566982119671537 1.0 1.007263964556161 1.007263964556161 -0.0013758094572171586
59770.698610520914 4.399 0.019000000000000128 1.0089399096444072 0.007569974712715474 1.0 1.0072638955116109 1.0072638955116109 0.0016760141327962774
59770.698626464335 4.399 0.019000000000000128 1.0097948522752251 0.007548863874677052 1.0 1.0072638264670923 1.0072638264670923 0.002531025808132803
59770.698642407755 4.399 0.019000000000000128 1.0009461874477317 0.008436842025393238 1.0 1.0072637574225738 1.0072637574225738 -0.006317569974842119
59770.69865835117 4.399 0.019000000000000128 1.0021540919509218 0.0075626517016526874 1.0 1.0072636883780866 1.0072636883780866 -0.0051095964271647976
59770.698674294596 4.399 0.019000000000000128 1.0108999872611153 0.0075706626798579466 1.0 1.0072636193335365 1.0072636193335365 0.0036363679275788208
59770.69869023801 4.399 0.019000000000000128 0.9999580822951443 0.007540203842898605 1.0 1.0072635502890495 1.0072635502890495 -0.00730546799390519
59770.698706181436 4.399 0.019000000000000128 1.0048777387661387 0.007575456569936323 1.0 1.0072634812444994 1.0072634812444994 -0.002385742478360653
59770.69872212486 4.399 0.019000000000000128 1.0001950514750253 0.007545015081873628 1.0 1.0072634121999808 1.0072634121999808 -0.007068360724955536
59770.69873806828 4.399 0.019000000000000128 1.0098482579887282 0.007551477192593484 1.0 1.0072633431554623 1.0072633431554623 0.00258491483326595
59770.6987540117 4.399 0.019000000000000128 1.0037645019031676 0.007529186694471096 1.0 1.0072632741109437 1.0072632741109437 -0.0034987722077761685
59770.69876995511 4.399 0.019000000000000128 0.9981705020117164 0.007550572100802596 1.0 1.0072632050664567 1.0072632050664567 -0.009092703054740303
59770.69878589854 4.399 0.019000000000000128 0.9982052995670123 0.00754089590535066 1.0 1.0072631360219066 1.0072631360219066 -0.00905783645489433
59770.69880184196 4.399 0.019000000000000128 1.0049619238909033 0.00753868820227333 1.0 1.007263066977388 1.007263066977388 -0.0023011430864847693
59770.69881778538 4.399 0.019000000000000128 0.99500397959888 0.007543637534152843 1.0 1.0072629979328696 1.0072629979328696 -0.012259018333989569
59770.6988337288 4.399 0.019000000000000128 0.9994006894913499 0.007551166714265128 1.0 1.007262928888351 1.007262928888351 -0.007862239397001147
59770.69884967222 4.399 0.019000000000000128 1.012393825686654 0.00757274270090673 1.0 1.0072628598438325 1.0072628598438325 0.005130965842821578
59770.69886561564 4.399 0.019000000000000128 1.0229258576230713 0.007598267715623498 1.0 1.007262790799314 1.007262790799314 0.0156630668237574
59770.69888155907 4.399 0.019000000000000128 1.011049709482639 0.007574209712210864 1.0 1.0072627217547638 1.0072627217547638 0.003786987727875113
59770.69889750248 4.399 0.019000000000000128 0.9925876851683958 0.0075415788084874725 1.0 1.0072626527102766 1.0072626527102766 -0.014674967541880801
59770.69891344591 4.399 0.019000000000000128 1.0207796128159707 0.007595381495871331 1.0 1.0072625836657265 1.0072625836657265 0.01351702915024422
59770.69892938932 4.399 0.019000000000000128 1.0155297539952184 0.0075696570734089036 1.0 1.0072625146212395 1.0072625146212395 0.008267239373978885
59770.69894533274 4.399 0.019000000000000128 1.0070831746995657 0.0075644999506737035 1.0 1.007262445576721 1.007262445576721 -0.000179270877155302
59770.69896127616 4.399 0.019000000000000128 1.011755932524239 0.007564409879965834 1.0 1.0072623765322024 1.0072623765322024 0.004493555992036491
59770.69897721958 4.399 0.019000000000000128 1.000023449865754 0.007533541356906017 1.0 1.0072623074876839 1.0072623074876839 -0.007238857621929773
59770.69899316301 4.399 0.019000000000000128 0.9999185991365714 0.0075358717156880795 1.0 1.0072622384431338 1.0072622384431338 -0.007343639306562344
59770.69900910642 4.399 0.019000000000000128 1.0045191076718158 0.007551948792331808 1.0 1.0072621693986468 1.0072621693986468 -0.00274306172683092
59770.69902504985 4.399 0.019000000000000128 1.0162176478791634 0.007584546570375644 1.0 1.0072621003540967 1.0072621003540967 0.008955547525066665
59770.69904099326 4.399 0.019000000000000128 1.0035228838164303 0.008447085337205883 1.0 1.0072620313096097 1.0072620313096097 -0.0037391474931793844
59770.69905693668 4.399 0.019000000000000128 1.0118403075473041 0.007568646157358904 1.0 1.0072619622650911 1.0072619622650911 0.004578345282213014
59770.69907288011 4.399 0.019000000000000128 0.9977991279979432 0.0075310029311558375 1.0 1.007261893220541 1.007261893220541 -0.009462765222597813
59770.69908882353 4.399 0.019000000000000128 1.012597272665408 0.007572027735096914 1.0 1.0072618241760225 1.0072618241760225 0.005335448489385497
59770.69910476695 4.399 0.019000000000000128 1.0102826369603646 0.0075780340975452835 1.0 1.007261755131504 1.007261755131504 0.003020881828860622
59770.699120710364 4.399 0.019000000000000128 1.012824278120604 0.007575354073658873 1.0 1.0072616860870167 1.0072616860870167 0.0055625920335873325
59770.69913665379 4.399 0.019000000000000128 1.0086728246032217 0.007553625388327555 1.0 1.0072616170424666 1.0072616170424666 0.001411207560755079
