eureka_custom_plots/data/stage5_lcfit_results/S5_wasp39b_ap4_bg8_Table_Save_ch07.txt
# %ECSV 1.0
# ---
# datatype:
# - {name: time, datatype: float64}
# - {name: wavelength, datatype: float64}
# - {name: bin_width, datatype: float64}
# - {name: lcdata, datatype: float64}
# - {name: lcerr, datatype: float64}
# - {name: transit, datatype: float64}
# - {name: polynom, datatype: float64}
# - {name: model, datatype: float64}
# - {name: residuals, datatype: float64}
# schema: astropy-2.0
time wavelength bin_width lcdata lcerr transit polynom model residuals
[from data line 11253]
59770.82343155656 3.2874999999999996 0.019500000000000073 0.9780584395586521 0.008997342300995909 0.9776496551599515 1.0062799992762261 0.9837892942867588 -0.005730854728106638
59770.82344749998 3.2874999999999996 0.019500000000000073 0.9791875173287641 0.008974230251755587 0.9776494516558708 1.006279862568912 0.9837889558528419 -0.004601438524077794
59770.82346344339 3.2874999999999996 0.019500000000000073 0.9771688268339193 0.00898151599463242 0.9776492484711042 1.0062797258616603 0.983788617740361 -0.006619790906441714
59770.82347938682 3.2874999999999996 0.019500000000000073 0.9817070653045066 0.009013221300030254 0.9776490456051503 1.006279589154284 0.9837882799486285 -0.0020812146441219204
59770.82349533023 3.2874999999999996 0.019500000000000073 0.9708614478616951 0.0089622087769268 0.9776488430581474 1.0062794524470322 0.983787942478027 -0.012926494616331885
59770.82351127365 3.2874999999999996 0.019500000000000073 0.9723582552884666 0.008973381318817947 0.9776486408295774 1.006279315739718 0.9837876053278525 -0.011429350039385833
59770.82352721707 3.2874999999999996 0.019500000000000073 0.9709140094935205 0.008973089056600816 0.9776484389193155 1.0062791790324042 0.9837872684980403 -0.012873259004519855
59770.82354316049 3.2874999999999996 0.019500000000000073 0.9800295597663217 0.008995377784195456 0.977648237327126 1.00627904232509 0.9837869319883527 -0.0037573722220309858
59770.82355910391 3.2874999999999996 0.019500000000000073 0.9881317108453919 0.009036070218386394 0.9776480360527735 1.0062789056177759 0.9837865957985529 0.004345115046838988
59770.823575047325 3.2874999999999996 0.019500000000000073 0.9783806105488516 0.008984585715718566 0.9776478350961332 1.0062787689105244 0.9837862599285763 -0.005405649379724653
59770.82359099075 3.2874999999999996 0.019500000000000073 0.9864088458118491 0.009005333193130712 0.977647634456692 1.0062786322031478 0.983785924377723 0.002622921434126013
59770.82360693417 3.2874999999999996 0.019500000000000073 0.97765003741966 0.008982534834703512 0.9776474341344945 1.006278495495834 0.9837855891462215 -0.00613555172656155
59770.82362287759 3.2874999999999996 0.019500000000000073 0.9862291106307024 0.00901816664438329 0.9776472341292312 1.0062783587885198 0.9837852542336984 0.0024438563970039517
59770.823638821006 3.2874999999999996 0.019500000000000073 0.978892241599017 0.00899369335790945 0.9776470344407612 1.006278222081268 0.9837849196400734 -0.00489267804105642
59770.82365476443 3.2874999999999996 0.019500000000000073 0.9796362980539378 0.009000202679919888 0.9776468350686669 1.0062780853739541 0.9837845853648041 -0.00414828731086625
59770.82367070785 3.2874999999999996 0.019500000000000073 0.9781349113150776 0.00899128704182225 0.9776466360128253 1.00627794866664 0.9837842514078271 -0.005649340092749533
59770.82368665127 3.2874999999999996 0.019500000000000073 0.990407541200977 0.009088539710146165 0.9776464372730046 1.0062778119593259 0.9837839177689094 0.006623623432067571
59770.82370259469 3.2874999999999996 0.019500000000000073 0.9780167151770974 0.008988416000235054 0.9776462388489727 1.006277675252012 0.9837835844478174 -0.00576686927072001
59770.82371853811 3.2874999999999996 0.019500000000000073 0.9732126509650433 0.008979337642585255 0.9776460407405159 1.0062775385446978 0.9837832514443356 -0.010570600479292369
59770.82373448153 3.2874999999999996 0.019500000000000073 0.980368772216306 0.008991675121473372 0.977645842947403 1.0062774018373837 0.9837829187582315 -0.0034141465419255113
59770.82375042494 3.2874999999999996 0.019500000000000073 0.9727420011097846 0.00897626030226197 0.9776456454694948 1.0062772651301322 0.9837825863894261 -0.011040585279641468
59770.82376636837 3.2874999999999996 0.019500000000000073 0.9982336186056554 0.009121848078577155 0.977645448306305 1.0062771284227556 0.9837822543372461 0.014451364268409317
59770.82378231178 3.2874999999999996 0.019500000000000073 0.9739008359214762 0.008972238754097688 0.977645251457968 1.0062769917155039 0.9837819226020714 -0.009881086680595175
59770.82379825521 3.2874999999999996 0.019500000000000073 0.9766986766448209 0.008972914922522763 0.9776450549238963 1.0062768550081276 0.9837815911830665 -0.0070829145382456105
59770.82381419862 3.2874999999999996 0.019500000000000073 0.9789891419928404 0.00900435358751118 0.9776448587042249 1.0062767183008758 0.9837812600806108 -0.0047921180877704694
59770.82383014204 3.2874999999999996 0.019500000000000073 0.9977852970740705 0.009101060933406428 0.9776446627984696 1.0062765815935617 0.9837809292940344 0.014004367780036109
59770.82384608546 3.2874999999999996 0.019500000000000073 1.0030389441999672 0.009131680297643056 0.9776444672064876 1.0062764448862478 0.9837805988232542 0.019258345376713004
59770.823862028876 3.2874999999999996 0.019500000000000073 1.0024181069558522 0.009124993502186157 0.9776442719281583 1.006276308178996 0.9837802686682097 0.01863783828764254
59770.8238779723 3.2874999999999996 0.019500000000000073 0.9812162675728704 0.00900101623032254 0.9776440769629837 1.0062761714716195 0.9837799388282166 -0.0025636712553461782
59770.82389391572 3.2874999999999996 0.019500000000000073 0.9889639609966191 0.009033251005086364 0.9776438823110079 1.0062760347643056 0.9837796093035024 0.005184351693116707
59770.823909859144 3.2874999999999996 0.019500000000000073 0.9987999165491523 0.009094519577904282 0.9776436879719309 1.0062758980569915 0.983779280093704 0.015020636455448377
59770.82392580256 3.2874999999999996 0.019500000000000073 0.9960015865388543 0.009091110238173565 0.9776434939456163 1.0062757613497397 0.9837789511987447 0.012222635340109589
59770.823941745984 3.2874999999999996 0.019500000000000073 0.9790953694299036 0.00899283546929292 0.9776433002315752 1.0062756246423634 0.98377862261795 -0.00468325318804641
59770.8239576894 3.2874999999999996 0.019500000000000073 0.9873797906733744 0.009081409280425687 0.9776431068299405 1.0062754879351117 0.9837782943516968 0.003601496321677611
59770.823973632825 3.2874999999999996 0.019500000000000073 0.9873364621134663 0.009022786705384821 0.9776429137401464 1.0062753512277351 0.9837779663991723 0.0035584957142940077
59770.82398957624 3.2874999999999996 0.019500000000000073 0.975523865288468 0.008970497160288596 0.9776427209623203 1.0062752145204836 0.9837776387607482 -0.00825377347228018
59770.82400551966 3.2874999999999996 0.019500000000000073 0.9708208610044571 0.008959667978754528 0.9776425284959869 1.0062750778131695 0.983777311435763 -0.012956450431305888
59770.82402146308 3.2874999999999996 0.019500000000000073 0.9959672131331889 0.009098332394578842 0.9776423363410116 1.0062749411058554 0.9837769844241423 0.012190228709046624
59770.82403740649 3.2874999999999996 0.019500000000000073 0.9770035096783614 0.008985472191316325 0.9776421444972602 1.0062748043986038 0.983776657725812 -0.006773148047450661
59770.82405334992 3.2874999999999996 0.019500000000000073 0.9952767510107627 0.009099796562226804 0.9776419529642603 1.0062746676912273 0.9837763313401134 0.011500419670649298
59770.82406929333 3.2874999999999996 0.019500000000000073 0.9751010036099796 0.00898290926665645 0.9776417617421438 1.0062745309839756 0.9837760052674234 -0.008675001657443726
59770.82408523676 3.2874999999999996 0.019500000000000073 1.0018224591776508 0.00911267623081442 0.9776415708303401 1.0062743942765993 0.9837756795069235 0.01804677967072732
59770.82410118017 3.2874999999999996 0.019500000000000073 0.985630843257879 0.009030922934383644 0.9776413802289812 1.0062742575693475 0.9837753540589902 0.0018554891988887823
59770.8241171236 3.2874999999999996 0.019500000000000073 0.9754767735480139 0.00898031453481709 0.9776411899375094 1.006274120861971 0.9837750289228184 -0.008298255374804553
59770.82413306701 3.2874999999999996 0.019500000000000073 0.9767386722804599 0.00898219366724499 0.9776409999560502 1.0062739841547195 0.9837747040987787 -0.0070360318183188
59770.824149010434 3.2874999999999996 0.019500000000000073 0.9782238202422304 0.009001774471175679 0.9776408102841363 1.0062738474474053 0.9837743795862167 -0.005550559343986294
59770.824164953854 3.2874999999999996 0.019500000000000073 0.9829061802889295 0.009001835495594036 0.9776406209216351 1.0062737107400912 0.9837740553850606 -0.0008678750961310655
59770.824180897274 3.2874999999999996 0.019500000000000073 0.9779136163792137 0.00898704437213835 0.9776404318683325 1.0062735740327773 0.9837737314950948 -0.005860115115881137
59770.824196840695 3.2874999999999996 0.019500000000000073 0.9791427152295307 0.008982052281446658 0.9776402431240092 1.0062734373254631 0.9837734079160982 -0.004630692686567572
59770.82421278411 3.2874999999999996 0.019500000000000073 0.9958048529433108 0.009098578233291452 0.9776400546885496 1.0062733006182114 0.9837730846480156 0.012031768295295175
59770.824228727535 3.2874999999999996 0.019500000000000073 0.9760419799183258 0.008984724713702588 0.9776398665614741 1.006273163910835 0.9837727616901811 -0.007730781771855377
59770.82424467095 3.2874999999999996 0.019500000000000073 0.9794935335240682 0.00900694650588663 0.9776396787429124 1.0062730272035834 0.9837724390429692 -0.004278905518900977
59770.824260614376 3.2874999999999996 0.019500000000000073 0.9783877479317086 0.008993487254641927 0.9776394912323156 1.006272890496207 0.9837721167055835 -0.005384368773874937
59770.82427655779 3.2874999999999996 0.019500000000000073 0.9763635979293274 0.008978355632960207 0.977639304029808 1.0062727537889553 0.9837717946783926 -0.007408196749065232
59770.82429250122 3.2874999999999996 0.019500000000000073 0.9926190633350717 0.009089042743645841 0.9776391171348423 1.0062726170815788 0.983771472960602 0.008847590374469694
59770.82430844463 3.2874999999999996 0.019500000000000073 0.9811713066461675 0.009015969939100865 0.977638930547548 1.0062724803743273 0.9837711515525858 -0.0025998449064182916
59770.82432438804 3.2874999999999996 0.019500000000000073 1.001457602289572 0.009119159726074367 0.9776387442675355 1.0062723436670755 0.9837708304538296 0.01768677183574241
59770.82434033147 3.2874999999999996 0.019500000000000073 0.9933935063258689 0.009087737402900418 0.9776385582944336 1.006272206959699 0.983770509663838 0.009622996662030814
59770.82435627489 3.2874999999999996 0.019500000000000073 0.977221502018845 0.008990816753731957 0.9776383726282848 1.006272070252385 0.9837701891828368 -0.006548687163991818
59770.82437221831 3.2874999999999996 0.019500000000000073 0.9743465931020087 0.008979346281616285 0.9776381872687936 1.006271933545071 0.983769869010467 -0.009423275908458373
59770.82438816172 3.2874999999999996 0.019500000000000073 0.9912582817203424 0.009083420454070408 0.9776380022158309 1.0062717968378192 0.98376954914666 0.007488732573682322
59770.82440410515 3.2874999999999996 0.019500000000000073 0.9818237678437122 0.009001538889965575 0.9776378174689417 1.006271660130443 0.983769229590775 -0.0019454617470627822
59770.824420048564 3.2874999999999996 0.019500000000000073 "" "" 0.9776376330282489 1.0062715234231911 0.9837689103431787 ""
59770.82443599199 3.2874999999999996 0.019500000000000073 0.9697762425948403 0.008963085971422244 0.9776374488932136 1.0062713867158146 0.9837685914030854 -0.01399234880824507
59770.824451935405 3.2874999999999996 0.019500000000000073 0.9726176528458347 0.008970926524748192 0.9776372650639634 1.006271250008563 0.9837682727708674 -0.011150619925032745
59770.824467878825 3.2874999999999996 0.019500000000000073 0.9868068967685494 0.009022359023546481 0.9776370815400357 1.006271113301249 0.9837679544458756 0.0030389423226737655
59770.824483822245 3.2874999999999996 0.019500000000000073 0.9730619309710195 0.008973403528009297 0.9776368983213033 1.0062709765939348 0.9837676364280432 -0.010705705457023762
59770.82449976566 3.2874999999999996 0.019500000000000073 0.9788390100332998 0.00899778500608266 0.9776367154076545 1.0062708398866833 0.9837673187173189 -0.004928308684019167
59770.824515709086 3.2874999999999996 0.019500000000000073 0.9763460462596061 0.008987669112402535 0.9776365327986242 1.0062707031793068 0.983767001313051 -0.0074209550534448665
59770.8245316525 3.2874999999999996 0.019500000000000073 0.9757703683536517 0.008980677874260282 0.9776363504943393 1.006270566472055 0.9837666842156113 -0.007996315861959591
59770.82454759593 3.2874999999999996 0.019500000000000073 0.9741841765050889 0.008962625265229151 0.9776361684942673 1.0062704297646787 0.9837663674242202 -0.009582190919131262
59770.82456353934 3.2874999999999996 0.019500000000000073 0.9797190651091212 0.008998328280624565 0.9776359867985345 1.006270293057427 0.9837660509392481 -0.004046985830126859
59770.82457948277 3.2874999999999996 0.019500000000000073 0.9754736102952525 0.008977888103820783 0.977635805406595 1.0062701563500505 0.9837657347599018 -0.00829212446464933
59770.82459542618 3.2874999999999996 0.019500000000000073 0.9740321204220013 0.008988286091121017 0.9776356243185903 1.006270019642799 0.9837654188865679 -0.009733298464566609
59770.82461136961 3.2874999999999996 0.019500000000000073 1.0049390703785415 0.009130118429635457 0.977635443533976 1.0062698829354224 0.9837651033184538 0.021173967060087673
59770.82462731302 3.2874999999999996 0.019500000000000073 0.9949617692772688 0.009092000129089468 0.9776352630528781 1.0062697462281707 0.9837647880559305 0.011196981221338276
59770.82464325644 3.2874999999999996 0.019500000000000073 0.9776290397460433 0.008989583334287858 0.9776350828748527 1.0062696095208568 0.9837644730983685 -0.006135433352325137
59770.82465919986 3.2874999999999996 0.019500000000000073 0.97826038473336 0.00897931828810033 0.9776349029997754 1.0062694728135426 0.9837641584457029 -0.0055037737123428965
59770.824675143274 3.2874999999999996 0.019500000000000073 0.9813624197571789 0.009001921053371362 0.9776347234275216 1.0062693361062909 0.9837638440978694 -0.002401424340690572
59770.8246910867 3.2874999999999996 0.019500000000000073 0.9996787069636938 0.009120901700952535 0.9776345441576504 1.0062691993989146 0.9837635300542417 0.0159151769094521
59770.824707030115 3.2874999999999996 0.019500000000000073 0.9949369736479923 0.00908983283777677 0.9776343651902866 1.0062690626916628 0.9837632163151885 0.011173757332803791
59770.82472297354 3.2874999999999996 0.019500000000000073 0.9955221012841653 0.009095842529919638 0.9776341865248923 1.0062689259842863 0.9837629028799248 0.011759198404240445
59770.824738916956 3.2874999999999996 0.019500000000000073 0.9882767100270882 0.009073168172067273 0.9776340081616076 1.0062687892770348 0.9837625897488357 0.004514120278252487
59770.82475486038 3.2874999999999996 0.019500000000000073 0.9845387306434045 0.009011549687686329 0.9776338300998965 1.0062686525696583 0.983762276921137 0.0007764537222674228
59770.824770803796 3.2874999999999996 0.019500000000000073 0.9822556992695474 0.009001427825698861 0.9776336523398832 1.0062685158624065 0.9837619643971982 -0.001506265127650841
59770.82478674721 3.2874999999999996 0.019500000000000073 0.9998400160324658 0.00910851595381498 0.9776334748812128 1.006268379155155 0.9837616521765399 0.01607836385592587
59770.82480269064 3.2874999999999996 0.019500000000000073 0.9863581175540809 0.009066663939619373 0.9776332977235171 1.0062682424477785 0.9837613402586693 0.002596777295411523
59770.82481863406 3.2874999999999996 0.019500000000000073 0.9972062352653549 0.009096834460961599 0.977633120866838 1.0062681057404643 0.9837610286438114 0.01344520662154347
59770.82483457748 3.2874999999999996 0.019500000000000073 0.9787516851333472 0.008985427952895185 0.9776329443109046 1.0062679690331504 0.9837607173316331 -0.0050090321982858566
59770.82485052089 3.2874999999999996 0.019500000000000073 0.9790962459350687 0.008993983123888011 0.9776327680555948 1.0062678323258987 0.9837604063220715 -0.0046641603870027915
