eureka_custom_plots/data/stage5_lcfit_results/S5_wasp39b_ap4_bg8_Table_Save_ch25.txt
# %ECSV 1.0
# ---
# datatype:
# - {name: time, datatype: float64}
# - {name: wavelength, datatype: float64}
# - {name: bin_width, datatype: float64}
# - {name: lcdata, datatype: float64}
# - {name: lcerr, datatype: float64}
# - {name: transit, datatype: float64}
# - {name: polynom, datatype: float64}
# - {name: model, datatype: float64}
# - {name: residuals, datatype: float64}
# schema: astropy-2.0
time wavelength bin_width lcdata lcerr transit polynom model residuals
[from data line 11357]
59770.82508967219 3.9775 0.01949999999999985 0.9907340909992038 0.006102276081829409 0.9780052976214921 1.0063027966725908 0.9841694661571171 0.0065646248420867526
59770.82510561561 3.9775 0.01949999999999985 0.9786234778859066 0.006077502447443196 0.9780051501448068 1.0063027378593505 0.9841692602312643 -0.0055457823453576305
59770.82512155903 3.9775 0.01949999999999985 0.9903086480443162 0.006102927909028032 0.9780050029297855 1.0063026790461103 0.9841690545687422 0.006139593475574023
59770.82513750244 3.9775 0.01949999999999985 0.9668045765135953 0.007004643662749345 0.9780048559763155 1.0063026202328968 0.9841688491694631 -0.01736427265586782
59770.82515344587 3.9775 0.01949999999999985 0.984624052480907 0.006085062141835049 0.978004709284013 1.00630256141963 0.9841686440329628 0.00045540844794422775
59770.82516938928 3.9775 0.01949999999999985 0.9878297451313369 0.006103312442536859 0.9780045628529693 1.0063025026064165 0.9841684391594374 0.003661305971899509
59770.82518533271 3.9775 0.01949999999999985 0.9861139654309269 0.006098411450451899 0.9780044166827342 1.0063024437931494 0.9841682345483289 0.0019457308825979736
59770.82520127612 3.9775 0.01949999999999985 0.9823277854202758 0.00607821408293808 0.978004270773399 1.006302384979936 0.9841680301998346 -0.0018402447795587973
59770.82521721955 3.9775 0.01949999999999985 0.9990029069700527 0.006122780731659851 0.9780041251245147 1.0063023261666688 0.984167826113397 0.014835080856655636
59770.82523316296 3.9775 0.01949999999999985 0.9910914148470288 0.0061078871712633405 0.9780039797361725 1.0063022673534554 0.9841676222892132 0.006923792557815611
59770.82524910638 3.9775 0.01949999999999985 0.9914748425838749 0.006104734631483 0.9780038346079922 1.0063022085402151 0.9841674187268219 0.007307423857052964
59770.8252650498 3.9775 0.01949999999999985 0.9763498667497176 0.0060736878559374844 0.9780036897398634 1.0063021497269748 0.9841672154261378 -0.007817348676420255
59770.825280993224 3.9775 0.01949999999999985 0.9843971331152916 0.0060936582400378395 0.9780035451316086 1.0063020909137348 0.9841670123869829 0.00023012072830874697
59770.825296936644 3.9775 0.01949999999999985 0.9839610066127243 0.006082833648612185 0.9780034007830506 1.0063020321004945 0.9841668096091781 -0.00020580299645378552
59770.82531288006 3.9775 0.01949999999999985 0.9797434719155121 0.006089626058279389 0.9780032566940792 1.006301973287281 0.9841666070926391 -0.004423135177127002
59770.825328823485 3.9775 0.01949999999999985 0.9887248440906149 0.0060989487214048775 0.9780031128643183 1.006301914474014 0.9841664048369086 0.004558439253706248
59770.8253447669 3.9775 0.01949999999999985 0.9783059619509261 0.006079674339705111 0.9780029692938579 1.0063018556608005 0.9841662028421821 -0.00586024089125603
59770.825360710325 3.9775 0.01949999999999985 0.9893850260487969 0.006103489489434169 0.9780028259822564 1.0063017968475334 0.9841660011079102 0.005219024940886663
59770.82537665374 3.9775 0.01949999999999985 0.9807130169363596 0.006087779865231554 0.9780026829296037 1.00630173803432 0.9841657996342882 -0.0034527826979285914
59770.825392597166 3.9775 0.01949999999999985 0.9816673736836211 0.00608963280867135 0.9780025401354598 1.0063016792210528 0.9841655984207683 -0.0024982247371472255
59770.82540854058 3.9775 0.01949999999999985 0.9889455668124941 0.006099699602677338 0.9780023975999145 1.0063016204078394 0.9841653974675459 0.004780169344948182
59770.82542448399 3.9775 0.01949999999999985 0.9818681496208641 0.006080682658114903 0.9780022553226607 1.006301561594626 0.9841651967742596 -0.002297047153395515
59770.82544042742 3.9775 0.01949999999999985 0.9791805602818597 0.006071150391684835 0.9780021133033934 1.006301502781359 0.9841649963405498 -0.004984436058690034
59770.82545637083 3.9775 0.01949999999999985 0.9762905330998032 0.006060917985255957 0.9780019715422013 1.0063014439681457 0.9841647961666105 -0.007874263066807274
59770.82547231426 3.9775 0.01949999999999985 0.9815624481958497 0.006087291874484096 0.9780018300386489 1.0063013851548785 0.9841645962518986 -0.0026021480560488586
59770.82548825767 3.9775 0.01949999999999985 0.9887230053307461 0.006096633920322125 0.978001688792825 1.0063013263416651 0.9841643965966083 0.004558608734137826
59770.8255042011 3.9775 0.01949999999999985 0.9866702080311962 0.006102755202613274 0.9780015478042953 1.006301267528398 0.9841641972001974 0.0025060108309987728
59770.82552014451 3.9775 0.01949999999999985 0.9903818837707786 0.006090480273779952 0.9780014070731482 1.0063012087151846 0.9841639980628603 0.006217885707918369
59770.825536087934 3.9775 0.01949999999999985 0.9884420012537875 0.006093715186290051 0.9780012665990163 1.0063011499019443 0.9841637991841481 0.0042782020696393586
59770.825552031354 3.9775 0.01949999999999985 0.9838583029571969 0.006097285869407071 0.9780011263817929 1.006301091088704 0.9841636005639798 -0.00030529760678288387
59770.82556797478 3.9775 0.01949999999999985 0.9840178908022671 0.00609337107556394 0.978000986421242 1.006301032275437 0.9841634022020915 -0.0001455113998244384
59770.825583918195 3.9775 0.01949999999999985 0.9830831128727071 0.006100040032680257 0.9780008467173864 1.0063009734622237 0.9841632040985849 -0.0010800912258778217
59770.82559986161 3.9775 0.01949999999999985 0.9832490435228735 0.006088763352424506 0.9780007072699259 1.0063009146490103 0.9841630062531054 -0.0009139627302319209
59770.825615805035 3.9775 0.01949999999999985 0.9741166752585354 0.006074647175648313 0.9780005680785613 1.0063008558357431 0.9841628086652991 -0.010046133406763746
59770.82563174845 3.9775 0.01949999999999985 0.9858393949304532 0.006098947389810807 0.97800042914338 1.0063007970225297 0.9841626113353594 0.0016767835950938226
59770.825647691876 3.9775 0.01949999999999985 0.976458974044303 0.006066802025187087 0.9780002904639554 1.0063007382092626 0.9841624142627515 -0.007703440218448487
59770.82566363529 3.9775 0.01949999999999985 0.9741878770528254 0.006067513563573679 0.9780001520403744 1.0063006793960492 0.9841622174476681 -0.009974340394842685
59770.82567957872 3.9775 0.01949999999999985 0.9886942057656192 0.006095348920713043 0.9780000138722158 1.006300620582782 0.9841620208895802 0.004532184876039014
59770.82569552213 3.9775 0.01949999999999985 0.9815324568697944 0.0060855946837649515 0.9779998759595547 1.0063005617695686 0.9841618245886683 -0.0026293677188738984
59770.82571146555 3.9775 0.01949999999999985 0.9885305488851543 0.006098752833240298 0.977999738302043 1.0063005029563283 0.9841616285445034 0.00436892034065095
59770.82572740897 3.9775 0.01949999999999985 0.9793618393939264 0.006075451256512315 0.9779996008995722 1.0063004441430883 0.9841614327570025 -0.004799593363076116
59770.82574335238 3.9775 0.01949999999999985 0.9706815924183454 0.006058044947124588 0.9779994637520383 1.0063003853298749 0.9841612372260871 -0.013479644807741664
59770.82575929581 3.9775 0.01949999999999985 0.9795591836908618 0.00607981058602818 0.9779993268590872 1.0063003265166077 0.984161041951322 -0.004601858260460223
59770.825775239224 3.9775 0.01949999999999985 0.9862072404673177 0.006091494077602571 0.9779991902207935 1.0063002677033943 0.9841608469328874 0.0020463935344302575
59770.82579118265 3.9775 0.01949999999999985 0.9768682090731418 0.006072545956026488 0.9779990538367533 1.0063002088901272 0.9841606521702716 -0.0072924430971298415
59770.825807126064 3.9775 0.01949999999999985 0.9784869708810982 0.006084202704882394 0.977998917707037 1.0063001500769138 0.9841604576636506 -0.005673486782552417
59770.82582306949 3.9775 0.01949999999999985 0.989102392472569 0.006106780029528519 0.9779987818312417 1.0063000912636466 0.9841602634125137 0.004942129060055311
59770.825839012905 3.9775 0.01949999999999985 0.9828249107407824 0.006090738447320765 0.9779986462094417 1.0063000324504332 0.9841600694170409 -0.0013351586762585521
59770.82585495633 3.9775 0.01949999999999985 0.984568666927419 0.006089373530910466 0.9779985108412242 1.0062999736371663 0.9841598756767118 0.0004087912507071412
59770.825870899745 3.9775 0.01949999999999985 0.9734078675146373 0.006071005461445769 0.9779983757266749 1.0062999148239529 0.9841596821917172 -0.010751814677079974
59770.825886843166 3.9775 0.01949999999999985 0.9784155602529004 0.0060878237241995415 0.977998240865441 1.0062998560107126 0.9841594889616234 -0.0057439287087229784
59770.825902786586 3.9775 0.01949999999999985 0.9714499040641081 0.006059652847452917 0.9779981062574205 1.0062997971974723 0.9841592959863542 -0.012709391922246072
59770.82591873 3.9775 0.01949999999999985 0.9739462519358323 0.006059883227639816 0.9779979719025114 1.006299738384259 0.984159103265833 -0.010212851330000716
59770.82593467343 3.9775 0.01949999999999985 0.983379631628759 0.006091784095746955 0.9779978378003635 1.0062996795709918 0.9841589107996286 -0.0007792791708696178
59770.82595061684 3.9775 0.01949999999999985 0.9836978949482853 0.0061013314633014655 0.9779977039510616 1.0062996207577783 0.9841587185879312 -0.0004608236396459464
59770.82596656027 3.9775 0.01949999999999985 0.9874366321392312 0.006089321731285894 0.9779975703541948 1.0062995619445112 0.9841585266302225 0.003278105509008644
59770.82598250368 3.9775 0.01949999999999985 0.9769508353831927 0.006076827984841223 0.9779974370098472 1.0062995031312978 0.9841583349266919 -0.007207499543499196
59770.8259984471 3.9775 0.01949999999999985 0.9897508048404814 0.006110228330183336 0.977997303917671 1.0062994443180575 0.9841581434769108 0.005592661363570617
59770.82601439052 3.9775 0.01949999999999985 0.9783560123934059 0.006075724739100813 0.977997171077566 1.0062993855048172 0.9841579522808043 -0.005801939887398411
59770.82603033395 3.9775 0.01949999999999985 0.9866598468274775 0.0060979829219756886 0.9779970384893089 1.0062993266915503 0.9841577613381217 0.002502085489355821
59770.82604627736 3.9775 0.01949999999999985 0.982570469661235 0.007047911037779773 0.9779969061529219 1.006299267878337 0.9841575706489639 -0.0015871009877289621
59770.826062220774 3.9775 0.01949999999999985 0.9795369428843343 0.006082902200465068 0.9779967740681208 1.0062992090651235 0.9841573802129923 -0.0046204373286579115
59770.8260781642 3.9775 0.01949999999999985 0.9823745210204431 0.00608083456255893 0.9779966422346232 1.0062991502518563 0.9841571900298701 -0.0017826690094270292
59770.826094107615 3.9775 0.01949999999999985 0.985986653492104 0.0060893714570596285 0.9779965106525121 1.006299091438643 0.984157000099786 0.001829653392317998
59770.82611005104 3.9775 0.01949999999999985 0.9899825344016275 0.0060968316617182544 0.9779963793213838 1.0062990326253758 0.9841568104222286 0.005825723979398956
59770.826125994456 3.9775 0.01949999999999985 0.9704965256535857 0.00606107244538662 0.9779962482413214 1.0062989738121624 0.9841566209973865 -0.01366009534380086
59770.82614193788 3.9775 0.01949999999999985 0.9760840750262574 0.006063653112432391 0.9779961174119226 1.0062989149988952 0.9841564318247499 -0.008072356798492497
59770.826157881296 3.9775 0.01949999999999985 0.9841765737400123 0.006086841229935646 0.9779959868332704 1.0062988561856818 0.9841562429045071 2.0330835505233402e-05
59770.82617382472 3.9775 0.01949999999999985 0.9893943200380009 0.006096801059541516 0.977995856505024 1.0062987973724418 0.9841560542362368 0.005238265801764119
59770.82618976814 3.9775 0.01949999999999985 0.9899907245719162 0.00609747515692849 0.9779957264270854 1.0062987385592015 0.984155865819866 0.005834858752050143
59770.82620571155 3.9775 0.01949999999999985 0.97800858849151 0.006061251235656506 0.9779955965993563 1.006298679745988 0.9841556776553222 -0.006147089163812236
59770.82622165498 3.9775 0.01949999999999985 0.9764368437025557 0.006070771418075792 0.9779954670214986 1.006298620932721 0.9841554897421865 -0.007718646039630794
59770.82623759839 3.9775 0.01949999999999985 0.985111700498093 0.006096929663145725 0.9779953376935945 1.0062985621195075 0.9841553020806463 0.0009563984174467688
59770.82625354182 3.9775 0.01949999999999985 0.9767191413583292 0.006074417982608685 0.977995208615247 1.0062985033062404 0.9841551146701975 -0.007435973311868294
59770.82626948523 3.9775 0.01949999999999985 0.9895171326695551 0.00610715512864969 0.977995079786538 1.006298444493027 0.984154927511027 0.005362205158528144
59770.82628542866 3.9775 0.01949999999999985 0.9790403784389198 0.006083585117729408 0.9779949512070722 1.0062983856797598 0.9841547406026323 -0.005114362163712527
59770.82630137207 3.9775 0.01949999999999985 0.9761973093016991 0.006077719881151859 0.9779948228769313 1.0062983268665464 0.9841545539452003 -0.007957244643501227
59770.8263173155 3.9775 0.01949999999999985 0.9862805316414917 0.006099435578483769 0.9779946947957215 1.0062982680532795 0.9841543675382303 0.0021261641032613854
59770.82633325891 3.9775 0.01949999999999985 0.9796301156495496 0.006085714836142669 0.9779945669635244 1.006298209240066 0.9841541813819085 -0.004524065732358862
59770.82634920233 3.9775 0.01949999999999985 0.9801913980515422 0.006073044820747198 0.9779944393800064 1.0062981504268258 0.9841539954758208 -0.003962597424278624
59770.82636514575 3.9775 0.01949999999999985 0.9825032701936884 0.006077348813777418 0.9779943120450718 1.0062980916135855 0.9841538098198972 -0.001650539626208758
59770.826381089166 3.9775 0.01949999999999985 0.9891880951808232 0.006093229182599653 0.9779941849586246 1.006298032800372 0.9841536244140672 0.005034470766756005
59770.82639703259 3.9775 0.01949999999999985 0.9865614954066514 0.0060992687649119425 0.9779940581203337 1.006297973987105 0.9841534392579188 0.002408056148732629
59770.82641297601 3.9775 0.01949999999999985 0.9753468021983699 0.006068872457435885 0.9779939315302798 1.0062979151738916 0.9841532543516383 -0.008806452153268363
59770.826428919434 3.9775 0.01949999999999985 0.9798120272002988 0.006083529546953583 0.9779938051880747 1.0062978563606244 0.9841530696947296 -0.004341042494430791
59770.82644486285 3.9775 0.01949999999999985 0.9719343856845167 0.006059846112990503 0.9779936790937986 1.006297797547411 0.984152885287379 -0.012218499602862254
59770.82646080627 3.9775 0.01949999999999985 0.9913889605946141 0.006101383228773244 0.9779935532471231 1.0062977387341707 0.9841527011291767 0.007236259465437378
59770.82647674969 3.9775 0.01949999999999985 0.9976200431824392 0.006121500390066248 0.9779934276479537 1.0062976799209307 0.9841525172200544 0.013467525962384874
59770.826492693115 3.9775 0.01949999999999985 0.9811200886118598 0.006071979746064109 0.9779933022960833 1.0062976211076635 0.9841523335597766 -0.0030322449479167624
59770.82650863653 3.9775 0.01949999999999985 0.9909131876391648 0.006098505804936405 0.9779931771915226 1.00629756229445 0.9841521501484334 0.006761037490731425
59770.82652457994 3.9775 0.01949999999999985 0.9768594909506267 0.006068665878107618 0.9779930523340141 1.0062975034812367 0.9841519669857128 -0.007292476035086093
59770.82654052337 3.9775 0.01949999999999985 0.9860045580353484 0.006085953276370566 0.9779929277232877 1.0062974446679696 0.9841517840712907 0.0018527739640576968
59770.82655646678 3.9775 0.01949999999999985 0.9905053025669951 0.006104185253973002 0.9779928033594225 1.0062973858547561 0.9841516014053514 0.006353701161643688
59770.82657241021 3.9775 0.01949999999999985 0.9902612308217771 0.006111002571584793 0.9779926792420407 1.006297327041489 0.9841514189874099 0.006109811834367207
59770.82658835362 3.9775 0.01949999999999985 0.9846267525130259 0.0060859529627426984 0.9779925553712105 1.0062972682282756 0.9841512368176397 0.000475515695386175
59770.82660429705 3.9775 0.01949999999999985 0.9831013189742914 0.00609627711329084 0.9779924317465667 1.0062972094150087 0.9841510548955684 -0.0010497359212769952
59770.82662024046 3.9775 0.01949999999999985 0.9787253977817764 0.006081400260342393 0.9779923083681735 1.0062971506017953 0.9841508732213653 -0.005425475439588934
