eureka_custom_plots/data/stage5_lcfit_results/S5_wasp39b_ap4_bg8_Table_Save_ch31.txt
# %ECSV 1.0
# ---
# datatype:
# - {name: time, datatype: float64}
# - {name: wavelength, datatype: float64}
# - {name: bin_width, datatype: float64}
# - {name: lcdata, datatype: float64}
# - {name: lcerr, datatype: float64}
# - {name: transit, datatype: float64}
# - {name: polynom, datatype: float64}
# - {name: model, datatype: float64}
# - {name: residuals, datatype: float64}
# schema: astropy-2.0
time wavelength bin_width lcdata lcerr transit polynom model residuals
[from data line 14204]
59770.87048058713 4.2075 0.019500000000000295 0.9825260235171508 0.006955954857203242 0.9779518703325344 1.0063178792135092 0.9841304521259208 -0.00160442860876997
59770.870496530544 4.2075 0.019500000000000295 0.9789142984901952 0.006952624875599809 0.9779526924087848 1.0063178238132429 0.9841312252171099 -0.005216926726914761
59770.870512473964 4.2075 0.019500000000000295 0.9841649422294153 0.006968264242077879 0.9779535157298624 1.0063177684129512 0.9841319995608752 3.2942668540147935e-05
59770.870528417385 4.2075 0.019500000000000295 0.9772053799912238 0.0069343741966640645 0.9779543402981842 1.0063177130126595 0.9841327751596728 -0.00692739516844898
59770.870544360805 4.2075 0.019500000000000295 0.9737502836842798 0.0069317607906020234 0.9779551661165574 1.006317657612368 0.9841335520163284 -0.0103832683320485
59770.870560304225 4.2075 0.019500000000000295 0.966395819373603 0.006930592830353833 0.977955993187729 1.0063176022120763 0.9841343301336051 -0.017738510760002102
59770.87057624764 4.2075 0.019500000000000295 0.9890137045496517 0.006975031371373097 0.9779568215141673 1.00631754681181 0.984135109514012 0.004878595035639699
59770.870592191066 4.2075 0.019500000000000295 1.0010431354049625 0.006980858435774466 0.9779576510997907 1.0063174914114932 0.9841358901614177 0.01690724524354481
59770.87060813448 4.2075 0.019500000000000295 0.9877869850964204 0.006973027872948404 0.9779584819459377 1.0063174360112268 0.9841366720772676 0.003650313019152751
59770.8706240779 4.2075 0.019500000000000295 0.9804999358209762 0.006919472028943046 0.9779593140565493 1.0063173806109351 0.9841374552654536 -0.003637519444477433
59770.87064002132 4.2075 0.019500000000000295 0.9794750858944453 0.006944919736478413 0.9779601474341129 1.0063173252106437 0.9841382397285031 -0.004663153834057798
59770.87065596473 4.2075 0.019500000000000295 0.9830840284535113 0.0069547668096988395 0.9779609820811241 1.0063172698103773 0.9841390254689522 -0.0010549970154408728
59770.87067190816 4.2075 0.019500000000000295 0.9962525325832579 0.0069850876629695535 0.9779618180015636 1.0063172144100605 0.984139812490732 0.012112720092525842
59770.87068785157 4.2075 0.019500000000000295 0.9854984342986907 0.006965408192768413 0.9779626551968125 1.0063171590097941 0.9841406007953312 0.0013578335033594957
59770.870703795 4.2075 0.019500000000000295 0.9759201044890036 0.006954941761751279 0.9779634936712631 1.0063171036094771 0.9841413903870707 -0.008221285898067143
59770.870719738414 4.2075 0.019500000000000295 0.9917884455364085 0.006971706134174912 0.9779643334263146 1.006317048209211 0.9841421812674576 0.007646264268950986
59770.87073568183 4.2075 0.019500000000000295 0.9831140210040648 0.006953080802898808 0.9779651744656069 1.0063169928089446 0.9841429734401044 -0.0010289524360396207
59770.870751625254 4.2075 0.019500000000000295 0.9829312664113552 0.006948587551732278 0.9779660167928692 1.0063169374086276 0.9841437669087146 -0.0012125004973594367
59770.870767568675 4.2075 0.019500000000000295 0.9843958576129969 0.006960037181435399 0.9779668604098934 1.0063168820083361 0.9841445616751657 0.0002512959378311308
59770.870783512095 4.2075 0.019500000000000295 0.9946627630357054 0.006981916523868923 0.9779677053199678 1.0063168266080444 0.9841453577427411 0.0105174052929643
59770.87079945551 4.2075 0.019500000000000295 0.9913385460174634 0.006958922279004156 0.9779685515257079 1.006316771207778 0.984146155114098 0.007192390903365431
59770.87081539893 4.2075 0.019500000000000295 0.9842558870706821 0.006953018659682725 0.9779693990308183 1.0063167158074866 0.9841469537929144 0.00010893327776773098
59770.87083134235 4.2075 0.019500000000000295 0.9795057664240125 0.006959704215570773 0.977970247837914 1.006316660407195 0.9841477537818464 -0.004641987357833832
59770.87084728577 4.2075 0.019500000000000295 0.9677899673584404 0.006915836072685394 0.977971097950013 1.0063166050069032 0.9841485550839307 -0.01635858772549037
59770.87086322919 4.2075 0.019500000000000295 0.9917050676952354 0.0069852086940092204 0.9779719493700718 1.0063165496066118 0.9841493577021427 0.00755570999309263
59770.87087917261 4.2075 0.019500000000000295 0.9829903281917696 0.006930689467567469 0.9779728021011563 1.00631649420632 0.9841501616395669 -0.0011598334477973538
59770.87089511602 4.2075 0.019500000000000295 0.9825473674658138 0.006947454866855268 0.9779736561458509 1.0063164388060537 0.9841509668988287 -0.0016035994330149128
59770.87091105944 4.2075 0.019500000000000295 0.9815976716585343 0.006981781059149221 0.9779745115080356 1.0063163834057622 0.9841517734837834 -0.0025541018252490666
59770.87092700286 4.2075 0.019500000000000295 0.982374338131919 0.006953654245861053 0.9779753681903195 1.0063163280054706 0.9841525813970804 -0.0017782432651614055
59770.87094294629 4.2075 0.019500000000000295 0.9805046326416363 0.006945706482098035 0.9779762261961892 1.0063162726051536 0.9841533906422036 -0.003648758000567298
59770.8709588897 4.2075 0.019500000000000295 0.9921210568924476 0.006971379720141427 0.9779770855275547 1.0063162172048874 0.9841542012211495 0.007966855671298068
59770.87097483312 4.2075 0.019500000000000295 0.9956730755602299 0.006967214071146215 0.9779779461882491 1.006316161804621 0.984155013137725 0.01151806242250486
59770.870990776544 4.2075 0.019500000000000295 0.9800977368963523 0.006946964235449502 0.977978808182222 1.006316106404304 0.9841558263958554 -0.004058089499503148
59770.87100671996 4.2075 0.019500000000000295 0.9810643098365754 0.006945392085607763 0.9779796715109421 1.0063160510040379 0.9841566409971174 -0.0030923311605419723
59770.871022663385 4.2075 0.019500000000000295 1.0030216900480409 0.007005447333424974 0.9779805361791588 1.0063159956037209 0.984157456946191 0.018864233101849925
59770.8710386068 4.2075 0.019500000000000295 0.9921113367419442 0.006980626979228093 0.9779814021884355 1.0063159402034545 0.9841582742447483 0.00795306249719585
59770.87105455022 4.2075 0.019500000000000295 0.9825389322442534 0.006944302763940262 0.9779822695430751 1.006315884803163 0.9841590928970451 -0.0016201606527916912
59770.87107049364 4.2075 0.019500000000000295 0.9809478697927222 0.006953130203693102 0.9779831382458913 1.0063158294028713 0.9841599129059371 -0.0032120431132148797
59770.87108643705 4.2075 0.019500000000000295 0.9780406976878586 0.006947505340684587 0.9779840082996087 1.006315774002605 0.9841607342741908 -0.0061200365863322
59770.87110238048 4.2075 0.019500000000000295 0.9791628665200657 0.00694621830825905 0.9779848797086755 1.0063157186022882 0.9841615570062082 -0.004998690486142543
59770.87111832389 4.2075 0.019500000000000295 0.983349648511264 0.006951815348906264 0.9779857524746316 1.0063156632020218 0.9841623811036373 -0.0008127325923732442
59770.87113426731 4.2075 0.019500000000000295 0.9901552455204993 0.006964102218010485 0.9779866266019539 1.0063156078017301 0.9841632065709089 0.005992038949590328
59770.87115021073 4.2075 0.019500000000000295 0.9914419141230467 0.006962537420884545 0.9779875020934172 1.0063155524014387 0.9841640334108404 0.007277880712206364
59770.87116615415 4.2075 0.019500000000000295 0.9779181377519512 0.0069524047516305665 0.977988378952289 1.006315497001147 0.9841648616267187 -0.006246723874767435
59770.87118209757 4.2075 0.019500000000000295 0.9886181722283 0.006977879005921629 0.9779892571818501 1.0063154416008555 0.9841656912218462 0.00445248100645379
59770.871198040986 4.2075 0.019500000000000295 0.9828954529080369 0.006965999741395072 0.977990136784911 1.0063153862005891 0.9841665221990746 -0.0012710692910377075
59770.87121398441 4.2075 0.019500000000000295 0.981946770485271 0.006944510333940398 0.9779910177656189 1.0063153308002974 0.9841673545625284 -0.002220584077257337
59770.871229927834 4.2075 0.019500000000000295 0.9782006433507077 0.006924730288161239 0.9779919001272203 1.0063152753999807 0.984168188315474 -0.005967544964766369
59770.87124587125 4.2075 0.019500000000000295 0.9846763818498326 0.006951757543175152 0.9779927838718501 1.0063152199997143 0.9841690234601338 0.0005073583896988421
59770.87126181467 4.2075 0.019500000000000295 0.9797008984020213 0.006943987456466295 0.9779936690040059 1.0063151645994226 0.9841698600009594 -0.004468961598938059
59770.87127775809 4.2075 0.019500000000000295 0.9712510072769127 0.006924981028213619 0.977994555526641 1.0063151091991311 0.9841706979409475 -0.012919690664034755
59770.8712937015 4.2075 0.019500000000000295 0.9899997614386654 0.006952744571998415 0.9779954434427214 1.0063150537988648 0.9841715372831068 0.0058282241555586145
59770.87130964493 4.2075 0.019500000000000295 0.9840721158823122 0.006944468004061714 0.9779963327567933 1.0063149983985478 0.984172378031938 -0.00010026214962577384
59770.87132558834 4.2075 0.019500000000000295 0.9788859079280651 0.0069212320102620675 0.9779972234706411 1.0063149429982814 0.9841732201893357 -0.00528731226127066
59770.87134153177 4.2075 0.019500000000000295 0.9813423481824501 0.006943100045656689 0.9779981155892548 1.0063148875979646 0.9841740637602221 -0.002831715577771954
59770.87135747518 4.2075 0.019500000000000295 0.9790682146296461 0.0069548065960591335 0.9779990091144418 1.0063148321976982 0.9841749087465147 -0.005106694116868593
59770.871373418595 4.2075 0.019500000000000295 0.9919639237076616 0.006969983234261647 0.9779999040503972 1.0063147767974319 0.9841757551523852 0.00778816855527642
59770.87138936202 4.2075 0.019500000000000295 0.9845115164866691 0.006937612228856941 0.9780008004014121 1.006314721397115 0.9841766029821026 0.00033491350456649194
59770.871405305435 4.2075 0.019500000000000295 0.9984780766253893 0.006972762566196855 0.9780016981693046 1.0063146659968487 0.9841774522375946 0.01430062438779478
59770.87142124886 4.2075 0.019500000000000295 0.9827488022240612 0.006972798933720837 0.9780025973591492 1.006314610596532 0.984178302923869 -0.0014295006998077397
59770.871437192276 4.2075 0.019500000000000295 0.976501462222261 0.00694215399362483 0.9780034979728135 1.0063145551962656 0.9841791550429037 -0.007677692820642679
59770.871453135696 4.2075 0.019500000000000295 0.9905767304299731 0.006989038972659954 0.9780044000149891 1.0063144997959739 0.9841800085993453 0.006396721830627783
59770.87146907912 4.2075 0.019500000000000295 0.9871593030096096 0.006974334608816398 0.9780053034888214 1.0063144443956824 0.9841808635963841 0.0029784394132255088
59770.87148502254 4.2075 0.019500000000000295 0.9842449972979087 0.006969709938458676 0.9780062083977824 1.0063143889953907 0.9841817200375131 6.327726039556669e-05
59770.87150096596 4.2075 0.019500000000000295 0.9806894300951599 0.006941111303192576 0.9780071147454381 1.006314333595099 0.9841825779263211 -0.0034931478311612807
59770.87151690938 4.2075 0.019500000000000295 0.9802515551000243 0.006952989153695789 0.9780080225353698 1.0063142781948076 0.9841834372664118 -0.0039318821663875125
59770.87153285279 4.2075 0.019500000000000295 0.975537393844323 0.006931494861346227 0.9780089317706739 1.0063142227945412 0.9841842980609252 -0.008646904216602191
59770.87154879621 4.2075 0.019500000000000295 0.9818294747122736 0.006947984971575743 0.9780098424558303 1.0063141673942495 0.98418516031432 -0.0023556856020464645
59770.87156473963 4.2075 0.019500000000000295 0.9892288929903809 0.006968637516725734 0.9780107545939669 1.006314111993958 0.9841860240297686 0.0050428689606122346
59770.87158068305 4.2075 0.019500000000000295 0.9881636289882988 0.0069498643498895046 0.9780116681887536 1.0063140565936664 0.9841868892109634 0.00397673977733537
59770.87159662647 4.2075 0.019500000000000295 0.9891628313148617 0.00695482393895799 0.9780125832437697 1.0063140011933747 0.9841877558615063 0.004975075453355404
59770.871612569885 4.2075 0.019500000000000295 0.9703511426291597 0.006940300293892412 0.9780134997622926 1.0063139457931085 0.9841886239847201 -0.0138374813555604
59770.87162851331 4.2075 0.019500000000000295 0.9835536498896507 0.006939469452584809 0.9780144177492064 1.0063138903927915 0.9841894935854447 -0.0006358436957940583
59770.871644456725 4.2075 0.019500000000000295 0.9881614234480198 0.006978662863707691 0.9780153372065197 1.0063138349925251 0.9841903646658005 0.003971058782219372
59770.871660400146 4.2075 0.019500000000000295 0.9734650680694362 0.0069363708247040775 0.9780162581392307 1.0063137795922337 0.9841912372307429 -0.010726169161306642
59770.871676343566 4.2075 0.019500000000000295 0.986834006334889 0.006972592143350602 0.9780171805505742 1.006313724191942 0.9841921112835512 0.002641895051337828
59770.871692286986 4.2075 0.019500000000000295 0.9927608506477075 0.006965998508807254 0.9780181044443327 1.0063136687916503 0.9841929868280318 0.00856786381967567
59770.87170823041 4.2075 0.019500000000000295 0.9764460956910033 0.006933950665938411 0.9780190298241991 1.0063136133913588 0.9841938638679009 -0.007747768176897596
59770.87172417382 4.2075 0.019500000000000295 0.9969916286288618 0.006981025410680053 0.97801995669356 1.0063135579910925 0.9841947424065906 0.012796886222271264
59770.87174011725 4.2075 0.019500000000000295 0.9754590439889005 0.006949735215890795 0.9780208850574288 1.0063135025907757 0.9841956224490715 -0.008736578460171063
59770.87175606066 4.2075 0.019500000000000295 0.9753669966222347 0.006946227686052035 0.9780218149179104 1.0063134471905093 0.9841965039975606 -0.008829507375325951
59770.87177200408 4.2075 0.019500000000000295 0.9879415182492202 0.006945227466729725 0.9780227462801345 1.0063133917902176 0.9841973870571457 0.003744131192074507
59770.8717879475 4.2075 0.019500000000000295 0.9935227264696137 0.006982636392411875 0.9780236791474478 1.006313336389926 0.9841982716312186 0.009324454838395058
59770.87180389092 4.2075 0.019500000000000295 0.9782280255069141 0.0069379100604560475 0.9780246135237519 1.0063132809896345 0.984199157723706 -0.005971132216791908
59770.87181983434 4.2075 0.019500000000000295 0.9872465475401307 0.00696467773558418 0.9780255494128577 1.0063132255893428 0.984200045338442 0.0030465022016887833
59770.871835777754 4.2075 0.019500000000000295 0.9737441678931131 0.006921499508079363 0.9780264868182676 1.0063131701890764 0.9842009344789758 -0.010456766585862698
59770.871851721175 4.2075 0.019500000000000295 0.9697521792079424 0.0069288234026114275 0.978027425744695 1.006313114788785 0.9842018251500011 -0.014449645942058664
59770.871867664595 4.2075 0.019500000000000295 0.9775298899469398 0.006953991356590875 0.9780283661956515 1.0063130593884932 0.9842027173550757 -0.006672827408135906
59770.871883608015 4.2075 0.019500000000000295 0.9817400591734751 0.006950554863181909 0.9780293081750998 1.0063130039882016 0.9842036110981872 -0.0024635519247121485
59770.871899551435 4.2075 0.019500000000000295 0.9911205110672001 0.006977890399616388 0.9780302516869392 1.00631294858791 0.9842045063832596 0.006916004683940491
59770.871915494856 4.2075 0.019500000000000295 0.9919795376015882 0.006973752509496681 0.978031196735169 1.0063128931876184 0.9842054032143167 0.007774134387271481
59770.87193143827 4.2075 0.019500000000000295 0.9823876055927044 0.00695234247199548 0.9780321433233683 1.006312837787352 0.9842063015949849 -0.0018186960022804621
59770.8719473817 4.2075 0.019500000000000295 0.9873769952787954 0.006961206617253181 0.9780330914568054 1.0063127823870353 0.9842072015304916 0.0031697937483038396
59770.87196332511 4.2075 0.019500000000000295 0.9829215668387311 0.006956852860531046 0.9780340411378078 1.0063127269867689 0.9842081030232771 -0.0012865361845459944
59770.87197926854 4.2075 0.019500000000000295 0.9907094780281637 0.0069578150658065755 0.9780349923721238 1.006312671586452 0.9842090060790272 0.006500471949136499
59770.87199521195 4.2075 0.019500000000000295 0.9961692353076381 0.006980533978170087 0.9780359451621125 1.0063126161861857 0.9842099107002142 0.011959324607423882
