eureka_custom_plots/data/stage5_lcfit_results/S5_wasp39b_ap4_bg8_Table_Save_ch00.txt
# %ECSV 1.0
# ---
# datatype:
# - {name: time, datatype: float64}
# - {name: wavelength, datatype: float64}
# - {name: bin_width, datatype: float64}
# - {name: lcdata, datatype: float64}
# - {name: lcerr, datatype: float64}
# - {name: transit, datatype: float64}
# - {name: polynom, datatype: float64}
# - {name: model, datatype: float64}
# - {name: residuals, datatype: float64}
# schema: astropy-2.0
time wavelength bin_width lcdata lcerr transit polynom model residuals
[from data line 10457]
59770.81074059454 3.019 0.018999999999999906 1.0332950053022514 0.028350357470141915 0.9769037430113178 1.0076112339309726 0.9843391859274196 0.04895581937483173
59770.81075653797 3.019 0.018999999999999906 0.9398187802101559 0.027382281112702855 0.9769004799175098 1.0076111730105237 0.9843358384842257 -0.04451705827406982
59770.81077248138 3.019 0.018999999999999906 0.9430136306843798 0.027456659977319987 0.9768972204870128 1.0076111120901303 0.9843324947326761 -0.04131886404829632
59770.81078842481 3.019 0.018999999999999906 0.9458140701574625 0.027216559508481675 0.9768939647090933 1.0076110511696812 0.9843291546618469 -0.038515084504384345
59770.81080436822 3.019 0.018999999999999906 0.9812238480682066 0.027521476512262423 0.9768907125847095 1.0076109902492878 0.9843258182728115 -0.003101970204604898
59770.810820311635 3.019 0.018999999999999906 0.9525950610985148 0.027511832320236546 0.9768874641060746 1.0076109293288942 0.9843224855576687 -0.031727424459153886
59770.81083625506 3.019 0.018999999999999906 1.0019893596054914 0.028013505356207228 0.9768842192654247 1.0076108684084453 0.9843191565085406 0.017670203096950776
59770.810852198476 3.019 0.018999999999999906 1.0068120878699678 0.028018423339477867 0.9768809780637319 1.0076108074880519 0.9843158311265148 0.022496256743453014
59770.8108681419 3.019 0.018999999999999906 0.941164232882486 0.027337584127860422 0.9768777404903501 1.0076107465676027 0.9843125094007547 -0.04314827651826869
59770.81088408532 3.019 0.018999999999999906 0.9978419718134854 0.027730647395950603 0.9768745065462604 1.0076106856472093 0.9843091913323567 0.013532780481128714
59770.810900028744 3.019 0.018999999999999906 1.0054106361957127 0.02798677853066025 0.9768712762208526 1.0076106247267602 0.9843058769105208 0.021104759285191843
59770.81091597216 3.019 0.018999999999999906 0.984050373473003 0.027554625479847304 0.9768680495151154 1.0076105638063668 0.9843025661363513 -0.00025219266334830515
59770.81093191558 3.019 0.018999999999999906 0.9411221641978769 0.02739747120346547 0.9768648264199643 1.0076105028859457 0.9842992590006122 -0.04317709480273535
59770.810947859 3.019 0.018999999999999906 0.9507865706227879 0.02749358209316625 0.9768616069319258 1.0076104419655243 0.9842959554998301 -0.033509384877042137
59770.810963802425 3.019 0.018999999999999906 0.9981437753139236 0.03924398768276399 0.9768583910449287 1.0076103810450754 0.9842926556278598 0.013851119686063784
59770.81097974584 3.019 0.018999999999999906 1.0107803420070114 0.028034944443010232 0.9768551787584899 1.0076103201246818 0.9842893593842953 0.026490982622716097
59770.81099568926 3.019 0.018999999999999906 1.0036297416968287 0.039388182649998195 0.9768519700634937 1.0076102592042606 0.9842860667598695 0.01934367493695921
59770.81101163268 3.019 0.018999999999999906 1.020691001740471 0.028180159826512965 0.9768487649567813 1.0076101982838395 0.9842827777514261 0.03640822398904475
59770.81102757609 3.019 0.018999999999999906 1.007071609595517 0.027992028412171913 0.9768455634349223 1.0076101373634458 0.9842794923555348 0.0227921172399822
59770.81104351952 3.019 0.018999999999999906 0.9834025344210013 0.027539551405005355 0.9768423654889425 1.007610076442997 0.9842762105630714 -0.0008736761420700123
59770.81105946293 3.019 0.018999999999999906 1.0073097371101336 0.02802390519698177 0.9768391711198702 1.0076100155226033 0.9842729323751793 0.023036804734954286
59770.81107540636 3.019 0.018999999999999906 1.0068707118613256 0.028004918949734364 0.9768359803172837 1.0076099546021544 0.9842696577812492 0.0226010540800764
59770.81109134977 3.019 0.018999999999999906 0.9388696463816503 0.02730942559275121 0.9768327930822182 1.007609893681761 0.9842663867824315 -0.04539674040078123
59770.81110729319 3.019 0.018999999999999906 0.9928072070473445 0.02760406768434323 0.9768296094056652 1.0076098327613396 0.984263119369567 0.008544087677777479
59770.811123236614 3.019 0.018999999999999906 0.9399215772149961 0.027395464258883343 0.976826429284528 1.0076097718409185 0.9842598555395624 -0.04433827832456627
59770.811139180034 3.019 0.018999999999999906 0.9494963072312683 0.027452573543888574 0.9768232527139701 1.0076097109204971 0.9842565952875431 -0.034760288056274735
59770.811155123454 3.019 0.018999999999999906 1.005145638435997 0.027916668458509066 0.9768200796895309 1.007609650000076 0.9842533386090145 0.020892299826982375
59770.811171066875 3.019 0.018999999999999906 1.004886399783938 0.027961953564352122 0.9768169102063944 1.0076095890796548 0.9842500854991231 0.020636314284814827
59770.811187010295 3.019 0.018999999999999906 1.0165097884902818 0.02807767348589068 0.9768137442601216 1.0076095281592334 0.9842468359533952 0.0322629525368866
59770.811202953715 3.019 0.018999999999999906 1.0075163815070536 0.028050019629835058 0.976810581845916 1.0076094672388123 0.9842435899669976 0.023272791540056015
59770.81121889713 3.019 0.018999999999999906 1.0133280221390948 0.028083183124190555 0.9768074229608201 1.0076094063184189 0.9842403475369766 0.02908767460211814
59770.811234840556 3.019 0.018999999999999906 1.0195213191151637 0.028180459774869555 0.976804267595677 1.0076093453979698 0.9842371086540234 0.035284210461140386
59770.811250783976 3.019 0.018999999999999906 0.9874583021751322 0.02753361450167815 0.9768011157504689 1.0076092844775486 0.9842338733182011 0.003224428856931083
59770.81126672739 3.019 0.018999999999999906 1.0088224368089966 0.02800800556804618 0.9767979674204375 1.007609223557155 0.9842306415247142 0.02459179528428246
59770.81128267081 3.019 0.018999999999999906 1.0106794207498195 0.028057481991661616 0.976794822598198 1.0076091626367338 0.9842274132660673 0.026452007483752205
59770.81129861423 3.019 0.018999999999999906 1.0045708894706493 0.02799224517223787 0.9767916812807488 1.0076091017163125 0.9842241885392619 0.020346700931387462
59770.81131455765 3.019 0.018999999999999906 0.9405436346421127 0.027315237188053308 0.9767885434633656 1.0076090407958913 0.9842209673395377 -0.04367733269742502
59770.81133050107 3.019 0.018999999999999906 0.9445026322349942 0.02737116441912455 0.976785409141699 1.0076089798754702 0.9842177496625111 -0.03971511742751688
59770.81134644449 3.019 0.018999999999999906 0.9765461322564348 0.027383836573765103 0.9767822783110452 1.0076089189550488 0.9842145355034418 -0.007668403247007016
59770.81136238791 3.019 0.018999999999999906 0.9481824562360271 0.02744190665102724 0.9767791509670745 1.0076088580346276 0.984211324857967 -0.03602886862193988
59770.81137833133 3.019 0.018999999999999906 1.0079564569127883 0.028008119069066317 0.9767760271051041 1.0076087971142063 0.9842081177213673 0.023748339191421053
59770.811394274744 3.019 0.018999999999999906 0.993385167698817 0.02766116208583563 0.9767729067221752 1.0076087361938129 0.984204914090688 0.009180253608129019
59770.81141021817 3.019 0.018999999999999906 0.9432814211033419 0.02737328529103327 0.9767697898095682 1.007608675273364 0.9842017139570611 -0.04092029285371923
59770.81142616159 3.019 0.018999999999999906 0.954077508534168 0.02750179621719875 0.9767666763670483 1.0076086143529426 0.9841985173203306 -0.03012100878616264
59770.81144210501 3.019 0.018999999999999906 0.9459081150208101 0.02741484052581876 0.9767635663886207 1.0076085534325214 0.9841953241744287 -0.03828720915361861
59770.811458048425 3.019 0.018999999999999906 1.0054222903246894 0.027979193546478966 0.976760459871359 1.007608492512128 0.984192134516433 0.02123015580825649
59770.81147399185 3.019 0.018999999999999906 1.0129340540189977 0.02807579524285002 0.9767573568066013 1.007608431591679 0.9841889483375333 0.028745105681464378
59770.811489935266 3.019 0.018999999999999906 0.979494675426763 0.027432799535143996 0.9767542571954775 1.0076083706712855 0.9841857656389769 -0.004691090212213811
59770.811505878686 3.019 0.018999999999999906 0.9455140710952621 0.0274744267015076 0.976751161029438 1.0076083097508641 0.9841825864120661 -0.03866851531680404
59770.81152182211 3.019 0.018999999999999906 0.9944885034991983 0.027679970766482435 0.9767480683053253 1.007608248830443 0.9841794106536468 0.010309092845551482
59770.81153776553 3.019 0.018999999999999906 0.950829176755784 0.02748728321089927 0.9767449790189141 1.0076081879100216 0.9841762383594601 -0.033347061603676065
59770.81155370895 3.019 0.018999999999999906 1.013840242345921 0.028095430921689212 0.97674189316563 1.0076081269896004 0.9841730695248968 0.029667172821024157
59770.81156965236 3.019 0.018999999999999906 0.9566532004104559 0.027536054127204328 0.9767388107426043 1.007608066069207 0.9841699041470927 -0.02751670373663684
59770.81158559579 3.019 0.018999999999999906 1.0154206003935784 0.028079043154088067 0.9767357317412727 1.007608005148758 0.9841667422173361 0.031253858176242266
59770.8116015392 3.019 0.018999999999999906 0.9906639075757915 0.027642722397072328 0.9767326561627896 1.0076079442283645 0.9841635837368985 0.006500323838892985
59770.81161748263 3.019 0.018999999999999906 1.0112801304542303 0.02809434491480677 0.9767295839972855 1.0076078833079154 0.9841604286957256 0.027119701758504644
59770.81163342604 3.019 0.018999999999999906 1.0091220598321313 0.027958918131622087 0.9767265152459192 1.007607822387522 0.9841572770950935 0.02496478273703784
59770.81164936947 3.019 0.018999999999999906 1.0173018072215412 0.02809563238533145 0.976723449898852 1.007607761467073 0.9841541289249791 0.033147678296562066
59770.81166531288 3.019 0.018999999999999906 0.9368715633616389 0.02725815537810843 0.9767203879572516 1.0076077005466795 0.9841509841866669 -0.04727942082502801
59770.8116812563 3.019 0.018999999999999906 1.0086680798480379 0.028012415469865597 0.976717329412634 1.0076076396262583 0.9841478428715268 0.024520236976511067
59770.81169719972 3.019 0.018999999999999906 1.0078533769474924 0.028005568975414813 0.9767142742621958 1.0076075787058372 0.9841447049767601 0.023708671970732342
59770.81171314314 3.019 0.018999999999999906 1.019614799148301 0.02808885997797951 0.9767112225014606 1.0076075177854158 0.9841415704978557 0.03547322865044544
59770.81172908656 3.019 0.018999999999999906 1.0058857778342625 0.0279514584469168 0.9767081741263122 1.0076074568649946 0.9841384394306658 0.02174733840359666
59770.811745029976 3.019 0.018999999999999906 0.9495846000239231 0.02744491980202829 0.9767051291337016 1.0076073959446012 0.9841353117721445 -0.03455071174822144
59770.8117609734 3.019 0.018999999999999906 0.9843501204083931 0.02757313814242686 0.9767020875153068 1.0076073350241521 0.9841321875138245 0.00021793289456861764
59770.81177691682 3.019 0.018999999999999906 0.9515640107224645 0.027465624935892816 0.9766990492723184 1.0076072741037587 0.9841290666570135 -0.03256505593454895
59770.811792860244 3.019 0.018999999999999906 0.9473551046594528 0.027407820980866297 0.9766960143950346 1.0076072131833096 0.9841259491918265 -0.03677084453237367
59770.81180880366 3.019 0.018999999999999906 0.9823998413019451 0.02754970668508069 0.9766929828846507 1.0076071522629162 0.984122835119576 -0.001722993817630858
59770.811824747085 3.019 0.018999999999999906 0.9516126191763118 0.02750132459297134 0.9766899547314958 1.007607091342467 0.9841197244304083 -0.0325071052540965
59770.8118406905 3.019 0.018999999999999906 0.9851714977976588 0.027559618184075034 0.9766869299367712 1.0076070304220737 0.9841166171256419 0.0010548806720168669
59770.81185663392 3.019 0.018999999999999906 0.9929897055234044 0.027659515442001414 0.9766839084921469 1.0076069695016525 0.9841135131968015 0.00887619232660286
59770.81187257734 3.019 0.018999999999999906 1.0028106309630056 0.028008421707696417 0.9766808903949002 1.0076069085812311 0.9841104126411697 0.018700218321835882
59770.811888520766 3.019 0.018999999999999906 0.9786878388858068 0.027503899186666892 0.9766778756393498 1.0076068476607822 0.9841073154529948 -0.005419476567187997
59770.81190446418 3.019 0.018999999999999906 1.025718528425751 0.028225305321857616 0.9766748642253997 1.0076067867403886 0.9841042216322603 0.04161430679349076
59770.8119204076 3.019 0.018999999999999906 0.9535078387613054 0.02751632096432117 0.9766718561447734 1.0076067258199675 0.9841011311705453 -0.030593292409239914
59770.81193635102 3.019 0.018999999999999906 0.9471771615044101 0.027299088909453727 0.9766688513947779 1.0076066648995463 0.9840980440651628 -0.036920882560752655
59770.81195229443 3.019 0.018999999999999906 0.9518268540891905 0.02746713120574012 0.9766658499724624 1.0076066039791527 0.9840949603131655 -0.03226810622397491
59770.81196823786 3.019 0.018999999999999906 0.9405314195687846 0.03919415198124405 0.9766628518696829 1.0076065430587038 0.9840918799062661 -0.04356046033748151
59770.81198418127 3.019 0.018999999999999906 0.955242576736215 0.027476214292452963 0.9766598570876663 1.0076064821383104 0.9840888028458085 -0.02884622610959342
59770.8120001247 3.019 0.018999999999999906 0.9556419441969363 0.027560810482994663 0.9766568656169063 1.0076064212178613 0.9840857291221047 -0.028443784925168414
59770.812016068114 3.019 0.018999999999999906 0.983315299328556 0.027544890416277657 0.9766538774586369 1.0076063602974679 0.9840826587365062 -0.0007673594079502521
59770.812032011534 3.019 0.018999999999999906 0.952961600088842 0.02749053647203601 0.9766508926046745 1.0076062993770465 0.9840795916806854 -0.031117991591843364
59770.812047954954 3.019 0.018999999999999906 0.9527429559279152 0.027517635426954318 0.9766479110523765 1.0076062384566253 0.9840765279520058 -0.031333572024090595
59770.812063898375 3.019 0.018999999999999906 1.0124541814574883 0.028026380993355457 0.9766449327974684 1.007606177536204 0.98407346754616 0.028380713911328348
59770.812079841795 3.019 0.018999999999999906 1.0099086097369343 0.028013792785751557 0.9766419578360278 1.0076061166157828 0.9840704104591951 0.025838199277739227
59770.812095785215 3.019 0.018999999999999906 0.9947450726747584 0.027626264815450698 0.9766389861637974 1.0076060556953617 0.9840673566868208 0.010677715987937653
59770.812111728636 3.019 0.018999999999999906 0.9607113568100897 0.027603298278110863 0.9766360177768715 1.0076059947749403 0.9840643062251009 -0.023352949415011204
59770.812127672056 3.019 0.018999999999999906 0.9865744075448936 0.027600978582924537 0.9766330526710103 1.0076059338545191 0.9840612590697632 0.0025131484751304
59770.81214361547 3.019 0.018999999999999906 1.027270550208109 0.028268172889445997 0.9766300908436099 1.0076058729341257 0.98405821521821 0.04321233498989896
59770.81215955889 3.019 0.018999999999999906 0.9802400114992935 0.02759233679204331 0.9766271322879638 1.0076058120137044 0.9840551746636292 -0.003815163164335722
59770.81217550232 3.019 0.018999999999999906 1.0086750230173396 0.02801152164493433 0.9766241769998626 1.0076057510932555 0.984052137401779 0.024622885615560586
59770.81219144573 3.019 0.018999999999999906 0.9426036058388736 0.027331410641491364 0.976621224979543 1.0076056901728618 0.9840491034329781 -0.04144549759410454
59770.81220738915 3.019 0.018999999999999906 1.0142321695865328 0.028075034978863385 0.9766182762187086 1.0076056292524407 0.9840460727487857 0.03018609683774709
59770.81222333257 3.019 0.018999999999999906 1.0127077392234622 0.028164078064835 0.9766153307148793 1.0076055683320195 0.9840430453467292 0.028664693876733094
59770.81223927599 3.019 0.018999999999999906 0.9785642863778842 0.02741538951917072 0.9766123884638765 1.0076055074115982 0.9840400212225971 -0.005475734844712976
59770.81225521941 3.019 0.018999999999999906 1.0044539873841365 0.027976536128430977 0.9766094494618696 1.007605446491177 0.9840370003725296 0.02041698701160688
59770.81227116283 3.019 0.018999999999999906 0.9525535697369784 0.02746645353626922 0.9766065137046966 1.0076053855707556 0.9840339827923323 -0.031480413055353984
59770.81228710625 3.019 0.018999999999999906 0.9883155814801844 0.027603880561730743 0.9766035811884587 1.0076053246503345 0.9840309684780763 0.00428461300210814
