eureka_custom_plots/data/stage5_lcfit_results/S5_wasp39b_ap4_bg8_Table_Save_ch19.txt
# %ECSV 1.0
# ---
# datatype:
# - {name: time, datatype: float64}
# - {name: wavelength, datatype: float64}
# - {name: bin_width, datatype: float64}
# - {name: lcdata, datatype: float64}
# - {name: lcerr, datatype: float64}
# - {name: transit, datatype: float64}
# - {name: polynom, datatype: float64}
# - {name: model, datatype: float64}
# - {name: residuals, datatype: float64}
# schema: astropy-2.0
time wavelength bin_width lcdata lcerr transit polynom model residuals
[from data line 14391]
59770.873462006515 3.7475 0.01949999999999985 0.9876222179567463 0.005141992087630672 0.9789351033742805 1.0061353708510055 0.984941233272549 0.0026809846841973073
59770.873477949935 3.7475 0.01949999999999985 0.9848840690441926 0.005135415325635358 0.9789365431905823 1.006135316971566 0.9849426291781057 -5.856013391314363e-05
59770.87349389335 3.7475 0.01949999999999985 0.9822485316056315 0.005131805095186652 0.9789379853975598 1.0061352630921514 0.9849440274888746 -0.0026954958832430265
59770.87350983677 3.7475 0.01949999999999985 0.9879649895269331 0.005142171008287422 0.9789394300040335 1.006135209212712 0.9849454282136814 0.003019561313251762
59770.87352578019 3.7475 0.01949999999999985 0.9890852693442725 0.005149421769179818 0.9789408770168692 1.006135155333273 0.984946831359458 0.0041384379848145025
59770.87354172361 3.7475 0.01949999999999985 0.9872161075610878 0.005131106147101992 0.9789423264437711 1.0061351014538336 0.9849482369339555 0.0022678706271322957
59770.87355766703 3.7475 0.01949999999999985 0.9840799587691652 0.005131462406963795 0.9789437782923244 1.0061350475743942 0.984949644944805 -0.0008696861756397611
59770.87357361044 3.7475 0.01949999999999985 0.9911042967312177 0.005145553870286988 0.9789452325696562 1.0061349936949795 0.9849510553992012 0.006153241332016446
59770.87358955387 3.7475 0.01949999999999985 0.9905019522359156 0.005142414173471651 0.9789466892854676 1.0061349398155155 0.984952468306832 0.0055494839290836095
59770.87360549728 3.7475 0.01949999999999985 0.9837084426124975 0.005129195229774012 0.9789481484449615 1.0061348859361008 0.9849538836730284 -0.0012454410605309274
59770.87362144071 3.7475 0.01949999999999985 0.9812820241293566 0.005129529775338167 0.9789496100586593 1.006134832056637 0.9849553015082795 -0.003673277378922868
59770.873637384124 3.7475 0.01949999999999985 0.9901518153778015 0.005145647995133638 0.9789510741317281 1.0061347781772223 0.9849567218178797 0.00519509355992176
59770.873653327544 3.7475 0.01949999999999985 0.9819896064362922 0.0051340742885871895 0.9789525406742472 1.006134724297783 0.9849581446118979 -0.002968538175605717
59770.873669270964 3.7475 0.01949999999999985 0.9898342885571881 0.005141531377760141 0.9789540096935122 1.0061346704183436 0.9849595698976978 0.004874718659490296
59770.87368521438 3.7475 0.01949999999999985 0.9807235532532304 0.0051274611061265405 0.9789554811968669 1.0061346165389289 0.9849609976826923 -0.004237444429461945
59770.873701157805 3.7475 0.01949999999999985 0.9783597129338873 0.005129837944100576 0.9789569551945595 1.006134562659465 0.9849624279771197 -0.006602715043232399
59770.87371710122 3.7475 0.01949999999999985 0.9853281248610878 0.005137447125005292 0.9789584316919917 1.0061345087800504 0.9849638607865105 0.0003642640745772363
59770.87373304464 3.7475 0.01949999999999985 0.9742773684707583 0.005114957742401191 0.9789599106993936 1.006134454900611 0.9849652961210852 -0.01068792765032689
59770.87374898806 3.7475 0.01949999999999985 0.9825133030241647 0.00513164383686388 0.9789613922244474 1.0061344010211717 0.9849667339885968 -0.0024534309644320684
59770.87376493148 3.7475 0.01949999999999985 0.9904765009066674 0.005146876473417648 0.978962876275401 1.0061343471417326 0.9849681743973433 0.005508326509324091
59770.8737808749 3.7475 0.01949999999999985 0.9858020482367115 0.005133094592139059 0.9789643628607293 1.0061342932622932 0.984969617355851 0.0008324308808604908
59770.87379681831 3.7475 0.01949999999999985 0.9726387611965513 0.005115180834288528 0.9789658519881439 1.0061342393828785 0.9849710628719027 -0.012332301675351376
59770.87381276173 3.7475 0.01949999999999985 0.9785838727030608 0.0051281792463761244 0.9789673436674806 1.0061341855034391 0.984972510955346 -0.006388638252285195
59770.87382870516 3.7475 0.01949999999999985 0.9790135911969922 0.005125361494373814 0.9789688379073868 1.0061341316239754 0.9849739616148808 -0.005960370417888661
59770.87384464857 3.7475 0.01949999999999985 0.9770722341522936 0.0051237917975752575 0.9789703347143153 1.0061340777445607 0.9849754148570714 -0.007903180704777801
59770.87386059199 3.7475 0.01949999999999985 0.9819763342898524 0.0051287077011740075 0.978971834099102 1.0061340238651213 0.9849768706927475 -0.0030005364028951043
59770.873876535414 3.7475 0.01949999999999985 0.9827416627017533 0.005127656519695532 0.9789733360697006 1.006133969985682 0.9849783291299351 -0.002236666428181766
59770.87389247883 3.7475 0.01949999999999985 0.9852895618540033 0.0051373885242072094 0.9789748406342925 1.0061339161062672 0.9849797901768896 0.00030977167711365716
59770.873908422254 3.7475 0.01949999999999985 0.9783360255478393 0.005112813417748169 0.9789763478037767 1.0061338622268032 0.9849812538445041 -0.006645228296664807
59770.87392436567 3.7475 0.01949999999999985 0.9853861053283733 0.005132086216539067 0.9789778575842331 1.0061338083473885 0.9849827201389918 0.00040338518938154433
59770.873940309095 3.7475 0.01949999999999985 0.980810118906134 0.0051242945040051325 0.9789793699875171 1.0061337544679247 0.9849841890721842 -0.004174070166050203
59770.87395625251 3.7475 0.01949999999999985 0.9879308986588602 0.005139534008670033 0.9789808850198228 1.00613370058851 0.984985660650409 0.0029452380084511454
59770.87397219592 3.7475 0.01949999999999985 0.9809508426278514 0.005131476515174554 0.9789824026916043 1.0061336467090953 0.9849871348841359 -0.004036292256284546
59770.87398813935 3.7475 0.01949999999999985 0.9850503050000319 0.005138956878911489 0.9789839230135206 1.0061335928296313 0.9849886117840406 6.169321599125421e-05
59770.87400408276 3.7475 0.01949999999999985 0.9897625946136286 0.005135555529639842 0.9789854459918975 1.0061335389502166 0.984990091356584 0.004772503257044591
59770.87402002619 3.7475 0.01949999999999985 0.9780623489597949 0.005123691080113788 0.978986971638935 1.0061334850707528 0.984991573613944 -0.006929224654149024
59770.8740359696 3.7475 0.01949999999999985 0.9866532989815984 0.005133969739023784 0.9789884999611247 1.0061334311913381 0.9849930585627475 0.0016602404188508224
59770.87405191302 3.7475 0.01949999999999985 0.9758130988057971 0.0051222730228327636 0.9789900309699671 1.0061333773118988 0.9849945462144933 -0.009181447408696197
59770.87406785644 3.7475 0.01949999999999985 0.9875506068831084 0.005148005933723559 0.9789915646743377 1.0061333234324594 0.984996036578135 0.0025545703049734136
59770.874083799856 3.7475 0.01949999999999985 0.991782802062837 0.005148310266705431 0.9789931010830425 1.0061332695530447 0.9849975296625559 0.006785272400281039
59770.874099743276 3.7475 0.01949999999999985 0.9871899344483539 0.005134324570026645 0.9789946402070896 1.0061332156736056 0.9849990254787836 0.0021909089695703043
59770.8741156867 3.7475 0.01949999999999985 0.9789524768839744 0.005124923607811521 0.9789961820562726 1.0061331617941416 0.9850005240366706 -0.006048047152696245
59770.87413163012 3.7475 0.01949999999999985 0.981903146039118 0.005129857029188838 0.9789977266381321 1.0061331079147269 0.985002025343876 -0.003098879304758051
59770.87414757354 3.7475 0.01949999999999985 0.9818886410700403 0.005133294751987902 0.978999273964743 1.0061330540352875 0.9850035294124759 -0.0031148883424356733
59770.87416351696 3.7475 0.01949999999999985 0.9899749921231542 0.005146502228006117 0.979000824045218 1.0061330001558484 0.985005036251663 0.004969955871491183
59770.87417946037 3.7475 0.01949999999999985 0.9865466860211938 0.0051357938619715545 0.9790023768889177 1.0061329462764335 0.9850065458708781 0.001540140150315672
59770.8741954038 3.7475 0.01949999999999985 0.9890132254702921 0.005146665184475036 0.9790039325080184 1.0061328923969697 0.9850080582823003 0.0040051671879918205
59770.87421134721 3.7475 0.01949999999999985 0.9906916723636243 0.005148440430837346 0.9790054909097359 1.006132838517555 0.9850095734932849 0.005682098870339436
59770.87422729064 3.7475 0.01949999999999985 0.9852082980265087 0.005132630294694266 0.97900705210726 1.006132784638091 0.9850110915170062 0.00019720650950250107
59770.87424323405 3.7475 0.01949999999999985 0.9839772080757876 0.005138114697587835 0.97900861610795 1.0061327307586763 0.9850126123609643 -0.0010354042851766776
59770.874259177464 3.7475 0.01949999999999985 0.9978177611341215 0.005162932011780663 0.9790101829235751 1.0061326768792616 0.9850141360369521 0.012803625097169369
59770.87427512089 3.7475 0.01949999999999985 0.9852422852825355 0.005137368363056074 0.9790117525661307 1.0061326229997978 0.9850156625569901 0.00022662272554541119
59770.87429106431 3.7475 0.01949999999999985 0.9885412206751434 0.00513896105079494 0.9790133250438804 1.0061325691203584 0.9850171919294639 0.003524028745679475
59770.87430700773 3.7475 0.01949999999999985 0.9743425082483484 0.005114153916545674 0.9790149003682528 1.006132515240919 0.9850187241658479 -0.010676215917499454
59770.874322951146 3.7475 0.01949999999999985 0.9877746711765922 0.0051406619528097915 0.979016478549167 1.0061324613615044 0.9850202592761458 0.002754411900446452
59770.874338894566 3.7475 0.01949999999999985 0.9817792652550215 0.005121957205903633 0.9790180595988155 1.0061324074820652 0.9850217972725762 -0.0032425320175547556
59770.874354837986 3.7475 0.01949999999999985 0.981411578316194 0.005133618036841266 0.9790196435274232 1.0061323536026259 0.9850233381654501 -0.003611759849256102
59770.87437078141 3.7475 0.01949999999999985 0.9907363528089524 0.005140863699249511 0.9790212303458472 1.0061322997231865 0.9850248819656907 0.0057114708432617345
59770.87438672483 3.7475 0.01949999999999985 0.9863614045293597 0.0051372466107828555 0.9790228200652147 1.0061322458437472 0.9850264286844932 0.001334975844866526
59770.87440266825 3.7475 0.01949999999999985 0.9862909980179733 0.005132675345589429 0.9790244126965569 1.006132191964308 0.9850279783329562 0.001263019685017075
59770.87441861166 3.7475 0.01949999999999985 0.9837196539302326 0.005137075150526728 0.9790260082504402 1.0061321380848933 0.9850295309217337 -0.001309876991501091
59770.87443455508 3.7475 0.01949999999999985 0.9817764695768969 0.005127949452278819 0.9790276067395973 1.006132084205454 0.9850310864635886 -0.003254616886691708
59770.8744504985 3.7475 0.01949999999999985 0.983895089888438 0.005137203073646539 0.9790292081746398 1.0061320303260146 0.9850326449692207 -0.0011375550807827262
59770.87446644192 3.7475 0.01949999999999985 0.9838354411915038 0.005126958011016296 0.9790308125671471 1.0061319764465753 0.9850342064502803 -0.0011987652587764908
59770.87448238534 3.7475 0.01949999999999985 0.9873278764248821 0.005142324221091643 0.9790324199286552 1.0061319225671361 0.9850357709183736 0.0022921055065084905
59770.874498328754 3.7475 0.01949999999999985 0.9872667485605832 0.0051434790646982574 0.9790340302700485 1.0061318686877212 0.9850373383844749 0.0022294101761082263
59770.87451427218 3.7475 0.01949999999999985 0.9947600690372423 0.005155108344964169 0.9790356436054317 1.0061318148082574 0.9850389088627033 0.009721160174539056
59770.874530215595 3.7475 0.01949999999999985 0.9887771403160245 0.005145142967899466 0.9790372599436445 1.0061317609288427 0.9850404823620482 0.0037366579539762634
59770.874546159015 3.7475 0.01949999999999985 0.9842194903197792 0.005133468955304989 0.9790388792988532 1.0061317070494034 0.9850420588966899 -0.0008225685769107649
59770.874562102435 3.7475 0.01949999999999985 0.9840256458169538 0.005142954864368524 0.9790405016824768 1.006131653169964 0.9850436384781414 -0.0010179926611875167
59770.874578045856 3.7475 0.01949999999999985 0.981699598637792 0.005127750376854723 0.979042127106597 1.0061315992905249 0.9850452211185577 -0.003345622480765753
59770.874593989276 3.7475 0.01949999999999985 0.9899287826765377 0.005141534681463892 0.9790437555835866 1.0061315454110855 0.985046806830387 0.004881975846150688
59770.87460993269 3.7475 0.01949999999999985 0.9790549948342828 0.005115124634638133 0.9790453871250273 1.0061314915316708 0.9850483956253058 -0.005993400791022951
59770.87462587612 3.7475 0.01949999999999985 0.9872530003915531 0.005141800384942032 0.9790470217456302 1.0061314376522068 0.9850499875180423 0.002203012873510768
59770.87464181953 3.7475 0.01949999999999985 0.9755969278479495 0.005127872793583919 0.9790486594550644 1.006131383772792 0.985051582518421 -0.009454654670471463
59770.87465776295 3.7475 0.01949999999999985 0.9877721709781476 0.005138014079421466 0.9790503002682163 1.006131329893353 0.985053180641347 0.002718990336800675
59770.87467370637 3.7475 0.01949999999999985 0.9830855868286346 0.005127242255448589 0.9790519441972456 1.0061312760139136 0.9850547818990777 -0.0019691950704431305
59770.87468964979 3.7475 0.01949999999999985 0.9875501877573609 0.0051435197329222125 0.9790535912549925 1.0061312221344743 0.9850563863045316 0.0024938014528292918
59770.87470559321 3.7475 0.01949999999999985 0.9783409509946884 0.0059066635746976084 0.9790552414546023 1.006131168255035 0.9850579938709343 -0.00671704287624586
59770.874721536624 3.7475 0.01949999999999985 0.9866960333378041 0.0051382155019556 0.9790568948084297 1.0061311143756202 0.9850596046107397 0.0016364287270643763
59770.874737480044 3.7475 0.01949999999999985 0.9797784983538895 0.005123690007941872 0.9790585513312419 1.006131060496181 0.985061218538757 -0.005282720184867529
59770.874753423464 3.7475 0.01949999999999985 0.989667680883955 0.005138372744881365 0.9790602110357775 1.0061310066167417 0.9850628356678264 0.0046048452161285836
59770.874769366885 3.7475 0.01949999999999985 0.9935654536624925 0.005146471467891121 0.9790618739355175 1.0061309527373024 0.9850644560115108 0.008500997650981668
59770.874785310305 3.7475 0.01949999999999985 0.985210350355274 0.00514696246035175 0.9790635400440665 1.006130898857863 0.9850660795834979 0.0001442707717761449
59770.874801253725 3.7475 0.01949999999999985 0.9802486055966545 0.005135190142642326 0.9790652093753011 1.0061308449784239 0.9850677063977491 -0.0048191008010946
59770.87481719714 3.7475 0.01949999999999985 0.9824449452296607 0.005129813097319179 0.9790668819423055 1.006130791099009 0.9850693364674519 -0.002624391237791124
59770.874833140566 3.7475 0.01949999999999985 0.9821847498307335 0.005132548690949874 0.9790685577613936 1.0061307372195452 0.9850709698089477 -0.002886219978214255
59770.87484908398 3.7475 0.01949999999999985 0.9785018684750714 0.005127759994583302 0.9790702368437313 1.0061306833401304 0.9850726064335668 -0.006570737958495387
59770.8748650274 3.7475 0.01949999999999985 0.9890407716982988 0.005140429690686397 0.9790719192058547 1.006130629460691 0.9850742463578734 0.003966525340425409
59770.87488097082 3.7475 0.01949999999999985 0.9915695845528751 0.005148982278639092 0.9790736048615267 1.0061305755812517 0.9850758895957389 0.0064936949571362534
59770.87489691423 3.7475 0.01949999999999985 0.9897469200459611 0.005138902380833553 0.9790752938244972 1.006130521701837 0.9850775361610208 0.004669383884940315
59770.87491285766 3.7475 0.01949999999999985 0.978905038790156 0.0051112740056961405 0.9790769861117861 1.0061304678223733 0.9850791860707706 -0.006174147280614606
59770.87492880107 3.7475 0.01949999999999985 0.9905707006218405 0.005143417205296706 0.979078681735225 1.0061304139429585 0.9850808393369882 0.005489861284852293
59770.87494474449 3.7475 0.01949999999999985 0.9916463542849626 0.005143618173725022 0.9790803807120788 1.0061303600635192 0.9850824959769713 0.006563858307991333
59770.874960687914 3.7475 0.01949999999999985 0.9890650302202396 0.0051484951856255465 0.9790820830568222 1.0061303061840798 0.9850841560053072 0.003980874214932428
59770.874976631334 3.7475 0.01949999999999985 0.9877859608542112 0.005146226595050863 0.9790837887846684 1.0061302523046407 0.985085819437302 0.0027001414169092186
59770.874992574754 3.7475 0.01949999999999985 0.9886472858983478 0.005143856053670866 0.9790854979111807 1.0061301984252013 0.9850874862886133 0.0035597996097345153
