eureka_custom_plots/data/stage5_lcfit_results/S5_wasp39b_ap4_bg8_Table_Save_ch32.txt
# %ECSV 1.0
# ---
# datatype:
# - {name: time, datatype: float64}
# - {name: wavelength, datatype: float64}
# - {name: bin_width, datatype: float64}
# - {name: lcdata, datatype: float64}
# - {name: lcerr, datatype: float64}
# - {name: transit, datatype: float64}
# - {name: polynom, datatype: float64}
# - {name: model, datatype: float64}
# - {name: residuals, datatype: float64}
# schema: astropy-2.0
time wavelength bin_width lcdata lcerr transit polynom model residuals
[from data line 1840]
59770.673356142586 4.246 0.018999999999999684 0.9980658502430159 0.0071567255215062575 1.0 1.0070264402210563 1.0070264402210563 -0.00896058997804039
59770.67337208601 4.246 0.018999999999999684 0.9984183776545388 0.007157804773515778 1.0 1.007026392598101 1.007026392598101 -0.008608014943562114
59770.67338802943 4.246 0.018999999999999684 1.0012647132188255 0.007159753032080173 1.0 1.0070263449751455 1.0070263449751455 -0.005761631756320051
59770.67340397285 4.246 0.018999999999999684 1.001631823961243 0.007168839496267659 1.0 1.0070262973521902 1.0070262973521902 -0.00539447339094723
59770.673419916275 4.246 0.018999999999999684 0.9893000967255463 0.007121469927241234 1.0 1.007026249729213 1.007026249729213 -0.017726153003666756
59770.67343585969 4.246 0.018999999999999684 0.9879440216916968 0.008247705706088756 1.0 1.0070262021062795 1.0070262021062795 -0.01908218041458265
59770.673451803115 4.246 0.018999999999999684 1.0148409773850926 0.007163036429954765 1.0 1.0070261544833023 1.0070261544833023 0.007814822901790253
59770.67346774653 4.246 0.018999999999999684 1.0035367580966836 0.0071642365701465776 1.0 1.0070261068603688 1.0070261068603688 -0.0034893487636851184
59770.67348368995 4.246 0.018999999999999684 1.0053943778419854 0.007176647446595835 1.0 1.0070260592374134 1.0070260592374134 -0.0016316813954280196
59770.673499633376 4.246 0.018999999999999684 1.007453057385056 0.007162199028643351 1.0 1.0070260116144365 1.0070260116144365 0.0004270457706194719
59770.6735155768 4.246 0.018999999999999684 1.0084210735632033 0.007194758136464344 1.0 1.0070259639914811 1.0070259639914811 0.001395109571722175
59770.67353152022 4.246 0.018999999999999684 1.0095363456024418 0.007199411627845591 1.0 1.0070259163685258 1.0070259163685258 0.0025104292339159784
59770.67354746363 4.246 0.018999999999999684 1.0017042779639054 0.007162958725827859 1.0 1.0070258687455922 1.0070258687455922 -0.0053215907816868135
59770.67356340706 4.246 0.018999999999999684 0.9961724405493416 0.007153922556120535 1.0 1.007025821122615 1.007025821122615 -0.010853380573273452
59770.67357935048 4.246 0.018999999999999684 0.9982669605314698 0.007161075936658558 1.0 1.0070257734996597 1.0070257734996597 -0.008758812968189922
59770.6735952939 4.246 0.018999999999999684 1.0126023512165268 0.007176791977353905 1.0 1.0070257258767044 1.0070257258767044 0.005576625339822394
59770.67361123732 4.246 0.018999999999999684 1.0005237755126035 0.007148951029627674 1.0 1.007025678253749 1.007025678253749 -0.006501902741145482
59770.673627180746 4.246 0.018999999999999684 0.994969768526275 0.007150802648239575 1.0 1.0070256306307719 1.0070256306307719 -0.01205586210449694
59770.67364312416 4.246 0.018999999999999684 1.0128855344722345 0.007189392618404179 1.0 1.0070255830078383 1.0070255830078383 0.005859951464396218
59770.67365906758 4.246 0.018999999999999684 1.0243829266766016 0.007210632776827567 1.0 1.007025535384883 1.007025535384883 0.01735739129171865
59770.673675011 4.246 0.018999999999999684 1.0100911416577185 0.007181394997148647 1.0 1.0070254877619276 1.0070254877619276 0.003065653895790943
59770.67369095442 4.246 0.018999999999999684 1.0115482087602652 0.0071765480747088915 1.0 1.0070254401389722 1.0070254401389722 0.004522768621292972
59770.67370689785 4.246 0.018999999999999684 1.0019972806121227 0.0071731025282509775 1.0 1.0070253925159953 1.0070253925159953 -0.005028111903872645
59770.67372284126 4.246 0.018999999999999684 1.0129138117058998 0.0071983984509465205 1.0 1.0070253448930617 1.0070253448930617 0.005888466812838056
59770.67373878469 4.246 0.018999999999999684 0.9974802584283134 0.007158252811467923 1.0 1.0070252972700846 1.0070252972700846 -0.009545038841771158
59770.6737547281 4.246 0.018999999999999684 1.0002228932085933 0.0071508839504956625 1.0 1.007025249647151 1.007025249647151 -0.006802356438557755
59770.67377067153 4.246 0.018999999999999684 1.0109679438902905 0.0071823935163522696 1.0 1.007025202024174 1.007025202024174 0.00394274186611665
59770.67378661495 4.246 0.018999999999999684 1.001782945124495 0.007159113569891823 1.0 1.0070251544012185 1.0070251544012185 -0.005242209276723475
59770.67380255837 4.246 0.018999999999999684 1.0131197041179532 0.007183969466680177 1.0 1.0070251067782632 1.0070251067782632 0.006094597339689978
59770.67381850179 4.246 0.018999999999999684 1.0101475698677176 0.007194951787555369 1.0 1.0070250591553078 1.0070250591553078 0.003122510712409765
59770.67383444521 4.246 0.018999999999999684 1.0021471591971778 0.007165214992028702 1.0 1.0070250115323525 1.0070250115323525 -0.004877852335174682
59770.67385038863 4.246 0.018999999999999684 1.0023293632511643 0.007142932033984935 1.0 1.007024963909397 1.007024963909397 -0.004695600658232824
59770.67386633205 4.246 0.018999999999999684 1.0168490297760608 0.007196545979259359 1.0 1.0070249162864418 1.0070249162864418 0.00982411348961909
59770.67388227547 4.246 0.018999999999999684 1.014684262469638 0.007193247059682261 1.0 1.0070248686634864 1.0070248686634864 0.007659393806151549
59770.67389821889 4.246 0.018999999999999684 1.0203523560822885 0.007199325060718094 1.0 1.007024821040531 1.007024821040531 0.013327535041757432
59770.67391416232 4.246 0.018999999999999684 1.0198165179184462 0.007207161900976411 1.0 1.0070247734175541 1.0070247734175541 0.012791744500892044
59770.67393010573 4.246 0.018999999999999684 1.020571103731857 0.007203558817364921 1.0 1.0070247257946205 1.0070247257946205 0.013546377937236453
59770.67394604915 4.246 0.018999999999999684 1.0039455503625347 0.007169625669853242 1.0 1.0070246781716652 1.0070246781716652 -0.003079127809130444
59770.67396199257 4.246 0.018999999999999684 0.9966514180322916 0.00715064273439438 1.0 1.0070246305487098 1.0070246305487098 -0.010373212516418207
59770.673977936 4.246 0.018999999999999684 1.0056759821389745 0.00717161181301952 1.0 1.0070245829257327 1.0070245829257327 -0.0013486007867582472
59770.67399387942 4.246 0.018999999999999684 1.0204979375780496 0.007203674261445495 1.0 1.0070245353027774 1.0070245353027774 0.013473402275272273
59770.67400982283 4.246 0.018999999999999684 0.9999067173026766 0.007153307714924789 1.0 1.0070244876798438 1.0070244876798438 -0.00711777037716721
59770.67402576626 4.246 0.018999999999999684 1.0127396697372932 0.007195675331429577 1.0 1.0070244400568666 1.0070244400568666 0.005715229680426592
59770.67404170968 4.246 0.018999999999999684 1.0089784781608169 0.007179274641122853 1.0 1.0070243924339113 1.0070243924339113 0.0019540857269055856
59770.6740576531 4.246 0.018999999999999684 1.0026711201800738 0.0071556679967477955 1.0 1.007024344810956 1.007024344810956 -0.004353224630882169
59770.67407359652 4.246 0.018999999999999684 1.0142559694615325 0.0071957164595274105 1.0 1.0070242971880006 1.0070242971880006 0.007231672273531942
59770.67408953994 4.246 0.018999999999999684 1.0010777315508936 0.007142167570368594 1.0 1.0070242495650452 1.0070242495650452 -0.0059465180141515805
59770.67410548336 4.246 0.018999999999999684 0.9972126050712825 0.007146787056832929 1.0 1.0070242019420899 1.0070242019420899 -0.009811596870807349
59770.67412142678 4.246 0.018999999999999684 1.0013249984649186 0.00715435871089841 1.0 1.0070241543191345 1.0070241543191345 -0.005699155854215876
59770.6741373702 4.246 0.018999999999999684 1.0059376862780927 0.0071779685894240615 1.0 1.0070241066961791 1.0070241066961791 -0.0010864204180864867
59770.67415331362 4.246 0.018999999999999684 1.0046653957785237 0.007170078460302728 1.0 1.007024059073224 1.007024059073224 -0.0023586632947003583
59770.67416925704 4.246 0.018999999999999684 1.004054007993202 0.007178036874836951 1.0 1.0070240114502687 1.0070240114502687 -0.00297000345706655
59770.67418520046 4.246 0.018999999999999684 1.001566453353126 0.007168413585945314 1.0 1.0070239638273133 1.0070239638273133 -0.005457510474187188
59770.67420114389 4.246 0.018999999999999684 1.0125362028380058 0.007190337191465722 1.0 1.0070239162043362 1.0070239162043362 0.00551228663366965
59770.674217087304 4.246 0.018999999999999684 1.009356087148842 0.007167194530710677 1.0 1.0070238685814026 1.0070238685814026 0.0023322185674394813
59770.674233030724 4.246 0.018999999999999684 1.0094368177632966 0.007176448480042579 1.0 1.0070238209584472 1.0070238209584472 0.00241299680484941
59770.67424897415 4.246 0.018999999999999684 0.996413014691517 0.007155620022695265 1.0 1.00702377333547 1.00702377333547 -0.010610758643953111
59770.67426491757 4.246 0.018999999999999684 1.006429028004293 0.007163770794631462 1.0 1.0070237257125148 1.0070237257125148 -0.0005946977082218474
59770.67428086099 4.246 0.018999999999999684 1.0032964203176518 0.007185780884046907 1.0 1.0070236780895594 1.0070236780895594 -0.0037272577719076327
59770.674296804405 4.246 0.018999999999999684 0.9956536730651416 0.007124857223984761 1.0 1.0070236304666258 1.0070236304666258 -0.011369957401484165
59770.67431274783 4.246 0.018999999999999684 1.008951843060536 0.007183091240815562 1.0 1.0070235828436487 1.0070235828436487 0.0019282602168873009
59770.67432869125 4.246 0.018999999999999684 0.9999526761256902 0.007159984979772497 1.0 1.0070235352206933 1.0070235352206933 -0.007070859095003157
59770.67434463467 4.246 0.018999999999999684 0.9944407836422454 0.0071516915779153015 1.0 1.007023487597738 1.007023487597738 -0.012582703955492547
59770.674360578094 4.246 0.018999999999999684 1.006123501284511 0.007174693613204972 1.0 1.0070234399747826 1.0070234399747826 -0.0008999386902717177
59770.674376521514 4.246 0.018999999999999684 1.0174503781562905 0.007206227933194779 1.0 1.0070233923518275 1.0070233923518275 0.010426985804462996
59770.674392464934 4.246 0.018999999999999684 1.0079060202794927 0.007178854491851226 1.0 1.0070233447288721 1.0070233447288721 0.0008826755506206041
59770.674408408355 4.246 0.018999999999999684 1.0096957311597115 0.007181393360904139 1.0 1.0070232971059168 1.0070232971059168 0.0026724340537946922
59770.674424351775 4.246 0.018999999999999684 1.0046114080737596 0.00718013966762003 1.0 1.0070232494829614 1.0070232494829614 -0.0024118414092018092
59770.6744402952 4.246 0.018999999999999684 1.0009130399838513 0.007145876107374939 1.0 1.0070232018599843 1.0070232018599843 -0.006110161876133002
59770.67445623862 4.246 0.018999999999999684 1.0004248290633646 0.0071447312877693766 1.0 1.007023154237029 1.007023154237029 -0.006598325173664321
59770.674472182036 4.246 0.018999999999999684 0.9904540086101936 0.007135259746363239 1.0 1.0070231066140953 1.0070231066140953 -0.016569098003901717
59770.67448812546 4.246 0.018999999999999684 1.0039320333191064 0.007160168986369489 1.0 1.0070230589911182 1.0070230589911182 -0.0030910256720118046
59770.67450406888 4.246 0.018999999999999684 0.9931889715254324 0.0071278602701140325 1.0 1.0070230113681846 1.0070230113681846 -0.013834039842752222
59770.674520012304 4.246 0.018999999999999684 0.9972354688983984 0.0071596376723124 1.0 1.0070229637452075 1.0070229637452075 -0.009787494846809075
59770.674535955724 4.246 0.018999999999999684 1.0007124153592568 0.0071463776019108785 1.0 1.0070229161222521 1.0070229161222521 -0.00631050076299533
59770.674551899145 4.246 0.018999999999999684 1.0116619830675808 0.007192356761579556 1.0 1.0070228684992968 1.0070228684992968 0.004639114568284031
59770.674567842565 4.246 0.018999999999999684 1.0150631361641238 0.007177813437386116 1.0 1.0070228208763414 1.0070228208763414 0.008040315287782374
59770.67458378598 4.246 0.018999999999999684 1.0183156750661713 0.007195753695348744 1.0 1.0070227732534078 1.0070227732534078 0.011292901812763434
59770.674599729406 4.246 0.018999999999999684 0.9999722423675651 0.007168997117893573 1.0 1.007022725630431 1.007022725630431 -0.0070504832628658365
59770.674615672826 4.246 0.018999999999999684 1.0101305723900957 0.007184908245016299 1.0 1.0070226780074756 1.0070226780074756 0.0031078943826201577
59770.674631616246 4.246 0.018999999999999684 1.015740285675293 0.00719474604666978 1.0 1.0070226303845202 1.0070226303845202 0.008717655290772841
59770.67464755967 4.246 0.018999999999999684 1.0047249537414076 0.0071543651690715694 1.0 1.0070225827615649 1.0070225827615649 -0.002297629020157288
59770.674663503094 4.246 0.018999999999999684 1.0064800759156782 0.007172964488445182 1.0 1.0070225351385877 1.0070225351385877 -0.0005424592229095193
59770.67467944651 4.246 0.018999999999999684 1.0103389200551243 0.007181819015716083 1.0 1.0070224875156542 1.0070224875156542 0.0033164325394701155
59770.67469538993 4.246 0.018999999999999684 1.0183921843327202 0.007202190345022339 1.0 1.0070224398926988 1.0070224398926988 0.011369744440021368
59770.67471133335 4.246 0.018999999999999684 1.0118334148954662 0.007183333865293834 1.0 1.0070223922697434 1.0070223922697434 0.0048110226257227495
59770.674727276775 4.246 0.018999999999999684 1.01000374891893 0.007173383352014957 1.0 1.0070223446467663 1.0070223446467663 0.002981404272163646
59770.674743220196 4.246 0.018999999999999684 1.0064562294960315 0.007156247730920849 1.0 1.007022297023811 1.007022297023811 -0.0005660675277794347
59770.67475916361 4.246 0.018999999999999684 1.0023626023356338 0.007166723944852857 1.0 1.0070222494008774 1.0070222494008774 -0.004659647065243577
59770.674775107036 4.246 0.018999999999999684 1.0104224675758453 0.007179689413560421 1.0 1.0070222017779002 1.0070222017779002 0.003400265797945057
59770.67479105045 4.246 0.018999999999999684 1.0188656911470382 0.007186228962384229 1.0 1.0070221541549667 1.0070221541549667 0.011843536992071524
59770.67480699388 4.246 0.018999999999999684 1.0252946540477583 0.00721489231832349 1.0 1.0070221065319898 1.0070221065319898 0.018272547515768567
59770.6748229373 4.246 0.018999999999999684 1.0180414918341227 0.007199581470988434 1.0 1.0070220589090344 1.0070220589090344 0.011019432925088335
59770.67483888072 4.246 0.018999999999999684 1.016065271666882 0.007205527184740019 1.0 1.007022011286079 1.007022011286079 0.009043260380803053
59770.67485482414 4.246 0.018999999999999684 1.0109376948917255 0.007162727936324701 1.0 1.0070219636631237 1.0070219636631237 0.003915731228601782
59770.67487076756 4.246 0.018999999999999684 1.012636602663231 0.007185193231452036 1.0 1.0070219160401683 1.0070219160401683 0.005614686623062637
59770.67488671098 4.246 0.018999999999999684 1.0104851479259582 0.007175611469782073 1.0 1.007021868417213 1.007021868417213 0.003463279508745254
59770.6749026544 4.246 0.018999999999999684 1.0073746082850756 0.0071688885591466266 1.0 1.0070218207942576 1.0070218207942576 0.0003527874908180184
59770.67491859782 4.246 0.018999999999999684 1.0105104971949375 0.007176904079153995 1.0 1.0070217731713023 1.0070217731713023 0.0034887240236352035
59770.67493454124 4.246 0.018999999999999684 1.0274006320534945 0.007218754102569022 1.0 1.007021725548347 1.007021725548347 0.02037890650514762
59770.67495048467 4.246 0.018999999999999684 1.0090827243743865 0.00716342928820997 1.0 1.0070216779253698 1.0070216779253698 0.0020610464490167235
59770.67496642808 4.246 0.018999999999999684 0.9967072066286178 0.007153784525773168 1.0 1.0070216303024362 1.0070216303024362 -0.010314423673818407
59770.67498237151 4.246 0.018999999999999684 0.9957297240258521 0.007146195339229394 1.0 1.007021582679459 1.007021582679459 -0.011291858653606934
59770.67499831492 4.246 0.018999999999999684 1.000793234879727 0.007160366950163435 1.0 1.0070215350565255 1.0070215350565255 -0.006228300176798429
59770.67501425835 4.246 0.018999999999999684 1.0010227917587413 0.007158555432589571 1.0 1.0070214874335484 1.0070214874335484 -0.005998695674807042
59770.67503020177 4.246 0.018999999999999684 1.0121815187251124 0.007191882506427103 1.0 1.0070214398105932 1.0070214398105932 0.005160078914519195
59770.67504614518 4.246 0.018999999999999684 1.0003837023537705 0.007154346712112615 1.0 1.0070213921876594 1.0070213921876594 -0.0066376898338889045
