eureka_custom_plots/data/stage5_lcfit_results/S5_wasp39b_ap4_bg8_Table_Save_ch55.txt
# %ECSV 1.0
# ---
# datatype:
# - {name: time, datatype: float64}
# - {name: wavelength, datatype: float64}
# - {name: bin_width, datatype: float64}
# - {name: lcdata, datatype: float64}
# - {name: lcerr, datatype: float64}
# - {name: transit, datatype: float64}
# - {name: polynom, datatype: float64}
# - {name: model, datatype: float64}
# - {name: residuals, datatype: float64}
# schema: astropy-2.0
time wavelength bin_width lcdata lcerr transit polynom model residuals
[from data line 15933]
59770.89804675871 5.1274999999999995 0.019500000000000295 1.007740238265115 0.013254122177517423 1.0 1.0060011896510432 1.0060011896510432 0.0017390486140718142
59770.89806270213 5.1274999999999995 0.019500000000000295 1.0005617493876293 0.013195120257704751 1.0 1.0060011309301968 1.0060011309301968 -0.005439381542567512
59770.89807864555 5.1274999999999995 0.019500000000000295 1.0231571862360012 0.013278421250488342 1.0 1.0060010722093504 1.0060010722093504 0.017156114026650737
59770.89809458897 5.1274999999999995 0.019500000000000295 1.0050976530080487 0.013235480741431521 1.0 1.0060010134885042 1.0060010134885042 -0.0009033604804555839
59770.89811053239 5.1274999999999995 0.019500000000000295 0.9733189056451912 0.013093612563411107 1.0 1.0060009547676578 1.0060009547676578 -0.03268204912246664
59770.89812647581 5.1274999999999995 0.019500000000000295 0.99080493254658 0.013202114319378946 1.0 1.0060008960468116 1.0060008960468116 -0.015195963500231668
59770.898142419224 5.1274999999999995 0.019500000000000295 1.0222579304881674 0.013278868401647829 1.0 1.006000837325992 1.006000837325992 0.016257093162175273
59770.898158362645 5.1274999999999995 0.019500000000000295 1.002431404605522 0.013245355777432351 1.0 1.0060007786051457 1.0060007786051457 -0.0035693739996236484
59770.898174306065 5.1274999999999995 0.019500000000000295 1.0266526293233975 0.013307449576729 1.0 1.0060007198842995 1.0060007198842995 0.020651909439098004
59770.898190249485 5.1274999999999995 0.019500000000000295 0.9844626099404555 0.013191317591347772 1.0 1.006000661163453 1.006000661163453 -0.021538051222997567
59770.898206192905 5.1274999999999995 0.019500000000000295 0.9913873732050192 0.013238437088089434 1.0 1.006000602442607 1.006000602442607 -0.014613229237587677
59770.89822213632 5.1274999999999995 0.019500000000000295 0.9985155709893772 0.01319591708728672 1.0 1.0060005437217874 1.0060005437217874 -0.007484972732410222
59770.898238079746 5.1274999999999995 0.019500000000000295 1.017944816706437 0.013299117845695362 1.0 1.0060004850009143 1.0060004850009143 0.011944331705522782
59770.89825402316 5.1274999999999995 0.019500000000000295 1.0048960552394852 0.013210748779786494 1.0 1.0060004262800948 1.0060004262800948 -0.0011043710406095641
59770.89826996658 5.1274999999999995 0.019500000000000295 1.0196097979565666 0.013316462276068402 1.0 1.0060003675592484 1.0060003675592484 0.013609430397318212
59770.89828591 5.1274999999999995 0.019500000000000295 0.9971242652457863 0.013173235994236724 1.0 1.0060003088384022 1.0060003088384022 -0.008876043592615845
59770.89830185342 5.1274999999999995 0.019500000000000295 1.024582670781984 0.013269309060682096 1.0 1.0060002501175558 1.0060002501175558 0.01858242066442828
59770.89831779683 5.1274999999999995 0.019500000000000295 1.0182928838294483 0.013285999662744527 1.0 1.0060001913967362 1.0060001913967362 0.012292692432712027
59770.89833374025 5.1274999999999995 0.019500000000000295 1.0090729508059837 0.013268181629073651 1.0 1.00600013267589 1.00600013267589 0.0030728181300936352
59770.89834968367 5.1274999999999995 0.019500000000000295 0.9947494259231894 0.014587122544150953 1.0 1.0060000739550436 1.0060000739550436 -0.011250648031854271
59770.89836562709 5.1274999999999995 0.019500000000000295 0.9910598125065514 0.013167044683430235 1.0 1.006000015234224 1.006000015234224 -0.014940202727672713
59770.898381570514 5.1274999999999995 0.019500000000000295 1.010332010481155 0.013230613574328769 1.0 1.005999956513351 1.005999956513351 0.004332053967804006
59770.89839751393 5.1274999999999995 0.019500000000000295 1.0296927332258279 0.013305115532852678 1.0 1.0059998977925315 1.0059998977925315 0.023692835433296366
59770.898413457355 5.1274999999999995 0.019500000000000295 1.0157447417994345 0.013248302335087121 1.0 1.0059998390716585 1.0059998390716585 0.009744902727776061
59770.89842940077 5.1274999999999995 0.019500000000000295 1.013324186852621 0.013250588895833122 1.0 1.005999780350839 1.005999780350839 0.007324406501782121
59770.89844534418 5.1274999999999995 0.019500000000000295 1.00456852067921 0.013241389238993102 1.0 1.0059997216300194 1.0059997216300194 -0.001431200950809286
59770.89846128761 5.1274999999999995 0.019500000000000295 0.9897259170463111 0.013163196381930269 1.0 1.0059996629091463 1.0059996629091463 -0.016273745862835254
59770.89847723103 5.1274999999999995 0.019500000000000295 0.9962763700029666 0.014595972294544233 1.0 1.0059996041883001 1.0059996041883001 -0.009723234185333496
59770.89849317444 5.1274999999999995 0.019500000000000295 1.0207075563771137 0.013279948248337406 1.0 1.0059995454674806 1.0059995454674806 0.01470801090963314
59770.89850911786 5.1274999999999995 0.019500000000000295 1.0108216562402166 0.013225439624732228 1.0 1.0059994867466342 1.0059994867466342 0.0048221694935823844
59770.89852506128 5.1274999999999995 0.019500000000000295 0.9991661903744901 0.013233517184805785 1.0 1.005999428025788 1.005999428025788 -0.006833237651297952
59770.8985410047 5.1274999999999995 0.019500000000000295 1.0141649185244397 0.013244900204217829 1.0 1.0059993693049416 1.0059993693049416 0.00816554921949808
59770.89855694812 5.1274999999999995 0.019500000000000295 1.0011361721122412 0.013269436790951127 1.0 1.0059993105840954 1.0059993105840954 -0.004863138471854267
59770.898572891536 5.1274999999999995 0.019500000000000295 1.0233098650996049 0.013347056982053915 1.0 1.0059992518632759 1.0059992518632759 0.017310613236328987
59770.89858883496 5.1274999999999995 0.019500000000000295 1.0168544964453905 0.0133189709750864 1.0 1.0059991931424028 1.0059991931424028 0.010855303302987673
59770.89860477838 5.1274999999999995 0.019500000000000295 1.0058687904244243 0.013200099323339315 1.0 1.0059991344215833 1.0059991344215833 -0.00013034399715894374
59770.89862072179 5.1274999999999995 0.019500000000000295 0.9989025361729935 0.013209078582988785 1.0 1.0059990757007637 1.0059990757007637 -0.007096539527770229
59770.89863666522 5.1274999999999995 0.019500000000000295 1.0031835098877346 0.013225203525115567 1.0 1.0059990169798907 1.0059990169798907 -0.0028155070921560554
59770.89865260863 5.1274999999999995 0.019500000000000295 0.9928256460458191 0.01323383805101161 1.0 1.0059989582590712 1.0059989582590712 -0.01317331221325202
59770.89866855206 5.1274999999999995 0.019500000000000295 1.0070521021006544 0.013233794685930073 1.0 1.005998899538198 1.005998899538198 0.0010532025624563346
59770.89868449547 5.1274999999999995 0.019500000000000295 0.9871602930387408 0.013156030396667523 1.0 1.0059988408173786 1.0059988408173786 -0.018838547778637804
59770.89870043889 5.1274999999999995 0.019500000000000295 1.0008462668932037 0.013219513225394846 1.0 1.0059987820965322 1.0059987820965322 -0.005152515203328489
59770.89871638231 5.1274999999999995 0.019500000000000295 1.030819248451168 0.013270565581527333 1.0 1.005998723375686 1.005998723375686 0.024820525075482047
59770.89873232573 5.1274999999999995 0.019500000000000295 1.0163118218273526 0.013264130272419527 1.0 1.0059986646548396 1.0059986646548396 0.010313157172513021
59770.898748269145 5.1274999999999995 0.019500000000000295 1.0013871888656158 0.013178161654633846 1.0 1.00599860593402 1.00599860593402 -0.004611417068404178
59770.89876421257 5.1274999999999995 0.019500000000000295 1.0240579543549029 0.0133377337215227 1.0 1.005998547213147 1.005998547213147 0.018059407141755912
59770.898780155985 5.1274999999999995 0.019500000000000295 1.012691174038364 0.013259438438513863 1.0 1.0059984884923274 1.0059984884923274 0.006692685546036525
59770.8987960994 5.1274999999999995 0.019500000000000295 0.9992741837473214 0.013205891652731104 1.0 1.0059984297715079 1.0059984297715079 -0.006724246024186531
59770.898812042826 5.1274999999999995 0.019500000000000295 0.9885702584630687 0.013153461983713928 1.0 1.0059983710506348 1.0059983710506348 -0.017428112587566158
59770.89882798624 5.1274999999999995 0.019500000000000295 1.009456357391829 0.013223305230311665 1.0 1.0059983123298153 1.0059983123298153 0.003458045062013637
59770.898843929666 5.1274999999999995 0.019500000000000295 0.9841179379196872 0.013188897219922046 1.0 1.0059982536089422 1.0059982536089422 -0.02188031568925508
59770.89885987308 5.1274999999999995 0.019500000000000295 1.016956968625182 0.013216059998532054 1.0 1.0059981948881227 1.0059981948881227 0.010958773737059335
59770.8988758165 5.1274999999999995 0.019500000000000295 1.0020633841323339 0.013240860317482717 1.0 1.0059981361672765 1.0059981361672765 -0.003934752034942646
59770.89889175992 5.1274999999999995 0.019500000000000295 1.0252074807057003 0.013331878788501608 1.0 1.00599807744643 1.00599807744643 0.01920940325927023
59770.89890770333 5.1274999999999995 0.019500000000000295 1.0025409561331449 0.013278864766347768 1.0 1.0059980187256106 1.0059980187256106 -0.0034570625924656984
59770.89892364675 5.1274999999999995 0.019500000000000295 1.0228557847329012 0.013273234407143054 1.0 1.0059979600047644 1.0059979600047644 0.016857824728136794
59770.89893959018 5.1274999999999995 0.019500000000000295 1.001465612245893 0.013251393412444796 1.0 1.005997901283891 1.005997901283891 -0.004532289037998183
59770.898955533594 5.1274999999999995 0.019500000000000295 0.9961556405624833 0.013215368272556281 1.0 1.0059978425630716 1.0059978425630716 -0.009842202000588274
59770.898971477014 5.1274999999999995 0.019500000000000295 1.0072743936820874 0.013208588298235135 1.0 1.0059977838422254 1.0059977838422254 0.0012766098398619974
59770.898987420434 5.1274999999999995 0.019500000000000295 1.0013285679872792 0.013203431493401047 1.0 1.005997725121379 1.005997725121379 -0.004669157134099766
59770.89900336385 5.1274999999999995 0.019500000000000295 1.0175740435238068 0.013265881709886969 1.0 1.0059976664005597 1.0059976664005597 0.011576377123247106
59770.899019307275 5.1274999999999995 0.019500000000000295 1.0267789311508144 0.01330067273413377 1.0 1.0059976076796864 1.0059976076796864 0.020781323471128044
59770.89903525069 5.1274999999999995 0.019500000000000295 1.0257724987362913 0.013317822556047533 1.0 1.0059975489588668 1.0059975489588668 0.019774949777424444
59770.89905119411 5.1274999999999995 0.019500000000000295 1.0156138736524107 0.013249381599453759 1.0 1.0059974902380207 1.0059974902380207 0.009616383414390084
59770.89906713753 5.1274999999999995 0.019500000000000295 1.0191418364444882 0.013278749914955956 1.0 1.0059974315171742 1.0059974315171742 0.013144404927313946
59770.89908308094 5.1274999999999995 0.019500000000000295 1.0171210233913568 0.013272603081309562 1.0 1.005997372796355 1.005997372796355 0.011123650595001866
59770.89909902436 5.1274999999999995 0.019500000000000295 0.9947061391305425 0.013151597450521212 1.0 1.0059973140755085 1.0059973140755085 -0.01129117494496601
59770.89911496778 5.1274999999999995 0.019500000000000295 0.9899018819420623 0.013133568735392627 1.0 1.0059972553546621 1.0059972553546621 -0.01609537341259981
59770.8991309112 5.1274999999999995 0.019500000000000295 0.9991811364525058 0.013202653149733894 1.0 1.005997196633816 1.005997196633816 -0.006816060181310091
59770.89914685462 5.1274999999999995 0.019500000000000295 1.0158021546704503 0.01324279481105922 1.0 1.0059971379129695 1.0059971379129695 0.0098050167574808
59770.89916279804 5.1274999999999995 0.019500000000000295 1.0206177645120162 0.013288890097353083 1.0 1.0059970791921233 1.0059970791921233 0.014620685319892912
59770.899178741456 5.1274999999999995 0.019500000000000295 0.9902106856121365 0.013213569628237052 1.0 1.0059970204713038 1.0059970204713038 -0.01578633485916725
59770.899194684884 5.1274999999999995 0.019500000000000295 1.0116119509195822 0.01326236629765365 1.0 1.0059969617504307 1.0059969617504307 0.005614989169151485
59770.8992106283 5.1274999999999995 0.019500000000000295 0.9999589098893598 0.01319525348838517 1.0 1.0059969030296112 1.0059969030296112 -0.006037993140251441
59770.89922657172 5.1274999999999995 0.019500000000000295 0.9976237536620056 0.013209626239068089 1.0 1.0059968443087648 1.0059968443087648 -0.008373090646759174
59770.89924251514 5.1274999999999995 0.019500000000000295 1.0079379447373384 0.0132610428040192 1.0 1.0059967855879186 1.0059967855879186 0.0019411591494198355
59770.89925845855 5.1274999999999995 0.019500000000000295 1.0133936914367783 0.013310435861623438 1.0 1.005996726867099 1.005996726867099 0.007396964569679199
59770.89927440198 5.1274999999999995 0.019500000000000295 1.0034577518163568 0.013181340773765746 1.0 1.005996668146226 1.005996668146226 -0.002538916329869245
59770.89929034539 5.1274999999999995 0.019500000000000295 1.0345086672855632 0.013367732025874723 1.0 1.0059966094254065 1.0059966094254065 0.02851205786015676
59770.89930628881 5.1274999999999995 0.019500000000000295 1.0065207417412123 0.01324141401231686 1.0 1.00599655070456 1.00599655070456 0.000524191036652244
59770.89932223223 5.1274999999999995 0.019500000000000295 1.0131105306457664 0.013246034565602098 1.0 1.0059964919837139 1.0059964919837139 0.007114038662052513
59770.89933817565 5.1274999999999995 0.019500000000000295 1.0246164580972972 0.013255811801221476 1.0 1.0059964332628675 1.0059964332628675 0.018620024834429705
59770.899354119065 5.1274999999999995 0.019500000000000295 1.0161781091597741 0.013255812783651167 1.0 1.005996374542048 1.005996374542048 0.010181734617726201
59770.899370062485 5.1274999999999995 0.019500000000000295 0.9875517235139388 0.013214702127002794 1.0 1.0059963158212017 1.0059963158212017 -0.01844459230726292
59770.899386005905 5.1274999999999995 0.019500000000000295 1.0195484126490486 0.013335605008399889 1.0 1.0059962571003553 1.0059962571003553 0.013552155548693268
59770.899401949326 5.1274999999999995 0.019500000000000295 1.00068113755287 0.013219154476099355 1.0 1.0059961983795092 1.0059961983795092 -0.00531506082663924
59770.899417892746 5.1274999999999995 0.019500000000000295 1.0006727711674095 0.013236318739034617 1.0 1.0059961396586627 1.0059961396586627 -0.005323368491253255
59770.89943383616 5.1274999999999995 0.019500000000000295 0.9906239842442337 0.013201850988881787 1.0 1.0059960809378432 1.0059960809378432 -0.015372096693609505
59770.89944977959 5.1274999999999995 0.019500000000000295 1.0212719897493407 0.013286208671226601 1.0 1.0059960222169702 1.0059960222169702 0.015275967532370593
59770.899465723 5.1274999999999995 0.019500000000000295 0.9813611272065049 0.013180453692541597 1.0 1.0059959634961506 1.0059959634961506 -0.02463483628964569
59770.89948166642 5.1274999999999995 0.019500000000000295 0.9862653632102236 0.013185848261510789 1.0 1.0059959047753044 1.0059959047753044 -0.019730541565080806
59770.89949760984 5.1274999999999995 0.019500000000000295 1.0252884324028917 0.01323446306898777 1.0 1.005995846054458 1.005995846054458 0.01929258634843367
59770.89951355326 5.1274999999999995 0.019500000000000295 1.0317059762152307 0.013323858394287357 1.0 1.0059957873336118 1.0059957873336118 0.02571018888161891
59770.89952949667 5.1274999999999995 0.019500000000000295 1.0031405557863666 0.013227222512816252 1.0 1.0059957286127923 1.0059957286127923 -0.002855172826425667
59770.899545440094 5.1274999999999995 0.019500000000000295 1.011026012932068 0.013289049950547915 1.0 1.0059956698919459 1.0059956698919459 0.005030343040122176
59770.899561383514 5.1274999999999995 0.019500000000000295 1.0051019250783324 0.013233568501975029 1.0 1.0059956111710997 1.0059956111710997 -0.0008936860927672985
59770.899577326934 5.1274999999999995 0.019500000000000295 1.031635727665542 0.013309477552044242 1.0 1.0059955524502533 1.0059955524502533 0.025640175215288608
59770.899593270355 5.1274999999999995 0.019500000000000295 0.990517863137033 0.013140057856035644 1.0 1.005995493729407 1.005995493729407 -0.015477630592374059
