eureka_custom_plots/data/stage5_lcfit_results/S5_wasp39b_ap4_bg8_Table_Save_ch32.txt
# %ECSV 1.0
# ---
# datatype:
# - {name: time, datatype: float64}
# - {name: wavelength, datatype: float64}
# - {name: bin_width, datatype: float64}
# - {name: lcdata, datatype: float64}
# - {name: lcerr, datatype: float64}
# - {name: transit, datatype: float64}
# - {name: polynom, datatype: float64}
# - {name: model, datatype: float64}
# - {name: residuals, datatype: float64}
# schema: astropy-2.0
time wavelength bin_width lcdata lcerr transit polynom model residuals
[from data line 13811]
59770.86421482337 4.246 0.018999999999999684 0.9996912097055315 0.007139455173025736 0.9775811462277834 1.0064563458332751 0.9838927481879195 0.015798461517611995
59770.8642307668 4.246 0.018999999999999684 0.9795937529260795 0.0070936811376012925 0.9775816789826717 1.006456298210298 0.9838932378271077 -0.004299484901028161
59770.86424671022 4.246 0.018999999999999684 0.9780238005046533 0.007080095031850413 0.9775822122701527 1.0064562505873427 0.9838937280022977 -0.005869927497644367
59770.86426265364 4.246 0.018999999999999684 0.9826878411240418 0.007096351378206825 0.9775827460910551 1.0064562029643873 0.983894218714302 -0.0012063775902602103
59770.86427859705 4.246 0.018999999999999684 0.9882884719018558 0.007124155438827959 0.9775832804457771 1.0064561553414537 0.983894709963543 0.004393761938312757
59770.86429454047 4.246 0.018999999999999684 0.9694321362839011 0.0070758295727692214 0.9775838153353981 1.0064561077184984 0.983895201751064 -0.014463065467162917
59770.86431048389 4.246 0.018999999999999684 0.9751288313706747 0.007095051052415698 0.9775843507603189 1.0064560600955432 0.9838956940772902 -0.00876686270661542
59770.86432642731 4.246 0.018999999999999684 0.9885712887553945 0.007109096404000253 0.9775848867211429 1.0064560124725879 0.983896186942828 0.004675101812566473
59770.86434237073 4.246 0.018999999999999684 0.9931096804221333 0.007116185855295906 0.9775854232184742 1.0064559648496325 0.9838966803482858 0.00921300007384751
59770.86435831415 4.246 0.018999999999999684 0.981838899073389 0.007094995439115907 0.9775859602529654 1.0064559172266772 0.9838971742943202 -0.0020582752209312716
59770.86437425757 4.246 0.018999999999999684 0.9668257723303594 0.007065324262086099 0.9775864978252078 1.0064558696037218 0.9838976687815264 -0.017071896451167023
59770.864390200986 4.246 0.018999999999999684 0.9858819270922753 0.007093000741940156 0.9775870359356074 1.0064558219807882 0.983898163810334 0.0019837632819412754
59770.86440614441 4.246 0.018999999999999684 0.9937797836760016 0.007125763656675285 0.9775875745852565 1.0064557743578328 0.9838986593818 0.009881124294201626
59770.86442208783 4.246 0.018999999999999684 0.9848737315078955 0.007116323529837514 0.9775881137745638 1.0064557267348775 0.9838991554963566 0.0009745760115388302
59770.86443803125 4.246 0.018999999999999684 0.9801333607960627 0.007086912814276347 0.977588653504142 1.0064556791119221 0.9838996521546208 -0.003766291358558105
59770.86445397467 4.246 0.018999999999999684 0.9858404377260374 0.007102840580170755 0.977589193774605 1.0064556314889668 0.9839001493572099 0.0019402883688274253
59770.86446991809 4.246 0.018999999999999684 0.9873735687743043 0.007120684496355451 0.9775897345866147 1.0064555838660114 0.9839006471047904 0.003472921669513851
59770.8644858615 4.246 0.018999999999999684 0.9824857597055161 0.007100979804649724 0.9775902759405215 1.0064555362430778 0.983901145397736 -0.0014153856922198838
59770.86450180492 4.246 0.018999999999999684 0.9889223324342914 0.007122089399932976 0.9775908178374911 1.0064554886201225 0.9839016442371773 0.005020688197114098
59770.86451774834 4.246 0.018999999999999684 0.9869468111657053 0.007120487304770724 0.9775913602778928 1.006455440997167 0.9839021436235071 0.0030446675421981206
59770.86453369177 4.246 0.018999999999999684 0.9790454461900556 0.00820226141865846 0.9775919032625985 1.00645539337419 0.9839026435575816 -0.004857197367525989
59770.86454963518 4.246 0.018999999999999684 0.9839761370835947 0.007084991245081134 0.977592446791523 1.0064553457512564 0.9839031440393791 7.299304421559683e-05
59770.864565578595 4.246 0.018999999999999684 0.9816819229890212 0.007089909269624246 0.9775929908657766 1.0064552981283228 0.9839036450699739 -0.002221722080952615
59770.86458152202 4.246 0.018999999999999684 0.9857581403153038 0.007087576603954919 0.9775935354865355 1.0064552505053457 0.9839041466505076 0.0018539936647962163
59770.864597465436 4.246 0.018999999999999684 0.97833152149767 0.0070959442884103606 0.9775940806534023 1.006455202882412 0.9839046487806651 -0.005573127282995083
59770.86461340886 4.246 0.018999999999999684 0.9850273293495807 0.007105432166417673 0.9775946263680608 1.006455155259435 0.9839051514620559 0.0011221778875247779
59770.864629352276 4.246 0.018999999999999684 0.9795972460073692 0.007089172266315925 0.9775951726301303 1.0064551076365014 0.983905654694382 -0.004308408687012766
59770.8646452957 4.246 0.018999999999999684 0.9870282394814308 0.007111096295464931 0.9775957194409989 1.006455060013546 0.9839061584789762 0.003122081002454591
59770.86466123912 4.246 0.018999999999999684 0.9851363803020957 0.007118231773018526 0.9775962668010935 1.0064550123905909 0.9839066628162899 0.0012297174858058035
59770.86467718253 4.246 0.018999999999999684 0.9853568705909586 0.007105999054928613 0.9775968147107778 1.006454964767657 0.9839071677067096 0.001449702884248949
59770.86469312596 4.246 0.018999999999999684 0.9922591228734755 0.007126109952108548 0.9775973631714949 1.0064549171446802 0.9839076731516248 0.008351449721850757
59770.86470906937 4.246 0.018999999999999684 0.9700528125642187 0.008180852238614951 0.9775979121828503 1.0064548695217466 0.9839081791507225 -0.01385536658650377
59770.86472501279 4.246 0.018999999999999684 0.9911981049431234 0.007109873982897714 0.9775984617462908 1.0064548218987912 0.9839086857053954 0.007289419237728079
59770.86474095621 4.246 0.018999999999999684 0.9873701393563079 0.007097003477762982 0.9775990118622017 1.0064547742758359 0.9839091928160524 0.0034609465402555273
59770.86475689963 4.246 0.018999999999999684 0.9851580163173168 0.007099054528497505 0.9775995625312233 1.0064547266528805 0.9839097004833378 0.0012483158339789968
59770.86477284305 4.246 0.018999999999999684 0.9793099546947709 0.007081153625660654 0.9776001137540452 1.0064546790299251 0.9839102087079459 -0.004600254013174987
59770.86478878647 4.246 0.018999999999999684 0.9970347961774602 0.007131387396865949 0.977600665531295 1.0064546314069698 0.9839107174905078 0.013124078686952312
59770.864804729885 4.246 0.018999999999999684 0.9940538870611891 0.007122548933880534 0.9776012178634096 1.0064545837840362 0.9839112268314848 0.010142660229704337
59770.86482067331 4.246 0.018999999999999684 0.9844500600337746 0.00710961879127133 0.9776017707517866 1.006454536161059 0.9839117367322193 0.0005383233015552324
59770.864836616725 4.246 0.018999999999999684 0.9878264580415552 0.007093601360510894 0.9776023241960983 1.0064544885381255 0.9839122471924668 0.003914210849088384
59770.864852560146 4.246 0.018999999999999684 0.9903672560831945 0.007104848594634321 0.9776028781977617 1.0064544409151701 0.9839127582135894 0.006454497869605169
59770.864868503566 4.246 0.018999999999999684 0.9807453061639709 0.007097889734247885 0.9776034327571719 1.0064543932922148 0.9839132697960059 -0.0031679636320349758
59770.864884446986 4.246 0.018999999999999684 1.00228285234961 0.0071293396259284976 0.9776039878750287 1.0064543456692594 0.9839137819404206 0.018369070409189336
59770.86490039041 4.246 0.018999999999999684 0.9900744187957182 0.007114396132260579 0.9776045435519701 1.006454298046304 0.9839142946474756 0.0061601241482426294
59770.86491633382 4.246 0.018999999999999684 0.9928258949063519 0.0071193570618978555 0.9776050997884419 1.0064542504233704 0.9839148079176405 0.008911086988711348
59770.86493227725 4.246 0.018999999999999684 0.9983908969356136 0.007137444065188257 0.977605656585857 1.0064542028003933 0.9839153217522738 0.01447557518333975
59770.86494822066 4.246 0.018999999999999684 0.9825868482356394 0.007088993886263513 0.9776062139438915 1.0064541551774597 0.9839158361511342 -0.0013289879154948503
59770.86496416408 4.246 0.018999999999999684 0.9857375851629973 0.007094807004545908 0.9776067718639784 1.0064541075545044 0.9839163511156003 0.0018212340473969801
59770.8649801075 4.246 0.018999999999999684 0.9779966403608333 0.007058228139968189 0.9776073303465208 1.006454059931549 0.9839168666460989 -0.005920226285265562
59770.86499605092 4.246 0.018999999999999684 0.9774232704962033 0.007107781297049945 0.9776078893922301 1.0064540123085939 0.9839173827433461 -0.0064941122471428026
59770.86501199434 4.246 0.018999999999999684 0.9785343473090219 0.007079755467044688 0.9776084490017543 1.0064539646856385 0.9839178994079935 -0.005383552098971567
59770.865027937754 4.246 0.018999999999999684 0.9910442207471126 0.007124699027809832 0.9776090091755482 1.006453917062705 0.9839184166405203 0.007125804106592359
59770.86504388118 4.246 0.018999999999999684 0.9821288237311003 0.00710765401517464 0.977609569915041 1.0064538694397278 0.9839189344423012 -0.0017901107112008319
59770.865059824595 4.246 0.018999999999999684 0.9933411728260827 0.0071113724423742305 0.9776101312199121 1.0064538218167942 0.9839194528130982 0.00942172001298447
59770.865075768015 4.246 0.018999999999999684 0.990830355409457 0.007111600909296558 0.9776106930916106 1.0064537741938389 0.9839199717543062 0.006910383655150731
59770.865091711436 4.246 0.018999999999999684 0.9682590190111222 0.0070668516229764194 0.9776112555305492 1.0064537265708835 0.9839204912663615 -0.015661472255239284
59770.865107654856 4.246 0.018999999999999684 0.9751277227434507 0.007086326049757113 0.9776118185374495 1.0064536789479281 0.9839210113499903 -0.008793288606539607
59770.865123598276 4.246 0.018999999999999684 1.0014212799358184 0.00714908767847562 0.9776123821129705 1.0064536313249728 0.9839215320058561 0.01749974792996234
59770.86513954169 4.246 0.018999999999999684 0.9865942062646278 0.007099631814162192 0.9776129462575764 1.0064535837020392 0.9839220532344468 0.0026721530301809793
59770.86515548511 4.246 0.018999999999999684 0.9894624762474914 0.0071279002209750095 0.9776135109724674 1.0064535360790838 0.983922575036928 0.005539901210563358
59770.86517142853 4.246 0.018999999999999684 0.979821630167154 0.007102900096767761 0.9776140762580622 1.0064534884561285 0.9839230974137423 -0.004101467246588331
59770.86518737195 4.246 0.018999999999999684 0.9774374232409819 0.007104865037993038 0.9776146421150909 1.0064534408331731 0.9839236203656243 -0.006486197124642379
59770.86520331537 4.246 0.018999999999999684 0.9932079445995156 0.007124066869767917 0.9776152085442201 1.0064533932102178 0.983924143893245 0.00928380070627055
59770.86521925879 4.246 0.018999999999999684 0.977807443099049 0.007096166990889428 0.9776157755461833 1.0064533455872624 0.9839246679973424 -0.006117224898293361
59770.8652352022 4.246 0.018999999999999684 0.9993347027608518 0.007146229800332448 0.9776163431213873 1.0064532979643288 0.9839251926783472 0.015409510082504574
59770.86525114563 4.246 0.018999999999999684 0.9881369297888618 0.007118943392575411 0.9776169112713572 1.0064532503413517 0.9839257179377303 0.004211211851131491
59770.865267089044 4.246 0.018999999999999684 0.98416709646934 0.007102983901845287 0.9776174799957307 1.006453202718418 0.9839262437752122 0.00024085269412776888
59770.86528303247 4.246 0.018999999999999684 0.9874070414238507 0.007105504588438075 0.977618049296251 1.006453155095441 0.9839267701924621 0.0034802712313886097
59770.865298975885 4.246 0.018999999999999684 0.9934095321058052 0.0071210364624576285 0.9776186191726063 1.0064531074725074 0.9839272971892514 0.009482234916553756
59770.8653149193 4.246 0.018999999999999684 0.9894494156656487 0.007116173790555952 0.9776191896260005 1.0064530598495738 0.9839278247667489 0.005521590898899809
59770.865330862725 4.246 0.018999999999999684 0.9783538461594383 0.007086263870249015 0.9776197606577076 1.0064530122265967 0.9839283529261943 -0.005574506766755971
59770.86534680614 4.246 0.018999999999999684 0.991400416633727 0.007118353864706551 0.9776203322673516 1.006452964603663 0.9839288816672941 0.007471534966432936
59770.865362749566 4.246 0.018999999999999684 0.9890045808571122 0.007116577873852497 0.9776209044567383 1.0064529169806862 0.983929410991781 0.005075169865331186
59770.86537869298 4.246 0.018999999999999684 0.9812706512445314 0.007103822288306856 0.97762147722551 1.0064528693577526 0.9839299408993792 -0.0026592896548478517
59770.86539463641 4.246 0.018999999999999684 0.9798572622007905 0.0070811168887800115 0.9776220505754284 1.0064528217347755 0.9839304713917773 -0.0040732091909867485
59770.86541057982 4.246 0.018999999999999684 0.9809420620640311 0.007110679406128529 0.9776226245061859 1.0064527741118419 0.9839310024687503 -0.002988940404719198
59770.86542652323 4.246 0.018999999999999684 0.9832964424624068 0.007098839296774255 0.9776231990190017 1.0064527264889083 0.9839315341314829 -0.0006350916690761599
59770.86544246666 4.246 0.018999999999999684 0.9841176513007858 0.007100178821782453 0.9776237741151653 1.0064526788659311 0.9839320663812301 0.00018558491955567025
59770.86545841008 4.246 0.018999999999999684 0.9787092819572585 0.007092221424091777 0.977624349794571 1.0064526312429758 0.9839325992179494 -0.005223317260690918
59770.8654743535 4.246 0.018999999999999684 0.9892732449769547 0.0071120690185591156 0.977624926058245 1.0064525836200204 0.9839331326426521 0.005340112334302538
59770.865490296914 4.246 0.018999999999999684 0.9856064741652134 0.007105946326343993 0.9776255029066324 1.0064525359970868 0.9839336666558076 0.0016728075094057937
59770.865506240334 4.246 0.018999999999999684 0.9804059845000631 0.007081283929488453 0.9776260803409808 1.0064524883741315 0.9839342012586286 -0.0035282167585655166
59770.865522183754 4.246 0.018999999999999684 0.9765933804790774 0.007078901322180275 0.977626658361789 1.0064524407511761 0.9839347364516388 -0.007341355972561359
59770.865538127175 4.246 0.018999999999999684 0.9836111861246288 0.007099718124975013 0.9776272369697574 1.0064523931282208 0.9839352722355426 -0.00032408611091372386
59770.865554070595 4.246 0.018999999999999684 0.9775713842390403 0.007080291981932848 0.9776278161656552 1.0064523455052654 0.9839358086111141 -0.00636442437207374
59770.865570014015 4.246 0.018999999999999684 0.9910736927793984 0.0071095361829967 0.977628395950186 1.00645229788231 0.9839363455790616 0.007137347200336763
59770.86558595743 4.246 0.018999999999999684 0.9890386770586185 0.007104717208604559 0.977628976323854 1.0064522502593765 0.9839368831399136 0.005101793918704911
59770.86560190085 4.246 0.018999999999999684 0.9932392189154912 0.007095119725357422 0.9776295572879201 1.006452202636421 0.9839374212948965 0.009301797620594687
59770.86561784427 4.246 0.018999999999999684 0.9734761019051783 0.007063643214526466 0.9776301388428416 1.0064521550134657 0.9839379600444916 -0.01046185813931333
59770.86563378769 4.246 0.018999999999999684 0.9780814978870569 0.007075104210838447 0.9776307209893963 1.0064521073905104 0.983938499389482 -0.005857001502425074
59770.86564973111 4.246 0.018999999999999684 0.991667506680931 0.007116768048391782 0.9776313037282967 1.006452059767555 0.9839390393305844 0.007728467350346602
59770.86566567452 4.246 0.018999999999999684 0.9705797894132725 0.007050691684690201 0.9776318870600541 1.0064520121446214 0.9839395798683347 -0.013359790455062193
59770.86568161795 4.246 0.018999999999999684 0.9924781617639551 0.007119300526325244 0.9776324709861943 1.0064519645216445 0.9839401210042049 0.008538040759750176
59770.86569756136 4.246 0.018999999999999684 0.9839718533776984 0.007110642516089777 0.977633055506422 1.0064519168987107 0.9839406627379821 3.119063971634972e-05
59770.86571350478 4.246 0.018999999999999684 0.9728594595389641 0.007083706748712997 0.9776336406222841 1.0064518692757556 0.9839412050711601 -0.011081745532195986
59770.8657294482 4.246 0.018999999999999684 0.9863196536680415 0.007117881614764927 0.977634226334248 1.0064518216528002 0.98394174800423 0.0023779056638115748
59770.865745391624 4.246 0.018999999999999684 0.9885282755986503 0.007103599199416044 0.9776348126431045 1.0064517740298449 0.9839422915379875 0.0045859840606627955
