eureka_custom_plots/data/stage5_lcfit_results/S5_wasp39b_ap4_bg8_Table_Save_ch25.txt
# %ECSV 1.0
# ---
# datatype:
# - {name: time, datatype: float64}
# - {name: wavelength, datatype: float64}
# - {name: bin_width, datatype: float64}
# - {name: lcdata, datatype: float64}
# - {name: lcerr, datatype: float64}
# - {name: transit, datatype: float64}
# - {name: polynom, datatype: float64}
# - {name: model, datatype: float64}
# - {name: residuals, datatype: float64}
# schema: astropy-2.0
time wavelength bin_width lcdata lcerr transit polynom model residuals
[from data line 1836]
59770.673292368905 3.9775 0.01949999999999985 1.00252585029563 0.006130383474146694 1.0 1.0068627575280835 1.0068627575280835 -0.004336907232453502
59770.673308312325 3.9775 0.01949999999999985 1.0065665955333927 0.006140529157523309 1.0 1.0068626987148432 1.0068626987148432 -0.0002961031814505688
59770.673324255746 3.9775 0.01949999999999985 0.9947370992194242 0.00612354361888635 1.0 1.006862639901603 1.006862639901603 -0.012125540682178748
59770.673340199166 3.9775 0.01949999999999985 1.0122927028733268 0.006158201562224398 1.0 1.0068625810883627 1.0068625810883627 0.005430121784964159
59770.673356142586 3.9775 0.01949999999999985 1.005669532645976 0.006143987763272685 1.0 1.0068625222751224 1.0068625222751224 -0.0011929896291464903
59770.67337208601 3.9775 0.01949999999999985 1.0053674147429346 0.0061512330335863645 1.0 1.0068624634618821 1.0068624634618821 -0.001495048718947567
59770.67338802943 3.9775 0.01949999999999985 1.0142432224486049 0.006174051747244089 1.0 1.0068624046486419 1.0068624046486419 0.007380817799963024
59770.67340397285 3.9775 0.01949999999999985 1.0134320482289616 0.006165813366469021 1.0 1.0068623458354018 1.0068623458354018 0.0065697023935598065
59770.673419916275 3.9775 0.01949999999999985 1.0097842392040473 0.006151938184318081 1.0 1.0068622870221346 1.0068622870221346 0.0029219521819126015
59770.67343585969 3.9775 0.01949999999999985 1.0087030541621256 0.006154793244372046 1.0 1.0068622282089212 1.0068622282089212 0.0018408259532043392
59770.673451803115 3.9775 0.01949999999999985 1.009744228894198 0.006159287645839131 1.0 1.006862169395654 1.006862169395654 0.0028820594985439207
59770.67346774653 3.9775 0.01949999999999985 1.0059317496634672 0.00616158737820173 1.0 1.0068621105824407 1.0068621105824407 -0.0009303609189734718
59770.67348368995 3.9775 0.01949999999999985 1.0028689774744677 0.006147846127516639 1.0 1.0068620517692004 1.0068620517692004 -0.003993074294732724
59770.673499633376 3.9775 0.01949999999999985 1.0123434587528795 0.006152099106903242 1.0 1.0068619929559333 1.0068619929559333 0.005481465796946194
59770.6735155768 3.9775 0.01949999999999985 1.0080454358548852 0.006155095893171429 1.0 1.006861934142693 1.006861934142693 0.0011835017121921698
59770.67353152022 3.9775 0.01949999999999985 1.0157716778371655 0.00617257087292496 1.0 1.006861875329453 1.006861875329453 0.008909802507712561
59770.67354746363 3.9775 0.01949999999999985 1.0250030329571853 0.006191507477367115 1.0 1.0068618165162395 1.0068618165162395 0.018141216440945795
59770.67356340706 3.9775 0.01949999999999985 1.0005347324863207 0.0061389438691788695 1.0 1.0068617577029724 1.0068617577029724 -0.006327025216651627
59770.67357935048 3.9775 0.01949999999999985 1.0079731244829715 0.006151801400078518 1.0 1.006861698889732 1.006861698889732 0.0011114255932394013
59770.6735952939 3.9775 0.01949999999999985 1.01820358033162 0.006161080499904745 1.0 1.0068616400764918 1.0068616400764918 0.011341940255128247
59770.67361123732 3.9775 0.01949999999999985 1.009767508578017 0.006154894028602548 1.0 1.0068615812632515 1.0068615812632515 0.0029059273147653553
59770.673627180746 3.9775 0.01949999999999985 0.9957365667753092 0.006123778406502023 1.0 1.0068615224499844 1.0068615224499844 -0.011124955674675197
59770.67364312416 3.9775 0.01949999999999985 1.0040365641711841 0.006150193606229332 1.0 1.006861463636771 1.006861463636771 -0.0028248994655868387
59770.67365906758 3.9775 0.01949999999999985 1.0025213326238847 0.006150389441244524 1.0 1.006861404823531 1.006861404823531 -0.004340072199646272
59770.673675011 3.9775 0.01949999999999985 1.0098648734801803 0.006169321302995428 1.0 1.0068613460102906 1.0068613460102906 0.003003527469889633
59770.67369095442 3.9775 0.01949999999999985 1.0153803168631295 0.0061739838500940915 1.0 1.0068612871970504 1.0068612871970504 0.008519029666079092
59770.67370689785 3.9775 0.01949999999999985 1.004521599278514 0.006149561449589595 1.0 1.0068612283837832 1.0068612283837832 -0.002339629105269303
59770.67372284126 3.9775 0.01949999999999985 1.0031520793047515 0.006140967627020095 1.0 1.0068611695705698 1.0068611695705698 -0.003709090265818338
59770.67373878469 3.9775 0.01949999999999985 1.0039308712075727 0.006154481243369237 1.0 1.0068611107573027 1.0068611107573027 -0.0029302395497299294
59770.6737547281 3.9775 0.01949999999999985 1.012179284146295 0.00615075639869204 1.0 1.0068610519440893 1.0068610519440893 0.0053182322022058415
59770.67377067153 3.9775 0.01949999999999985 1.0100506793779274 0.006150100515042279 1.0 1.0068609931308223 1.0068609931308223 0.003189686247105028
59770.67378661495 3.9775 0.01949999999999985 1.0134978330673547 0.006163232417465887 1.0 1.006860934317582 1.006860934317582 0.0066368987497726906
59770.67380255837 3.9775 0.01949999999999985 1.0121256284536608 0.006165602392345173 1.0 1.0068608755043418 1.0068608755043418 0.0052647529493190515
59770.67381850179 3.9775 0.01949999999999985 1.0111658885949384 0.006168307695105391 1.0 1.0068608166911015 1.0068608166911015 0.004305071903836888
59770.67383444521 3.9775 0.01949999999999985 1.0104463692678927 0.006167708643988616 1.0 1.0068607578778612 1.0068607578778612 0.00358561139003144
59770.67385038863 3.9775 0.01949999999999985 1.0089380993508394 0.006157319124416768 1.0 1.006860699064621 1.006860699064621 0.0020774002862185004
59770.67386633205 3.9775 0.01949999999999985 1.0036110099395397 0.006146720874737042 1.0 1.0068606402513807 1.0068606402513807 -0.003249630311841001
59770.67388227547 3.9775 0.01949999999999985 1.011031590373269 0.006161334814874158 1.0 1.0068605814381404 1.0068605814381404 0.004171008935128562
59770.67389821889 3.9775 0.01949999999999985 1.0096561417520644 0.006155098021478932 1.0 1.0068605226249003 1.0068605226249003 0.002795619127164084
59770.67391416232 3.9775 0.01949999999999985 1.0135088753398047 0.00616974327822234 1.0 1.0068604638116332 1.0068604638116332 0.006648411528171527
59770.67393010573 3.9775 0.01949999999999985 1.0031613671060702 0.006146726403497718 1.0 1.0068604049984198 1.0068604049984198 -0.0036990378923495992
59770.67394604915 3.9775 0.01949999999999985 0.9994598119483801 0.006132457061951894 1.0 1.0068603461851795 1.0068603461851795 -0.007400534236799428
59770.67396199257 3.9775 0.01949999999999985 1.010143857804808 0.006149161474757282 1.0 1.0068602873719392 1.0068602873719392 0.0032835704328688653
59770.673977936 3.9775 0.01949999999999985 0.9996837350330341 0.006146161152408134 1.0 1.006860228558672 1.006860228558672 -0.007176493525637984
59770.67399387942 3.9775 0.01949999999999985 1.0014522272368094 0.006142445274494008 1.0 1.0068601697454318 1.0068601697454318 -0.005407942508622421
59770.67400982283 3.9775 0.01949999999999985 1.0074901436554962 0.006153984520408341 1.0 1.0068601109322184 1.0068601109322184 0.0006300327232777736
59770.67402576626 3.9775 0.01949999999999985 1.0055376980294648 0.006144421694076481 1.0 1.0068600521189515 1.0068600521189515 -0.0013223540894866659
59770.67404170968 3.9775 0.01949999999999985 1.0082398852614811 0.0061621411121272375 1.0 1.0068599933057112 1.0068599933057112 0.0013798919557699296
59770.6740576531 3.9775 0.01949999999999985 0.9955486267452918 0.00613696941858073 1.0 1.006859934492471 1.006859934492471 -0.011311307747179145
59770.67407359652 3.9775 0.01949999999999985 1.011698955268602 0.006155745707107429 1.0 1.0068598756792306 1.0068598756792306 0.004839079589371353
59770.67408953994 3.9775 0.01949999999999985 0.9971359490140707 0.006143821106982534 1.0 1.0068598168659904 1.0068598168659904 -0.009723867851919699
59770.67410548336 3.9775 0.01949999999999985 1.0070820909266076 0.006142191638407589 1.0 1.00685975805275 1.00685975805275 0.00022233287385753364
59770.67412142678 3.9775 0.01949999999999985 0.9988478012576552 0.006138722426588705 1.0 1.0068596992395098 1.0068596992395098 -0.008011897981854643
59770.6741373702 3.9775 0.01949999999999985 0.997141743935753 0.006129917702408281 1.0 1.0068596404262695 1.0068596404262695 -0.009717896490516464
59770.67415331362 3.9775 0.01949999999999985 1.00814861148853 0.006146782940489883 1.0 1.0068595816130295 1.0068595816130295 0.0012890298755006135
59770.67416925704 3.9775 0.01949999999999985 1.0074569900663959 0.006174077183705891 1.0 1.0068595227997892 1.0068595227997892 0.0005974672666066994
59770.67418520046 3.9775 0.01949999999999985 1.0008455761042485 0.006141568617524106 1.0 1.006859463986549 1.006859463986549 -0.006013887882300395
59770.67420114389 3.9775 0.01949999999999985 1.0034905752947507 0.0061399854841828316 1.0 1.0068594051732818 1.0068594051732818 -0.0033688298785310433
59770.674217087304 3.9775 0.01949999999999985 1.0080271588219774 0.006161409701266922 1.0 1.0068593463600684 1.0068593463600684 0.0011678124619090013
59770.674233030724 3.9775 0.01949999999999985 1.0040618686159586 0.0061502755017088144 1.0 1.006859287546828 1.006859287546828 -0.0027974189308694886
59770.67424897415 3.9775 0.01949999999999985 1.0029163195604283 0.006143781553239771 1.0 1.006859228733561 1.006859228733561 -0.003942909173132669
59770.67426491757 3.9775 0.01949999999999985 1.0002469423749676 0.006137652131697962 1.0 1.0068591699203209 1.0068591699203209 -0.006612227545353289
59770.67428086099 3.9775 0.01949999999999985 1.0144252387165176 0.006167815954115126 1.0 1.0068591111070806 1.0068591111070806 0.007566127609436979
59770.674296804405 3.9775 0.01949999999999985 1.0127709564355767 0.006162014653064131 1.0 1.0068590522938672 1.0068590522938672 0.005911904141709501
59770.67431274783 3.9775 0.01949999999999985 1.001731854830189 0.006143810103119001 1.0 1.0068589934806 1.0068589934806 -0.005127138650411034
59770.67432869125 3.9775 0.01949999999999985 1.0127057593203521 0.006176923651163742 1.0 1.0068589346673598 1.0068589346673598 0.005846824652992355
59770.67434463467 3.9775 0.01949999999999985 1.001459164604749 0.007071089375976554 1.0 1.0068588758541195 1.0068588758541195 -0.0053997112493704424
59770.674360578094 3.9775 0.01949999999999985 1.0067794572069693 0.006138752829018935 1.0 1.0068588170408792 1.0068588170408792 -7.935983390994217e-05
59770.674376521514 3.9775 0.01949999999999985 1.0125961399695413 0.00616753632360343 1.0 1.006858758227639 1.006858758227639 0.005737381741902414
59770.674392464934 3.9775 0.01949999999999985 1.0204576907765714 0.006186370734617758 1.0 1.0068586994143987 1.0068586994143987 0.013598991362172796
59770.674408408355 3.9775 0.01949999999999985 1.0131372794806137 0.006161229132453632 1.0 1.0068586406011586 1.0068586406011586 0.006278638879455123
59770.674424351775 3.9775 0.01949999999999985 1.009948462985531 0.006158703589163182 1.0 1.0068585817879183 1.0068585817879183 0.003089881197612776
59770.6744402952 3.9775 0.01949999999999985 1.0102651054640148 0.006161228523278566 1.0 1.0068585229746512 1.0068585229746512 0.003406582489363652
59770.67445623862 3.9775 0.01949999999999985 1.005047800671405 0.006142542669004095 1.0 1.006858464161411 1.006858464161411 -0.0018106634900059149
59770.674472182036 3.9775 0.01949999999999985 0.9982626444399584 0.006125533510142056 1.0 1.0068584053481975 1.0068584053481975 -0.008595760908239103
59770.67448812546 3.9775 0.01949999999999985 1.011635475986076 0.006164500072634287 1.0 1.0068583465349303 1.0068583465349303 0.004777129451145612
59770.67450406888 3.9775 0.01949999999999985 1.0112699620611838 0.0061633551458064 1.0 1.006858287721717 1.006858287721717 0.004411674339466876
59770.674520012304 3.9775 0.01949999999999985 1.0077697320513475 0.006148481927984455 1.0 1.00685822890845 1.00685822890845 0.0009115031428974518
59770.674535955724 3.9775 0.01949999999999985 1.0039234789866174 0.00614064383096969 1.0 1.0068581700952097 1.0068581700952097 -0.0029346911085923466
59770.674551899145 3.9775 0.01949999999999985 1.0183537849814879 0.006171580628080175 1.0 1.0068581112819694 1.0068581112819694 0.011495673699518427
59770.674567842565 3.9775 0.01949999999999985 0.99279553467786 0.006124478902970094 1.0 1.0068580524687292 1.0068580524687292 -0.0140625177908692
59770.67458378598 3.9775 0.01949999999999985 1.0121048061641724 0.006172325849700011 1.0 1.0068579936555158 1.0068579936555158 0.005246812508656662
59770.674599729406 3.9775 0.01949999999999985 1.0003009402648053 0.006134056611798602 1.0 1.0068579348422486 1.0068579348422486 -0.006556994577443298
59770.674615672826 3.9775 0.01949999999999985 1.0122688640883852 0.006167268873040443 1.0 1.0068578760290083 1.0068578760290083 0.005410988059376898
59770.674631616246 3.9775 0.01949999999999985 0.9996820081712845 0.006138631573001232 1.0 1.006857817215768 1.006857817215768 -0.007175809044483561
59770.67464755967 3.9775 0.01949999999999985 1.0133824015248905 0.006159895709974148 1.0 1.006857758402528 1.006857758402528 0.00652464312236245
59770.674663503094 3.9775 0.01949999999999985 1.016250279313957 0.006175087085698924 1.0 1.0068576995892609 1.0068576995892609 0.009392579724696093
59770.67467944651 3.9775 0.01949999999999985 1.0133899286875803 0.006161434552766919 1.0 1.0068576407760474 1.0068576407760474 0.006532287911532819
59770.67469538993 3.9775 0.01949999999999985 1.0102003985031718 0.00615162553267293 1.0 1.0068575819628072 1.0068575819628072 0.0033428165403646126
59770.67471133335 3.9775 0.01949999999999985 1.0157980184332034 0.006180651381969205 1.0 1.006857523149567 1.006857523149567 0.008940495283636496
59770.674727276775 3.9775 0.01949999999999985 0.9886616920031898 0.006105450512581263 1.0 1.0068574643362997 1.0068574643362997 -0.018195772333109983
59770.674743220196 3.9775 0.01949999999999985 1.0004123953160675 0.006134221365589321 1.0 1.0068574055230595 1.0068574055230595 -0.006445010206991952
59770.67475916361 3.9775 0.01949999999999985 1.0081210033963308 0.0061579469225462565 1.0 1.006857346709846 1.006857346709846 0.0012636566864847598
59770.674775107036 3.9775 0.01949999999999985 1.0038208017327692 0.006152691687217229 1.0 1.0068572878965791 1.0068572878965791 -0.003036486163809915
59770.67479105045 3.9775 0.01949999999999985 1.0052606833420785 0.006140153427306018 1.0 1.0068572290833657 1.0068572290833657 -0.001596545741287203
59770.67480699388 3.9775 0.01949999999999985 0.9955570692904828 0.006120977098154781 1.0 1.0068571702700986 1.0068571702700986 -0.011300100979615757
59770.6748229373 3.9775 0.01949999999999985 1.0073492582320382 0.00614152134676941 1.0 1.0068571114568583 1.0068571114568583 0.0004921467751799469
59770.67483888072 3.9775 0.01949999999999985 1.0141832527343602 0.006167240123046247 1.0 1.006857052643618 1.006857052643618 0.007326200090742141
59770.67485482414 3.9775 0.01949999999999985 1.0058564151216216 0.006152616948340481 1.0 1.0068569938303777 1.0068569938303777 -0.001000578708756139
59770.67487076756 3.9775 0.01949999999999985 1.0049675186197415 0.006147784509473033 1.0 1.0068569350171375 1.0068569350171375 -0.0018894163973959266
59770.67488671098 3.9775 0.01949999999999985 1.0105704271289506 0.006162389729874572 1.0 1.0068568762038972 1.0068568762038972 0.0037135509250534326
59770.6749026544 3.9775 0.01949999999999985 1.025412719250214 0.006195486350478489 1.0 1.0068568173906571 1.0068568173906571 0.01855590185955691
59770.67491859782 3.9775 0.01949999999999985 1.001713515604411 0.00613137369471808 1.0 1.0068567585774169 1.0068567585774169 -0.005143242973005835
59770.67493454124 3.9775 0.01949999999999985 1.0115332947766909 0.00616521301905202 1.0 1.0068566997641766 1.0068566997641766 0.004676595012514273
59770.67495048467 3.9775 0.01949999999999985 1.0125081931651132 0.006159640994675676 1.0 1.0068566409509094 1.0068566409509094 0.00565155221420377
59770.67496642808 3.9775 0.01949999999999985 0.9975299179732899 0.006126859082390919 1.0 1.006856582137696 1.006856582137696 -0.009326664164406084
59770.67498237151 3.9775 0.01949999999999985 0.9988020311807482 0.006123729754243509 1.0 1.0068565233244289 1.0068565233244289 -0.008054492143680703
