eureka_custom_plots/data/stage5_lcfit_results/S5_wasp39b_ap4_bg8_Table_Save_ch40.txt
# %ECSV 1.0
# ---
# datatype:
# - {name: time, datatype: float64}
# - {name: wavelength, datatype: float64}
# - {name: bin_width, datatype: float64}
# - {name: lcdata, datatype: float64}
# - {name: lcerr, datatype: float64}
# - {name: transit, datatype: float64}
# - {name: polynom, datatype: float64}
# - {name: model, datatype: float64}
# - {name: residuals, datatype: float64}
# schema: astropy-2.0
time wavelength bin_width lcdata lcerr transit polynom model residuals
[from data line 6064]
59770.74070115074 4.5525 0.01949999999999985 1.0038649370417514 0.009114924489694804 1.0 1.0068563554808594 1.0068563554808594 -0.0029914184391079957
59770.74071709416 4.5525 0.01949999999999985 0.9970096276165862 0.009088539219385516 1.0 1.006856274183236 1.006856274183236 -0.009846646566649908
59770.74073303758 4.5525 0.01949999999999985 1.0030037329263912 0.009119665250356623 1.0 1.006856192885613 1.006856192885613 -0.003852459959221788
59770.740748981 4.5525 0.01949999999999985 1.0155394757799696 0.0091378008444949 1.0 1.0068561115879897 1.0068561115879897 0.008683364191979903
59770.74076492443 4.5525 0.01949999999999985 1.0262451476788996 0.009159380284381314 1.0 1.0068560302903293 1.0068560302903293 0.0193891173885703
59770.74078086784 4.5525 0.01949999999999985 1.0054777772522046 0.009115293659484075 1.0 1.006855948992743 1.006855948992743 -0.0013781717405385585
59770.74079681126 4.5525 0.01949999999999985 1.0123599676633457 0.009147685266875089 1.0 1.00685586769512 1.00685586769512 0.005504099968225651
59770.74081275468 4.5525 0.01949999999999985 1.0112457109046413 0.009129032472409175 1.0 1.0068557863974967 1.0068557863974967 0.004389924507144594
59770.7408286981 4.5525 0.01949999999999985 1.0027856110879974 0.009113855317878002 1.0 1.0068557050998734 1.0068557050998734 -0.00407009401187608
59770.74084464152 4.5525 0.01949999999999985 0.990250695498401 0.009066739658712703 1.0 1.0068556238022501 1.0068556238022501 -0.016604928303849187
59770.74086058494 4.5525 0.01949999999999985 1.0136135854706652 0.009105152561202232 1.0 1.006855542504627 1.006855542504627 0.0067580429660381025
59770.74087652836 4.5525 0.01949999999999985 1.0135956236418397 0.009132775409318498 1.0 1.0068554612070038 1.0068554612070038 0.0067401624348359945
59770.74089247178 4.5525 0.01949999999999985 1.0130407652603581 0.009151895104052215 1.0 1.0068553799093805 1.0068553799093805 0.006185385350977679
59770.740908415195 4.5525 0.01949999999999985 1.011283176782412 0.009114432600607118 1.0 1.0068552986117942 1.0068552986117942 0.004427878170617738
59770.74092435862 4.5525 0.01949999999999985 1.0123222265523306 0.009124031663685207 1.0 1.006855217314134 1.006855217314134 0.005467009238196541
59770.74094030205 4.5525 0.01949999999999985 0.9956721296165464 0.009078670666859306 1.0 1.0068551360164737 1.0068551360164737 -0.011183006399927309
59770.74095624546 4.5525 0.01949999999999985 1.0055957336385044 0.009112884901968819 1.0 1.0068550547188875 1.0068550547188875 -0.001259321080383069
59770.74097218888 4.5525 0.01949999999999985 1.0024805846057934 0.009112975240880573 1.0 1.0068549734212642 1.0068549734212642 -0.004374388815470809
59770.740988132304 4.5525 0.01949999999999985 1.0122059681502045 0.009141410134565618 1.0 1.006854892123641 1.006854892123641 0.005351076026563373
59770.741004075724 4.5525 0.01949999999999985 1.0307879044053876 0.009190379700180665 1.0 1.0068548108260178 1.0068548108260178 0.02393309357936979
59770.741020019144 4.5525 0.01949999999999985 1.0147300811569133 0.0091484864777373 1.0 1.0068547295283945 1.0068547295283945 0.007875351628518823
59770.741035962565 4.5525 0.01949999999999985 1.012698522573242 0.009131798655374744 1.0 1.0068546482307712 1.0068546482307712 0.005843874342470912
59770.741051905985 4.5525 0.01949999999999985 1.0075188678639044 0.009118885331953274 1.0 1.006854566933148 1.006854566933148 0.000664300930756534
59770.741067849405 4.5525 0.01949999999999985 1.005136426772844 0.009112667826768181 1.0 1.0068544856355248 1.0068544856355248 -0.001718058862680838
59770.74108379282 4.5525 0.01949999999999985 1.0020411977426102 0.009097489098189603 1.0 1.0068544043379386 1.0068544043379386 -0.0048132065953283565
59770.741099736246 4.5525 0.01949999999999985 1.0022587761243338 0.00909077504328557 1.0 1.0068543230402782 1.0068543230402782 -0.004595546915944437
59770.74111567966 4.5525 0.01949999999999985 1.004209658393222 0.009108090520380339 1.0 1.0068542417426922 1.0068542417426922 -0.002644583349470153
59770.74113162309 4.5525 0.01949999999999985 1.0024603287537195 0.009088397289222226 1.0 1.0068541604450318 1.0068541604450318 -0.004393831691312355
59770.74114756651 4.5525 0.01949999999999985 0.9854451361761022 0.010392048874457023 1.0 1.0068540791474085 1.0068540791474085 -0.021408942971306355
59770.74116350993 4.5525 0.01949999999999985 1.0116505459503504 0.009149999851096756 1.0 1.0068539978497852 1.0068539978497852 0.004796548100565179
59770.74117945335 4.5525 0.01949999999999985 1.0063942509195372 0.009106537308090934 1.0 1.006853916552162 1.006853916552162 -0.0004596656326247839
59770.74119539677 4.5525 0.01949999999999985 1.003421063458324 0.009111027633745276 1.0 1.0068538352545389 1.0068538352545389 -0.0034327717962148174
59770.74121134019 4.5525 0.01949999999999985 1.0166080062666927 0.009138624755438293 1.0 1.0068537539569156 1.0068537539569156 0.009754252309777112
59770.74122728361 4.5525 0.01949999999999985 1.0039298739871934 0.009095479190334842 1.0 1.0068536726592923 1.0068536726592923 -0.0029237986720989095
59770.74124322703 4.5525 0.01949999999999985 1.0095365856070004 0.00910654514862924 1.0 1.006853591361669 1.006853591361669 0.0026829942453314715
59770.74125917044 4.5525 0.01949999999999985 1.0272661482513932 0.009180665454022028 1.0 1.006853510064083 1.006853510064083 0.020412638187310206
59770.74127511387 4.5525 0.01949999999999985 1.0068918701615892 0.009140390957686729 1.0 1.0068534287664226 1.0068534287664226 3.844139516662182e-05
59770.74129105728 4.5525 0.01949999999999985 1.0108562562325685 0.009137943132453504 1.0 1.0068533474688364 1.0068533474688364 0.004002908763732105
59770.74130700071 4.5525 0.01949999999999985 1.0038619167416205 0.009127592301647846 1.0 1.006853266171176 1.006853266171176 -0.0029913494295554788
59770.74132294413 4.5525 0.01949999999999985 1.020258003143227 0.010676393361920024 1.0 1.006853184873553 1.006853184873553 0.01340481826967399
59770.74133888755 4.5525 0.01949999999999985 1.0093514279880333 0.009114552377295792 1.0 1.0068531035759296 1.0068531035759296 0.0024983244121037362
59770.74135483097 4.5525 0.01949999999999985 1.0250534090213455 0.009173509746405456 1.0 1.0068530222783063 1.0068530222783063 0.018200386743039143
59770.74137077438 4.5525 0.01949999999999985 1.0143515281182631 0.009133939541233784 1.0 1.00685294098072 1.00685294098072 0.0074985871375430335
59770.74138671781 4.5525 0.01949999999999985 1.011446129963507 0.009148854082198786 1.0 1.00685285968306 1.00685285968306 0.004593270280446982
59770.74140266123 4.5525 0.01949999999999985 1.0183677591429698 0.009140219222935926 1.0 1.0068527783854366 1.0068527783854366 0.01151498075753321
59770.74141860465 4.5525 0.01949999999999985 1.0013744172211532 0.009086281962286315 1.0 1.0068526970878133 1.0068526970878133 -0.005478279866660163
59770.741434548065 4.5525 0.01949999999999985 1.008554153612896 0.009109276397798318 1.0 1.0068526157902271 1.0068526157902271 0.0017015378226687972
59770.74145049149 4.5525 0.01949999999999985 1.0208652754512213 0.00912623405759689 1.0 1.006852534492567 1.006852534492567 0.014012740958654346
59770.741466434905 4.5525 0.01949999999999985 1.0060532672148887 0.009092855431564836 1.0 1.0068524531949807 1.0068524531949807 -0.0007991859800919876
59770.74148237833 4.5525 0.01949999999999985 1.003023631472018 0.009103332218612127 1.0 1.0068523718973204 1.0068523718973204 -0.003828740425302346
59770.741498321746 4.5525 0.01949999999999985 1.0218872805032844 0.009139651349013818 1.0 1.0068522905997341 1.0068522905997341 0.015034989903550233
59770.74151426517 4.5525 0.01949999999999985 1.0165180621129213 0.009140557944276831 1.0 1.0068522093020738 1.0068522093020738 0.00966585281084753
59770.741530208594 4.5525 0.01949999999999985 1.0145423183110431 0.009125871122355082 1.0 1.0068521280044507 1.0068521280044507 0.007690190306592459
59770.74154615201 4.5525 0.01949999999999985 1.0024662797843935 0.009108440180159614 1.0 1.0068520467068645 1.0068520467068645 -0.004385766922470946
59770.741562095434 4.5525 0.01949999999999985 1.0128929884332407 0.009137135858633575 1.0 1.006851965409204 1.006851965409204 0.00604102302403664
59770.74157803885 4.5525 0.01949999999999985 1.013774039327731 0.00914675584739132 1.0 1.006851884111618 1.006851884111618 0.006922155216112946
59770.741593982275 4.5525 0.01949999999999985 1.007047422948807 0.009135192588780493 1.0 1.0068518028139577 1.0068518028139577 0.00019562013484919483
59770.74160992569 4.5525 0.01949999999999985 1.0173445390448694 0.009125804575973076 1.0 1.0068517215163715 1.0068517215163715 0.010492817528497955
59770.741625869116 4.5525 0.01949999999999985 0.9919743189162709 0.010441008421261213 1.0 1.006851640218711 1.006851640218711 -0.014877321302440238
59770.74164181253 4.5525 0.01949999999999985 1.0103292957697694 0.00911106467317404 1.0 1.0068515589211249 1.0068515589211249 0.003477736848644497
59770.741657755956 4.5525 0.01949999999999985 1.0040815714608538 0.009100837380570374 1.0 1.0068514776234647 1.0068514776234647 -0.002769906162610969
59770.74167369937 4.5525 0.01949999999999985 1.0131466596023817 0.009130080123040646 1.0 1.0068513963258785 1.0068513963258785 0.006295263276503205
59770.7416896428 4.5525 0.01949999999999985 1.0186884820499698 0.009153834927133774 1.0 1.0068513150282181 1.0068513150282181 0.011837167021751638
59770.74170558622 4.5525 0.01949999999999985 1.010193566916021 0.00914534584251947 1.0 1.0068512337305948 1.0068512337305948 0.003342333185426094
59770.74172152963 4.5525 0.01949999999999985 1.016716404066968 0.00916807714256467 1.0 1.0068511524330088 1.0068511524330088 0.009865251633959238
59770.74173747306 4.5525 0.01949999999999985 1.0016014655751617 0.009078181899505005 1.0 1.0068510711353484 1.0068510711353484 -0.005249605560186721
59770.74175341647 4.5525 0.01949999999999985 0.999945253110976 0.00910249084978243 1.0 1.0068509898377622 1.0068509898377622 -0.0069057367267861824
59770.7417693599 4.5525 0.01949999999999985 1.018328128316172 0.00913865875179976 1.0 1.0068509085401018 1.0068509085401018 0.011477219776070191
59770.74178530331 4.5525 0.01949999999999985 0.9903036288671556 0.009081571088345296 1.0 1.0068508272425158 1.0068508272425158 -0.016547198375360228
59770.74180124674 4.5525 0.01949999999999985 1.0146148050681216 0.009150394946618484 1.0 1.0068507459448555 1.0068507459448555 0.007764059123266165
59770.74181719015 4.5525 0.01949999999999985 1.0083813502745629 0.009118447697045678 1.0 1.0068506646472692 1.0068506646472692 0.0015306856272936376
59770.74183313357 4.5525 0.01949999999999985 1.012671792616175 0.009150791181440743 1.0 1.006850583349646 1.006850583349646 0.0058212092665290704
59770.74184907699 4.5525 0.01949999999999985 1.0017329028711142 0.009103841361978574 1.0 1.0068505020520229 1.0068505020520229 -0.005117599180908705
59770.74186502042 4.5525 0.01949999999999985 1.0106210005837315 0.009142060538644548 1.0 1.0068504207543625 1.0068504207543625 0.003770579829369014
59770.74188096383 4.5525 0.01949999999999985 0.9884820795661945 0.009071104271055752 1.0 1.0068503394567763 1.0068503394567763 -0.018368259890581773
59770.74189690725 4.5525 0.01949999999999985 1.0229100301729415 0.009152182173432784 1.0 1.006850258159153 1.006850258159153 0.016059772013788498
59770.74191285068 4.5525 0.01949999999999985 1.0044509934161219 0.0091045200366619 1.0 1.0068501768614928 1.0068501768614928 -0.0023991834453709338
59770.741928794094 4.5525 0.01949999999999985 1.0162654048031798 0.00915624763492392 1.0 1.0068500955639066 1.0068500955639066 0.00941530923927325
59770.74194473752 4.5525 0.01949999999999985 1.0078410707516732 0.009120253931525619 1.0 1.0068500142662462 1.0068500142662462 0.0009910564854269666
59770.741960680934 4.5525 0.01949999999999985 1.0017061509799834 0.009118983396695651 1.0 1.00684993296866 1.00684993296866 -0.005143781988676599
59770.74197662436 4.5525 0.01949999999999985 1.000331537413293 0.009106767153326912 1.0 1.0068498516709996 1.0068498516709996 -0.006518314257706548
59770.741992567775 4.5525 0.01949999999999985 1.0259546335090501 0.00913442587757097 1.0 1.0068497703734136 1.0068497703734136 0.01910486313563653
59770.742008511195 4.5525 0.01949999999999985 1.0041474668166206 0.009101065847300461 1.0 1.0068496890757903 1.0068496890757903 -0.0027022222591697176
59770.742024454616 4.5525 0.01949999999999985 1.000438414653009 0.00909751022619443 1.0 1.006849607778167 1.006849607778167 -0.006411193125158032
59770.742040398036 4.5525 0.01949999999999985 0.9967747765376362 0.0090958912129526 1.0 1.006849526480544 1.006849526480544 -0.01007474994290769
59770.742056341456 4.5525 0.01949999999999985 0.9983493469333685 0.009086396951678904 1.0 1.0068494451829206 1.0068494451829206 -0.008500098249552113
59770.74207228488 4.5525 0.01949999999999985 1.0011172222158071 0.009063354500692738 1.0 1.0068493638852973 1.0068493638852973 -0.005732141669490209
59770.742088228304 4.5525 0.01949999999999985 0.9994723419067005 0.009092923366802674 1.0 1.006849282587637 1.006849282587637 -0.007376940680936417
59770.74210417172 4.5525 0.01949999999999985 1.0083637177851923 0.009150833105919808 1.0 1.0068492012900507 1.0068492012900507 0.0015145164951415602
59770.74212011514 4.5525 0.01949999999999985 1.0214585064114607 0.009173955297282235 1.0 1.0068491199924277 1.0068491199924277 0.014609386419033088
59770.74213605856 4.5525 0.01949999999999985 1.0054008270003487 0.009106947875273167 1.0 1.0068490386948044 1.0068490386948044 -0.0014482116944556367
59770.742152001985 4.5525 0.01949999999999985 1.00048544622489 0.009085098051184074 1.0 1.006848957397144 1.006848957397144 -0.006363511172253977
59770.7421679454 4.5525 0.01949999999999985 1.0049743868928895 0.009134630444072492 1.0 1.0068488760995578 1.0068488760995578 -0.0018744892066682173
59770.74218388882 4.5525 0.01949999999999985 1.008104910224919 0.009109503224541049 1.0 1.0068487948019347 1.0068487948019347 0.0012561154229844274
59770.74219983224 4.5525 0.01949999999999985 1.0282410407207838 0.009143846062483543 1.0 1.0068487135043114 1.0068487135043114 0.02139232721647244
59770.74221577566 4.5525 0.01949999999999985 1.0098899218106028 0.009137664207317923 1.0 1.006848632206688 1.006848632206688 0.0030412896039146986
59770.74223171908 4.5525 0.01949999999999985 1.0096554399481943 0.009151819772595587 1.0 1.0068485509090648 1.0068485509090648 0.002806889039129512
59770.7422476625 4.5525 0.01949999999999985 1.0055823012420968 0.009116852419875617 1.0 1.0068484696114417 1.0068484696114417 -0.0012661683693449
59770.74226360592 4.5525 0.01949999999999985 0.9974134179953918 0.009114839465656001 1.0 1.0068483883138184 1.0068483883138184 -0.00943497031842655
59770.74227954934 4.5525 0.01949999999999985 0.9983315513426315 0.009087768293196234 1.0 1.006848307016195 1.006848307016195 -0.00851675567356358
59770.74229549276 4.5525 0.01949999999999985 1.0125779943718591 0.009122882539365449 1.0 1.0068482257185718 1.0068482257185718 0.005729768653287337
59770.74231143618 4.5525 0.01949999999999985 1.0168034891309494 0.00913318366534714 1.0 1.0068481444209487 1.0068481444209487 0.009955344710000702
59770.74232737961 4.5525 0.01949999999999985 1.0124968393072846 0.009132562457481515 1.0 1.0068480631232883 1.0068480631232883 0.005648776183996285
59770.74234332302 4.5525 0.01949999999999985 1.0020473425006846 0.009105824099842839 1.0 1.0068479818257021 1.0068479818257021 -0.004800639325017508
59770.74235926644 4.5525 0.01949999999999985 0.9976031482206582 0.009102444597355173 1.0 1.0068479005280788 1.0068479005280788 -0.009244752307420612
59770.74237520986 4.5525 0.01949999999999985 0.9972010896065522 0.009091489842878156 1.0 1.0068478192304557 1.0068478192304557 -0.00964672962390356
59770.74239115328 4.5525 0.01949999999999985 1.0120127271822128 0.009110038335822915 1.0 1.0068477379328324 1.0068477379328324 0.005164989249380358
59770.7424070967 4.5525 0.01949999999999985 1.0132094119755555 0.009108127621629115 1.0 1.0068476566352091 1.0068476566352091 0.006361755340346331
