eureka_custom_plots/data/stage5_lcfit_results/S5_wasp39b_ap4_bg8_Table_Save_ch50.txt
# %ECSV 1.0
# ---
# datatype:
# - {name: time, datatype: float64}
# - {name: wavelength, datatype: float64}
# - {name: bin_width, datatype: float64}
# - {name: lcdata, datatype: float64}
# - {name: lcerr, datatype: float64}
# - {name: transit, datatype: float64}
# - {name: polynom, datatype: float64}
# - {name: model, datatype: float64}
# - {name: residuals, datatype: float64}
# schema: astropy-2.0
time wavelength bin_width lcdata lcerr transit polynom model residuals
[from data line 7691]
59770.76664109527 4.936 0.019000000000000128 1.0138409064492675 0.01046599754564324 1.0 1.0065222755982348 1.0065222755982348 0.007318630851032681
59770.76665703869 4.936 0.019000000000000128 0.9898189317227084 0.01040846875914221 1.0 1.0065222361674735 1.0065222361674735 -0.016703304444765088
59770.766672982114 4.936 0.019000000000000128 0.9844514250642152 0.010377250911295906 1.0 1.006522196736676 1.006522196736676 -0.022070771672460743
59770.76668892553 4.936 0.019000000000000128 0.994957574389233 0.010455195947191019 1.0 1.0065221573059147 1.0065221573059147 -0.01156458291668161
59770.766704868955 4.936 0.019000000000000128 1.0031632325729867 0.01047020870456413 1.0 1.0065221178751171 1.0065221178751171 -0.0033588853021304654
59770.76672081237 4.936 0.019000000000000128 0.9978393174942394 0.01041516866781461 1.0 1.0065220784443558 1.0065220784443558 -0.008682760950116442
59770.766736755795 4.936 0.019000000000000128 1.0048145016287264 0.010453017988175372 1.0 1.0065220390135583 1.0065220390135583 -0.0017075373848318698
59770.76675269921 4.936 0.019000000000000128 0.9985170527830793 0.010423633541288285 1.0 1.006521999582797 1.006521999582797 -0.008004946799717638
59770.766768642636 4.936 0.019000000000000128 1.0127758249682755 0.010459934210380103 1.0 1.0065219601519997 1.0065219601519997 0.006253864816275767
59770.76678458605 4.936 0.019000000000000128 0.9971514239143544 0.010453106605091399 1.0 1.0065219207212381 1.0065219207212381 -0.009370496806883732
59770.766800529476 4.936 0.019000000000000128 1.0010791421044076 0.010468011630867455 1.0 1.0065218812904408 1.0065218812904408 -0.005442739186033219
59770.76681647289 4.936 0.019000000000000128 1.016034706976957 0.010467863534940988 1.0 1.0065218418596793 1.0065218418596793 0.00951286511727778
59770.76683241631 4.936 0.019000000000000128 1.0086156770073726 0.010455423677615408 1.0 1.0065218024289 1.0065218024289 0.0020938745784726542
59770.76684835973 4.936 0.019000000000000128 1.01996417202861 0.0104833113688891 1.0 1.0065217629981207 1.0065217629981207 0.01344240903048921
59770.76686430315 4.936 0.019000000000000128 1.024323458875354 0.010508723207399604 1.0 1.0065217235673412 1.0065217235673412 0.017801735308012878
59770.76688024657 4.936 0.019000000000000128 1.0176167253490405 0.010482064167118705 1.0 1.0065216841365618 1.0065216841365618 0.011095041212478618
59770.76689618999 4.936 0.019000000000000128 1.0022467113494582 0.010458624029249887 1.0 1.0065216447057823 1.0065216447057823 -0.004274933356324118
59770.76691213341 4.936 0.019000000000000128 1.000623287841474 0.010407936220142269 1.0 1.006521605275003 1.006521605275003 -0.005898317433528977
59770.76692807683 4.936 0.019000000000000128 1.0124631036742915 0.010462738091429372 1.0 1.0065215658442235 1.0065215658442235 0.005941537830068011
59770.766944020244 4.936 0.019000000000000128 1.0201497733864133 0.010508609498559522 1.0 1.0065215264134622 1.0065215264134622 0.013628246972951175
59770.76695996367 4.936 0.019000000000000128 1.013582190424615 0.010468415149502173 1.0 1.0065214869826649 1.0065214869826649 0.007060703441950089
59770.76697590709 4.936 0.019000000000000128 1.0222132728274942 0.010485592118774796 1.0 1.0065214475518853 1.0065214475518853 0.01569182527560886
59770.76699185051 4.936 0.019000000000000128 1.0073859291781526 0.010468297427405368 1.0 1.006521408121106 1.006521408121106 0.0008645210570465967
59770.767007793926 4.936 0.019000000000000128 1.010334325696369 0.010357980560105888 1.0 1.0065213686903445 1.0065213686903445 0.0038129570060245754
59770.76702373735 4.936 0.019000000000000128 1.0012253572586556 0.010452908505348546 1.0 1.0065213292595472 1.0065213292595472 -0.005295972000891602
59770.767039680766 4.936 0.019000000000000128 1.0002872802800198 0.010467188512332342 1.0 1.0065212898287859 1.0065212898287859 -0.006234009548766073
59770.767055624194 4.936 0.019000000000000128 1.0102233909478466 0.010479098519816075 1.0 1.0065212503979883 1.0065212503979883 0.0037021405498582904
59770.76707156761 4.936 0.019000000000000128 1.0333913329945046 0.010532775170948075 1.0 1.006521210967227 1.006521210967227 0.026870122027277565
59770.767087511034 4.936 0.019000000000000128 1.009184498875051 0.010503948109127565 1.0 1.0065211715364295 1.0065211715364295 0.002663327338621402
59770.767103454455 4.936 0.019000000000000128 1.0137933176422917 0.010448500371988311 1.0 1.0065211321056502 1.0065211321056502 0.007272185536641551
59770.76711939787 4.936 0.019000000000000128 1.007962940845536 0.010443332971834529 1.0 1.0065210926748889 1.0065210926748889 0.0014418481706470754
59770.767135341295 4.936 0.019000000000000128 1.0128048443995248 0.010465192205317119 1.0 1.0065210532440914 1.0065210532440914 0.006283791155433427
59770.76715128471 4.936 0.019000000000000128 1.0204414631686192 0.010459871326300108 1.0 1.00652101381333 1.00652101381333 0.013920449355289133
59770.767167228136 4.936 0.019000000000000128 0.9998428947881307 0.010470684071563149 1.0 1.0065209743825325 1.0065209743825325 -0.006678079594401809
59770.76718317155 4.936 0.019000000000000128 1.0225891700033647 0.010483390737183348 1.0 1.0065209349517712 1.0065209349517712 0.016068235051593494
59770.76719911498 4.936 0.019000000000000128 1.0134476881915306 0.010515080818337354 1.0 1.0065208955209737 1.0065208955209737 0.006926792670556958
59770.76721505839 4.936 0.019000000000000128 1.0100212829203907 0.010483861324114578 1.0 1.0065208560902124 1.0065208560902124 0.0035004268301783714
59770.76723100181 4.936 0.019000000000000128 1.0024823847068518 0.0104437154942594 1.0 1.006520816659433 1.006520816659433 -0.004038431952581245
59770.76724694523 4.936 0.019000000000000128 1.0114126692219152 0.010475055036652215 1.0 1.0065207772286535 1.0065207772286535 0.004891891993261677
59770.76726288866 4.936 0.019000000000000128 1.0034270345042429 0.010465530815144758 1.0 1.0065207377978562 1.0065207377978562 -0.003093703293613359
59770.76727883207 4.936 0.019000000000000128 1.0067467765647253 0.010431028852215687 1.0 1.0065206983670947 1.0065206983670947 0.0002260781976306525
59770.76729477549 4.936 0.019000000000000128 0.9997213300536413 0.010423227819237758 1.0 1.0065206589363154 1.0065206589363154 -0.006799328882674094
59770.76731071891 4.936 0.019000000000000128 1.002798618381202 0.010434063871333322 1.0 1.006520619505536 1.006520619505536 -0.0037220011243339624
59770.76732666233 4.936 0.019000000000000128 1.0189462304557368 0.010477024038347915 1.0 1.0065205800747565 1.0065205800747565 0.012425650380980313
59770.76734260575 4.936 0.019000000000000128 1.0036932755580579 0.010434868280057477 1.0 1.0065205406439772 1.0065205406439772 -0.0028272650859193504
59770.76735854917 4.936 0.019000000000000128 1.0097496656707274 0.010446539471653167 1.0 1.0065205012131977 1.0065205012131977 0.003229164457529743
59770.76737449259 4.936 0.019000000000000128 0.9943003603428169 0.010433650868949327 1.0 1.0065204617824184 1.0065204617824184 -0.012220101439601505
59770.76739043601 4.936 0.019000000000000128 0.9968861196601803 0.010431483069206587 1.0 1.0065204223516389 1.0065204223516389 -0.009634302691458596
59770.767406379426 4.936 0.019000000000000128 1.0138186826543325 0.010460050743407698 1.0 1.0065203829208775 1.0065203829208775 0.0072982997334549715
59770.76742232285 4.936 0.019000000000000128 1.0154919436602352 0.010444537682702659 1.0 1.0065203434900802 1.0065203434900802 0.00897160017015497
59770.76743826627 4.936 0.019000000000000128 1.0048969612573042 0.010437747587620014 1.0 1.0065203040593007 1.0065203040593007 -0.0016233428019964968
59770.767454209694 4.936 0.019000000000000128 1.0140884910011607 0.010459435424012018 1.0 1.0065202646285214 1.0065202646285214 0.0075682263726393195
59770.76747015311 4.936 0.019000000000000128 1.0068931928967995 0.01045663514303182 1.0 1.0065202251977599 1.0065202251977599 0.0003729676990396058
59770.767486096534 4.936 0.019000000000000128 1.0185165761754218 0.01045990105434903 1.0 1.0065201857669626 1.0065201857669626 0.011996390408459234
59770.76750203995 4.936 0.019000000000000128 1.0094319575620603 0.010435689253341414 1.0 1.0065201463362012 1.0065201463362012 0.00291181122585904
59770.767517983375 4.936 0.019000000000000128 1.0101176357422759 0.010503873936614274 1.0 1.0065201069054037 1.0065201069054037 0.0035975288368721436
59770.76753392679 4.936 0.019000000000000128 1.0048449162828894 0.010439388318053149 1.0 1.0065200674746424 1.0065200674746424 -0.0016751511917529882
59770.767549870216 4.936 0.019000000000000128 1.0089721469322965 0.010448031767524808 1.0 1.0065200280438449 1.0065200280438449 0.0024521188884516487
59770.76756581363 4.936 0.019000000000000128 1.0252080143877347 0.010504083118919644 1.0 1.0065199886130836 1.0065199886130836 0.018688025774651118
59770.76758175705 4.936 0.019000000000000128 0.9876883926666378 0.010438875024911089 1.0 1.006519949182304 1.006519949182304 -0.01883155651566626
59770.76759770047 4.936 0.019000000000000128 0.9950296165261409 0.010406690164959794 1.0 1.0065199097515247 1.0065199097515247 -0.011490293225383863
59770.76761364389 4.936 0.019000000000000128 1.0030405770201423 0.010445730664069446 1.0 1.0065198703207454 1.0065198703207454 -0.003479293300603148
59770.76762958731 4.936 0.019000000000000128 1.0243491160274332 0.01046857197992695 1.0 1.0065198308899659 1.0065198308899659 0.017829285137467288
59770.76764553073 4.936 0.019000000000000128 0.995833902842257 0.010452193973939221 1.0 1.0065197914591866 1.0065197914591866 -0.01068588861692954
59770.76766147415 4.936 0.019000000000000128 1.0006614074353999 0.01044293521024539 1.0 1.006519752028407 1.006519752028407 -0.005858344593007159
59770.76767741757 4.936 0.019000000000000128 1.0066275286999165 0.010484205911586648 1.0 1.0065197125976277 1.0065197125976277 0.00010781610228871585
59770.767693360984 4.936 0.019000000000000128 0.9944127342156001 0.010423338772824448 1.0 1.0065196731668664 1.0065196731668664 -0.012106938951266355
59770.76770930441 4.936 0.019000000000000128 1.0059046202337123 0.01043592788425617 1.0 1.006519633736069 1.006519633736069 -0.0006150135023565984
59770.76772524784 4.936 0.019000000000000128 1.0131141423339098 0.0104604010265176 1.0 1.0065195943052716 1.0065195943052716 0.006594548028638236
59770.76774119125 4.936 0.019000000000000128 1.0065799685053611 0.010480502091294745 1.0 1.00651955487451 1.00651955487451 6.0413630851074984e-05
59770.76775713467 4.936 0.019000000000000128 1.0166369454385504 0.010472029199686447 1.0 1.0065195154437308 1.0065195154437308 0.010117429994819682
59770.76777307809 4.936 0.019000000000000128 1.0186814703881322 0.010485811709607806 1.0 1.0065194760129512 1.0065194760129512 0.012161994375180951
59770.76778902151 4.936 0.019000000000000128 0.9961898245299656 0.01043019027165633 1.0 1.006519436582172 1.006519436582172 -0.010329612052206283
59770.76780496493 4.936 0.019000000000000128 1.0244620245268536 0.010509629052253505 1.0 1.0065193971513926 1.0065193971513926 0.01794262737546104
59770.76782090835 4.936 0.019000000000000128 1.0091876763358367 0.010473339615108471 1.0 1.006519357720613 1.006519357720613 0.0026683186152236527
59770.76783685177 4.936 0.019000000000000128 1.0085203297034904 0.010454932205605661 1.0 1.0065193182898338 1.0065193182898338 0.002001011413656606
59770.767852795194 4.936 0.019000000000000128 0.9825917764664823 0.010408653539979612 1.0 1.0065192788590542 1.0065192788590542 -0.02392750239257191
59770.76786873861 4.936 0.019000000000000128 0.9886585079604223 0.010390331391739097 1.0 1.006519239428293 1.006519239428293 -0.017860731467870594
59770.767884682034 4.936 0.019000000000000128 1.0156191547428373 0.010471218877911923 1.0 1.0065191999974956 1.0065191999974956 0.009099954745341643
59770.767900625455 4.936 0.019000000000000128 1.0124718766020167 0.010476389126269558 1.0 1.006519160566716 1.006519160566716 0.005952716035300565
59770.767916568875 4.936 0.019000000000000128 0.990944890610493 0.010422515921020458 1.0 1.0065191211359368 1.0065191211359368 -0.015574230525443822
59770.76793251229 4.936 0.019000000000000128 1.0115524281438306 0.010440026264279192 1.0 1.0065190817051752 1.0065190817051752 0.005033346438655384
59770.767948455716 4.936 0.019000000000000128 0.9932790649997884 0.010444304843841862 1.0 1.006519042274378 1.006519042274378 -0.013239977274589587
59770.76796439913 4.936 0.019000000000000128 1.008174592627911 0.0104868042329106 1.0 1.0065190028436166 1.0065190028436166 0.0016555897842944756
59770.767980342556 4.936 0.019000000000000128 0.9964767272970605 0.010419185416950714 1.0 1.006518963412819 1.006518963412819 -0.010042236115758607
59770.76799628597 4.936 0.019000000000000128 1.0065796523528572 0.010454605589182955 1.0 1.0065189239820578 1.0065189239820578 6.072837079940108e-05
59770.7680122294 4.936 0.019000000000000128 0.999885869005574 0.010430447637612137 1.0 1.0065188845512603 1.0065188845512603 -0.006633015545686294
59770.76802817281 4.936 0.019000000000000128 1.0014595453355246 0.010477753280104507 1.0 1.006518845120499 1.006518845120499 -0.005059299784974325
59770.76804411623 4.936 0.019000000000000128 1.0080299687007555 0.010477358100749895 1.0 1.0065188056897194 1.0065188056897194 0.001511163011036043
59770.76806005965 4.936 0.019000000000000128 1.0143659939030618 0.010430204299059016 1.0 1.00651876625894 1.00651876625894 0.007847227644121713
59770.76807600307 4.936 0.019000000000000128 1.0136925788447413 0.010477530216736631 1.0 1.0065187268281608 1.0065187268281608 0.007173852016580495
59770.76809194649 4.936 0.019000000000000128 1.0291273976179813 0.010502657355160766 1.0 1.0065186873973813 1.0065186873973813 0.02260871022060007
59770.76810788991 4.936 0.019000000000000128 0.9991105513496914 0.01043089154208841 1.0 1.006518647966602 1.006518647966602 -0.007408096616910553
59770.76812383333 4.936 0.019000000000000128 1.001628848577444 0.010423790800498765 1.0 1.0065186085358224 1.0065186085358224 -0.00488975995837837
59770.76813977675 4.936 0.019000000000000128 1.0140718597913683 0.010459289113621852 1.0 1.0065185691050431 1.0065185691050431 0.007553290686325154
59770.768155720165 4.936 0.019000000000000128 1.0015468266636414 0.010423351470226539 1.0 1.0065185296742818 1.0065185296742818 -0.004971703010640427
59770.76817166359 4.936 0.019000000000000128 1.0122598055579788 0.010461363936468798 1.0 1.0065184902434843 1.0065184902434843 0.005741315314494511
59770.76818760701 4.936 0.019000000000000128 0.9949389274477018 0.010427579898092672 1.0 1.006518450812705 1.006518450812705 -0.01157952336500312
59770.76820355043 4.936 0.019000000000000128 0.993134224897094 0.010410949188497503 1.0 1.0065184113819254 1.0065184113819254 -0.013384186484831417
59770.768219493846 4.936 0.019000000000000128 1.0122567297271636 0.01045888506289272 1.0 1.0065183719511641 1.0065183719511641 0.005738357775999514
59770.768235437274 4.936 0.019000000000000128 1.0009381829840653 0.010443437437070442 1.0 1.0065183325203666 1.0065183325203666 -0.00558014953630126
59770.76825138069 4.936 0.019000000000000128 1.0152844041400115 0.010479461860398467 1.0 1.0065182930896053 1.0065182930896053 0.008766111050406256
59770.768267324114 4.936 0.019000000000000128 0.9899027582035279 0.010401146258625527 1.0 1.006518253658808 1.006518253658808 -0.01661549545528007
59770.76828326753 4.936 0.019000000000000128 1.0011028770961092 0.010436018047444155 1.0 1.0065182142280464 1.0065182142280464 -0.0054153371319372035
59770.768299210955 4.936 0.019000000000000128 1.0090737752488486 0.01045975205731123 1.0 1.0065181747972491 1.0065181747972491 0.0025556004515994157
59770.76831515437 4.936 0.019000000000000128 1.0192867327180464 0.01047736920275307 1.0 1.0065181353664876 1.0065181353664876 0.012768597351558775
59770.76833109779 4.936 0.019000000000000128 0.9982927663422692 0.010417827146256317 1.0 1.0065180959357083 1.0065180959357083 -0.008225329593439135
