eureka_custom_plots/data/stage5_lcfit_results/S5_wasp39b_ap4_bg8_Table_Save_ch51.txt
# %ECSV 1.0
# ---
# datatype:
# - {name: time, datatype: float64}
# - {name: wavelength, datatype: float64}
# - {name: bin_width, datatype: float64}
# - {name: lcdata, datatype: float64}
# - {name: lcerr, datatype: float64}
# - {name: transit, datatype: float64}
# - {name: polynom, datatype: float64}
# - {name: model, datatype: float64}
# - {name: residuals, datatype: float64}
# schema: astropy-2.0
time wavelength bin_width lcdata lcerr transit polynom model residuals
[from data line 1520]
59770.66825424794 4.974 0.019000000000000128 1.0111258195731871 0.011595141043059877 1.0 1.0066886355483744 1.0066886355483744 0.004437184024812746
59770.66827019136 4.974 0.019000000000000128 1.008003400875788 0.011569480733192283 1.0 1.0066886059341293 1.0066886059341293 0.001314794941658759
59770.66828613478 4.974 0.019000000000000128 0.9946922965225611 0.01155618443534386 1.0 1.006688576319884 1.006688576319884 -0.011996279797322984
59770.6683020782 4.974 0.019000000000000128 1.01804062679846 0.011589904620841248 1.0 1.006688546705639 1.006688546705639 0.01135208009282107
59770.66831802162 4.974 0.019000000000000128 0.9997316698226543 0.01157537122240511 1.0 1.0066885170913937 1.0066885170913937 -0.006956847268739463
59770.66833396504 4.974 0.019000000000000128 0.9870604768869057 0.011563172468422374 1.0 1.0066884874771487 1.0066884874771487 -0.019628010590242995
59770.66834990846 4.974 0.019000000000000128 1.020079725353754 0.011620747844087323 1.0 1.0066884578629034 1.0066884578629034 0.013391267490850511
59770.66836585188 4.974 0.019000000000000128 1.0028029137551333 0.011582862890387229 1.0 1.0066884282486583 1.0066884282486583 -0.003885514493525033
59770.6683817953 4.974 0.019000000000000128 1.0027440700855517 0.01156273962883545 1.0 1.006688398634413 1.006688398634413 -0.003944328548861398
59770.66839773873 4.974 0.019000000000000128 0.9952559920226446 0.011568854377923519 1.0 1.0066883690201545 1.0066883690201545 -0.011432376997509874
59770.66841368214 4.974 0.019000000000000128 0.9941042304076948 0.011567344801469757 1.0 1.0066883394059227 1.0066883394059227 -0.012584108998227928
59770.66842962557 4.974 0.019000000000000128 0.9964061615074844 0.01154515319562072 1.0 1.0066883097916641 1.0066883097916641 -0.010282148284179726
59770.66844556898 4.974 0.019000000000000128 1.0260641361414495 0.0116036278456455 1.0 1.0066882801774324 1.0066882801774324 0.01937585596401714
59770.6684615124 4.974 0.019000000000000128 1.0177321342085497 0.011581422254529183 1.0 1.0066882505631873 1.0066882505631873 0.011043883645362351
59770.66847745583 4.974 0.019000000000000128 1.010150037769803 0.011554078424677233 1.0 1.0066882209489285 1.0066882209489285 0.0034618168208744304
59770.66849339925 4.974 0.019000000000000128 0.9980271134021348 0.011568536241923024 1.0 1.0066881913346835 1.0066881913346835 -0.008661077932548666
59770.66850934267 4.974 0.019000000000000128 1.01959337058231 0.011583231684712883 1.0 1.0066881617204382 1.0066881617204382 0.012905208861871742
59770.668525286084 4.974 0.019000000000000128 1.0139152957543107 0.01157250588811862 1.0 1.0066881321062067 1.0066881321062067 0.007227163648104051
59770.66854122951 4.974 0.019000000000000128 1.0088685339330232 0.011558056673544148 1.0 1.006688102491948 1.006688102491948 0.002180431441075159
59770.66855717293 4.974 0.019000000000000128 0.9928732871774903 0.011529016112840035 1.0 1.0066880728777028 1.0066880728777028 -0.01381478570021244
59770.66857311635 4.974 0.019000000000000128 1.012590800489552 0.011521254825280006 1.0 1.0066880432634577 1.0066880432634577 0.005902757226094346
59770.66858905977 4.974 0.019000000000000128 1.0045207204573032 0.011515962385320624 1.0 1.0066880136492125 1.0066880136492125 -0.0021672931919092253
59770.6686050032 4.974 0.019000000000000128 1.0253074112779548 0.011601057021806136 1.0 1.0066879840349539 1.0066879840349539 0.01861942724300092
59770.66862094661 4.974 0.019000000000000128 1.0338563497023996 0.011639515174932705 1.0 1.0066879544207221 1.0066879544207221 0.02716839528167747
59770.668636890034 4.974 0.019000000000000128 1.0082998318302296 0.011559228225046306 1.0 1.006687924806477 1.006687924806477 0.001611907023752579
59770.668652833454 4.974 0.019000000000000128 0.9956001554870797 0.011532687412734307 1.0 1.0066878951922318 1.0066878951922318 -0.011087739705152089
59770.668668776874 4.974 0.019000000000000128 1.0151103625455034 0.01159262603904912 1.0 1.0066878655779867 1.0066878655779867 0.008422496967516624
59770.6686847203 4.974 0.019000000000000128 1.012164051598317 0.011581928541520015 1.0 1.006687835963728 1.006687835963728 0.00547621563458911
59770.668700663715 4.974 0.019000000000000128 1.0085361543425713 0.011558802475126143 1.0 1.0066878063494964 1.0066878063494964 0.0018483479930748725
59770.66871660714 4.974 0.019000000000000128 0.9975493626383132 0.01152896498664449 1.0 1.0066877767352376 1.0066877767352376 -0.009138414096924397
59770.66873255056 4.974 0.019000000000000128 1.0149566363899107 0.011617971922207614 1.0 1.0066877471209925 1.0066877471209925 0.008268889268918223
59770.66874849398 4.974 0.019000000000000128 0.9855550962003536 0.011483675348759596 1.0 1.0066877175067472 1.0066877175067472 -0.021132621306393595
59770.6687644374 4.974 0.019000000000000128 1.0360888967051083 0.011642076365066357 1.0 1.0066876878925022 1.0066876878925022 0.029401208812606106
59770.66878038082 4.974 0.019000000000000128 1.0122369071792836 0.011590312237625156 1.0 1.006687658278257 1.006687658278257 0.005549248901026704
59770.668796324244 4.974 0.019000000000000128 1.006894640848867 0.011559792889445284 1.0 1.0066876286640118 1.0066876286640118 0.00020701218485519313
59770.668812267664 4.974 0.019000000000000128 1.012564833407782 0.011583847355520895 1.0 1.0066875990497666 1.0066875990497666 0.0058772343580153485
59770.668828211084 4.974 0.019000000000000128 1.0070755490840453 0.011553418657880172 1.0 1.0066875694355215 1.0066875694355215 0.000387979648523773
59770.668844154505 4.974 0.019000000000000128 1.0077628109887506 0.011555758697457062 1.0 1.0066875398212762 1.0066875398212762 0.001075271167474412
59770.66886009793 4.974 0.019000000000000128 0.9945029839572752 0.011522546093159877 1.0 1.0066875102070176 1.0066875102070176 -0.012184526249742422
59770.668876041345 4.974 0.019000000000000128 1.0042758269596042 0.01153136810930292 1.0 1.006687480592786 1.006687480592786 -0.002411653633181743
59770.66889198477 4.974 0.019000000000000128 0.999728968591195 0.011525103646860421 1.0 1.0066874509785273 1.0066874509785273 -0.006958482387332321
59770.668907928186 4.974 0.019000000000000128 1.0157286671853902 0.011581660782383076 1.0 1.0066874213642956 1.0066874213642956 0.009041245821094668
59770.668923871606 4.974 0.019000000000000128 1.0051437792252456 0.01156748966038828 1.0 1.0066873917500505 1.0066873917500505 -0.0015436125248049493
59770.668939815034 4.974 0.019000000000000128 1.003749324453367 0.011528187043200088 1.0 1.006687362135792 1.006687362135792 -0.0029380376824248433
59770.668955758454 4.974 0.019000000000000128 1.0137650150408508 0.011632086878231121 1.0 1.0066873325215466 1.0066873325215466 0.007077682519304185
59770.668971701874 4.974 0.019000000000000128 1.014955817896139 0.011590270527724518 1.0 1.0066873029073016 1.0066873029073016 0.008268514988837516
59770.668987645295 4.974 0.019000000000000128 1.0246199647485665 0.011606183009779177 1.0 1.0066872732930563 1.0066872732930563 0.01793269145551024
59770.669003588715 4.974 0.019000000000000128 0.9925667989719443 0.011526816186730196 1.0 1.0066872436788112 1.0066872436788112 -0.014120444706866908
59770.669019532135 4.974 0.019000000000000128 0.9902225196911659 0.011498572629316263 1.0 1.006687214064566 1.006687214064566 -0.016464694373400035
59770.669035475556 4.974 0.019000000000000128 1.0099827721237356 0.011559946971245835 1.0 1.006687184450321 1.006687184450321 0.003295587673414646
59770.669051418976 4.974 0.019000000000000128 0.9865789070843801 0.011514602834599695 1.0 1.0066871548360756 1.0066871548360756 -0.020108247751695507
59770.6690673624 4.974 0.019000000000000128 1.019315658942616 0.011607733927798545 1.0 1.006687125221817 1.006687125221817 0.012628533720798973
59770.66908330582 4.974 0.019000000000000128 1.0155695051047406 0.011582879722296803 1.0 1.0066870956075853 1.0066870956075853 0.008882409497155352
59770.66909924924 4.974 0.019000000000000128 1.0003039677570216 0.01155797516598829 1.0 1.0066870659933402 1.0066870659933402 -0.006383098236318663
59770.66911519266 4.974 0.019000000000000128 1.021500848681586 0.011568680504034382 1.0 1.006687036379095 1.006687036379095 0.014813812302491014
59770.66913113608 4.974 0.019000000000000128 1.0075963811232636 0.011590301021328492 1.0 1.00668700676485 1.00668700676485 0.0009093743584136504
59770.669147079505 4.974 0.019000000000000128 1.027490946848761 0.011613004982139947 1.0 1.006686977150591 1.006686977150591 0.02080396969816989
59770.66916302292 4.974 0.019000000000000128 0.9750190699696943 0.011431774711738393 1.0 1.0066869475363596 1.0066869475363596 -0.031667877566665226
59770.669178966345 4.974 0.019000000000000128 1.0337338707150079 0.011618224553391768 1.0 1.0066869179221007 1.0066869179221007 0.027046952792907142
59770.669194909766 4.974 0.019000000000000128 1.0033554910582105 0.011574087689222546 1.0 1.0066868883078557 1.0066868883078557 -0.0033313972496451516
59770.66921085318 4.974 0.019000000000000128 0.9913442606431744 0.011498031231192536 1.0 1.006686858693624 1.006686858693624 -0.015342598050449574
59770.66922679661 4.974 0.019000000000000128 1.0093250029119905 0.011578644102541426 1.0 1.0066868290793654 1.0066868290793654 0.0026381738326251014
59770.66924274003 4.974 0.019000000000000128 1.000459715441921 0.011571230513092619 1.0 1.00668679946512 1.00668679946512 -0.006227084023199048
59770.66925868345 4.974 0.019000000000000128 1.013738767764601 0.011604441248940235 1.0 1.006686769850875 1.006686769850875 0.007051997913726016
59770.66927462687 4.974 0.019000000000000128 1.0003878695008677 0.011575458803233983 1.0 1.0066867402366297 1.0066867402366297 -0.006298870735762074
59770.66929057029 4.974 0.019000000000000128 1.005716274963655 0.011581033162856701 1.0 1.0066867106223847 1.0066867106223847 -0.0009704356587296736
59770.66930651371 4.974 0.019000000000000128 0.9772045919375839 0.011477705488663578 1.0 1.0066866810081394 1.0066866810081394 -0.029482089070555495
59770.669322457135 4.974 0.019000000000000128 1.0318383056089107 0.011616456339806696 1.0 1.0066866513938808 1.0066866513938808 0.02515165421502985
59770.66933840055 4.974 0.019000000000000128 1.0131453408287916 0.01158694499580302 1.0 1.006686621779649 1.006686621779649 0.006458719049142525
59770.669354343976 4.974 0.019000000000000128 0.99990896697436 0.011578097600785216 1.0 1.0066865921653905 1.0066865921653905 -0.006777625191030423
59770.66937028739 4.974 0.019000000000000128 1.010140656960491 0.011583286686121682 1.0 1.0066865625511587 1.0066865625511587 0.003454094409332198
59770.66938623081 4.974 0.019000000000000128 1.0092051200613998 0.011552167627224082 1.0 1.0066865329369137 1.0066865329369137 0.00251858712448616
59770.66940217424 4.974 0.019000000000000128 0.9964836783618167 0.011525340037596955 1.0 1.006686503322655 1.006686503322655 -0.010202824960838353
59770.66941811766 4.974 0.019000000000000128 1.0153342322537764 0.011561346817400526 1.0 1.0066864737084098 1.0066864737084098 0.00864775854536659
59770.66943406108 4.974 0.019000000000000128 1.0054560825116934 0.011575293074425416 1.0 1.0066864440941647 1.0066864440941647 -0.001230361582471362
59770.6694500045 4.974 0.019000000000000128 0.9925041883322812 0.01153695888052316 1.0 1.0066864144799195 1.0066864144799195 -0.01418222614763831
59770.66946594792 4.974 0.019000000000000128 1.003413750100398 0.011554653267759224 1.0 1.0066863848656744 1.0066863848656744 -0.0032726347652765053
59770.66948189134 4.974 0.019000000000000128 0.9941809248173075 0.011526993866136955 1.0 1.0066863552514291 1.0066863552514291 -0.012505430434121667
59770.66949783476 4.974 0.019000000000000128 1.0142735026517389 0.011564642236103906 1.0 1.006686325637184 1.006686325637184 0.007587177014554802
59770.66951377818 4.974 0.019000000000000128 1.0060767766183067 0.011508924933639276 1.0 1.0066862960229388 1.0066862960229388 -0.0006095194046320529
59770.66952972161 4.974 0.019000000000000128 1.0119103608055722 0.011566737991397747 1.0 1.0066862664086802 1.0066862664086802 0.005224094396891976
59770.66954566502 4.974 0.019000000000000128 1.0069652306388375 0.01158437535361588 1.0 1.0066862367944485 1.0066862367944485 0.0002789938443890083
59770.66956160844 4.974 0.019000000000000128 0.9881175494419652 0.011497978981812552 1.0 1.0066862071802034 1.0066862071802034 -0.018568657738238237
59770.66957755186 4.974 0.019000000000000128 1.0104011483335331 0.011560723203874959 1.0 1.0066861775659581 1.0066861775659581 0.0037149707675749877
59770.66959349528 4.974 0.019000000000000128 0.9813844543112962 0.01151172866757896 1.0 1.006686147951713 1.006686147951713 -0.0253016936404169
59770.66960943871 4.974 0.019000000000000128 1.0199318967995608 0.011633967895079388 1.0 1.0066861183374542 1.0066861183374542 0.013245778462106506
59770.66962538212 4.974 0.019000000000000128 1.006905557878389 0.01159090123885997 1.0 1.0066860887232227 1.0066860887232227 0.00021946915516624088
59770.66964132555 4.974 0.019000000000000128 1.002938586149109 0.011565434714337092 1.0 1.006686059108964 1.006686059108964 -0.0037474729598550027
59770.66965726897 4.974 0.019000000000000128 1.0050582873907143 0.011536867689410143 1.0 1.0066860294947189 1.0066860294947189 -0.0016277421040045148
59770.66967321238 4.974 0.019000000000000128 1.0139875578338025 0.011635386889705135 1.0 1.0066859998804871 1.0066859998804871 0.00730155795331533
59770.66968915581 4.974 0.019000000000000128 1.0026520533232122 0.01154350775867519 1.0 1.0066859702662285 1.0066859702662285 -0.004033916943016358
59770.66970509923 4.974 0.019000000000000128 1.0162539141245914 0.011589941268107706 1.0 1.0066859406519832 1.0066859406519832 0.009567973472608182
59770.66972104265 4.974 0.019000000000000128 1.0053945282458725 0.011534489700849087 1.0 1.0066859110377382 1.0066859110377382 -0.0012913827918656917
59770.66973698607 4.974 0.019000000000000128 0.987672907617699 0.011480100241403458 1.0 1.006685881423493 1.006685881423493 -0.01901297380579392
59770.66975292949 4.974 0.019000000000000128 0.9930668907693145 0.011587172006521809 1.0 1.0066858518092479 1.0066858518092479 -0.01361896103993332
59770.66976887291 4.974 0.019000000000000128 0.999752864614413 0.011536474584009863 1.0 1.0066858221950028 1.0066858221950028 -0.00693295758058976
59770.66978481634 4.974 0.019000000000000128 0.9997150571273162 0.011546450926681015 1.0 1.006685792580744 1.006685792580744 -0.0069707354534277455
59770.66980075975 4.974 0.019000000000000128 1.0186938696550651 0.011635724213901627 1.0 1.0066857629665125 1.0066857629665125 0.012008106688552678
59770.66981670318 4.974 0.019000000000000128 1.0133860075185679 0.013418608822989926 1.0 1.0066857333522536 1.0066857333522536 0.006700274166314246
59770.66983264659 4.974 0.019000000000000128 0.9784222854595438 0.0114704571514285 1.0 1.0066857037380221 1.0066857037380221 -0.028263418278478336
59770.66984859001 4.974 0.019000000000000128 1.0286246365171883 0.011661049516589125 1.0 1.0066856741237769 1.0066856741237769 0.02193896239341142
59770.66986453344 4.974 0.019000000000000128 1.0057712876960583 0.011556364994644509 1.0 1.0066856445095183 1.0066856445095183 -0.0009143568134599711
59770.66988047685 4.974 0.019000000000000128 1.0104202942419338 0.011555639782724648 1.0 1.0066856148952865 1.0066856148952865 0.003734679346647285
59770.66989642028 4.974 0.019000000000000128 0.996958302357208 0.011548165142555817 1.0 1.006685585281028 1.006685585281028 -0.009727282923819969
59770.6699123637 4.974 0.019000000000000128 1.0097372359922112 0.011591061727965422 1.0 1.0066855556667826 1.0066855556667826 0.003051680325428574
59770.66992830712 4.974 0.019000000000000128 1.0044637647861963 0.011555946074217407 1.0 1.0066855260525376 1.0066855260525376 -0.0022217612663413266
59770.66994425054 4.974 0.019000000000000128 0.989053200749104 0.011499640675662372 1.0 1.0066854964382923 1.0066854964382923 -0.017632295689188338
