eureka_custom_plots/data/stage5_lcfit_results/S5_wasp39b_ap4_bg8_Table_Save_ch56.txt
# %ECSV 1.0
# ---
# datatype:
# - {name: time, datatype: float64}
# - {name: wavelength, datatype: float64}
# - {name: bin_width, datatype: float64}
# - {name: lcdata, datatype: float64}
# - {name: lcerr, datatype: float64}
# - {name: transit, datatype: float64}
# - {name: polynom, datatype: float64}
# - {name: model, datatype: float64}
# - {name: residuals, datatype: float64}
# schema: astropy-2.0
time wavelength bin_width lcdata lcerr transit polynom model residuals
[from data line 4552]
59770.71659469922 5.166 0.018999999999999684 1.0489710037716533 0.013561258015195149 1.0 1.006520407626258 1.006520407626258 0.04245059614539537
59770.71661064264 5.166 0.018999999999999684 0.9941383473419114 0.01341174370828906 1.0 1.006520377002933 1.006520377002933 -0.012382029661021532
59770.71662658606 5.166 0.018999999999999684 1.0166992798213437 0.013505038113614698 1.0 1.0065203463796082 1.0065203463796082 0.010178933441735483
59770.71664252948 5.166 0.018999999999999684 1.0200379808354174 0.013528908896523778 1.0 1.0065203157562834 1.0065203157562834 0.01351766507913399
59770.716658472906 5.166 0.018999999999999684 1.0205857840768244 0.01348622051229875 1.0 1.0065202851329444 1.0065202851329444 0.014065498943879984
59770.71667441632 5.166 0.018999999999999684 1.0168702474083868 0.013468924677137764 1.0 1.0065202545096337 1.0065202545096337 0.010349992898753158
59770.716690359746 5.166 0.018999999999999684 1.0313556214196415 0.01358105519069467 1.0 1.006520223886295 1.006520223886295 0.024835397533346626
59770.71670630316 5.166 0.018999999999999684 1.0125750793409305 0.01346031556196672 1.0 1.006520193262984 1.006520193262984 0.006054886077946575
59770.71672224658 5.166 0.018999999999999684 1.0070373968573283 0.013475619851528016 1.0 1.0065201626396592 1.0065201626396592 0.000517234217669138
59770.71673819 5.166 0.018999999999999684 1.012017620016643 0.013435678322171468 1.0 1.0065201320163344 1.0065201320163344 0.005497488000308692
59770.71675413343 5.166 0.018999999999999684 1.0147558340511507 0.013446072963286346 1.0 1.0065201013929954 1.0065201013929954 0.008235732658155248
59770.71677007685 5.166 0.018999999999999684 0.9900758648405372 0.013406020071637256 1.0 1.0065200707696706 1.0065200707696706 -0.016444205929133426
59770.71678602026 5.166 0.018999999999999684 0.9926662204069479 0.01341757089432549 1.0 1.0065200401463599 1.0065200401463599 -0.013853819739412021
59770.71680196369 5.166 0.018999999999999684 1.0018638982260222 0.0134246861591415 1.0 1.006520009523021 1.006520009523021 -0.004656111296998722
59770.7168179071 5.166 0.018999999999999684 1.0090854523092547 0.01345573148951314 1.0 1.0065199788997101 1.0065199788997101 0.0025654734095446052
59770.71683385053 5.166 0.018999999999999684 0.9917708642656456 0.013401671789283573 1.0 1.0065199482763714 1.0065199482763714 -0.014749084010725722
59770.71684979394 5.166 0.018999999999999684 1.0114229914534265 0.013491907337341584 1.0 1.0065199176530604 1.0065199176530604 0.004903073800366142
59770.71686573737 5.166 0.018999999999999684 0.9974321882065647 0.013391835110044421 1.0 1.0065198870297216 1.0065198870297216 -0.009087698823156964
59770.71688168079 5.166 0.018999999999999684 0.9949979447911056 0.013412151072993974 1.0 1.0065198564063969 1.0065198564063969 -0.011521911615291258
59770.7168976242 5.166 0.018999999999999684 1.000216952151021 0.01349538957468291 1.0 1.0065198257830859 1.0065198257830859 -0.0063028736320649426
59770.71691356763 5.166 0.018999999999999684 1.0111351646955773 0.01346022239801717 1.0 1.006519795159747 1.006519795159747 0.004615369535830194
59770.71692951104 5.166 0.018999999999999684 1.0090123060918221 0.013457774403500107 1.0 1.0065197645364363 1.0065197645364363 0.0024925415553858077
59770.71694545447 5.166 0.018999999999999684 1.0001033463443436 0.01344340037999543 1.0 1.0065197339130973 1.0065197339130973 -0.006416387568753734
59770.716961397884 5.166 0.018999999999999684 1.0115860820546647 0.013456640457525839 1.0 1.0065197032897866 1.0065197032897866 0.005066378764878143
59770.71697734131 5.166 0.018999999999999684 0.9922455373021419 0.01341317497488393 1.0 1.0065196726664478 1.0065196726664478 -0.014274135364305884
59770.71699328473 5.166 0.018999999999999684 0.9997829486993849 0.013397464341090928 1.0 1.0065196420431228 1.0065196420431228 -0.006736693343737943
59770.717009228145 5.166 0.018999999999999684 1.0042465630099224 0.013405219618801296 1.0 1.006519611419812 1.006519611419812 -0.002273048409889622
59770.71702517157 5.166 0.018999999999999684 1.005438296974097 0.013418148116980366 1.0 1.0065195807964733 1.0065195807964733 -0.0010812838223763777
59770.71704111499 5.166 0.018999999999999684 0.9738498479826622 0.01340076558388769 1.0 1.0065195501731483 1.0065195501731483 -0.03266970219048615
59770.71705705841 5.166 0.018999999999999684 1.0030050106399382 0.013405579882255336 1.0 1.0065195195498235 1.0065195195498235 -0.003514508909885361
59770.717073001826 5.166 0.018999999999999684 1.0063138518132464 0.013470835174956064 1.0 1.0065194889265128 1.0065194889265128 -0.00020563711326637701
59770.71708894525 5.166 0.018999999999999684 0.9954470671317417 0.013424406508249774 1.0 1.0065194583031738 1.0065194583031738 -0.011072391171432105
59770.717104888674 5.166 0.018999999999999684 1.0264869942255817 0.01348910894671237 1.0 1.006519427679849 1.006519427679849 0.019967566545732618
59770.717120832094 5.166 0.018999999999999684 1.0137343163487944 0.013453280082498567 1.0 1.0065193970565243 1.0065193970565243 0.007214919292270139
59770.717136775515 5.166 0.018999999999999684 1.010336041106853 0.013467972992677832 1.0 1.0065193664331993 1.0065193664331993 0.0038166746736536528
59770.717152718935 5.166 0.018999999999999684 1.0020987921775795 0.013451486592157228 1.0 1.0065193358098745 1.0065193358098745 -0.004420543632295049
59770.717168662355 5.166 0.018999999999999684 1.0061094013127965 0.013388578242574825 1.0 1.0065193051865498 1.0065193051865498 -0.0004099038737532812
59770.71718460577 5.166 0.018999999999999684 1.0138722250550412 0.015114397461479983 1.0 1.0065192745632388 1.0065192745632388 0.007352950491802401
59770.717200549196 5.166 0.018999999999999684 1.001299835872776 0.013470393010204654 1.0 1.0065192439399 1.0065192439399 -0.005219408067123954
59770.717216492616 5.166 0.018999999999999684 1.0141687607298435 0.013520517451296576 1.0 1.0065192133165752 1.0065192133165752 0.007649547413268287
59770.717232436036 5.166 0.018999999999999684 1.0108667622363374 0.013544831177752034 1.0 1.0065191826932502 1.0065191826932502 0.004347579543087177
59770.71724837946 5.166 0.018999999999999684 1.0063094410951756 0.013491863243837337 1.0 1.0065191520699255 1.0065191520699255 -0.000209710974749866
59770.71726432288 5.166 0.018999999999999684 0.9933239130431032 0.01343816844904829 1.0 1.0065191214466007 1.0065191214466007 -0.013195208403497527
59770.7172802663 5.166 0.018999999999999684 1.0083309922703867 0.01347837473022613 1.0 1.0065190908232757 1.0065190908232757 0.001811901447110964
59770.71729620972 5.166 0.018999999999999684 0.9989689701484136 0.01340897913353907 1.0 1.006519060199951 1.006519060199951 -0.007550090051537395
59770.71731215314 5.166 0.018999999999999684 0.9737450934017453 0.013390734745321414 1.0 1.0065190295766262 1.0065190295766262 -0.03277393617488089
59770.71732809656 5.166 0.018999999999999684 0.9652800754544658 0.013361686834216234 1.0 1.0065189989533012 1.0065189989533012 -0.0412389234988354
59770.71734403998 5.166 0.018999999999999684 0.971056723587187 0.013338039392283087 1.0 1.0065189683299764 1.0065189683299764 -0.03546224474278947
59770.7173599834 5.166 0.018999999999999684 1.0161393394972171 0.01350899217019664 1.0 1.0065189377066517 1.0065189377066517 0.009620401790565447
59770.71737592682 5.166 0.018999999999999684 0.9873308439625573 0.013392376737242683 1.0 1.0065189070833267 1.0065189070833267 -0.019188063120769372
59770.71739187024 5.166 0.018999999999999684 1.0245733906630214 0.013508575672042554 1.0 1.006518876460002 1.006518876460002 0.01805451420301951
59770.71740781366 5.166 0.018999999999999684 1.0057931899800332 0.01349184335273186 1.0 1.0065188458366772 1.0065188458366772 -0.0007256558566439697
59770.71742375708 5.166 0.018999999999999684 0.9841694866558767 0.013416035625373886 1.0 1.0065188152133522 1.0065188152133522 -0.022349328557475512
59770.7174397005 5.166 0.018999999999999684 1.000970669437861 0.013424757464020156 1.0 1.0065187845900274 1.0065187845900274 -0.005548115152166355
59770.71745564392 5.166 0.018999999999999684 0.9919284942168789 0.013386507178512148 1.0 1.0065187539667027 1.0065187539667027 -0.014590259749823753
59770.71747158734 5.166 0.018999999999999684 0.9996013637193101 0.013420853727640056 1.0 1.0065187233433777 1.0065187233433777 -0.006917359624067587
59770.71748753076 5.166 0.018999999999999684 1.022277265747673 0.013500653582069722 1.0 1.006518692720053 1.006518692720053 0.015758573027620182
59770.71750347419 5.166 0.018999999999999684 1.01001602379104 0.013470645051163115 1.0 1.0065186620967141 1.0065186620967141 0.0034973616943259067
59770.7175194176 5.166 0.018999999999999684 0.9999809229758819 0.0134601455686485 1.0 1.0065186314734031 1.0065186314734031 -0.006537708497521222
59770.71753536102 5.166 0.018999999999999684 1.01391663832129 0.013484749851196588 1.0 1.0065186008500784 1.0065186008500784 0.007398037471211705
59770.71755130444 5.166 0.018999999999999684 1.0241548817540278 0.013493221984574663 1.0 1.0065185702267536 1.0065185702267536 0.017636311527274184
59770.71756724786 5.166 0.018999999999999684 0.996871534089482 0.013426991099643903 1.0 1.0065185396034286 1.0065185396034286 -0.009647005513946594
59770.71758319129 5.166 0.018999999999999684 1.0171704079162853 0.013502136594158918 1.0 1.0065185089800899 1.0065185089800899 0.010651898936195447
59770.7175991347 5.166 0.018999999999999684 1.035025282066597 0.013576304346057869 1.0 1.006518478356779 1.006518478356779 0.02850680370981795
59770.71761507813 5.166 0.018999999999999684 1.008068290494742 0.013420412332602376 1.0 1.0065184477334401 1.0065184477334401 0.0015498427613018784
59770.717631021544 5.166 0.018999999999999684 1.01944989764827 0.013479909548015014 1.0 1.0065184171101293 1.0065184171101293 0.012931480538140638
59770.717646964964 5.166 0.018999999999999684 1.0108939473658507 0.013499357928591705 1.0 1.0065183864868046 1.0065183864868046 0.004375560879046114
59770.717662908384 5.166 0.018999999999999684 0.9874837159162035 0.013448084316750597 1.0 1.0065183558634796 1.0065183558634796 -0.019034639947276055
59770.717678851805 5.166 0.018999999999999684 1.006812286732316 0.01342750676449142 1.0 1.0065183252401548 1.0065183252401548 0.0002939614921610989
59770.71769479523 5.166 0.018999999999999684 1.0143323603607366 0.01350609511851145 1.0 1.006518294616816 1.006518294616816 0.007814065743920517
59770.717710738645 5.166 0.018999999999999684 1.0151481304375538 0.013495800697572289 1.0 1.006518263993505 1.006518263993505 0.008629866444048728
59770.71772668207 5.166 0.018999999999999684 0.9959587610170194 0.013432901386745244 1.0 1.0065182333701663 1.0065182333701663 -0.010559472353146915
59770.717742625486 5.166 0.018999999999999684 1.0272588405221557 0.01354853743914794 1.0 1.0065182027468556 1.0065182027468556 0.020740637775300108
59770.71775856891 5.166 0.018999999999999684 1.003377987990831 0.013452250326967766 1.0 1.0065181721235166 1.0065181721235166 -0.003140184132685464
59770.717774512326 5.166 0.018999999999999684 0.9958023917066487 0.013419190271628714 1.0 1.0065181415002058 1.0065181415002058 -0.01071574979355705
59770.717790455754 5.166 0.018999999999999684 1.0131203624626803 0.013473369003714836 1.0 1.006518110876867 1.006518110876867 0.00660225158581329
59770.717806399174 5.166 0.018999999999999684 0.9938820542867388 0.01345703312836804 1.0 1.006518080253542 1.006518080253542 -0.012636025966803244
59770.71782234259 5.166 0.018999999999999684 1.015900463494301 0.013469736656086364 1.0 1.0065180496302313 1.0065180496302313 0.009382413864069683
59770.717838286015 5.166 0.018999999999999684 1.0079046986654538 0.01348694668338129 1.0 1.0065180190068925 1.0065180190068925 0.0013866796585613184
59770.71785422943 5.166 0.018999999999999684 1.0058235931017638 0.013475539929902572 1.0 1.0065179883835815 1.0065179883835815 -0.0006943952818176946
59770.717870172855 5.166 0.018999999999999684 1.0003253494754623 0.01339748142816433 1.0 1.0065179577602428 1.0065179577602428 -0.006192608284780521
59770.71788611627 5.166 0.018999999999999684 1.0270475529214453 0.013547156694336997 1.0 1.006517927136932 1.006517927136932 0.02052962578451334
59770.717902059696 5.166 0.018999999999999684 0.9768425996696752 0.0133611509612756 1.0 1.006517896513593 1.006517896513593 -0.029675296843917787
59770.71791800311 5.166 0.018999999999999684 1.0112663713714625 0.013453896061228036 1.0 1.0065178658902822 1.0065178658902822 0.004748505481180221
59770.71793394653 5.166 0.018999999999999684 1.0023956669981262 0.01341009621483274 1.0 1.0065178352669575 1.0065178352669575 -0.004122168268831272
59770.71794988996 5.166 0.018999999999999684 0.9972280076248469 0.01339828606907566 1.0 1.0065178046436185 1.0065178046436185 -0.00928979701877164
59770.71796583338 5.166 0.018999999999999684 0.9928412714816951 0.013394734114001864 1.0 1.0065177740202937 1.0065177740202937 -0.013676502538598645
59770.7179817768 5.166 0.018999999999999684 0.993117431026026 0.013430067429804357 1.0 1.006517743396969 1.006517743396969 -0.013400312370942968
59770.71799772021 5.166 0.018999999999999684 1.024805407304611 0.013490370240016907 1.0 1.006517712773658 1.006517712773658 0.018287694530952914
59770.71801366364 5.166 0.018999999999999684 1.0144628886657083 0.013469467402395888 1.0 1.0065176821503192 1.0065176821503192 0.007945206515389103
59770.71802960705 5.166 0.018999999999999684 0.9969994689832672 0.013439221984839654 1.0 1.0065176515270085 1.0065176515270085 -0.00951818254374126
59770.71804555048 5.166 0.018999999999999684 1.0332964389346684 0.013556926862337115 1.0 1.0065176209036695 1.0065176209036695 0.026778818030998908
59770.7180614939 5.166 0.018999999999999684 1.0006361513104176 0.013458344579308201 1.0 1.0065175902803447 1.0065175902803447 -0.0058814389699271
59770.71807743732 5.166 0.018999999999999684 0.9703497340927881 0.013423343617372449 1.0 1.00651755965702 1.00651755965702 -0.036167825564231815
59770.71809338074 5.166 0.018999999999999684 1.0009306129388855 0.01347696505423425 1.0 1.006517529033695 1.006517529033695 -0.005586916094809435
59770.71810932415 5.166 0.018999999999999684 0.9969515719827484 0.0134513280036355 1.0 1.0065174984103842 1.0065174984103842 -0.009565926427635763
59770.71812526758 5.166 0.018999999999999684 0.9946559635613154 0.013447078266175045 1.0 1.0065174677870454 1.0065174677870454 -0.011861504225730068
59770.71814121099 5.166 0.018999999999999684 1.0092682370588697 0.01348346300747857 1.0 1.0065174371637344 1.0065174371637344 0.0027507998951352697
59770.71815715442 5.166 0.018999999999999684 0.9995364201118152 0.013477027091687752 1.0 1.0065174065403957 1.0065174065403957 -0.006980986428580471
59770.71817309784 5.166 0.018999999999999684 1.0155126958155516 0.013491617920749618 1.0 1.006517375917071 1.006517375917071 0.00899531989848068
59770.71818904126 5.166 0.018999999999999684 1.0112078691113342 0.013538973815540213 1.0 1.006517345293746 1.006517345293746 0.004690523817588277
59770.71820498468 5.166 0.018999999999999684 0.9936909265566961 0.013474947376111851 1.0 1.0065173146704212 1.0065173146704212 -0.012826388113725051
59770.718220928095 5.166 0.018999999999999684 1.0202068061636715 0.013485018722363884 1.0 1.0065172840471104 1.0065172840471104 0.01368952211656116
59770.71823687152 5.166 0.018999999999999684 0.9892535561470343 0.013408991351150428 1.0 1.0065172534237714 1.0065172534237714 -0.017263697276737155
59770.71825281494 5.166 0.018999999999999684 1.0181389489716923 0.013487018644653192 1.0 1.0065172228004466 1.0065172228004466 0.011621726171245683
59770.71826875836 5.166 0.018999999999999684 0.9931953723618563 0.01342571383870109 1.0 1.0065171921771219 1.0065171921771219 -0.01332181981526559
59770.71828470178 5.166 0.018999999999999684 0.9887447189681305 0.01341505633281946 1.0 1.006517161553797 1.006517161553797 -0.017772442585666348
