eureka_custom_plots/data/stage5_lcfit_results/S5_wasp39b_ap4_bg8_Table_Save_ch15.txt
# %ECSV 1.0
# ---
# datatype:
# - {name: time, datatype: float64}
# - {name: wavelength, datatype: float64}
# - {name: bin_width, datatype: float64}
# - {name: lcdata, datatype: float64}
# - {name: lcerr, datatype: float64}
# - {name: transit, datatype: float64}
# - {name: polynom, datatype: float64}
# - {name: model, datatype: float64}
# - {name: residuals, datatype: float64}
# schema: astropy-2.0
time wavelength bin_width lcdata lcerr transit polynom model residuals
[from data line 18648]
59770.94133314075 3.5940000000000003 0.018999999999999906 1.0008794014241882 0.005394820906236728 1.0 1.0057342939079077 1.0057342939079077 -0.004854892483719508
59770.94134908416 3.5940000000000003 0.018999999999999906 1.0044509190632886 0.00540517927058884 1.0 1.0057342118444548 1.0057342118444548 -0.0012832927811661232
59770.94136502759 3.5940000000000003 0.018999999999999906 1.0079236019660116 0.005395000967748473 1.0 1.0057341297809268 1.0057341297809268 0.0021894721850848065
59770.941380971 3.5940000000000003 0.018999999999999906 1.0166404649059848 0.005416382037675641 1.0 1.0057340477174737 1.0057340477174737 0.010906417188511153
59770.941396914415 3.5940000000000003 0.018999999999999906 1.010564101868283 0.00540405918967868 1.0 1.0057339656540207 1.0057339656540207 0.004830136214262204
59770.94141285784 3.5940000000000003 0.018999999999999906 1.0031134367352175 0.005394249359731554 1.0 1.0057338835904928 1.0057338835904928 -0.0026204468552752935
59770.941428801256 3.5940000000000003 0.018999999999999906 1.0061610148449107 0.005392909109014429 1.0 1.0057338015270396 1.0057338015270396 0.0004272133178711002
59770.941444744676 3.5940000000000003 0.018999999999999906 1.0111500487527307 0.005416095962678755 1.0 1.0057337194635492 1.0057337194635492 0.005416329289181565
59770.9414606881 3.5940000000000003 0.018999999999999906 1.0071266361996576 0.005401745772397202 1.0 1.0057336374000587 1.0057336374000587 0.0013929987995988657
59770.94147663152 3.5940000000000003 0.018999999999999906 0.9983681840069353 0.005379004880083663 1.0 1.0057335553365683 1.0057335553365683 -0.007365371329632997
59770.94149257493 3.5940000000000003 0.018999999999999906 1.00830174930952 0.005401571540583639 1.0 1.0057334732731151 1.0057334732731151 0.0025682760364049706
59770.94150851836 3.5940000000000003 0.018999999999999906 1.0039841129966243 0.00539431019727689 1.0 1.0057333912095872 1.0057333912095872 -0.0017492782129628903
59770.94152446177 3.5940000000000003 0.018999999999999906 1.003505354356827 0.005383803469704755 1.0 1.0057333091461342 1.0057333091461342 -0.0022279547893071516
59770.94154040519 3.5940000000000003 0.018999999999999906 1.0027590007436344 0.005387000323889956 1.0 1.0057332270826438 1.0057332270826438 -0.002974226339009345
59770.94155634861 3.5940000000000003 0.018999999999999906 1.0104175171641792 0.005407763935434952 1.0 1.0057331450191533 1.0057331450191533 0.004684372145025817
59770.941572292024 3.5940000000000003 0.018999999999999906 1.0075140859877505 0.0053937802920440885 1.0 1.0057330629557002 1.0057330629557002 0.0017810230320502995
59770.941588235444 3.5940000000000003 0.018999999999999906 1.0059490471613268 0.00540316265307444 1.0 1.0057329808922097 1.0057329808922097 0.00021606626911707671
59770.941604178865 3.5940000000000003 0.018999999999999906 1.0036117053608806 0.005396280565892444 1.0 1.0057328988287193 1.0057328988287193 -0.002121193467838678
59770.941620122285 3.5940000000000003 0.018999999999999906 1.0047791034374771 0.006612220268357075 1.0 1.0057328167652286 1.0057328167652286 -0.0009537133277515153
59770.9416360657 3.5940000000000003 0.018999999999999906 1.000019751603372 0.005390803312774896 1.0 1.0057327347017757 1.0057327347017757 -0.005712983098403734
59770.941652009125 3.5940000000000003 0.018999999999999906 1.010490454216999 0.005411733094225973 1.0 1.0057326526382477 1.0057326526382477 0.004757801578751275
59770.94166795254 3.5940000000000003 0.018999999999999906 1.013229697308305 0.005407817392794017 1.0 1.0057325705747948 1.0057325705747948 0.007497126733510218
59770.94168389595 3.5940000000000003 0.018999999999999906 1.0089582467971652 0.0054102846436423395 1.0 1.0057324885113417 1.0057324885113417 0.003225758285823499
59770.94169983937 3.5940000000000003 0.018999999999999906 0.9961993780669102 0.005374223784071748 1.0 1.0057324064478512 1.0057324064478512 -0.009533028380941055
59770.9417157828 3.5940000000000003 0.018999999999999906 0.9923348380324535 0.005363396084539097 1.0 1.0057323243843233 1.0057323243843233 -0.01339748635186977
59770.94173172621 3.5940000000000003 0.018999999999999906 1.008993845148209 0.005401495273367766 1.0 1.00573224232087 1.00573224232087 0.003261602827338894
59770.941747669625 3.5940000000000003 0.018999999999999906 1.0069982688118142 0.00540899892083718 1.0 1.0057321602574172 1.0057321602574172 0.0012661085543970163
59770.94176361305 3.5940000000000003 0.018999999999999906 0.9990415332714329 0.005379715900806316 1.0 1.0057320781938892 1.0057320781938892 -0.006690544922456354
59770.941779556466 3.5940000000000003 0.018999999999999906 0.9997091033805625 0.005374832222985943 1.0 1.0057319961304363 1.0057319961304363 -0.006022892749873776
59770.941795499886 3.5940000000000003 0.018999999999999906 1.0113508122443664 0.005417850451164251 1.0 1.0057319140669456 1.0057319140669456 0.005618898177420784
59770.94181144331 3.5940000000000003 0.018999999999999906 1.00519819193865 0.005401668126272848 1.0 1.0057318320034552 1.0057318320034552 -0.0005336400648052742
59770.94182738673 3.5940000000000003 0.018999999999999906 1.0064566896094713 0.00540071854027119 1.0 1.0057317499399647 1.0057317499399647 0.0007249396695065968
59770.94184333014 3.5940000000000003 0.018999999999999906 1.0064598273793302 0.005397325322968932 1.0 1.0057316678765116 1.0057316678765116 0.0007281595028185706
59770.94185927356 3.5940000000000003 0.018999999999999906 1.006075151666756 0.005405727880291757 1.0 1.0057315858130211 1.0057315858130211 0.00034356585373496173
59770.94187521698 3.5940000000000003 0.018999999999999906 1.0020930592933346 0.005383724794149333 1.0 1.0057315037495307 1.0057315037495307 -0.0036384444561960994
59770.94189116039 3.5940000000000003 0.018999999999999906 1.0037259288177345 0.005389184895436186 1.0 1.0057314216860778 1.0057314216860778 -0.0020054928683432838
59770.94190710382 3.5940000000000003 0.018999999999999906 1.0042159884186743 0.005393314950168703 1.0 1.0057313396225498 1.0057313396225498 -0.0015153512038754702
59770.941923047234 3.5940000000000003 0.018999999999999906 1.0083292908106305 0.005405097313362148 1.0 1.0057312575590966 1.0057312575590966 0.002598033251533849
59770.941938990654 3.5940000000000003 0.018999999999999906 1.000573130252845 0.005390182650534977 1.0 1.0057311754956062 1.0057311754956062 -0.005158045242761089
59770.941954934075 3.5940000000000003 0.018999999999999906 1.0046831777594527 0.005402337818280736 1.0 1.0057310934321158 1.0057310934321158 -0.0010479156726630467
59770.94197087749 3.5940000000000003 0.018999999999999906 1.0077751571086542 0.005404005226926153 1.0 1.0057310113686626 1.0057310113686626 0.0020441457399915652
59770.94198682091 3.5940000000000003 0.018999999999999906 1.003462756949507 0.005387547042879557 1.0 1.0057309293051722 1.0057309293051722 -0.0022681723556652322
59770.942002764335 3.5940000000000003 0.018999999999999906 1.004195846450704 0.005395663222115331 1.0 1.0057308472416442 1.0057308472416442 -0.0015350007909402663
59770.94201870775 3.5940000000000003 0.018999999999999906 1.006526735813712 0.005401313959532321 1.0 1.0057307651781913 1.0057307651781913 0.0007959706355207263
59770.94203465116 3.5940000000000003 0.018999999999999906 1.0130318642326006 0.005402950509857132 1.0 1.0057306831147381 1.0057306831147381 0.0073011811178624875
59770.94205059459 3.5940000000000003 0.018999999999999906 1.0023923041762441 0.0053877920169875465 1.0 1.0057306010512101 1.0057306010512101 -0.003338296874966007
59770.942066538 3.5940000000000003 0.018999999999999906 1.005847306360288 0.005399177986532826 1.0 1.0057305189877572 1.0057305189877572 0.00011678737253073557
59770.94208248142 3.5940000000000003 0.018999999999999906 0.9983438022887533 0.005388399956417914 1.0 1.0057304369242668 1.0057304369242668 -0.007386634635513478
59770.94209842484 3.5940000000000003 0.018999999999999906 1.002190878828661 0.005385119855496915 1.0 1.005730354860776 1.005730354860776 -0.0035394760321150187
59770.94211436826 3.5940000000000003 0.018999999999999906 1.0059805797262404 0.005390769685398018 1.0 1.0057302727972857 1.0057302727972857 0.0002503069289547799
59770.942130311676 3.5940000000000003 0.018999999999999906 1.0002446545016328 0.005383607877992288 1.0 1.0057301907338327 1.0057301907338327 -0.005485536232199939
59770.942146255096 3.5940000000000003 0.018999999999999906 1.0054520242838234 0.005395535735211712 1.0 1.005730108670342 1.005730108670342 -0.0002780843865186622
59770.94216219852 3.5940000000000003 0.018999999999999906 0.997992095129487 0.005388510762993695 1.0 1.0057300266068516 1.0057300266068516 -0.007737931477364679
59770.94217814194 3.5940000000000003 0.018999999999999906 0.9962697795550063 0.0053862645281369526 1.0 1.0057299445433612 1.0057299445433612 -0.009460164988354891
59770.94219408535 3.5940000000000003 0.018999999999999906 1.0072208429358247 0.005401788368053728 1.0 1.0057298624799083 1.0057298624799083 0.0014909804559164463
59770.94221002877 3.5940000000000003 0.018999999999999906 1.0042715247928107 0.0053926404744181365 1.0 1.0057297804164176 1.0057297804164176 -0.0014582556236069077
59770.94222597219 3.5940000000000003 0.018999999999999906 1.0073518511270805 0.005399950836403665 1.0 1.0057296983529271 1.0057296983529271 0.0016221527741533404
59770.9422419156 3.5940000000000003 0.018999999999999906 1.003706220127718 0.0053991357206658215 1.0 1.0057296162894742 1.0057296162894742 -0.0020233961617561746
59770.94225785903 3.5940000000000003 0.018999999999999906 1.01322540979236 0.005413747631553514 1.0 1.0057295342259462 1.0057295342259462 0.0074958755664138454
59770.942273802444 3.5940000000000003 0.018999999999999906 1.005700637829026 0.005401216640791154 1.0 1.005729452162493 1.005729452162493 -2.8814333467019893e-05
59770.942289745864 3.5940000000000003 0.018999999999999906 1.0059995998589473 0.005395777644756086 1.0 1.0057293700990027 1.0057293700990027 0.00027022975994461795
59770.942305689285 3.5940000000000003 0.018999999999999906 1.0018827482117691 0.005386801498880034 1.0 1.0057292880355122 1.0057292880355122 -0.003846539823743056
59770.9423216327 3.5940000000000003 0.018999999999999906 1.0039003831630913 0.005389255682952714 1.0 1.005729205972059 1.005729205972059 -0.0018288228089677894
59770.94233757612 3.5940000000000003 0.018999999999999906 1.0011006519860302 0.005392236437725875 1.0 1.0057291239085686 1.0057291239085686 -0.004628471922538457
59770.94235351954 3.5940000000000003 0.018999999999999906 1.0000374724559078 0.005384923418761116 1.0 1.0057290418450782 1.0057290418450782 -0.00569156938917037
59770.94236946296 3.5940000000000003 0.018999999999999906 1.0066955605838852 0.00540278086844124 1.0 1.0057289597815877 1.0057289597815877 0.0009666008022974903
59770.94238540637 3.5940000000000003 0.018999999999999906 1.005255055141865 0.005392718201989435 1.0 1.0057288777181346 1.0057288777181346 -0.0004738225762694892
59770.9424013498 3.5940000000000003 0.018999999999999906 1.001599432820904 0.005390797436288682 1.0 1.0057287956546066 1.0057287956546066 -0.004129362833702688
59770.94241729321 3.5940000000000003 0.018999999999999906 1.0022205468241245 0.005380047280601319 1.0 1.0057287135911537 1.0057287135911537 -0.0035081667670291417
59770.942433236625 3.5940000000000003 0.018999999999999906 1.0034582802085221 0.005391335019652573 1.0 1.0057286315277005 1.0057286315277005 -0.0022703513191784097
59770.94244918005 3.5940000000000003 0.018999999999999906 1.011711066530817 0.005401460894884726 1.0 1.0057285494641728 1.0057285494641728 0.005982517066644322
59770.94246512347 3.5940000000000003 0.018999999999999906 0.9985587675404604 0.005385544662507492 1.0 1.0057284674006821 1.0057284674006821 -0.0071696998602217565
59770.942481066886 3.5940000000000003 0.018999999999999906 1.015435804180161 0.005413300668604336 1.0 1.0057283853372292 1.0057283853372292 0.009707418842931803
59770.94249701031 3.5940000000000003 0.018999999999999906 1.0106620921665668 0.005406239915252398 1.0 1.0057283032737387 1.0057283032737387 0.004933788892828028
59770.94251295373 3.5940000000000003 0.018999999999999906 1.006183257038822 0.00540605660536186 1.0 1.005728221210248 1.005728221210248 0.00045503582857397973
59770.94252889714 3.5940000000000003 0.018999999999999906 1.0025594696911326 0.00539297220725193 1.0 1.0057281391467952 1.0057281391467952 -0.0031686694556625206
59770.94254484057 3.5940000000000003 0.018999999999999906 1.0022890020873436 0.005393968672879861 1.0 1.0057280570832672 1.0057280570832672 -0.003439054995923563
59770.94256078398 3.5940000000000003 0.018999999999999906 1.0057649924545016 0.005404896367549009 1.0 1.0057279750198143 1.0057279750198143 3.701743468731422e-05
59770.9425767274 3.5940000000000003 0.018999999999999906 1.004809813430331 0.005396793661019418 1.0 1.0057278929563236 1.0057278929563236 -0.0009180795259926544
59770.94259267082 3.5940000000000003 0.018999999999999906 1.0027117106196832 0.0053999129187620315 1.0 1.0057278108928331 1.0057278108928331 -0.003016100273149913
59770.942608614234 3.5940000000000003 0.018999999999999906 1.0085881668857382 0.005403017781362222 1.0 1.0057277288293802 1.0057277288293802 0.002860438056357939
59770.942624557654 3.5940000000000003 0.018999999999999906 1.004800761534321 0.005398282050535424 1.0 1.0057276467658895 1.0057276467658895 -0.000926885231568475
59770.942640501074 3.5940000000000003 0.018999999999999906 1.0122943177384836 0.005410073264594226 1.0 1.005727564702399 1.005727564702399 0.0065667530360844495
59770.942656444495 3.5940000000000003 0.018999999999999906 1.0047529306765146 0.0053969725626663015 1.0 1.0057274826389087 1.0057274826389087 -0.0009745519623940435
59770.94267238791 3.5940000000000003 0.018999999999999906 1.0018344587177166 0.005386993041088904 1.0 1.0057274005754557 1.0057274005754557 -0.0038929418577391406
59770.94268833133 3.5940000000000003 0.018999999999999906 1.0111735567398423 0.005409175455554567 1.0 1.005727318511965 1.005727318511965 0.005446238227877265
59770.94270427475 3.5940000000000003 0.018999999999999906 1.0111572961320834 0.00540483342078223 1.0 1.0057272364484746 1.0057272364484746 0.005430059683608768
59770.94272021817 3.5940000000000003 0.018999999999999906 1.0022077721321117 0.005390126622897221 1.0 1.0057271543849842 1.0057271543849842 -0.003519382252872516
59770.94273616158 3.5940000000000003 0.018999999999999906 1.0105138028348912 0.005400204340106141 1.0 1.005727072321531 1.005727072321531 0.0047867305133602045
59770.94275210501 3.5940000000000003 0.018999999999999906 1.0053142522597174 0.0053954230731131465 1.0 1.0057269902580033 1.0057269902580033 -0.00041273799828589475
59770.94276804842 3.5940000000000003 0.018999999999999906 1.0050104835506501 0.005396296257053952 1.0 1.0057269081945501 1.0057269081945501 -0.0007164246438999822
59770.942783991835 3.5940000000000003 0.018999999999999906 1.0099651321287328 0.005403873083300423 1.0 1.0057268261310972 1.0057268261310972 0.0042383059976356385
59770.94279993526 3.5940000000000003 0.018999999999999906 1.018789540972853 0.00542873023569397 1.0 1.0057267440675692 1.0057267440675692 0.013062796905283669
59770.942815878676 3.5940000000000003 0.018999999999999906 1.0086915347333627 0.005401850886886193 1.0 1.005726662004116 1.005726662004116 0.002964872729246615
59770.942831822096 3.5940000000000003 0.018999999999999906 1.0053599976754246 0.005402391967555046 1.0 1.0057265799406256 1.0057265799406256 -0.000366582265201032
59770.94284776552 3.5940000000000003 0.018999999999999906 1.0081495122249098 0.005395494500218144 1.0 1.0057264978771352 1.0057264978771352 0.002423014347774588
59770.94286370894 3.5940000000000003 0.018999999999999906 1.0074391057905008 0.005394364645255947 1.0 1.0057264158136447 1.0057264158136447 0.00171268997685603
59770.94287965235 3.5940000000000003 0.018999999999999906 1.0081801870584293 0.005396885643979918 1.0 1.0057263337501916 1.0057263337501916 0.0024538533082376635
