eureka_custom_plots/data/stage5_lcfit_results/S5_wasp39b_ap4_bg8_Table_Save_ch12.txt
# %ECSV 1.0
# ---
# datatype:
# - {name: time, datatype: float64}
# - {name: wavelength, datatype: float64}
# - {name: bin_width, datatype: float64}
# - {name: lcdata, datatype: float64}
# - {name: lcerr, datatype: float64}
# - {name: transit, datatype: float64}
# - {name: polynom, datatype: float64}
# - {name: model, datatype: float64}
# - {name: residuals, datatype: float64}
# schema: astropy-2.0
time wavelength bin_width lcdata lcerr transit polynom model residuals
[from data line 10772]
59770.81576277173 3.479 0.019000000000000128 0.9860065169060287 0.004964587338522647 0.9779088785358643 1.0063905281760073 0.9841582327777154 0.0018482841283132823
59770.81577871515 3.479 0.019000000000000128 0.9862567824939913 0.004958152064730172 0.9779085904157159 1.0063904524635816 0.9841578687764956 0.0020989137174957095
59770.81579465857 3.479 0.019000000000000128 0.9764988077496148 0.0049406819547773905 0.9779083026536977 1.0063903767511562 0.9841575051357384 -0.00765869738612357
59770.81581060199 3.479 0.019000000000000128 0.9798845023623148 0.0049465043334043874 0.9779080152494403 1.0063903010387307 0.9841571418550719 -0.004272639492757024
59770.81582654541 3.479 0.019000000000000128 0.9830071649502051 0.004958170735758139 0.9779077282025748 1.006390225326305 0.9841567789341243 -0.0011496139839192177
59770.815842488824 3.479 0.019000000000000128 0.9886130329562789 0.004962253628218083 0.9779074415128658 1.0063901496139143 0.9841564163726931 0.00445661658358576
59770.81585843225 3.479 0.019000000000000128 0.98191761738769 0.004958882232461073 0.977907155179548 1.0063900739014542 0.9841560541699061 -0.0022384367822161355
59770.815874375665 3.479 0.019000000000000128 0.994782221900322 0.004975499053178969 0.9779068692027759 1.0063899981890632 0.984155692326054 0.010626529574267907
59770.81589031909 3.479 0.019000000000000128 0.9949464936859804 0.004977587519426047 0.9779065835816789 1.006389922476603 0.9841553308401256 0.010791162845854796
59770.815906262505 3.479 0.019000000000000128 0.977278736703073 0.004950365110403669 0.9779062983163869 1.006389846764212 0.9841549697123865 -0.006876233009313504
59770.815922205926 3.479 0.019000000000000128 0.9848181318935734 0.004953489060334216 0.9779060134061628 1.0063897710517866 0.9841546089419936 0.0006635229515797869
59770.815938149346 3.479 0.019000000000000128 0.9821400851115462 0.00496035282995566 0.9779057288507665 1.0063896953393612 0.9841542485287389 -0.002014163417192738
59770.81595409276 3.479 0.019000000000000128 0.9912533750243046 0.004969450494075997 0.9779054446499652 1.0063896196269702 0.9841538884724216 0.007099486551882972
59770.81597003619 3.479 0.019000000000000128 0.9716059396713724 0.004937044126838471 0.9779051608030013 1.00638954391451 0.9841535287721781 -0.012547589100805667
59770.81598597961 3.479 0.019000000000000128 0.9799326326560945 0.004947132650564448 0.9779048773099063 1.0063894682020846 0.9841531694281414 -0.004220536772046812
59770.81600192303 3.479 0.019000000000000128 0.9889346479544436 0.004967409911988327 0.9779045941701867 1.006389392489659 0.9841528104397808 0.004781837514662879
59770.81601786644 3.479 0.019000000000000128 0.9810915324033301 0.00493962757362618 0.9779043113836036 1.0063893167772682 0.9841524518068897 -0.00306091940355957
59770.81603380987 3.479 0.019000000000000128 0.9838772745185589 0.004954114400158457 0.9779040289494201 1.006389241064808 0.984152093528625 -0.0002748190100660963
59770.81604975328 3.479 0.019000000000000128 0.980252217207685 0.004943860940607 0.9779037468677904 1.006389165352417 0.9841517356052769 -0.00389951839759195
59770.81606569671 3.479 0.019000000000000128 0.9929992967165745 0.004977805547398042 0.9779034651378324 1.006389089639957 0.9841513780358226 0.008847918680751854
59770.81608164012 3.479 0.019000000000000128 0.9817085450449939 0.004954884794121522 0.9779031837597089 1.006389013927566 0.9841510208205607 -0.002442475775566777
59770.81609758355 3.479 0.019000000000000128 0.9854302897997919 0.004962332603492731 0.9779029027325401 1.006388938215106 0.9841506639584712 0.0012796258413206862
59770.81611352696 3.479 0.019000000000000128 0.9930419114945512 0.004971708020997214 0.9779026220564884 1.006388862502715 0.9841503074498519 0.008891604044699353
59770.816129470375 3.479 0.019000000000000128 "" "" 0.9779023417309278 1.006388786790324 0.9841499512940054 ""
59770.8161454138 3.479 0.019000000000000128 0.9755858336689441 0.004947289993993817 0.9779020617552673 1.006388711077864 0.9841495954902691 -0.008563761821325011
59770.816161357216 3.479 0.019000000000000128 0.9697834340056565 0.0049207284572909595 0.977901782129636 1.0063886353654732 0.9841492400389086 -0.014365806033252104
59770.81617730064 3.479 0.019000000000000128 0.9803255825076987 0.004950491712473849 0.9779015028531854 1.006388559653013 0.9841488849389342 -0.003823302431235409
59770.816193244056 3.479 0.019000000000000128 0.985187100143896 0.004958688379409875 0.9779012239260692 1.006388483940622 0.9841485301906355 0.0010385699532604598
59770.816209187484 3.479 0.019000000000000128 0.9880722351043112 0.0049612208725935275 0.9779009453474165 1.006388408228162 0.9841481757930013 0.003924059311309902
59770.8162251309 3.479 0.019000000000000128 0.9827304642682648 0.004959262378703963 0.9779006671173891 1.006388332515771 0.9841478217463292 -0.0014173574780643738
59770.816241074324 3.479 0.019000000000000128 0.9832305109710523 0.004962527225295456 0.9779003892351188 1.006388256803311 0.9841474680496104 -0.0009169570785581005
59770.81625701774 3.479 0.019000000000000128 0.9825006703931067 0.004953655440887278 0.9779001117007672 1.00638818109092 0.9841471147031426 -0.0016464443100359105
59770.816272961165 3.479 0.019000000000000128 0.9852773280697887 0.004954397783685229 0.9778998345134685 1.00638810537846 0.9841467617059192 0.0011305663638695451
59770.81628890458 3.479 0.019000000000000128 0.9811368355517897 0.004951195963317397 0.977899557673376 1.006388029666069 0.9841464090582293 -0.0030095735064396
59770.816304848 3.479 0.019000000000000128 0.9828934656290341 0.004955521336420784 0.9778992811797705 1.0063879539536436 0.984146056759248 -0.0012525911302139203
59770.81632079142 3.479 0.019000000000000128 0.9912184669577827 0.004968911759428953 0.9778990050324217 1.006387878241218 0.9841457048087769 0.007072762149005762
59770.81633673483 3.479 0.019000000000000128 0.9845641118251706 0.004955221724893602 0.9778987292311071 1.006387802528827 0.9841453532066263 0.0004187586185442349
59770.81635267826 3.479 0.019000000000000128 0.9804709684858496 0.0049491647598444094 0.9778984537750951 1.006387726816367 0.9841450019519581 -0.003674033466108506
59770.81636862167 3.479 0.019000000000000128 0.9846869134280811 0.004954878280648497 0.9778981786645466 1.006387651103976 0.9841446510450693 0.0005422623830118045
59770.8163845651 3.479 0.019000000000000128 0.9871250242290377 0.004955261608309591 0.9778979038986046 1.006387575391516 0.9841443004849624 0.00298072374407532
59770.81640050851 3.479 0.019000000000000128 0.9857759369185431 0.004964677015474435 0.9778976294774299 1.0063874996791249 0.9841439502719339 0.0016319866466092403
59770.81641645193 3.479 0.019000000000000128 0.9822349744063021 0.004954055152641394 0.9778973554002865 1.0063874239666994 0.9841436004051424 -0.0019086259988402299
59770.81643239535 3.479 0.019000000000000128 0.9852937109126185 0.004962336799679398 0.9778970816669709 1.006387348254274 0.984143250884416 0.0011504600282025157
59770.81644833878 3.479 0.019000000000000128 0.9987825080719557 0.004981454847536658 0.9778968082770109 1.006387272541814 0.9841429017092461 0.014639606362709556
59770.816464282194 3.479 0.019000000000000128 0.9860747683580651 0.004958813846674773 0.9778965352304166 1.006387196829423 0.984142552879744 0.0019322154783211198
59770.816480225614 3.479 0.019000000000000128 0.9847844475688888 0.00495459185262063 0.977896262526488 1.0063871211169975 0.9841422043951038 0.0006422431737850287
59770.816496169035 3.479 0.019000000000000128 0.9904019323910243 0.004968949939748247 0.9778959901649994 1.0063870454045718 0.984141856255132 0.006260076135892301
59770.816512112455 3.479 0.019000000000000128 0.9853182619503509 0.0049549672989923094 0.9778957181456073 1.0063869696921464 0.984141508459483 0.0011767534908678767
59770.816528055875 3.479 0.019000000000000128 0.982251540638324 0.004957524888529146 0.9778954464679684 1.006386893979721 0.9841411610078112 -0.0018896203694872549
59770.81654399929 3.479 0.019000000000000128 0.9824966513731337 0.004952708912439365 0.9778951751318583 1.00638681826733 0.9841408138999242 -0.0016441625267905602
59770.816559942716 3.479 0.019000000000000128 0.9871450470849226 0.004965801313732689 0.977894904136582 1.0063867425548698 0.9841404671350215 0.0030045799499011094
59770.81657588613 3.479 0.019000000000000128 0.9851580890553653 0.004956570542368916 0.9778946334822686 1.0063866668424788 0.9841401207133678 0.0010179683419975216
59770.81659182955 3.479 0.019000000000000128 0.9933808929914286 0.004969811298328997 0.9778943631682246 1.0063865911300534 0.984139774634164 0.0092411183572646
59770.81660777297 3.479 0.019000000000000128 0.9859866681181019 0.004959319946498824 0.9778940931942275 1.006386515417628 0.9841394288972197 0.0018472392208821464
59770.81662371639 3.479 0.019000000000000128 0.9869262312732514 0.004960601173301736 0.9778938235599376 1.0063864397052025 0.984139083502193 0.0027871477710583736
59770.81663965981 3.479 0.019000000000000128 0.9825407471122108 0.0049494377667769224 0.9778935542650159 1.0063863639927768 0.9841387384487426 -0.0015979913365317122
59770.81665560323 3.479 0.019000000000000128 0.9959853668336516 0.004982237925575434 0.9778932853091238 1.0063862882803514 0.9841383937365278 0.011846973097123792
59770.81667154665 3.479 0.019000000000000128 0.9838474084550513 0.004956341188035636 0.9778930166919232 1.006386212567926 0.9841380493652081 -0.00029064091015684745
59770.81668749007 3.479 0.019000000000000128 0.9780162756283569 0.004939510187856865 0.9778927484130768 1.0063861368555003 0.984137705334444 -0.006121429706087089
59770.816703433484 3.479 0.019000000000000128 0.9842711137600207 0.0049622050842909535 0.977892480472364 1.0063860611431095 0.9841373616440475 0.000133752115973218
59770.816719376904 3.479 0.019000000000000128 0.9836063265728099 0.0049559560270948785 0.9778922128692158 1.0063859854306838 0.9841370182933777 -0.0005306917205678552
59770.81673532033 3.479 0.019000000000000128 0.981947805509446 0.004947642732293136 0.9778919456032894 1.0063859097182237 0.9841366752820901 -0.0021888697726440975
59770.816751263745 3.479 0.019000000000000128 0.9820303370743672 0.004947620512486995 0.97789167867462 1.006385834005833 0.9841363326103214 -0.0021059955359542526
59770.816767207165 3.479 0.019000000000000128 0.9833490391718016 0.004950961355252866 0.9778914120825024 1.0063857582934073 0.98413599027726 -0.0007869511054583445
59770.816783150585 3.479 0.019000000000000128 0.9846915307287414 0.00494954430833215 0.9778911458267261 1.0063856825809818 0.9841356482827281 0.0005558824460132339
59770.816799094006 3.479 0.019000000000000128 0.9850289291834207 0.004955832864015312 0.9778908799069574 1.0063856068685564 0.9841353066263899 0.0008936225570307377
59770.816815037426 3.479 0.019000000000000128 0.9917203713995886 0.004966260489090433 0.9778906143228633 1.0063855311561307 0.9841349653079098 0.007585406091678792
59770.816830980846 3.479 0.019000000000000128 0.981730107542768 0.004954813445777585 0.9778903490741113 1.0063854554437053 0.9841346243269534 -0.0024045167841854065
59770.81684692427 3.479 0.019000000000000128 0.9881032956108238 0.0049639164459028984 0.9778900841603619 1.0063853797312798 0.984134283683179 0.003969011927644761
59770.81686286769 3.479 0.019000000000000128 0.9808945611951245 0.004940956392015232 0.9778898195812988 1.0063853040188542 0.9841339433762679 -0.003239382181143391
59770.8168788111 3.479 0.019000000000000128 0.9891790916755127 0.0049691985279440055 0.9778895553367059 1.0063852283064634 0.9841336034060366 0.0050454882694760395
59770.81689475453 3.479 0.019000000000000128 0.9839772561210263 0.004958907091891206 0.9778892914258861 1.0063851525940033 0.9841332637716821 -0.00015600765065582056
59770.81691069795 3.479 0.019000000000000128 0.9771001081679689 0.004945473739992258 0.9778890278488763 1.0063850768815776 0.9841329244733427 -0.007032816305373779
59770.81692664136 3.479 0.019000000000000128 0.980710949898032 0.0049525434790310225 0.9778887646053468 1.0063850011691868 0.9841325855106866 -0.0034216356126546277
59770.81694258478 3.479 0.019000000000000128 0.979934305672876 0.0049433564507268025 0.9778885016947254 1.0063849254567612 0.9841322468830701 -0.004197941210194123
59770.8169585282 3.479 0.019000000000000128 0.9884516843508797 0.004960668684352025 0.9778882391168054 1.0063848497443357 0.9841319085903193 0.004319775760560418
59770.81697447162 3.479 0.019000000000000128 0.9908003124411842 0.004975046321660095 0.9778879768712521 1.0063847740319103 0.9841315706320969 0.006668741809087275
59770.81699041504 3.479 0.019000000000000128 0.9840134882762577 0.00496345590502237 0.9778877149577532 1.0063846983194846 0.9841312330080886 -0.00011774473183090439
59770.81700635846 3.479 0.019000000000000128 0.9754749315128315 0.006048192618692235 0.9778874533759746 1.0063846226070592 0.9841308957179584 -0.008655964205126931
59770.81702230188 3.479 0.019000000000000128 0.9833611374622796 0.004950385817935764 0.9778871921255905 1.0063845468946337 0.984130558761378 -0.0007694212990984051
59770.8170382453 3.479 0.019000000000000128 0.9923395687088552 0.004969082880124611 0.9778869312062751 1.006384471182208 0.9841302221380195 0.008209346570835718
59770.817054188716 3.479 0.019000000000000128 0.9823697905294099 0.004950383969737911 0.9778866706178241 1.0063843954698173 0.9841298858477112 -0.0017600953183013468
59770.81707013214 3.479 0.019000000000000128 0.9889310128771621 0.004968703322782443 0.9778864103595515 1.0063843197573572 0.9841295498896611 0.0048014629875010595
59770.817086075556 3.479 0.019000000000000128 0.9838537134282473 0.004960780255031405 0.9778861504316152 1.0063842440449662 0.9841292142641631 -0.00027550083591576513
59770.81710201898 3.479 0.019000000000000128 0.9878333038749534 0.0049608820747204345 0.9778858908333231 1.0063841683325407 0.9841288789704196 0.0037044249045338207
59770.8171179624 3.479 0.019000000000000128 0.9783342802318035 0.004948961260174722 0.9778856315644877 1.006384092620115 0.9841285440082751 -0.005794263776471631
59770.81713390582 3.479 0.019000000000000128 0.9907847664422902 0.004971725563427947 0.9778853726247794 1.0063840169076896 0.9841282093773983 0.006656557064891877
59770.81714984924 3.479 0.019000000000000128 0.9870838866807372 0.004961696025781342 0.977885114013876 1.0063839411952642 0.9841278750774648 0.0029560116032724126
59770.81716579265 3.479 0.019000000000000128 0.9851974137992776 0.004955396460022145 0.977884855731576 1.0063838654828732 0.9841275411083052 0.0010698726909723622
59770.81718173608 3.479 0.019000000000000128 0.9896947957052733 0.004969072896339383 0.9778845977772003 1.006383789770413 0.9841272074691348 0.005567588236138454
59770.8171976795 3.479 0.019000000000000128 0.985024675271974 0.004955007779070013 0.9778843401507867 1.0063837140579877 0.9841268741600933 0.0008978011118807583
59770.81721362292 3.479 0.019000000000000128 0.9845463344855071 0.004957480634156089 0.9778840828518963 1.0063836383455622 0.9841265411807046 0.0004197933048024627
59770.81722956633 3.479 0.019000000000000128 0.9872572584734934 0.004963059391246861 0.9778838258803214 1.0063835626331712 0.9841262085307935 0.0031310499426999705
59770.81724550976 3.479 0.019000000000000128 0.9863636301305132 0.004963338412866432 0.9778835692354088 1.0063834869207111 0.9841258762096012 0.002237753920911967
59770.81726145317 3.479 0.019000000000000128 0.9875278563294816 0.004965808542238941 0.9778833129172858 1.00638341120832 0.9841255442173912 0.003402312112090411
59770.8172773966 3.479 0.019000000000000128 0.9809793280314593 0.00494679769152714 0.9778830569251827 1.00638333549586 0.9841252125532534 -0.0031458845217940956
59770.81729334001 3.479 0.019000000000000128 0.9859210222633269 0.004963011620284485 0.9778828012592488 1.0063832597834692 0.9841248812174731 0.001796141045853794
59770.81730928343 3.479 0.019000000000000128 0.982109673071408 0.004952130508834557 0.9778825459188121 1.0063831840710435 0.9841245502092726 -0.0020148771378646346
