eureka_custom_plots/data/stage5_lcfit_results/S5_wasp39b_ap4_bg8_Table_Save_ch26.txt
# %ECSV 1.0
# ---
# datatype:
# - {name: time, datatype: float64}
# - {name: wavelength, datatype: float64}
# - {name: bin_width, datatype: float64}
# - {name: lcdata, datatype: float64}
# - {name: lcerr, datatype: float64}
# - {name: transit, datatype: float64}
# - {name: polynom, datatype: float64}
# - {name: model, datatype: float64}
# - {name: residuals, datatype: float64}
# schema: astropy-2.0
time wavelength bin_width lcdata lcerr transit polynom model residuals
[from data line 7028]
59770.75607060777 4.016 0.019000000000000128 1.007661677385102 0.006307317157184387 1.0 1.0066425353605934 1.0066425353605934 0.0010191420245084792
59770.7560865512 4.016 0.019000000000000128 0.9997750759907348 0.006297418585206497 1.0 1.006642476288214 1.006642476288214 -0.006867400297479231
59770.75610249461 4.016 0.019000000000000128 1.0054255951650908 0.006308034969531753 1.0 1.0066424172158883 1.0066424172158883 -0.0012168220507975391
59770.75611843804 4.016 0.019000000000000128 1.0051340338111974 0.006305247814649988 1.0 1.0066423581435089 1.0066423581435089 -0.001508324332311517
59770.75613438145 4.016 0.019000000000000128 0.9927265949879964 0.006291472955611942 1.0 1.0066422990711832 1.0066422990711832 -0.013915704083186764
59770.75615032487 4.016 0.019000000000000128 1.0057092044679763 0.006305432288041294 1.0 1.0066422399988306 1.0066422399988306 -0.0009330355308543314
59770.75616626829 4.016 0.019000000000000128 1.0186504924226487 0.00634140256273946 1.0 1.006642180926478 1.006642180926478 0.012008311496170654
59770.75618221171 4.016 0.019000000000000128 0.9966054967776375 0.006292310075959797 1.0 1.0066421218541255 1.0066421218541255 -0.010036625076487948
59770.75619815513 4.016 0.019000000000000128 1.0080925092481148 0.006320658454342424 1.0 1.006642062781773 1.006642062781773 0.0014504464663418482
59770.756214098554 4.016 0.019000000000000128 0.9976487139735116 0.006281222497073591 1.0 1.0066420037094204 1.0066420037094204 -0.008993289735908738
59770.756230041974 4.016 0.019000000000000128 1.0091440607623028 0.006314515827174121 1.0 1.0066419446370678 1.0066419446370678 0.0025021161252349877
59770.756245985394 4.016 0.019000000000000128 0.9980118036231878 0.0063004167021813795 1.0 1.0066418855647152 1.0066418855647152 -0.008630081941527479
59770.756261928815 4.016 0.019000000000000128 1.0106143257395306 0.006328755149807809 1.0 1.0066418264923627 1.0066418264923627 0.0039724992471679155
59770.756277872235 4.016 0.019000000000000128 1.0136445167399164 0.006334535183042733 1.0 1.00664176742001 1.00664176742001 0.0070027493199062985
59770.756293815655 4.016 0.019000000000000128 1.0188541787546506 0.006331821011847683 1.0 1.0066417083476575 1.0066417083476575 0.012212470406993026
59770.756309759076 4.016 0.019000000000000128 1.0103773369769669 0.0063278772197441786 1.0 1.006641649275305 1.006641649275305 0.003735687701661883
59770.75632570249 4.016 0.019000000000000128 1.007854068727582 0.006330217786273006 1.0 1.0066415902029793 1.0066415902029793 0.0012124785246028225
59770.756341645916 4.016 0.019000000000000128 0.9975182716513571 0.006302329068154503 1.0 1.0066415311305998 1.0066415311305998 -0.009123259479242751
59770.75635758934 4.016 0.019000000000000128 1.0133891985690728 0.006315629430883952 1.0 1.0066414720582473 1.0066414720582473 0.006747726510825558
59770.75637353276 4.016 0.019000000000000128 1.0155296254633857 0.006334697583684928 1.0 1.0066414129858947 1.0066414129858947 0.008888212477490942
59770.75638947618 4.016 0.019000000000000128 1.017464353221137 0.0063493597070393626 1.0 1.0066413539135421 1.0066413539135421 0.010822999307594783
59770.7564054196 4.016 0.019000000000000128 1.009422531893492 0.006328232137901293 1.0 1.0066412948411896 1.0066412948411896 0.0027812370523023766
59770.75642136302 4.016 0.019000000000000128 0.9972068232360723 0.006295316659656536 1.0 1.006641235768837 1.006641235768837 -0.009434412532764669
59770.75643730643 4.016 0.019000000000000128 1.0070047069439478 0.0063038395310498424 1.0 1.0066411766965113 1.0066411766965113 0.0003635302474365165
59770.75645324986 4.016 0.019000000000000128 1.0063835765323743 0.006320149116147945 1.0 1.0066411176241319 1.0066411176241319 -0.0002575410917575738
59770.75646919328 4.016 0.019000000000000128 1.0090346036348627 0.006318304681146263 1.0 1.0066410585517793 1.0066410585517793 0.002393545083083426
59770.7564851367 4.016 0.019000000000000128 1.0010199453711979 0.006290595990492964 1.0 1.0066409994794268 1.0066409994794268 -0.0056210541082288845
59770.75650108011 4.016 0.019000000000000128 1.003031909337022 0.006301986783359613 1.0 1.006640940407101 1.006640940407101 -0.0036090310700791495
59770.75651702354 4.016 0.019000000000000128 1.0036709994828816 0.006295044245984949 1.0 1.0066408813347216 1.0066408813347216 -0.002969881851839995
59770.75653296695 4.016 0.019000000000000128 1.000958844381319 0.006297970329519352 1.0 1.006640822262396 1.006640822262396 -0.005681977881076827
59770.75654891038 4.016 0.019000000000000128 1.0099149314976479 0.00632763119094873 1.0 1.0066407631900165 1.0066407631900165 0.0032741683076313866
59770.75656485379 4.016 0.019000000000000128 1.0007948087390608 0.006308419515819793 1.0 1.0066407041176908 1.0066407041176908 -0.005845895378630006
59770.75658079722 4.016 0.019000000000000128 1.0112281865408839 0.00633009088919335 1.0 1.0066406450453114 1.0066406450453114 0.0045875414955725
59770.75659674063 4.016 0.019000000000000128 1.0105459559963246 0.006338519411955007 1.0 1.0066405859729857 1.0066405859729857 0.0039053700233389055
59770.756612684054 4.016 0.019000000000000128 1.007771745670309 0.0063080893633160546 1.0 1.006640526900633 1.006640526900633 0.0011312187696759235
59770.756628627474 4.016 0.019000000000000128 1.0037490866086065 0.006324525472349914 1.0 1.0066404678282805 1.0066404678282805 -0.0028913812196740274
59770.756644570894 4.016 0.019000000000000128 1.014915148096009 0.006329568709353114 1.0 1.006640408755928 1.006640408755928 0.00827473934008105
59770.75666051432 4.016 0.019000000000000128 1.00500565807132 0.006306030753547024 1.0 1.0066403496835483 1.0066403496835483 -0.0016346916122282895
59770.756676457735 4.016 0.019000000000000128 1.012855335712575 0.006317463336399842 1.0 1.0066402906112228 1.0066402906112228 0.006215045101352068
59770.75669240116 4.016 0.019000000000000128 1.0007986193119742 0.006294553203996949 1.0 1.0066402315388432 1.0066402315388432 -0.005841612226868964
59770.756708344576 4.016 0.019000000000000128 1.0215112282081245 0.007380613806009419 1.0 1.0066401724665177 1.0066401724665177 0.014871055741606742
59770.756724288 4.016 0.019000000000000128 0.9982856130460301 0.00629550071160669 1.0 1.006640113394138 1.006640113394138 -0.008354500348107918
59770.756740231416 4.016 0.019000000000000128 1.0088427890453195 0.006313256720631397 1.0 1.0066400543218126 1.0066400543218126 0.0022027347235069605
59770.756756174844 4.016 0.019000000000000128 1.0211625224156866 0.0063513821473536345 1.0 1.006639995249433 1.006639995249433 0.014522527166253685
59770.75677211826 4.016 0.019000000000000128 1.0015630744169552 0.00629478573862537 1.0 1.0066399361771075 1.0066399361771075 -0.005076861760152207
59770.75678806168 4.016 0.019000000000000128 1.0033673741480296 0.006317476085615398 1.0 1.0066398771047549 1.0066398771047549 -0.0032725029567253205
59770.7568040051 4.016 0.019000000000000128 1.0116813869432173 0.006317890196617649 1.0 1.0066398180324023 1.0066398180324023 0.005041568910814975
59770.75681994852 4.016 0.019000000000000128 1.0028044767765665 0.006316501268031954 1.0 1.0066397589600498 1.0066397589600498 -0.0038352821834832795
59770.75683589194 4.016 0.019000000000000128 0.9986797625291762 0.006293257160000463 1.0 1.0066396998876972 1.0066396998876972 -0.007959937358520963
59770.75685183536 4.016 0.019000000000000128 1.002817638311001 0.006302806180795906 1.0 1.0066396408153446 1.0066396408153446 -0.0038220025043436134
59770.75686777878 4.016 0.019000000000000128 1.0007656989520337 0.006308218755459127 1.0 1.006639581742992 1.006639581742992 -0.005873882790958351
59770.7568837222 4.016 0.019000000000000128 1.008482006113212 0.0063342118892331664 1.0 1.0066395226706395 1.0066395226706395 0.00184248344257254
59770.75689966561 4.016 0.019000000000000128 1.0023762334458497 0.006308206935462293 1.0 1.0066394635983138 1.0066394635983138 -0.004263230152464104
59770.75691560904 4.016 0.019000000000000128 1.0121302658394318 0.006318129903027769 1.0 1.0066394045259344 1.0066394045259344 0.005490861313497408
59770.75693155246 4.016 0.019000000000000128 1.015344445623024 0.006329782014413852 1.0 1.0066393454535816 1.0066393454535816 0.008705100169442481
59770.75694749588 4.016 0.019000000000000128 1.0026701678567138 0.00631920488175089 1.0 1.006639286381229 1.006639286381229 -0.003969118524515203
59770.75696343929 4.016 0.019000000000000128 1.0063894055198885 0.006306074927858886 1.0 1.0066392273089035 1.0066392273089035 -0.0002498217890150034
59770.75697938272 4.016 0.019000000000000128 1.0150304830882015 0.0063330802794551245 1.0 1.0066391682365239 1.0066391682365239 0.008391314851677656
59770.75699532614 4.016 0.019000000000000128 1.0129245291364373 0.006331784071974557 1.0 1.0066391091641713 1.0066391091641713 0.006285419972265949
59770.75701126956 4.016 0.019000000000000128 1.0167893602144624 0.006329070767142716 1.0 1.0066390500918188 1.0066390500918188 0.010150310122643669
59770.75702721298 4.016 0.019000000000000128 1.0025324324917992 0.006295634677659072 1.0 1.0066389910194662 1.0066389910194662 -0.004106558527666948
59770.7570431564 4.016 0.019000000000000128 0.9957654441814912 0.006296972113231727 1.0 1.0066389319471136 1.0066389319471136 -0.01087348776562247
59770.75705909982 4.016 0.019000000000000128 1.0080732350717645 0.006332231174233585 1.0 1.006638872874761 1.006638872874761 0.001434362197003436
59770.757075043235 4.016 0.019000000000000128 0.9963146132199214 0.007280586226416691 1.0 1.0066388138024356 1.0066388138024356 -0.010324200582514154
59770.75709098666 4.016 0.019000000000000128 1.006006325081861 0.006312343463842824 1.0 1.006638754730056 1.006638754730056 -0.0006324296481949876
59770.757106930076 4.016 0.019000000000000128 1.003026282513477 0.006315421548687745 1.0 1.0066386956577305 1.0066386956577305 -0.0036124131442534235
59770.7571228735 4.016 0.019000000000000128 1.0130724285662724 0.006336008153977786 1.0 1.0066386365853508 1.0066386365853508 0.006433791980921644
59770.757138816916 4.016 0.019000000000000128 0.9986796828036767 0.006296835629475569 1.0 1.0066385775130253 1.0066385775130253 -0.00795889470934863
59770.757154760344 4.016 0.019000000000000128 1.005189717537577 0.0063150035009990925 1.0 1.0066385184406457 1.0066385184406457 -0.0014488009030686477
59770.75717070376 4.016 0.019000000000000128 1.0045622817351474 0.006321093826656231 1.0 1.0066384593683202 1.0066384593683202 -0.0020761776331728043
59770.75718664718 4.016 0.019000000000000128 0.9988850140194819 0.0063149770125311856 1.0 1.0066384002959676 1.0066384002959676 -0.0077533862764856964
59770.7572025906 4.016 0.019000000000000128 1.0072729579498412 0.006315862256548487 1.0 1.006638341223615 1.006638341223615 0.0006346167262261115
59770.757218534025 4.016 0.019000000000000128 1.00581045032426 0.006308227154835713 1.0 1.0066382821512354 1.0066382821512354 -0.0008278318269754337
59770.75723447744 4.016 0.019000000000000128 1.010532254049379 0.006329352502912261 1.0 1.0066382230789097 1.0066382230789097 0.0038940309704693643
59770.75725042086 4.016 0.019000000000000128 1.0024192078720886 0.006323281945485666 1.0 1.0066381640065571 1.0066381640065571 -0.004218956134468543
59770.75726636428 4.016 0.019000000000000128 1.013886829550276 0.006340444496097096 1.0 1.0066381049342046 1.0066381049342046 0.007248724616071511
59770.7572823077 4.016 0.019000000000000128 1.0033620938914056 0.0063166338115392484 1.0 1.006638045861852 1.006638045861852 -0.003275951970446389
59770.75729825112 4.016 0.019000000000000128 1.001247881638235 0.00629896979261529 1.0 1.0066379867894995 1.0066379867894995 -0.005390105151264368
59770.75731419454 4.016 0.019000000000000128 1.0146338663094532 0.006335829507141281 1.0 1.0066379277171469 1.0066379277171469 0.007995938592306295
59770.75733013797 4.016 0.019000000000000128 0.9993860179777824 0.006303252159889093 1.0 1.0066378686447675 1.0066378686447675 -0.007251850666985082
59770.75734608138 4.016 0.019000000000000128 1.0102530057826253 0.006318699139740918 1.0 1.0066378095724418 1.0066378095724418 0.00361519621018358
59770.7573620248 4.016 0.019000000000000128 1.0113403436046433 0.006333026187920877 1.0 1.0066377505000892 1.0066377505000892 0.00470259310455412
59770.75737796822 4.016 0.019000000000000128 1.0061877833652746 0.006318834488991629 1.0 1.0066376914277366 1.0066376914277366 -0.0004499080624620344
59770.75739391165 4.016 0.019000000000000128 1.0025508139764754 0.006296153037683121 1.0 1.0066376323553572 1.0066376323553572 -0.004086818378881807
59770.75740985506 4.016 0.019000000000000128 1.0119856614616305 0.00632848611833225 1.0 1.0066375732830315 1.0066375732830315 0.0053480881785989975
59770.75742579848 4.016 0.019000000000000128 1.010643549228579 0.006328996677774221 1.0 1.006637514210679 1.006637514210679 0.004006035017900089
59770.7574417419 4.016 0.019000000000000128 1.0031348683816814 0.006311957435504887 1.0 1.0066374551383264 1.0066374551383264 -0.003502586756644943
59770.75745768532 4.016 0.019000000000000128 0.9975658164435872 0.006312834282403457 1.0 1.0066373960659738 1.0066373960659738 -0.009071579622386583
59770.75747362874 4.016 0.019000000000000128 1.010991969467849 0.0063326546717197355 1.0 1.0066373369936212 1.0066373369936212 0.004354632474227849
59770.75748957216 4.016 0.019000000000000128 0.9996730001762377 0.00630558431871916 1.0 1.0066372779212687 1.0066372779212687 -0.0069642777450309445
59770.75750551558 4.016 0.019000000000000128 1.006692106430597 0.006318125789316011 1.0 1.006637218848916 1.006637218848916 5.488758168081809e-05
59770.757521459 4.016 0.019000000000000128 1.0030240045683079 0.006315124555400626 1.0 1.0066371597765635 1.0066371597765635 -0.0036131552082556695
59770.757537402416 4.016 0.019000000000000128 1.0060772827398492 0.006325484447152502 1.0 1.0066371007042378 1.0066371007042378 -0.0005598179643886425
59770.757553345844 4.016 0.019000000000000128 1.0055766182343464 0.006317916419332638 1.0 1.0066370416318584 1.0066370416318584 -0.0010604233975120003
59770.75756928926 4.016 0.019000000000000128 1.008239989994583 0.006317223915748647 1.0 1.0066369825595327 1.0066369825595327 0.0016030074350503742
59770.757585232685 4.016 0.019000000000000128 1.0105876453221707 0.006329807049508821 1.0 1.0066369234871533 1.0066369234871533 0.0039507218350174345
59770.7576011761 4.016 0.019000000000000128 1.0157799040913424 0.006330584160332379 1.0 1.0066368644148276 1.0066368644148276 0.009143039676514864
59770.757617119525 4.016 0.019000000000000128 1.0042709738730313 0.006296338989026954 1.0 1.0066368053424481 1.0066368053424481 -0.0023658314694168237
59770.75763306294 4.016 0.019000000000000128 1.0111194476776943 0.006318564003685058 1.0 1.0066367462701225 1.0066367462701225 0.0044827014075718985
59770.75764900636 4.016 0.019000000000000128 1.010708094891985 0.006331939018822485 1.0 1.0066366871977699 1.0066366871977699 0.004071407694215212
59770.757664949786 4.016 0.019000000000000128 1.007232127653278 0.0063414319140976845 1.0 1.0066366281253905 1.0066366281253905 0.0005954995278876218
59770.757680893206 4.016 0.019000000000000128 1.012365461299996 0.006336163856360508 1.0 1.0066365690530379 1.0066365690530379 0.0057288922469580505
59770.75769683663 4.016 0.019000000000000128 1.0000657296900055 0.006289464466574394 1.0 1.0066365099806853 1.0066365099806853 -0.006570780290679812
59770.75771278004 4.016 0.019000000000000128 1.0022568225357589 0.006304958313272135 1.0 1.0066364509083596 1.0066364509083596 -0.004379628372600752
59770.75772872347 4.016 0.019000000000000128 1.021559676605863 0.006343398402782228 1.0 1.0066363918359802 1.0066363918359802 0.014923284769882805
59770.75774466688 4.016 0.019000000000000128 0.9936758684198557 0.006286774283346367 1.0 1.0066363327636545 1.0066363327636545 -0.012960464343798828
59770.75776061031 4.016 0.019000000000000128 1.010112273349294 0.006323563256894569 1.0 1.006636273691275 1.006636273691275 0.0034759996580189245
