eureka_custom_plots/data/stage5_lcfit_results/S5_wasp39b_ap4_bg8_Table_Save_ch29.txt
# %ECSV 1.0
# ---
# datatype:
# - {name: time, datatype: float64}
# - {name: wavelength, datatype: float64}
# - {name: bin_width, datatype: float64}
# - {name: lcdata, datatype: float64}
# - {name: lcerr, datatype: float64}
# - {name: transit, datatype: float64}
# - {name: polynom, datatype: float64}
# - {name: model, datatype: float64}
# - {name: residuals, datatype: float64}
# schema: astropy-2.0
time wavelength bin_width lcdata lcerr transit polynom model residuals
[from data line 1512]
59770.66812670057 4.131 0.019000000000000128 1.0128051200099075 0.0068505229784348 1.0 1.0069353686859965 1.0069353686859965 0.005869751323910988
59770.668142644 4.131 0.019000000000000128 1.01542034678922 0.006860699636573373 1.0 1.0069353028129417 1.0069353028129417 0.00848504397627825
59770.66815858741 4.131 0.019000000000000128 1.0069465127262738 0.006852277645216236 1.0 1.006935236939947 1.006935236939947 1.1275786326869763e-05
59770.66817453083 4.131 0.019000000000000128 1.0104999516575315 0.006855213945681967 1.0 1.006935171066922 1.006935171066922 0.0035647805906093843
59770.66819047425 4.131 0.019000000000000128 1.020139596101223 0.006865673783210506 1.0 1.0069351051938973 1.0069351051938973 0.013204490907325672
59770.66820641767 4.131 0.019000000000000128 1.0165166888198929 0.006858876712221123 1.0 1.0069350393208725 1.0069350393208725 0.009581649499020406
59770.6682223611 4.131 0.019000000000000128 1.000723197218685 0.0068257212667452586 1.0 1.0069349734478177 1.0069349734478177 -0.006211776229132715
59770.66823830451 4.131 0.019000000000000128 1.0020596831229125 0.00683568029067707 1.0 1.006934907574823 1.006934907574823 -0.004875224451910576
59770.66825424794 4.131 0.019000000000000128 1.0149208278554096 0.00686808786446597 1.0 1.006934841701768 1.006934841701768 0.007985986153641544
59770.66827019136 4.131 0.019000000000000128 1.0011260857513926 0.006825455513992049 1.0 1.0069347758287432 1.0069347758287432 -0.005808690077350631
59770.66828613478 4.131 0.019000000000000128 1.0099860556880067 0.006843064551644513 1.0 1.0069347099557187 1.0069347099557187 0.0030513457322880466
59770.6683020782 4.131 0.019000000000000128 1.014610405891067 0.006876453067606995 1.0 1.0069346440826938 1.0069346440826938 0.007675761808373149
59770.66831802162 4.131 0.019000000000000128 0.999917121597089 0.006830758899189006 1.0 1.006934578209669 1.006934578209669 -0.00701745661258002
59770.66833396504 4.131 0.019000000000000128 1.0005932676083416 0.006835384589970382 1.0 1.0069345123366442 1.0069345123366442 -0.006341244728302664
59770.66834990846 4.131 0.019000000000000128 1.017085006893857 0.006873901758208258 1.0 1.0069344464636194 1.0069344464636194 0.010150560430237654
59770.66836585188 4.131 0.019000000000000128 0.9968581555354299 0.00681730323254472 1.0 1.0069343805905946 1.0069343805905946 -0.0100762250551647
59770.6683817953 4.131 0.019000000000000128 1.0090688314707765 0.0068454346262914285 1.0 1.0069343147175698 1.0069343147175698 0.00213451675320675
59770.66839773873 4.131 0.019000000000000128 1.010239616056055 0.006849037177406353 1.0 1.006934248844515 1.006934248844515 0.0033053672115399557
59770.66841368214 4.131 0.019000000000000128 1.0189384626851319 0.006858106018909367 1.0 1.0069341829715202 1.0069341829715202 0.012004279713611732
59770.66842962557 4.131 0.019000000000000128 0.9880843800286946 0.006827911207793597 1.0 1.0069341170984654 1.0069341170984654 -0.018849737069770778
59770.66844556898 4.131 0.019000000000000128 1.017869991799505 0.006870588184743878 1.0 1.0069340512254707 1.0069340512254707 0.010935940574034353
59770.6684615124 4.131 0.019000000000000128 1.0023819536290965 0.006839582692796844 1.0 1.006933985352446 1.006933985352446 -0.004552031723349392
59770.66847745583 4.131 0.019000000000000128 1.0133728623620477 0.006867088460628838 1.0 1.006933919479391 1.006933919479391 0.006438942882656784
59770.66849339925 4.131 0.019000000000000128 1.003755656425068 0.006837328078415033 1.0 1.0069338536063661 1.0069338536063661 -0.0031781971812980814
59770.66850934267 4.131 0.019000000000000128 0.995310060315427 0.006822527930865532 1.0 1.0069337877333415 1.0069337877333415 -0.011623727417914509
59770.668525286084 4.131 0.019000000000000128 1.0168459429515324 0.006868388402406124 1.0 1.0069337218603467 1.0069337218603467 0.009912221091185724
59770.66854122951 4.131 0.019000000000000128 1.0035464116264317 0.006842512662433731 1.0 1.006933655987292 1.006933655987292 -0.003387244360860242
59770.66855717293 4.131 0.019000000000000128 1.0041883246857053 0.006841065481984311 1.0 1.006933590114267 1.006933590114267 -0.002745265428561794
59770.66857311635 4.131 0.019000000000000128 1.0090272792078514 0.006830542475855718 1.0 1.0069335242412423 1.0069335242412423 0.0020937549666091293
59770.66858905977 4.131 0.019000000000000128 1.0016853910804326 0.006830805050088321 1.0 1.0069334583682175 1.0069334583682175 -0.005248067287784819
59770.6686050032 4.131 0.019000000000000128 0.9995569610634099 0.006832051683492902 1.0 1.0069333924951627 1.0069333924951627 -0.007376431431752817
59770.66862094661 4.131 0.019000000000000128 1.009728194546966 0.00685560186932846 1.0 1.0069333266221678 1.0069333266221678 0.0027948679247982167
59770.668636890034 4.131 0.019000000000000128 1.0049239852379808 0.006838927534173766 1.0 1.006933260749143 1.006933260749143 -0.0020092755111622562
59770.668652833454 4.131 0.019000000000000128 1.006807031134812 0.006827313554892495 1.0 1.0069331948761182 1.0069331948761182 -0.00012616374130614005
59770.668668776874 4.131 0.019000000000000128 1.0085617468935566 0.0068391504771075015 1.0 1.0069331290030936 1.0069331290030936 0.00162861789046298
59770.6686847203 4.131 0.019000000000000128 1.0097557968120272 0.0068401176116361815 1.0 1.0069330631300386 1.0069330631300386 0.0028227336819885984
59770.668700663715 4.131 0.019000000000000128 1.014579233131857 0.0068611980822602114 1.0 1.006932997257044 1.006932997257044 0.0076462358748130566
59770.66871660714 4.131 0.019000000000000128 1.0162352774476635 0.006855924334455123 1.0 1.006932931383989 1.006932931383989 0.009302346063674527
59770.66873255056 4.131 0.019000000000000128 1.005381864728205 0.0068340849378503475 1.0 1.0069328655109644 1.0069328655109644 -0.001551000782759493
59770.66874849398 4.131 0.019000000000000128 1.0091170199023891 0.0068538684982758025 1.0 1.0069327996379396 1.0069327996379396 0.0021842202644495323
59770.6687644374 4.131 0.019000000000000128 0.9994346917188284 0.006841254509801076 1.0 1.0069327337649148 1.0069327337649148 -0.007498042046086395
59770.66878038082 4.131 0.019000000000000128 1.0150011800618643 0.0068576447768777075 1.0 1.00693266789189 1.00693266789189 0.008068512169974396
59770.668796324244 4.131 0.019000000000000128 1.0137128483875884 0.006857112570975879 1.0 1.0069326020188651 1.0069326020188651 0.006780246368723208
59770.668812267664 4.131 0.019000000000000128 0.997796162407956 0.0068280822115766 1.0 1.0069325361458403 1.0069325361458403 -0.00913637373788434
59770.668828211084 4.131 0.019000000000000128 1.014748132093422 0.006857417042858277 1.0 1.0069324702728155 1.0069324702728155 0.007815661820606445
59770.668844154505 4.131 0.019000000000000128 1.002511111061452 0.006820791395301306 1.0 1.0069324043997907 1.0069324043997907 -0.004421293338338739
59770.66886009793 4.131 0.019000000000000128 1.01220636291287 0.006868271401072106 1.0 1.006932338526736 1.006932338526736 0.005274024386134002
59770.668876041345 4.131 0.019000000000000128 1.0029766356419232 0.006842589613697571 1.0 1.006932272653741 1.006932272653741 -0.003955637011817892
59770.66889198477 4.131 0.019000000000000128 1.0085233193124972 0.006830226314544732 1.0 1.0069322067806863 1.0069322067806863 0.0015911125318108787
59770.668907928186 4.131 0.019000000000000128 1.001300354181589 0.006838240767602449 1.0 1.0069321409076917 1.0069321409076917 -0.00563178672610265
59770.668923871606 4.131 0.019000000000000128 0.9958652063700786 0.00683125135139075 1.0 1.0069320750346669 1.0069320750346669 -0.01106686866458828
59770.668939815034 4.131 0.019000000000000128 1.0036658795333362 0.006822883135237776 1.0 1.0069320091616119 1.0069320091616119 -0.0032661296282756602
59770.668955758454 4.131 0.019000000000000128 1.0041113642864088 0.006846842882796305 1.0 1.0069319432885873 1.0069319432885873 -0.0028205790021784694
59770.668971701874 4.131 0.019000000000000128 1.0126035141380367 0.006858129947155326 1.0 1.0069318774155624 1.0069318774155624 0.0056716367224742825
59770.668987645295 4.131 0.019000000000000128 1.004166754193053 0.006840367786411388 1.0 1.0069318115425376 1.0069318115425376 -0.002765057349484623
59770.669003588715 4.131 0.019000000000000128 1.0145420402763616 0.006831080175224332 1.0 1.0069317456695128 1.0069317456695128 0.007610294606848811
59770.669019532135 4.131 0.019000000000000128 1.000640550202043 0.006822247227568563 1.0 1.006931679796488 1.006931679796488 -0.006291129594445
59770.669035475556 4.131 0.019000000000000128 1.0126031304366427 0.006852245683661167 1.0 1.0069316139234632 1.0069316139234632 0.005671516513179542
59770.669051418976 4.131 0.019000000000000128 1.0076687578786292 0.006847465367161013 1.0 1.0069315480504384 1.0069315480504384 0.0007372098281908102
59770.6690673624 4.131 0.019000000000000128 1.0094859419628806 0.006852425492997005 1.0 1.0069314821773836 1.0069314821773836 0.002554459785496954
59770.66908330582 4.131 0.019000000000000128 1.0083459638268284 0.0068483776340868005 1.0 1.0069314163043888 1.0069314163043888 0.0014145475224396353
59770.66909924924 4.131 0.019000000000000128 1.0164442769023676 0.006860375674079097 1.0 1.006931350431364 1.006931350431364 0.009512926471003658
59770.66911519266 4.131 0.019000000000000128 0.9981146447418326 0.006814087792917912 1.0 1.0069312845583394 1.0069312845583394 -0.00881663981650671
59770.66913113608 4.131 0.019000000000000128 1.0042411061889291 0.0068366038160071075 1.0 1.0069312186853145 1.0069312186853145 -0.0026901124963853995
59770.669147079505 4.131 0.019000000000000128 1.0103586511747116 0.006859285014514298 1.0 1.0069311528122595 1.0069311528122595 0.0034274983624520416
59770.66916302292 4.131 0.019000000000000128 1.0221256408663135 0.0068666756820796185 1.0 1.006931086939265 1.006931086939265 0.015194553927048604
59770.669178966345 4.131 0.019000000000000128 1.0092418667784218 0.006861740596493965 1.0 1.0069310210662101 1.0069310210662101 0.002310845712211629
59770.669194909766 4.131 0.019000000000000128 1.0140952995905195 0.006869753492894763 1.0 1.0069309551931853 1.0069309551931853 0.007164344397334155
59770.66921085318 4.131 0.019000000000000128 1.0111010642003717 0.006839289604065646 1.0 1.0069308893201905 1.0069308893201905 0.004170174880181232
59770.66922679661 4.131 0.019000000000000128 1.0056828993052955 0.006837390413139098 1.0 1.0069308234471357 1.0069308234471357 -0.001247924141840162
59770.66924274003 4.131 0.019000000000000128 1.0070366618605708 0.006845337408290961 1.0 1.0069307575741109 1.0069307575741109 0.00010590428645995686
59770.66925868345 4.131 0.019000000000000128 0.9980236943986783 0.00683859396655611 1.0 1.006930691701086 1.006930691701086 -0.008906997302407738
59770.66927462687 4.131 0.019000000000000128 0.997181029593729 0.006827188240754027 1.0 1.0069306258280613 1.0069306258280613 -0.009749596234332247
59770.66929057029 4.131 0.019000000000000128 1.0075653711123462 0.006846472698503394 1.0 1.0069305599550364 1.0069305599550364 0.0006348111573097892
59770.66930651371 4.131 0.019000000000000128 0.9921429670206474 0.006814203031776594 1.0 1.0069304940820116 1.0069304940820116 -0.014787527061364214
59770.669322457135 4.131 0.019000000000000128 0.9998703421323589 0.006831769416632685 1.0 1.0069304282089568 1.0069304282089568 -0.007060086076597916
59770.66933840055 4.131 0.019000000000000128 1.0056285301583634 0.00684457382347221 1.0 1.0069303623359622 1.0069303623359622 -0.0013018321775988273
59770.669354343976 4.131 0.019000000000000128 1.014110985502167 0.006858606383268593 1.0 1.0069302964629072 1.0069302964629072 0.0071806890392598355
59770.66937028739 4.131 0.019000000000000128 1.019808546507487 0.006865734685807191 1.0 1.0069302305899126 1.0069302305899126 0.01287831591757449
59770.66938623081 4.131 0.019000000000000128 0.9983496919574618 0.006833663788268397 1.0 1.0069301647168878 1.0069301647168878 -0.008580472759425972
59770.66940217424 4.131 0.019000000000000128 1.0127520931755476 0.006856171181185293 1.0 1.006930098843833 1.006930098843833 0.005821994331714597
59770.66941811766 4.131 0.019000000000000128 1.004587154181966 0.006831253287236645 1.0 1.0069300329708082 1.0069300329708082 -0.0023428787888422065
59770.66943406108 4.131 0.019000000000000128 1.0038862641454598 0.0068356809382587955 1.0 1.0069299670977834 1.0069299670977834 -0.0030437029523235903
59770.6694500045 4.131 0.019000000000000128 1.0156237206283767 0.006865676283491519 1.0 1.0069299012247586 1.0069299012247586 0.00869381940361813
59770.66946594792 4.131 0.019000000000000128 1.0180745490811942 0.006862764166962274 1.0 1.0069298353517337 1.0069298353517337 0.011144713729460465
59770.66948189134 4.131 0.019000000000000128 1.0005428028359444 0.006832792012023371 1.0 1.006929769478709 1.006929769478709 -0.006386966642764502
59770.66949783476 4.131 0.019000000000000128 1.006149371889998 0.006850686497246996 1.0 1.0069297036056841 1.0069297036056841 -0.0007803317156860334
59770.66951377818 4.131 0.019000000000000128 1.0086666458279807 0.0068396323556602885 1.0 1.0069296377326593 1.0069296377326593 0.0017370080953214018
59770.66952972161 4.131 0.019000000000000128 1.018019316779492 0.006864739510543847 1.0 1.0069295718596045 1.0069295718596045 0.011089744919887456
59770.66954566502 4.131 0.019000000000000128 1.0076059988963684 0.006837503700180621 1.0 1.0069295059866097 1.0069295059866097 0.0006764929097586858
59770.66956160844 4.131 0.019000000000000128 1.0018700136276184 0.006837825059310082 1.0 1.006929440113585 1.006929440113585 -0.005059426485966689
59770.66957755186 4.131 0.019000000000000128 1.0047228356055982 0.006851088688876496 1.0 1.0069293742405603 1.0069293742405603 -0.0022065386349621186
59770.66959349528 4.131 0.019000000000000128 1.0127822738304668 0.006868335985168322 1.0 1.0069293083675355 1.0069293083675355 0.005852965462931348
59770.66960943871 4.131 0.019000000000000128 1.0089422376853228 0.0068547441913120325 1.0 1.0069292424944805 1.0069292424944805 0.002012995190842304
59770.66962538212 4.131 0.019000000000000128 1.0022077408524759 0.006843961746250161 1.0 1.0069291766214858 1.0069291766214858 -0.004721435769009963
59770.66964132555 4.131 0.019000000000000128 1.0116473543002884 0.006838442448661574 1.0 1.006929110748431 1.006929110748431 0.0047182435518573485
59770.66965726897 4.131 0.019000000000000128 1.0130576896073573 0.00685607445798411 1.0 1.0069290448754062 1.0069290448754062 0.006128644731951072
59770.66967321238 4.131 0.019000000000000128 1.000684875722641 0.0068351373944702054 1.0 1.0069289790024114 1.0069289790024114 -0.00624410327977043
59770.66968915581 4.131 0.019000000000000128 0.9947157482487892 0.006825817624625745 1.0 1.0069289131293566 1.0069289131293566 -0.01221316488056745
59770.66970509923 4.131 0.019000000000000128 1.016345914181757 0.0068612789599434305 1.0 1.0069288472563318 1.0069288472563318 0.00941706692542521
59770.66972104265 4.131 0.019000000000000128 0.9989502537331425 0.006810611668430516 1.0 1.006928781383307 1.006928781383307 -0.00797852765016449
59770.66973698607 4.131 0.019000000000000128 1.0042338017092804 0.006843050754668972 1.0 1.0069287155102822 1.0069287155102822 -0.0026949138010017304
59770.66975292949 4.131 0.019000000000000128 0.9999552038349654 0.006831266298428848 1.0 1.0069286496372574 1.0069286496372574 -0.006973445802291978
59770.66976887291 4.131 0.019000000000000128 1.0047466462910297 0.006833831449350763 1.0 1.0069285837642326 1.0069285837642326 -0.002181937473202833
59770.66978481634 4.131 0.019000000000000128 1.0247950430724464 0.006883563814922865 1.0 1.0069285178911778 1.0069285178911778 0.017866525181268633
59770.66980075975 4.131 0.019000000000000128 "" "" 1.0 1.0069284520181832 1.0069284520181832 ""
59770.66981670318 4.131 0.019000000000000128 0.9977896812639148 0.006826219032703354 1.0 1.0069283861451281 1.0069283861451281 -0.009138704881213378
59770.66983264659 4.131 0.019000000000000128 0.9967599624865219 0.006813568141347127 1.0 1.0069283202721335 1.0069283202721335 -0.010168357785611648
