eureka_custom_plots/data/stage5_lcfit_results/S5_wasp39b_ap4_bg8_Table_Save_ch28.txt
# %ECSV 1.0
# ---
# datatype:
# - {name: time, datatype: float64}
# - {name: wavelength, datatype: float64}
# - {name: bin_width, datatype: float64}
# - {name: lcdata, datatype: float64}
# - {name: lcerr, datatype: float64}
# - {name: transit, datatype: float64}
# - {name: polynom, datatype: float64}
# - {name: model, datatype: float64}
# - {name: residuals, datatype: float64}
# schema: astropy-2.0
time wavelength bin_width lcdata lcerr transit polynom model residuals
[from data line 2815]
59770.688900977766 4.0925 0.01949999999999985 1.009038743274646 0.006770459752526479 1.0 1.0067082480064067 1.0067082480064067 0.002330495268239252
59770.688916921186 4.0925 0.01949999999999985 1.0074706553668327 0.006760350557711848 1.0 1.0067081967737004 1.0067081967737004 0.0007624585931322869
59770.68893286461 4.0925 0.01949999999999985 1.003840646420755 0.006757514134578542 1.0 1.0067081455409943 1.0067081455409943 -0.002867499120239314
59770.688948808034 4.0925 0.01949999999999985 1.0154801760832703 0.006754873803519242 1.0 1.0067080943082647 1.0067080943082647 0.008772081775005658
59770.68896475145 4.0925 0.01949999999999985 1.011447453577347 0.006771389621252004 1.0 1.0067080430755817 1.0067080430755817 0.0047394105017652954
59770.688980694875 4.0925 0.01949999999999985 1.0150400473961683 0.006775771330634878 1.0 1.0067079918428523 1.0067079918428523 0.008332055553315953
59770.68899663829 4.0925 0.01949999999999985 1.0101871062041743 0.006780448418018385 1.0 1.0067079406101693 1.0067079406101693 0.0034791655940049626
59770.68901258171 4.0925 0.01949999999999985 1.0187766023412321 0.006785300441845492 1.0 1.0067078893774632 1.0067078893774632 0.01206871296376888
59770.689028525136 4.0925 0.01949999999999985 1.0188328140877645 0.006790545866585327 1.0 1.0067078381447336 1.0067078381447336 0.012124975943030858
59770.689044468556 4.0925 0.01949999999999985 1.0090888946370646 0.006755260454226119 1.0 1.0067077869120273 1.0067077869120273 0.0023811077250373014
59770.689060411976 4.0925 0.01949999999999985 1.0111499351821673 0.006776095792457132 1.0 1.0067077356793213 1.0067077356793213 0.004442199502846078
59770.68907635539 4.0925 0.01949999999999985 1.01517744774223 0.00677301500530296 1.0 1.0067076844466385 1.0067076844466385 0.00846976329559146
59770.68909229882 4.0925 0.01949999999999985 1.01055754677463 0.006792236300041001 1.0 1.0067076332139089 1.0067076332139089 0.0038499135607210633
59770.68910824224 4.0925 0.01949999999999985 1.0145776898390682 0.006784403248368186 1.0 1.0067075819812026 1.0067075819812026 0.007870107857865571
59770.68912418566 4.0925 0.01949999999999985 1.0122144150299532 0.006784014550995182 1.0 1.0067075307484965 1.0067075307484965 0.0055068842814567365
59770.68914012908 4.0925 0.01949999999999985 0.9982680163455543 0.006734759980279667 1.0 1.0067074795157902 1.0067074795157902 -0.008439463170235917
59770.6891560725 4.0925 0.01949999999999985 1.0128403936460417 0.006774252853001676 1.0 1.006707428283084 1.006707428283084 0.006132965362957821
59770.68917201592 4.0925 0.01949999999999985 1.0117525862248615 0.006762010855680321 1.0 1.0067073770503778 1.0067073770503778 0.0050452091744837
59770.68918795934 4.0925 0.01949999999999985 1.0178461559026928 0.006784905018328506 1.0 1.0067073258176715 1.0067073258176715 0.011138830085021256
59770.68920390276 4.0925 0.01949999999999985 1.0013740492236967 0.0067534443884312055 1.0 1.0067072745849655 1.0067072745849655 -0.00533322536126879
59770.68921984618 4.0925 0.01949999999999985 1.0145819066703539 0.006770069431986131 1.0 1.0067072233522592 1.0067072233522592 0.00787468331809471
59770.6892357896 4.0925 0.01949999999999985 1.0065642591341273 0.006753385333289779 1.0 1.006707172119553 1.006707172119553 -0.00014291298542579156
59770.68925173302 4.0925 0.01949999999999985 1.0047753048237646 0.006750989281280358 1.0 1.0067071208868468 1.0067071208868468 -0.0019318160630821257
59770.68926767645 4.0925 0.01949999999999985 1.0005408412348493 0.006740754871115467 1.0 1.0067070696541172 1.0067070696541172 -0.0061662284192678385
59770.68928361986 4.0925 0.01949999999999985 1.009595929486141 0.006758396575261764 1.0 1.0067070184214344 1.0067070184214344 0.0028889110647065674
59770.68929956328 4.0925 0.01949999999999985 1.0070005853543982 0.0067426191437251915 1.0 1.006706967188728 1.006706967188728 0.00029361816567008425
59770.6893155067 4.0925 0.01949999999999985 1.009538020362494 0.006778110384714528 1.0 1.006706915956022 1.006706915956022 0.0028311044064719404
59770.68933145013 4.0925 0.01949999999999985 1.009474564872041 0.006763964924185025 1.0 1.0067068647232924 1.0067068647232924 0.0027677001487484976
59770.68934739355 4.0925 0.01949999999999985 1.014756773102413 0.006780735140408996 1.0 1.006706813490586 1.006706813490586 0.008049959611826862
59770.68936333696 4.0925 0.01949999999999985 0.9989374269177872 0.006748270340201184 1.0 1.0067067622579033 1.0067067622579033 -0.007769335340116146
59770.68937928039 4.0925 0.01949999999999985 0.9940174229009267 0.006743959866093894 1.0 1.0067067110251737 1.0067067110251737 -0.012689288124247078
59770.6893952238 4.0925 0.01949999999999985 1.0089532589867454 0.006763124049914719 1.0 1.006706659792491 1.006706659792491 0.002246599194254406
59770.68941116723 4.0925 0.01949999999999985 1.001656399035857 0.0067547421561940865 1.0 1.0067066085597614 1.0067066085597614 -0.0050502095239044476
59770.68942711065 4.0925 0.01949999999999985 1.0113901272773163 0.006770719388344918 1.0 1.0067065573270553 1.0067065573270553 0.0046835699502609796
59770.68944305407 4.0925 0.01949999999999985 1.0096716356951005 0.006753372442583324 1.0 1.006706506094349 1.006706506094349 0.0029651296007515704
59770.68945899749 4.0925 0.01949999999999985 1.0084318405182846 0.006763294293886619 1.0 1.006706454861643 1.006706454861643 0.0017253856566417092
59770.689474940904 4.0925 0.01949999999999985 1.0026886095035101 0.0067453027613355 1.0 1.00670640362896 1.00670640362896 -0.004017794125449781
59770.68949088433 4.0925 0.01949999999999985 1.0032028825822867 0.006747120156602986 1.0 1.0067063523962303 1.0067063523962303 -0.0035034698139435605
59770.68950682776 4.0925 0.01949999999999985 0.9966488122163253 0.006738453898349563 1.0 1.006706301163501 1.006706301163501 -0.010057488947175619
59770.68952277117 4.0925 0.01949999999999985 1.0218406973349763 0.007875199711230955 1.0 1.006706249930818 1.006706249930818 0.015134447404158369
59770.68953871459 4.0925 0.01949999999999985 0.9961400520064015 0.006721476558619803 1.0 1.0067061986981118 1.0067061986981118 -0.010566146691710299
59770.68955465801 4.0925 0.01949999999999985 0.9930186633141903 0.0067278888100959925 1.0 1.0067061474654055 1.0067061474654055 -0.013687484151215235
59770.68957060143 4.0925 0.01949999999999985 1.0012071098799102 0.006739621999788925 1.0 1.0067060962326995 1.0067060962326995 -0.005498986352789226
59770.68958654486 4.0925 0.01949999999999985 1.0096078695288915 0.006754922082399542 1.0 1.0067060449999699 1.0067060449999699 0.002901824528921626
59770.68960248827 4.0925 0.01949999999999985 1.0113997975143296 0.0067544917049390946 1.0 1.0067059937672869 1.0067059937672869 0.004693803747042757
59770.6896184317 4.0925 0.01949999999999985 1.0025933350630079 0.006737635952134294 1.0 1.0067059425345575 1.0067059425345575 -0.004112607471549623
59770.689634375114 4.0925 0.01949999999999985 1.019844490687027 0.00679177845606084 1.0 1.0067058913018745 1.0067058913018745 0.013138599385152494
59770.689650318534 4.0925 0.01949999999999985 1.0101739151847613 0.0067772066614105895 1.0 1.0067058400691684 1.0067058400691684 0.0034680751155928835
59770.68966626196 4.0925 0.01949999999999985 1.0035314342416886 0.006760408371009872 1.0 1.0067057888364388 1.0067057888364388 -0.0031743545947502394
59770.689682205375 4.0925 0.01949999999999985 0.9993264861695966 0.006762105591920117 1.0 1.006705737603756 1.006705737603756 -0.007379251434159406
59770.6896981488 4.0925 0.01949999999999985 1.0156830081112638 0.006775159627503915 1.0 1.0067056863710264 1.0067056863710264 0.008977321740237354
59770.689714092216 4.0925 0.01949999999999985 1.0085987482414935 0.006756351356651679 1.0 1.0067056351383437 1.0067056351383437 0.0018931131031498794
59770.68973003564 4.0925 0.01949999999999985 1.015118403572434 0.006785195310743389 1.0 1.006705583905614 1.006705583905614 0.00841281966682006
59770.68974597906 4.0925 0.01949999999999985 1.0008994735212615 0.0067428945127201625 1.0 1.0067055326729077 1.0067055326729077 -0.005806059151646226
59770.68976192248 4.0925 0.01949999999999985 1.004630740638428 0.006755028061310554 1.0 1.006705481440225 1.006705481440225 -0.002074740801796926
59770.689777865904 4.0925 0.01949999999999985 1.0037659146138496 0.00675792997653163 1.0 1.0067054302074954 1.0067054302074954 -0.002939515593645803
59770.689793809324 4.0925 0.01949999999999985 0.9903486915759208 0.006711936353028454 1.0 1.0067053789747893 1.0067053789747893 -0.01635668739886853
59770.689809752745 4.0925 0.01949999999999985 1.00674124125851 0.006765610762398786 1.0 1.006705327742083 1.006705327742083 3.591351642695528e-05
59770.689825696165 4.0925 0.01949999999999985 1.008106878992077 0.006768953804815282 1.0 1.0067052765093767 1.0067052765093767 0.0014016024827003815
59770.689841639585 4.0925 0.01949999999999985 1.0106271812976377 0.006760387825692241 1.0 1.0067052252766706 1.0067052252766706 0.003921956020967121
59770.689857583006 4.0925 0.01949999999999985 1.0081675597186857 0.006753425312454358 1.0 1.0067051740439643 1.0067051740439643 0.0014623856747213448
59770.689873526426 4.0925 0.01949999999999985 1.0044043452869498 0.006755039409429459 1.0 1.0067051228112582 1.0067051228112582 -0.0023007775243084616
59770.689889469846 4.0925 0.01949999999999985 1.0172553749196827 0.006764595711370829 1.0 1.006705071578552 1.006705071578552 0.010550303341130718
59770.68990541327 4.0925 0.01949999999999985 1.0096178305409238 0.006744326087175088 1.0 1.0067050203458459 1.0067050203458459 0.0029128101950779417
59770.68992135669 4.0925 0.01949999999999985 1.0104559931454775 0.006775118262663151 1.0 1.0067049691131396 1.0067049691131396 0.0037510240323379573
59770.68993730011 4.0925 0.01949999999999985 1.0082730570479541 0.006754358029804212 1.0 1.0067049178804333 1.0067049178804333 0.0015681391675208545
59770.68995324353 4.0925 0.01949999999999985 1.0039672547687917 0.006742646804430445 1.0 1.0067048666477272 1.0067048666477272 -0.0027376118789355086
59770.689969186955 4.0925 0.01949999999999985 1.0201665823865231 0.0067978872603923985 1.0 1.0067048154149976 1.0067048154149976 0.013461766971525568
59770.68998513037 4.0925 0.01949999999999985 0.9953031127892049 0.006724823522383427 1.0 1.0067047641823148 1.0067047641823148 -0.01140165139310989
59770.69000107379 4.0925 0.01949999999999985 1.0110981303217024 0.006769788789624828 1.0 1.0067047129496085 1.0067047129496085 0.004393417372093866
59770.690017017216 4.0925 0.01949999999999985 1.0023619120452434 0.006744020105945429 1.0 1.006704661716879 1.006704661716879 -0.004342749671635504
59770.69003296063 4.0925 0.01949999999999985 1.0049292472488462 0.006748362767610931 1.0 1.0067046104841961 1.0067046104841961 -0.0017753632353498805
59770.690048904056 4.0925 0.01949999999999985 1.009855828041365 0.00676893479635286 1.0 1.0067045592514665 1.0067045592514665 0.003151268789898465
59770.69006484747 4.0925 0.01949999999999985 1.0059985354206555 0.006757932235642921 1.0 1.0067045080187838 1.0067045080187838 -0.0007059725981282128
59770.6900807909 4.0925 0.01949999999999985 1.0024752256428906 0.006738680759101095 1.0 1.0067044567860541 1.0067044567860541 -0.0042292311431635365
59770.69009673432 4.0925 0.01949999999999985 0.9993912622767969 0.006749249507551898 1.0 1.006704405553348 1.006704405553348 -0.007313143276551193
59770.69011267773 4.0925 0.01949999999999985 1.0034769384987854 0.006734757020908969 1.0 1.006704354320665 1.006704354320665 -0.0032274158218796867
59770.69012862116 4.0925 0.01949999999999985 1.0152879903199132 0.006784480556143787 1.0 1.0067043030879355 1.0067043030879355 0.008583687231977777
59770.69014456457 4.0925 0.01949999999999985 1.019943598638547 0.006794317253639775 1.0 1.0067042518552527 1.0067042518552527 0.013239346783294303
59770.690160508 4.0925 0.01949999999999985 1.0023937850640112 0.006739735146217438 1.0 1.006704200622523 1.006704200622523 -0.00431041555851186
59770.69017645142 4.0925 0.01949999999999985 1.0046386579736677 0.0067476855838199115 1.0 1.006704149389817 1.006704149389817 -0.002065491416149312
59770.69019239484 4.0925 0.01949999999999985 1.000807587575139 0.007774895917314694 1.0 1.0067040981571107 1.0067040981571107 -0.0058965105819717145
59770.69020833826 4.0925 0.01949999999999985 1.0085468072394876 0.006765848222515372 1.0 1.0067040469244046 1.0067040469244046 0.001842760315083014
59770.69022428167 4.0925 0.01949999999999985 1.0139988453776736 0.006766185341253226 1.0 1.0067039956917216 1.0067039956917216 0.007294849685951954
59770.6902402251 4.0925 0.01949999999999985 1.0068887895464542 0.00677953290465346 1.0 1.0067039444589923 1.0067039444589923 0.00018484508746197115
59770.69025616853 4.0925 0.01949999999999985 1.005506337364281 0.006765153442171174 1.0 1.0067038932262626 1.0067038932262626 -0.0011975558619816695
59770.69027211194 4.0925 0.01949999999999985 1.0111086242857998 0.006757804499391779 1.0 1.0067038419935797 1.0067038419935797 0.0044047822922201885
59770.69028805536 4.0925 0.01949999999999985 1.0015662135436187 0.006744282988560108 1.0 1.0067037907608736 1.0067037907608736 -0.0051375772172548295
59770.69030399878 4.0925 0.01949999999999985 1.0081059706297428 0.006761385839221202 1.0 1.0067037395281673 1.0067037395281673 0.0014022311015755573
59770.6903199422 4.0925 0.01949999999999985 1.0075866325079268 0.006756280371229028 1.0 1.0067036882954612 1.0067036882954612 0.0008829442124655973
59770.69033588563 4.0925 0.01949999999999985 1.005710969533097 0.006743405439335477 1.0 1.0067036370627316 1.0067036370627316 -0.000992667529634561
59770.69035182904 4.0925 0.01949999999999985 1.006248543371834 0.006742044387511355 1.0 1.0067035858300488 1.0067035858300488 -0.00045504245821481604
59770.69036777247 4.0925 0.01949999999999985 1.0061123654113469 0.006752730704872786 1.0 1.0067035345973192 1.0067035345973192 -0.0005911691859723511
59770.69038371588 4.0925 0.01949999999999985 1.0073638748663856 0.006755281478181398 1.0 1.0067034833646364 1.0067034833646364 0.0006603915017491246
59770.6903996593 4.0925 0.01949999999999985 1.0134175419797227 0.0067677541298651386 1.0 1.0067034321319301 1.0067034321319301 0.0067141098477925265
59770.69041560273 4.0925 0.01949999999999985 1.0063720006134216 0.006761720218752133 1.0 1.0067033808992005 1.0067033808992005 -0.0003313802857789483
59770.69043154614 4.0925 0.01949999999999985 1.0024411727019096 0.006748132415074295 1.0 1.0067033296665178 1.0067033296665178 -0.004262156964608188
59770.69044748957 4.0925 0.01949999999999985 1.0115933496292229 0.006778127375125402 1.0 1.0067032784337882 1.0067032784337882 0.00489007119543472
59770.690463432984 4.0925 0.01949999999999985 1.0194398744380961 0.006796565593520367 1.0 1.0067032272011054 1.0067032272011054 0.01273664723699075
59770.69047937641 4.0925 0.01949999999999985 1.0022417445020497 0.0067292335906039774 1.0 1.0067031759683758 1.0067031759683758 -0.004461431466326049
59770.69049531983 4.0925 0.01949999999999985 1.0056469963086438 0.006739059612174435 1.0 1.0067031247356695 1.0067031247356695 -0.0010561284270256266
59770.69051126325 4.0925 0.01949999999999985 1.010421174377161 0.006764831060622815 1.0 1.0067030735029634 1.0067030735029634 0.0037181008741975496
59770.69052720667 4.0925 0.01949999999999985 1.0068235167234088 0.006759955779362913 1.0 1.006703022270257 1.006703022270257 0.00012049445315165386
59770.69054315009 4.0925 0.01949999999999985 1.000138011302009 0.006748371726174162 1.0 1.006702971037551 1.006702971037551 -0.006564959735541942
59770.69055909351 4.0925 0.01949999999999985 1.0106538886499836 0.006770703690039504 1.0 1.0067029198048447 1.0067029198048447 0.0039509688451389025
59770.69057503693 4.0925 0.01949999999999985 1.0049516573108042 0.006730480889441242 1.0 1.0067028685721386 1.0067028685721386 -0.0017512112613344843
59770.69059098035 4.0925 0.01949999999999985 0.998875483286995 0.006741855335174414 1.0 1.0067028173394323 1.0067028173394323 -0.007827334052437296
