eureka_custom_plots/data/stage5_lcfit_results/S5_wasp39b_ap4_bg8_Table_Save_ch51.txt
# %ECSV 1.0
# ---
# datatype:
# - {name: time, datatype: float64}
# - {name: wavelength, datatype: float64}
# - {name: bin_width, datatype: float64}
# - {name: lcdata, datatype: float64}
# - {name: lcerr, datatype: float64}
# - {name: transit, datatype: float64}
# - {name: polynom, datatype: float64}
# - {name: model, datatype: float64}
# - {name: residuals, datatype: float64}
# schema: astropy-2.0
time wavelength bin_width lcdata lcerr transit polynom model residuals
[from data line 3579]
59770.701081751096 4.974 0.019000000000000128 1.016612197739798 0.01155030923058894 1.0 1.0066276598161474 1.0066276598161474 0.009984537923650505
59770.70109769452 4.974 0.019000000000000128 1.0071644101449455 0.011584041737043119 1.0 1.0066276302019022 1.0066276302019022 0.0005367799430433529
59770.70111363794 4.974 0.019000000000000128 1.0013009890861977 0.01156308393084603 1.0 1.006627600587657 1.006627600587657 -0.005326611501459411
59770.70112958136 4.974 0.019000000000000128 1.0110652517126477 0.011587686912983154 1.0 1.0066275709734118 1.0066275709734118 0.004437680739235894
59770.70114552478 4.974 0.019000000000000128 0.9904799435809925 0.011544657539689607 1.0 1.0066275413591668 1.0066275413591668 -0.016147597778174316
59770.7011614682 4.974 0.019000000000000128 1.009274956288279 0.011558722202175525 1.0 1.0066275117449215 1.0066275117449215 0.0026474445433575244
59770.70117741162 4.974 0.019000000000000128 0.9939650515581218 0.011501398099040114 1.0 1.0066274821306764 1.0066274821306764 -0.012662430572554673
59770.70119335504 4.974 0.019000000000000128 1.0113181076347573 0.01157339471044169 1.0 1.0066274525164312 1.0066274525164312 0.004690655118326115
59770.70120929846 4.974 0.019000000000000128 1.020007880950777 0.011614329288680064 1.0 1.006627422902186 1.006627422902186 0.013380458048591004
59770.701225241886 4.974 0.019000000000000128 "" "" 1.0 1.0066273932879275 1.0066273932879275 ""
59770.7012411853 4.974 0.019000000000000128 1.0070381243420663 0.011574704666076156 1.0 1.0066273636736958 1.0066273636736958 0.0004107606683705356
59770.70125712872 4.974 0.019000000000000128 0.9892433069595824 0.011555805291484065 1.0 1.0066273340594505 1.0066273340594505 -0.017384027099868082
59770.70127307215 4.974 0.019000000000000128 0.9844421459274247 0.011516600027778198 1.0 1.0066273044451919 1.0066273044451919 -0.022185158517767145
59770.70128901556 4.974 0.019000000000000128 0.9976885220803791 0.011519731211398484 1.0 1.0066272748309602 1.0066272748309602 -0.008938752750581092
59770.70130495899 4.974 0.019000000000000128 1.0064034126973926 0.011575586518606313 1.0 1.0066272452167015 1.0066272452167015 -0.00022383251930890857
59770.7013209024 4.974 0.019000000000000128 1.0004016139799607 0.011518628234573645 1.0 1.0066272156024698 1.0066272156024698 -0.006225601622509069
59770.70133684583 4.974 0.019000000000000128 1.0181607790168432 0.011573587164455043 1.0 1.0066271859882112 1.0066271859882112 0.011533593028631994
59770.70135278924 4.974 0.019000000000000128 1.0138482376959024 0.011555757907656122 1.0 1.0066271563739795 1.0066271563739795 0.007221081321922895
59770.70136873266 4.974 0.019000000000000128 1.0204863783144096 0.01155934220127992 1.0 1.0066271267597344 1.0066271267597344 0.013859251554675156
59770.70138467609 4.974 0.019000000000000128 1.0113270831037917 0.011607032774819817 1.0 1.0066270971454758 1.0066270971454758 0.004699985958315889
59770.7014006195 4.974 0.019000000000000128 1.0119005654058464 0.011572571728336742 1.0 1.006627067531244 1.006627067531244 0.005273497874602295
59770.70141656293 4.974 0.019000000000000128 1.0047245040630675 0.011550436337330912 1.0 1.0066270379169855 1.0066270379169855 -0.0019025338539180314
59770.70143250634 4.974 0.019000000000000128 1.0097411175349 0.011583880027312853 1.0 1.0066270083027538 1.0066270083027538 0.003114109232146278
59770.70144844977 4.974 0.019000000000000128 0.9984011627579183 0.01154573405337205 1.0 1.0066269786884952 1.0066269786884952 -0.008225815930576807
59770.70146439319 4.974 0.019000000000000128 1.0036436013766277 0.011541369113648845 1.0 1.0066269490742499 1.0066269490742499 -0.0029833476976222073
59770.701480336604 4.974 0.019000000000000128 1.0135128996332892 0.01160152598651119 1.0 1.0066269194600184 1.0066269194600184 0.0068859801732708
59770.70149628003 4.974 0.019000000000000128 1.002187244779823 0.011559263299659422 1.0 1.0066268898457595 1.0066268898457595 -0.004439645065936526
59770.70151222345 4.974 0.019000000000000128 0.9998008392499483 0.011518518867758449 1.0 1.0066268602315145 1.0066268602315145 -0.00682602098156615
59770.70152816687 4.974 0.019000000000000128 0.9908609400710978 0.011516111959564321 1.0 1.0066268306172692 1.0066268306172692 -0.01576589054617139
59770.70154411029 4.974 0.019000000000000128 0.9913744082296473 0.011534287437817968 1.0 1.0066268010030242 1.0066268010030242 -0.015252392773376866
59770.70156005371 4.974 0.019000000000000128 1.0209902418883579 0.01161928251855422 1.0 1.0066267713887789 1.0066267713887789 0.014363470499578979
59770.70157599713 4.974 0.019000000000000128 1.0188909410433633 0.011596191348344312 1.0 1.0066267417745338 1.0066267417745338 0.01226419926882949
59770.70159194055 4.974 0.019000000000000128 1.0094285874498252 0.011560121715976097 1.0 1.0066267121602885 1.0066267121602885 0.0028018752895366816
59770.70160788397 4.974 0.019000000000000128 1.002595968121736 0.011541142504228472 1.0 1.0066266825460435 1.0066266825460435 -0.004030714424307469
59770.70162382739 4.974 0.019000000000000128 1.0107246349552919 0.011542047390086302 1.0 1.0066266529317982 1.0066266529317982 0.0040979820234936515
59770.701639770814 4.974 0.019000000000000128 0.9949418308081202 0.011524181084954871 1.0 1.0066266233175531 1.0066266233175531 -0.011684792509432995
59770.701655714234 4.974 0.019000000000000128 0.9928909083929297 0.011548171249210185 1.0 1.0066265937033079 1.0066265937033079 -0.013735685310378165
59770.701671657655 4.974 0.019000000000000128 0.9923024588148273 0.011538413389065921 1.0 1.0066265640890628 1.0066265640890628 -0.014324105274235555
59770.70168760108 4.974 0.019000000000000128 0.9911476677404971 0.011515740548393438 1.0 1.006626534474804 1.006626534474804 -0.015478866734306873
59770.701703544495 4.974 0.019000000000000128 1.0270987082846497 0.011638123989801621 1.0 1.0066265048605725 1.0066265048605725 0.020472203424077184
59770.701719487915 4.974 0.019000000000000128 1.006427066547281 0.011551076914589536 1.0 1.0066264752463272 1.0066264752463272 -0.00019940869904622183
59770.70173543134 4.974 0.019000000000000128 0.9985090224341018 0.011559084738897678 1.0 1.0066264456320686 1.0066264456320686 -0.008117423197966822
59770.701751374756 4.974 0.019000000000000128 1.0101663429276906 0.011549268790744313 1.0 1.0066264160178369 1.0066264160178369 0.003539926909853719
59770.70176731818 4.974 0.019000000000000128 1.0153196926705403 0.011615180974068998 1.0 1.0066263864035783 1.0066263864035783 0.008693306266962075
59770.7017832616 4.974 0.019000000000000128 1.0047878492149576 0.01156338479693812 1.0 1.0066263567893465 1.0066263567893465 -0.00183850757438897
59770.701799205024 4.974 0.019000000000000128 1.0198937256222662 0.011594492950772408 1.0 1.006626327175088 1.006626327175088 0.01326739844717828
59770.70181514844 4.974 0.019000000000000128 1.010578708833506 0.01163201394251053 1.0 1.0066262975608562 1.0066262975608562 0.003952411272649892
59770.70183109186 4.974 0.019000000000000128 0.9972628963572132 0.011533611186625142 1.0 1.0066262679466111 1.0066262679466111 -0.009363371589397929
59770.701847035285 4.974 0.019000000000000128 1.0117006354944635 0.011610647667614923 1.0 1.0066262383323525 1.0066262383323525 0.0050743971621109996
59770.7018629787 4.974 0.019000000000000128 1.0023566890259263 0.011506321174371262 1.0 1.0066262087181208 1.0066262087181208 -0.004269519692194468
59770.701878922126 4.974 0.019000000000000128 1.0179152285332693 0.011581800015689645 1.0 1.0066261791038622 1.0066261791038622 0.011289049429407116
59770.70189486554 4.974 0.019000000000000128 1.010564835261766 0.01155564282232803 1.0 1.0066261494896305 1.0066261494896305 0.0039386857721355195
59770.701910808966 4.974 0.019000000000000128 1.0093295649793628 0.011577762284324339 1.0 1.0066261198753719 1.0066261198753719 0.002703445103990898
59770.70192675239 4.974 0.019000000000000128 0.9914884993708672 0.011516433384828282 1.0 1.0066260902611266 1.0066260902611266 -0.015137590890259345
59770.7019426958 4.974 0.019000000000000128 0.9975328213192112 0.011465827995933098 1.0 1.006626060646895 1.006626060646895 -0.00909323932768391
59770.70195863923 4.974 0.019000000000000128 1.0114915597660827 0.0115874307445081 1.0 1.0066260310326363 1.0066260310326363 0.004865528733446478
59770.70197458265 4.974 0.019000000000000128 0.9987436153322278 0.011531070443088995 1.0 1.0066260014183912 1.0066260014183912 -0.007882386086163429
59770.70199052607 4.974 0.019000000000000128 0.9970095178699765 0.011539398034617194 1.0 1.006625971804146 1.006625971804146 -0.009616453934169433
59770.70200646948 4.974 0.019000000000000128 1.0273023065131568 0.011604296364419968 1.0 1.0066259421899144 1.0066259421899144 0.02067636432324238
59770.70202241291 4.974 0.019000000000000128 0.9928240917281858 0.011485594824040966 1.0 1.0066259125756556 1.0066259125756556 -0.013801820847469837
59770.70203835633 4.974 0.019000000000000128 0.9845987299267266 0.011507227641484631 1.0 1.0066258829614105 1.0066258829614105 -0.022027153034683944
59770.70205429975 4.974 0.019000000000000128 1.007875450662838 0.011567270138986728 1.0 1.0066258533471653 1.0066258533471653 0.001249597315672757
59770.70207024317 4.974 0.019000000000000128 1.0057009113655917 0.01155177569192898 1.0 1.0066258237329202 1.0066258237329202 -0.0009249123673285009
59770.70208618659 4.974 0.019000000000000128 0.993214055185636 0.011543345550731677 1.0 1.006625794118675 1.006625794118675 -0.01341173893303893
59770.70210213001 4.974 0.019000000000000128 1.0045332406366008 0.011548941703290128 1.0 1.0066257645044299 1.0066257645044299 -0.002092523867829099
59770.70211807343 4.974 0.019000000000000128 1.0082965241096487 0.01156695147699247 1.0 1.0066257348901846 1.0066257348901846 0.0016707892194640639
59770.70213401685 4.974 0.019000000000000128 1.0037522941930193 0.011598082080582434 1.0 1.0066257052759395 1.0066257052759395 -0.002873411082920274
59770.70214996027 4.974 0.019000000000000128 1.0193898388461133 0.011594982087553293 1.0 1.0066256756616943 1.0066256756616943 0.012764163184419086
59770.70216590369 4.974 0.019000000000000128 1.0155932998610628 0.011602857642241893 1.0 1.0066256460474492 1.0066256460474492 0.00896765381361364
59770.70218184711 4.974 0.019000000000000128 1.000082862005775 0.011555680838163824 1.0 1.006625616433204 1.006625616433204 -0.006542754427429021
59770.70219779054 4.974 0.019000000000000128 1.0317699159745743 0.011646665996142298 1.0 1.0066255868189453 1.0066255868189453 0.02514432915562903
59770.70221373395 4.974 0.019000000000000128 0.9873729404707906 0.011505910361311475 1.0 1.0066255572047136 1.0066255572047136 -0.019252616733922978
59770.70222967738 4.974 0.019000000000000128 0.9908781869930021 0.011493739487697314 1.0 1.006625527590455 1.006625527590455 -0.015747340597452864
59770.70224562079 4.974 0.019000000000000128 1.028392248679604 0.011663288152023615 1.0 1.0066254979762232 1.0066254979762232 0.021766750703380744
59770.70226156422 4.974 0.019000000000000128 1.0154045445960167 0.011569303804654391 1.0 1.0066254683619646 1.0066254683619646 0.008779076234052052
59770.70227750763 4.974 0.019000000000000128 1.0202204887738153 0.01157128153213146 1.0 1.006625438747733 1.006625438747733 0.013595050026082411
59770.70229345105 4.974 0.019000000000000128 1.020288733110564 0.011636061520150745 1.0 1.0066254091334879 1.0066254091334879 0.013663323977076036
59770.70230939448 4.974 0.019000000000000128 0.9969750825339595 0.01156925445410688 1.0 1.0066253795192293 1.0066253795192293 -0.009650296985269757
59770.702325337894 4.974 0.019000000000000128 1.002231506914403 0.01155624157010543 1.0 1.0066253499049975 1.0066253499049975 -0.004393842990594532
59770.70234128132 4.974 0.019000000000000128 1.0226142509915195 0.011581143556295649 1.0 1.006625320290739 1.006625320290739 0.015988930700780557
59770.702357224734 4.974 0.019000000000000128 1.000206189471895 0.011527609331297468 1.0 1.0066252906765072 1.0066252906765072 -0.006419101204612199
59770.70237316816 4.974 0.019000000000000128 1.0120468299834933 0.011560600970487639 1.0 1.0066252610622486 1.0066252610622486 0.005421568921244679
59770.70238911158 4.974 0.019000000000000128 1.001007064424356 0.011539881340781091 1.0 1.0066252314480033 1.0066252314480033 -0.005618167023647258
59770.702405054995 4.974 0.019000000000000128 1.0286350174382612 0.011605296893264748 1.0 1.0066252018337716 1.0066252018337716 0.02200981560448967
59770.70242099842 4.974 0.019000000000000128 1.0054708523426916 0.011542277761611009 1.0 1.006625172219513 1.006625172219513 -0.0011543198768213525
59770.70243694184 4.974 0.019000000000000128 0.9918422037320013 0.01149998748181623 1.0 1.006625142605268 1.006625142605268 -0.014782938873266649
59770.70245288526 4.974 0.019000000000000128 1.012187207090779 0.011557342915365717 1.0 1.0066251129910226 1.0066251129910226 0.005562094099756276
59770.70246882868 4.974 0.019000000000000128 0.9914676592543686 0.01153571104755347 1.0 1.006625083376791 1.006625083376791 -0.01515742412242227
59770.702484772104 4.974 0.019000000000000128 0.996077007462072 0.011550486618818245 1.0 1.0066250537625323 1.0066250537625323 -0.010548046300460356
59770.702500715524 4.974 0.019000000000000128 0.9914239151235433 0.0115063689602093 1.0 1.0066250241482873 1.0066250241482873 -0.01520110902474392
59770.702516658945 4.974 0.019000000000000128 1.0033165647924773 0.013336646898881309 1.0 1.006624994534042 1.006624994534042 -0.0033084297415646446
59770.702532602365 4.974 0.019000000000000128 1.0147622151335125 0.0115502909864078 1.0 1.006624964919797 1.006624964919797 0.008137250213715586
59770.702548545785 4.974 0.019000000000000128 1.0087361388691944 0.011589047406374096 1.0 1.0066249353055516 1.0066249353055516 0.002111203563642805
59770.702564489206 4.974 0.019000000000000128 0.992880049667702 0.01152289327737658 1.0 1.0066249056913066 1.0066249056913066 -0.013744856023604535
59770.702580432626 4.974 0.019000000000000128 0.988265328714581 0.011505349424490845 1.0 1.0066248760770613 1.0066248760770613 -0.018359547362480355
59770.702596376046 4.974 0.019000000000000128 1.0121910821317377 0.011598114727238724 1.0 1.0066248464628162 1.0066248464628162 0.005566235668921449
59770.70261231947 4.974 0.019000000000000128 1.015910552876553 0.01160988379747607 1.0 1.006624816848571 1.006624816848571 0.009285736027982106
59770.70262826289 4.974 0.019000000000000128 1.0165212750283203 0.01161412037909558 1.0 1.006624787234326 1.006624787234326 0.009896487793994435
59770.70264420631 4.974 0.019000000000000128 1.0045803749764202 0.011584228997283593 1.0 1.0066247576200806 1.0066247576200806 -0.0020443826436604695
59770.70266014973 4.974 0.019000000000000128 1.0073255764491313 0.011545785200033912 1.0 1.0066247280058356 1.0066247280058356 0.0007008484432957651
59770.70267609315 4.974 0.019000000000000128 1.014737982082548 0.011571569048743987 1.0 1.0066246983915903 1.0066246983915903 0.008113283690957651
59770.702692036575 4.974 0.019000000000000128 1.005009754649329 0.011560376099182488 1.0 1.0066246687773317 1.0066246687773317 -0.0016149141280026313
59770.70270797999 4.974 0.019000000000000128 1.0081622292731172 0.01156656582951442 1.0 1.0066246391631 1.0066246391631 0.0015375901100171951
59770.702723923416 4.974 0.019000000000000128 1.008637972052254 0.011565837523207247 1.0 1.0066246095488414 1.0066246095488414 0.0020133625034126634
59770.70273986683 4.974 0.019000000000000128 1.0040059559466885 0.011572544473943272 1.0 1.0066245799346096 1.0066245799346096 -0.0026186239879211204
59770.70275581025 4.974 0.019000000000000128 0.9947180624561743 0.011494597324079875 1.0 1.0066245503203646 1.0066245503203646 -0.01190648786419024
59770.70277175368 4.974 0.019000000000000128 0.9854838179735883 0.011506683018306147 1.0 1.0066245207061058 1.0066245207061058 -0.021140702732517447
59770.70278769709 4.974 0.019000000000000128 1.0115254664173956 0.011554352087180338 1.0 1.0066244910918742 1.0066244910918742 0.004900975325521362
