eureka_custom_plots/data/stage5_lcfit_results/S5_wasp39b_ap4_bg8_Table_Save_ch28.txt
# %ECSV 1.0
# ---
# datatype:
# - {name: time, datatype: float64}
# - {name: wavelength, datatype: float64}
# - {name: bin_width, datatype: float64}
# - {name: lcdata, datatype: float64}
# - {name: lcerr, datatype: float64}
# - {name: transit, datatype: float64}
# - {name: polynom, datatype: float64}
# - {name: model, datatype: float64}
# - {name: residuals, datatype: float64}
# schema: astropy-2.0
time wavelength bin_width lcdata lcerr transit polynom model residuals
[from data line 3139]
59770.69406664605 4.0925 0.01949999999999985 1.0234544653575752 0.006795936311612315 1.0 1.0066916486092465 1.0066916486092465 0.01676281674832869
59770.69408258947 4.0925 0.01949999999999985 1.0070442497159768 0.006761667735974586 1.0 1.0066915973765405 1.0066915973765405 0.00035265233943637675
59770.694098532884 4.0925 0.01949999999999985 1.008401567101092 0.006754596785892272 1.0 1.0066915461438577 1.0066915461438577 0.0017100209572342706
59770.69411447631 4.0925 0.01949999999999985 1.014806793756703 0.006788432919312224 1.0 1.006691494911128 1.006691494911128 0.008115298845574825
59770.694130419724 4.0925 0.01949999999999985 1.003905467021831 0.006750805362160953 1.0 1.006691443678445 1.006691443678445 -0.0027859766566140642
59770.69414636315 4.0925 0.01949999999999985 1.004553001586172 0.006765191599014098 1.0 1.0066913924457157 1.0066913924457157 -0.002138390859543815
59770.69416230657 4.0925 0.01949999999999985 1.0001917234473612 0.006736709862743963 1.0 1.0066913412130094 1.0066913412130094 -0.006499617765648225
59770.69417824999 4.0925 0.01949999999999985 0.9993915304012051 0.006751115396229695 1.0 1.0066912899803033 1.0066912899803033 -0.007299759579098231
59770.69419419341 4.0925 0.01949999999999985 0.9907871881778727 0.006693955868658997 1.0 1.006691238747597 1.006691238747597 -0.015904050569724326
59770.694210136826 4.0925 0.01949999999999985 1.0063547727200977 0.0067618866136126025 1.0 1.0066911875149143 1.0066911875149143 -0.0003364147948166085
59770.69422608025 4.0925 0.01949999999999985 1.0050393760166554 0.006742399290058484 1.0 1.0066911362821847 1.0066911362821847 -0.0016517602655292674
59770.694242023674 4.0925 0.01949999999999985 1.0043274870213517 0.0067627745914294445 1.0 1.0066910850494784 1.0066910850494784 -0.00236359802812669
59770.694257967094 4.0925 0.01949999999999985 1.0123871146350938 0.006780181365593573 1.0 1.0066910338167723 1.0066910338167723 0.005696080818321514
59770.694273910514 4.0925 0.01949999999999985 1.0169281849310012 0.006771961881800378 1.0 1.006690982584066 1.006690982584066 0.010237202346935259
59770.694289853935 4.0925 0.01949999999999985 1.0157121570884817 0.006776957659701225 1.0 1.00669093135136 1.00669093135136 0.00902122573712183
59770.694305797355 4.0925 0.01949999999999985 1.0105825215039255 0.006762796299995521 1.0 1.0066908801186536 1.0066908801186536 0.003891641385271871
59770.694321740775 4.0925 0.01949999999999985 1.0105849852188038 0.006759766040204266 1.0 1.0066908288859473 1.0066908288859473 0.003894156332856502
59770.694337684195 4.0925 0.01949999999999985 1.0005531539762782 0.006746386052331895 1.0 1.0066907776532412 1.0066907776532412 -0.006137623676963022
59770.69435362762 4.0925 0.01949999999999985 1.0087603662609008 0.006771608636895234 1.0 1.0066907264205116 1.0066907264205116 0.0020696398403892147
59770.694369571036 4.0925 0.01949999999999985 1.0039370210188823 0.006755938035613608 1.0 1.0066906751878288 1.0066906751878288 -0.0027536541689465732
59770.69438551446 4.0925 0.01949999999999985 1.0171005975177074 0.006785883832185422 1.0 1.0066906239551225 1.0066906239551225 0.010409973562584884
59770.69440145788 4.0925 0.01949999999999985 1.013556530528209 0.006766697917177525 1.0 1.0066905727224165 1.0066905727224165 0.006865957805792577
59770.6944174013 4.0925 0.01949999999999985 1.0112807397379224 0.006754966826104963 1.0 1.0066905214897102 1.0066905214897102 0.004590218248212263
59770.694433344725 4.0925 0.01949999999999985 1.0134513065409634 0.006764802336500031 1.0 1.0066904702569806 1.0066904702569806 0.0067608362839828295
59770.69444928814 4.0925 0.01949999999999985 1.0132557041654497 0.006777331848055616 1.0 1.0066904190242978 1.0066904190242978 0.006565285141151955
59770.694465231565 4.0925 0.01949999999999985 1.001828395115798 0.006765665720879827 1.0 1.0066903677915682 1.0066903677915682 -0.004861972675770154
59770.69448117498 4.0925 0.01949999999999985 1.016133439986884 0.006771785288720216 1.0 1.0066903165588854 1.0066903165588854 0.009443123427998579
59770.6944971184 4.0925 0.01949999999999985 1.008756449672185 0.006762103425653701 1.0 1.0066902653261791 1.0066902653261791 0.002066184346005917
59770.694513061826 4.0925 0.01949999999999985 1.003865190884486 0.006766439331474094 1.0 1.0066902140934495 1.0066902140934495 -0.0028250232089634952
59770.694529005246 4.0925 0.01949999999999985 1.018066977734042 0.0067782489544255696 1.0 1.0066901628607434 1.0066901628607434 0.011376814873298668
59770.69454494867 4.0925 0.01949999999999985 1.004846661923309 0.006748710747919077 1.0 1.0066901116280371 1.0066901116280371 -0.0018434497047281617
59770.69456089208 4.0925 0.01949999999999985 1.0064012426485036 0.006770128376343857 1.0 1.0066900603953544 1.0066900603953544 -0.0002888177468507447
59770.69457683551 4.0925 0.01949999999999985 1.0054581102716056 0.006761617820498276 1.0 1.0066900091626247 1.0066900091626247 -0.0012318988910191564
59770.69459277893 4.0925 0.01949999999999985 1.0047302312805149 0.006746111335854373 1.0 1.0066899579299187 1.0066899579299187 -0.0019597266494038035
59770.69460872235 4.0925 0.01949999999999985 0.9999225110194003 0.006745299732700567 1.0 1.0066899066972124 1.0066899066972124 -0.006767395677812038
59770.69462466577 4.0925 0.01949999999999985 1.0017312463142514 0.006748580724255971 1.0 1.0066898554645063 1.0066898554645063 -0.004958609150254922
59770.69464060919 4.0925 0.01949999999999985 1.013899718931627 0.006768062240716216 1.0 1.0066898042318 1.0066898042318 0.007209914699827014
59770.69465655261 4.0925 0.01949999999999985 1.0033868582615169 0.006759601506418986 1.0 1.0066897529990937 1.0066897529990937 -0.0033028947375768336
59770.69467249603 4.0925 0.01949999999999985 1.0065276153523388 0.006764615420178242 1.0 1.0066897017663876 1.0066897017663876 -0.00016208641404880098
59770.69468843945 4.0925 0.01949999999999985 0.9997186408085442 0.0067386549879255775 1.0 1.0066896505336813 1.0066896505336813 -0.0069710097251370895
59770.69470438287 4.0925 0.01949999999999985 1.0122056183905443 0.0067646547594978415 1.0 1.0066895993009752 1.0066895993009752 0.005516019089569113
59770.69472032629 4.0925 0.01949999999999985 1.0095807815130364 0.006770201995280203 1.0 1.006689548068269 1.006689548068269 0.0028912334447674937
59770.69473626971 4.0925 0.01949999999999985 0.9970222074164484 0.006733997303135848 1.0 1.0066894968355629 1.0066894968355629 -0.009667289419114433
59770.69475221314 4.0925 0.01949999999999985 1.0147225412535068 0.006773483899438941 1.0 1.0066894456028332 1.0066894456028332 0.00803309565067356
59770.69476815655 4.0925 0.01949999999999985 1.0068663933455126 0.006753955552300986 1.0 1.0066893943701505 1.0066893943701505 0.0001769989753621637
59770.69478409997 4.0925 0.01949999999999985 1.0039592740977323 0.006744409214505325 1.0 1.0066893431374442 1.0066893431374442 -0.0027300690397118466
59770.69480004339 4.0925 0.01949999999999985 0.9949817227168851 0.00674636880122755 1.0 1.0066892919047379 1.0066892919047379 -0.011707569187852762
59770.69481598682 4.0925 0.01949999999999985 1.0111509713076612 0.006767404206700668 1.0 1.0066892406720085 1.0066892406720085 0.004461730635652694
59770.69483193024 4.0925 0.01949999999999985 0.9974463724373779 0.006734343982326721 1.0 1.0066891894393022 1.0066891894393022 -0.009242817001924308
59770.69484787365 4.0925 0.01949999999999985 1.004809287096338 0.006753818500601522 1.0 1.0066891382066194 1.0066891382066194 -0.0018798511102813276
59770.69486381708 4.0925 0.01949999999999985 1.0037833632217465 0.006744217403637936 1.0 1.0066890869738898 1.0066890869738898 -0.0029057237521432633
59770.69487976049 4.0925 0.01949999999999985 1.00289232418104 0.006740572984858863 1.0 1.006689035741207 1.006689035741207 -0.003796711560167143
59770.69489570392 4.0925 0.01949999999999985 0.9948091662041665 0.0067283314350694975 1.0 1.0066889845084774 1.0066889845084774 -0.011879818304310952
59770.69491164733 4.0925 0.01949999999999985 1.0049604316475744 0.006742194899108008 1.0 1.0066889332757947 1.0066889332757947 -0.001728501628220247
59770.69492759076 4.0925 0.01949999999999985 1.0092601260476797 0.006754316861428782 1.0 1.006688882043065 1.006688882043065 0.0025712440046146146
59770.69494353418 4.0925 0.01949999999999985 1.003860014850655 0.00677074264098153 1.0 1.0066888308103588 1.0066888308103588 -0.0028288159597038565
59770.694959477594 4.0925 0.01949999999999985 1.0104220778871262 0.00675825364688252 1.0 1.006688779577676 1.006688779577676 0.003733298309450239
59770.69497542102 4.0925 0.01949999999999985 1.0099639545508776 0.006778172172529268 1.0 1.0066887283449464 1.0066887283449464 0.0032752262059312365
59770.69499136444 4.0925 0.01949999999999985 0.9982680817064942 0.0067574779863799 1.0 1.00668867711224 1.00668867711224 -0.008420595405745912
59770.69500730786 4.0925 0.01949999999999985 1.0050267939634552 0.006753800270364431 1.0 1.006688625879534 1.006688625879534 -0.0016618319160788264
59770.69502325128 4.0925 0.01949999999999985 1.0003260430384175 0.0067401565560643115 1.0 1.0066885746468277 1.0066885746468277 -0.00636253160841016
59770.6950391947 4.0925 0.01949999999999985 1.0035457030489296 0.00675190103953242 1.0 1.0066885234141216 1.0066885234141216 -0.0031428203651919784
59770.69505513812 4.0925 0.01949999999999985 1.000644096180286 0.006729231145198477 1.0 1.0066884721814153 1.0066884721814153 -0.006044376001129281
59770.69507108154 4.0925 0.01949999999999985 1.0100938021073051 0.0067736221330626295 1.0 1.0066884209487093 1.0066884209487093 0.0034053811585958993
59770.695087024964 4.0925 0.01949999999999985 1.0010715737210105 0.006745703533782661 1.0 1.006688369716003 1.006688369716003 -0.0056167959949924295
59770.69510296839 4.0925 0.01949999999999985 1.0117459327261442 0.006761799396401268 1.0 1.0066883184832733 1.0066883184832733 0.005057614242870878
59770.695118911804 4.0925 0.01949999999999985 1.0085626403712649 0.006756462254372276 1.0 1.0066882672505906 1.0066882672505906 0.0018743731206742886
59770.695134855225 4.0925 0.01949999999999985 1.0189215752494012 0.006791828592906955 1.0 1.0066882160178843 1.0066882160178843 0.012233359231516916
59770.695150798645 4.0925 0.01949999999999985 1.007938423762934 0.006756633701406324 1.0 1.0066881647851782 1.0066881647851782 0.0012502589777558804
59770.695166742065 4.0925 0.01949999999999985 1.0086818323684208 0.0067628273941883876 1.0 1.006688113552472 1.006688113552472 0.001993718815948897
59770.69518268549 4.0925 0.01949999999999985 1.0043678782531809 0.006744430115624722 1.0 1.0066880623197423 1.0066880623197423 -0.002320184066561426
59770.695198628906 4.0925 0.01949999999999985 1.0159580659187866 0.006779081832938944 1.0 1.0066880110870595 1.0066880110870595 0.009270054831727048
59770.69521457233 4.0925 0.01949999999999985 1.0035278598762576 0.006747219744412119 1.0 1.00668795985433 1.00668795985433 -0.003160099978072317
59770.69523051575 4.0925 0.01949999999999985 1.0019619401752817 0.0067417725662996895 1.0 1.0066879086216471 1.0066879086216471 -0.004725968446365414
59770.69524645917 4.0925 0.01949999999999985 1.0050024327329183 0.00676792430786531 1.0 1.006687857388941 1.006687857388941 -0.001685424656022727
59770.695262402594 4.0925 0.01949999999999985 1.0102769837973729 0.006766937303847035 1.0 1.0066878061562115 1.0066878061562115 0.0035891776411614007
59770.695278346015 4.0925 0.01949999999999985 1.0055071939366795 0.006758925835125286 1.0 1.0066877549235052 1.0066877549235052 -0.0011805609868256184
59770.695294289435 4.0925 0.01949999999999985 1.013702384025296 0.006767777292902488 1.0 1.006687703690799 1.006687703690799 0.0070146803344970365
59770.69531023285 4.0925 0.01949999999999985 0.9981775404543113 0.0067227008108256625 1.0 1.006687652458116 1.006687652458116 -0.008510112003804804
59770.695326176276 4.0925 0.01949999999999985 1.0129055814775048 0.0067748269951775535 1.0 1.0066876012253865 1.0066876012253865 0.0062179802521182825
59770.69534211969 4.0925 0.01949999999999985 1.0053171891615003 0.006764266392887138 1.0 1.0066875499927037 1.0066875499927037 -0.0013703608312034543
59770.695358063116 4.0925 0.01949999999999985 0.9937181570302883 0.006739189729402528 1.0 1.006687498759974 1.006687498759974 -0.01296934172968578
59770.69537400654 4.0925 0.01949999999999985 1.0090129813334165 0.006746046689384809 1.0 1.006687447527268 1.006687447527268 0.0023255338061485276
59770.69538994996 4.0925 0.01949999999999985 1.0074122606068991 0.006758319045481875 1.0 1.0066873962945617 1.0066873962945617 0.0007248643123374254
59770.69540589338 4.0925 0.01949999999999985 1.0122285561716238 0.006769472283999885 1.0 1.0066873450618556 1.0066873450618556 0.005541211109768129
59770.69542183679 4.0925 0.01949999999999985 1.0218566832538825 0.006791656047217748 1.0 1.0066872938291727 1.0066872938291727 0.0151693894247098
59770.69543778022 4.0925 0.01949999999999985 1.006124452312361 0.006771556728229078 1.0 1.0066872425964433 1.0066872425964433 -0.0005627902840823484
59770.69545372364 4.0925 0.01949999999999985 1.0062398920126538 0.006751931135816057 1.0 1.006687191363737 1.006687191363737 -0.00044729935108311913
59770.69546966706 4.0925 0.01949999999999985 1.0107947639079813 0.006757533590474307 1.0 1.0066871401310307 1.0066871401310307 0.00410762377695062
59770.69548561048 4.0925 0.01949999999999985 1.0155625290564736 0.006764540236499162 1.0 1.0066870888983246 1.0066870888983246 0.008875440158149006
59770.6955015539 4.0925 0.01949999999999985 1.0177275353545971 0.0067667121022953435 1.0 1.0066870376656183 1.0066870376656183 0.011040497688978856
59770.69551749732 4.0925 0.01949999999999985 1.0093025858915627 0.006772656188521606 1.0 1.0066869864329122 1.0066869864329122 0.0026155994586505305
59770.69553344075 4.0925 0.01949999999999985 0.991305704803869 0.00671863273614436 1.0 1.0066869352001826 1.0066869352001826 -0.015381230396313561
59770.69554938416 4.0925 0.01949999999999985 1.0104338372444146 0.006758322600747769 1.0 1.0066868839674998 1.0066868839674998 0.003746953276914766
59770.69556532759 4.0925 0.01949999999999985 1.022172283183082 0.006785620812494167 1.0 1.0066868327347702 1.0066868327347702 0.015485450448311733
59770.695581271 4.0925 0.01949999999999985 1.0135986899596703 0.006772895589456333 1.0 1.0066867815020875 1.0066867815020875 0.006911908457582827
59770.69559721442 4.0925 0.01949999999999985 1.0121013653401525 0.006767401037264555 1.0 1.0066867302693812 1.0066867302693812 0.005414635070771334
59770.69561315785 4.0925 0.01949999999999985 0.999832697534072 0.006753497801046993 1.0 1.0066866790366515 1.0066866790366515 -0.0068539815025795425
59770.69562910126 4.0925 0.01949999999999985 0.9946312315423402 0.006751999882241902 1.0 1.0066866278039688 1.0066866278039688 -0.012055396261628548
59770.69564504469 4.0925 0.01949999999999985 1.0056542790036596 0.0067618381426216324 1.0 1.0066865765712392 1.0066865765712392 -0.0010322975675796098
59770.6956609881 4.0925 0.01949999999999985 1.0117402318198576 0.00677224530487228 1.0 1.0066865253385564 1.0066865253385564 0.005053706481301212
59770.69567693153 4.0925 0.01949999999999985 1.0003467461287643 0.006747569392524727 1.0 1.0066864741058268 1.0066864741058268 -0.006339727977062504
59770.69569287494 4.0925 0.01949999999999985 0.9968982479534596 0.0067313935069902965 1.0 1.006686422873144 1.006686422873144 -0.009788174919684423
59770.69570881836 4.0925 0.01949999999999985 1.0122380824223112 0.0067678119127040194 1.0 1.0066863716404377 1.0066863716404377 0.005551710781873442
59770.69572476179 4.0925 0.01949999999999985 1.0062153680866512 0.006763130888217134 1.0 1.0066863204077081 1.0066863204077081 -0.00047095232105687224
59770.69574070521 4.0925 0.01949999999999985 1.0061306099148972 0.00675811828383055 1.0 1.006686269175002 1.006686269175002 -0.0005556592601048127
59770.69575664863 4.0925 0.01949999999999985 1.0083866031127706 0.006766239987679618 1.0 1.0066862179422957 1.0066862179422957 0.001700385170474883
