eureka_custom_plots/data/stage5_lcfit_results/S5_wasp39b_ap4_bg8_Table_Save_ch43.txt
# %ECSV 1.0
# ---
# datatype:
# - {name: time, datatype: float64}
# - {name: wavelength, datatype: float64}
# - {name: bin_width, datatype: float64}
# - {name: lcdata, datatype: float64}
# - {name: lcerr, datatype: float64}
# - {name: transit, datatype: float64}
# - {name: polynom, datatype: float64}
# - {name: model, datatype: float64}
# - {name: residuals, datatype: float64}
# schema: astropy-2.0
time wavelength bin_width lcdata lcerr transit polynom model residuals
[from data line 17843]
59770.92849868871 4.6675 0.019500000000000295 0.9828106455614359 0.008611882747256674 1.0 1.0060434289830134 1.0060434289830134 -0.02323278342157742
59770.928514632134 4.6675 0.019500000000000295 1.0062391404933357 0.008693003812216455 1.0 1.0060433707378698 1.0060433707378698 0.00019576975546597986
59770.92853057555 4.6675 0.019500000000000295 1.007604888166523 0.008666461524952438 1.0 1.0060433124927792 1.0060433124927792 0.0015615756737437092
59770.92854651897 4.6675 0.019500000000000295 0.9978194854071847 0.008650339705551761 1.0 1.0060432542476623 1.0060432542476623 -0.008223768840477597
59770.92856246239 4.6675 0.019500000000000295 1.003854216342122 0.00865639956217866 1.0 1.006043196002545 1.006043196002545 -0.002188979660423085
59770.9285784058 4.6675 0.019500000000000295 1.008416993792505 0.008691016370255263 1.0 1.0060431377574548 1.0060431377574548 0.002373856035050137
59770.92859434922 4.6675 0.019500000000000295 0.9918494642161033 0.00864871806888615 1.0 1.0060430795123376 1.0060430795123376 -0.014193615296234308
59770.92861029265 4.6675 0.019500000000000295 0.9982396784525704 0.008661500123076966 1.0 1.006043021267194 1.006043021267194 -0.007803342814623582
59770.92862623606 4.6675 0.019500000000000295 1.0120779895985013 0.00869377675046538 1.0 1.0060429630221035 1.0060429630221035 0.006035026576397762
59770.928642179475 4.6675 0.019500000000000295 0.9966371911345261 0.008651820001589417 1.0 1.006042904777013 1.006042904777013 -0.00940571364248688
59770.9286581229 4.6675 0.019500000000000295 1.0084111368264486 0.00971735959202182 1.0 1.0060428465318694 1.0060428465318694 0.0023682902945791895
59770.928674066316 4.6675 0.019500000000000295 0.9973986968414204 0.008655797328843168 1.0 1.0060427882867788 1.0060427882867788 -0.008644091445358493
59770.928690009736 4.6675 0.019500000000000295 1.0022575087892611 0.00867423699241985 1.0 1.006042730041662 1.006042730041662 -0.0037852212524007722
59770.928705953156 4.6675 0.019500000000000295 1.006501027102634 0.008672152889985182 1.0 1.0060426717965447 1.0060426717965447 0.00045835530608928643
59770.92872189658 4.6675 0.019500000000000295 0.9994577364546389 0.008665273180814139 1.0 1.0060426135514278 1.0060426135514278 -0.006584877096788899
59770.92873783999 4.6675 0.019500000000000295 1.0058317157542707 0.008682430496738024 1.0 1.0060425553063372 1.0060425553063372 -0.00021083955206657734
59770.92875378341 4.6675 0.019500000000000295 0.9975062616396476 0.008654714349198872 1.0 1.0060424970612203 1.0060424970612203 -0.008536235421572669
59770.92876972683 4.6675 0.019500000000000295 1.0084987920197956 0.00869015554874442 1.0 1.0060424388161031 1.0060424388161031 0.0024563532036925295
59770.92878567025 4.6675 0.019500000000000295 1.0115932150951705 0.008694560574325548 1.0 1.0060423805709862 1.0060423805709862 0.005550834524184367
59770.92880161367 4.6675 0.019500000000000295 1.0092690679945775 0.008691077104409523 1.0 1.006042322325869 1.006042322325869 0.0032267456687085083
59770.928817557084 4.6675 0.019500000000000295 1.0273276735528176 0.00873392774798434 1.0 1.0060422640807787 1.0060422640807787 0.02128540947203894
59770.928833500504 4.6675 0.019500000000000295 0.9993228874287673 0.008664358445830134 1.0 1.0060422058356615 1.0060422058356615 -0.006719318406894215
59770.928849443924 4.6675 0.019500000000000295 1.017930452438562 0.008722955928784503 1.0 1.0060421475905446 1.0060421475905446 0.011888304848017395
59770.928865387345 4.6675 0.019500000000000295 1.0129819576730632 0.008701071792277222 1.0 1.0060420893454274 1.0060420893454274 0.006939868327635823
59770.92888133076 4.6675 0.019500000000000295 1.0281225550382578 0.008730483765763481 1.0 1.0060420311003369 1.0060420311003369 0.022080523937920926
59770.928897274185 4.6675 0.019500000000000295 1.0042710392541871 0.008658576515142935 1.0 1.0060419728551933 1.0060419728551933 -0.0017709336010061083
59770.9289132176 4.6675 0.019500000000000295 0.9987277999261766 0.008651025105406466 1.0 1.0060419146101027 1.0060419146101027 -0.007314114683926176
59770.92892916102 4.6675 0.019500000000000295 1.0117900531150676 0.008696452001094293 1.0 1.0060418563649858 1.0060418563649858 0.005748196750081869
59770.92894510444 4.6675 0.019500000000000295 1.002853856589291 0.008651725342303473 1.0 1.0060417981198686 1.0060417981198686 -0.003187941530577554
59770.92896104785 4.6675 0.019500000000000295 1.0104784891785457 0.008688869125095052 1.0 1.0060417398747783 1.0060417398747783 0.004436749303767362
59770.92897699128 4.6675 0.019500000000000295 1.0039532531741528 0.008650347380335186 1.0 1.0060416816296345 1.0060416816296345 -0.002088428455481628
59770.92899293469 4.6675 0.019500000000000295 1.0265423113051158 0.008732276147580504 1.0 1.0060416233845442 1.0060416233845442 0.02050068792057158
59770.92900887811 4.6675 0.019500000000000295 1.0141547561813122 0.008709994815722185 1.0 1.006041565139427 1.006041565139427 0.008113191041885237
59770.92902482153 4.6675 0.019500000000000295 1.0103674305288628 0.008679203041546887 1.0 1.00604150689431 1.00604150689431 0.004325923634552753
59770.929040764946 4.6675 0.019500000000000295 1.0072180153056507 0.008691284226459785 1.0 1.0060414486492195 1.0060414486492195 0.0011765666564311772
59770.929056708366 4.6675 0.019500000000000295 1.008531475788229 0.00868265507224699 1.0 1.0060413904041023 1.0060413904041023 0.002490085384126761
59770.929072651794 4.6675 0.019500000000000295 1.0071089635365704 0.00864061318492958 1.0 1.0060413321589587 1.0060413321589587 0.0010676313776116775
59770.92908859521 4.6675 0.019500000000000295 1.0037657406336868 0.008672283592433905 1.0 1.0060412739138684 1.0060412739138684 -0.0022755332801815964
59770.92910453862 4.6675 0.019500000000000295 1.0004203568801806 0.00866638206788548 1.0 1.006041215668778 1.006041215668778 -0.005620858788597305
59770.92912048205 4.6675 0.019500000000000295 1.0257651092511126 0.008728418139854782 1.0 1.0060411574236343 1.0060411574236343 0.019723951827478325
59770.92913642546 4.6675 0.019500000000000295 1.0088689316149866 0.008669224609655342 1.0 1.0060410991785438 1.0060410991785438 0.002827832436442801
59770.92915236888 4.6675 0.019500000000000295 0.9995934434259981 0.009705774915407757 1.0 1.0060410409334266 1.0060410409334266 -0.006447597507428515
59770.9291683123 4.6675 0.019500000000000295 1.0067624183738428 0.00865975243034523 1.0 1.0060409826883097 1.0060409826883097 0.0007214356855331783
59770.92918425572 4.6675 0.019500000000000295 1.0183395590664917 0.008724325398429779 1.0 1.0060409244431925 1.0060409244431925 0.012298634623299165
59770.929200199134 4.6675 0.019500000000000295 1.0052795847593199 0.008697634807617174 1.0 1.0060408661981022 1.0060408661981022 -0.0007612814387822908
59770.929216142555 4.6675 0.019500000000000295 1.0044908781059496 0.008687381263095467 1.0 1.006040807952985 1.006040807952985 -0.0015499298470353917
59770.929232085975 4.6675 0.019500000000000295 1.005472200302548 0.008673390960674519 1.0 1.006040749707868 1.006040749707868 -0.0005685494053200291
59770.92924802939 4.6675 0.019500000000000295 0.99771423923088 0.008643016461902733 1.0 1.0060406914627775 1.0060406914627775 -0.008326452231897541
59770.929263972816 4.6675 0.019500000000000295 1.0139783519804388 0.008707568144554347 1.0 1.006040633217634 1.006040633217634 0.007937718762804913
59770.92927991623 4.6675 0.019500000000000295 1.0118963895904103 0.008682056660093801 1.0 1.0060405749725434 1.0060405749725434 0.0058558146178668835
59770.92929585965 4.6675 0.019500000000000295 0.9984875065173365 0.008671053689375036 1.0 1.0060405167274262 1.0060405167274262 -0.0075530102100896945
59770.92931180307 4.6675 0.019500000000000295 1.0121013787319297 0.008694988546016018 1.0 1.0060404584823093 1.0060404584823093 0.006060920249620461
59770.92932774649 4.6675 0.019500000000000295 1.0060940266452336 0.00868466978449417 1.0 1.006040400237192 1.006040400237192 5.36264080415183e-05
59770.9293436899 4.6675 0.019500000000000295 1.0042509388201526 0.008666002016679985 1.0 1.0060403419921018 1.0060403419921018 -0.0017894031719491998
59770.92935963333 4.6675 0.019500000000000295 1.0052191953614094 0.008685070947672782 1.0 1.006040283746958 1.006040283746958 -0.0008210883855486184
59770.92937557674 4.6675 0.019500000000000295 1.009434658975953 0.008679543197116505 1.0 1.0060402255018677 1.0060402255018677 0.003394433474085412
59770.929391520156 4.6675 0.019500000000000295 0.9975909320480321 0.008639850991638618 1.0 1.0060401672567771 1.0060401672567771 -0.008449235208745076
59770.92940746358 4.6675 0.019500000000000295 0.996906455252059 0.008652117905308742 1.0 1.0060401090116335 1.0060401090116335 -0.009133653759574534
59770.929423407 4.6675 0.019500000000000295 1.0083304572548366 0.008670745700025788 1.0 1.006040050766543 1.006040050766543 0.002290406488293595
59770.92943935042 4.6675 0.019500000000000295 1.0112789206539157 0.008709791539570928 1.0 1.006039992521426 1.006039992521426 0.005238928132489606
59770.92945529384 4.6675 0.019500000000000295 1.0022339209563849 0.008666102911555935 1.0 1.006039934276309 1.006039934276309 -0.0038060133199240287
59770.92947123726 4.6675 0.019500000000000295 1.0056698079901998 0.008682635541664674 1.0 1.006039876031192 1.006039876031192 -0.0003700680409921553
59770.92948718067 4.6675 0.019500000000000295 1.005986357453691 0.008653815673987968 1.0 1.0060398177861014 1.0060398177861014 -5.3460332410493194e-05
59770.92950312409 4.6675 0.019500000000000295 1.004950724319863 0.008678200852334114 1.0 1.0060397595409842 1.0060397595409842 -0.0010890352211212484
59770.92951906751 4.6675 0.019500000000000295 0.9904873790190691 0.00860495149226152 1.0 1.0060397012958673 1.0060397012958673 -0.015552322276798147
59770.92953501093 4.6675 0.019500000000000295 0.9946181246407423 0.008659332261363572 1.0 1.00603964305075 1.00603964305075 -0.011421518410007825
59770.92955095435 4.6675 0.019500000000000295 1.0149154529543725 0.008679955374943897 1.0 1.0060395848056332 1.0060395848056332 0.008875868148739308
59770.929566897765 4.6675 0.019500000000000295 1.01015124394481 0.00868936141676272 1.0 1.0060395265605426 1.0060395265605426 0.004111717384267299
59770.929582841185 4.6675 0.019500000000000295 0.986847451612813 0.008623556184252899 1.0 1.0060394683154257 1.0060394683154257 -0.019192016702612724
59770.929598784605 4.6675 0.019500000000000295 1.016283523364492 0.008697676437316232 1.0 1.0060394100703085 1.0060394100703085 0.01024411329418351
59770.929614728026 4.6675 0.019500000000000295 1.0103163546541551 0.008654205394250875 1.0 1.0060393518251916 1.0060393518251916 0.004277002828963594
59770.92963067144 4.6675 0.019500000000000295 1.0003545193303593 0.00866718330830721 1.0 1.006039293580101 1.006039293580101 -0.005684774249741675
59770.929646614866 4.6675 0.019500000000000295 1.0230209280675586 0.008725294483008914 1.0 1.0060392353349574 1.0060392353349574 0.016981692732601195
59770.92966255828 4.6675 0.019500000000000295 1.0060261515760172 0.008681615883301465 1.0 1.006039177089867 1.006039177089867 -1.3025513849740378e-05
59770.92967850169 4.6675 0.019500000000000295 1.0055626589669222 0.008686016888693183 1.0 1.0060391188447764 1.0060391188447764 -0.0004764598778541629
59770.92969444512 4.6675 0.019500000000000295 1.0169879099782502 0.008712321603141417 1.0 1.0060390605996328 1.0060390605996328 0.010948849378617398
59770.92971038853 4.6675 0.019500000000000295 0.9985969049519117 0.008647290603824982 1.0 1.0060390023545422 1.0060390023545422 -0.007442097402630576
59770.92972633195 4.6675 0.019500000000000295 1.0096886290953129 0.008699491878161648 1.0 1.0060389441094253 1.0060389441094253 0.00364968498588758
59770.92974227537 4.6675 0.019500000000000295 1.0038598377493189 0.008669315593866269 1.0 1.0060388858643081 1.0060388858643081 -0.002179048114989257
59770.929758218794 4.6675 0.019500000000000295 1.019065975937986 0.008676896282950796 1.0 1.0060388276191912 1.0060388276191912 0.013027148318794923
59770.92977416221 4.6675 0.019500000000000295 1.0131907903826478 0.00868258662469262 1.0 1.0060387693741006 1.0060387693741006 0.007152021008547171
59770.929790105634 4.6675 0.019500000000000295 0.9977368587471007 0.008668128679045779 1.0 1.006038711128957 1.006038711128957 -0.008301852381856323
59770.92980604905 4.6675 0.019500000000000295 1.0067896617348255 0.008682296533620144 1.0 1.0060386528838665 1.0060386528838665 0.0007510088509590229
59770.92982199247 4.6675 0.019500000000000295 1.0003050587008473 0.00866543870824668 1.0 1.0060385946387496 1.0060385946387496 -0.005733535937902268
59770.92983793589 4.6675 0.019500000000000295 1.013698771322576 0.008672266654572717 1.0 1.0060385363936324 1.0060385363936324 0.007660234928943632
59770.9298538793 4.6675 0.019500000000000295 1.0009648226065435 0.008670373312283472 1.0 1.0060384781485419 1.0060384781485419 -0.005073655541998345
59770.92986982272 4.6675 0.019500000000000295 1.0082381549931205 0.008693755836453461 1.0 1.006038419903425 1.006038419903425 0.0021997350896956203
59770.92988576614 4.6675 0.019500000000000295 1.0111300360540691 0.008695399765211739 1.0 1.0060383616583077 1.0060383616583077 0.005091674395761414
59770.92990170956 4.6675 0.019500000000000295 1.0090044457571996 0.008693469660555451 1.0 1.0060383034131908 1.0060383034131908 0.0029661423440088264
59770.929917652975 4.6675 0.019500000000000295 1.0137483007346637 0.008689196657178544 1.0 1.0060382451681003 1.0060382451681003 0.007710055566563456
59770.9299335964 4.6675 0.019500000000000295 1.0072473717021877 0.008690703151199951 1.0 1.0060381869229567 1.0060381869229567 0.0012091847792310428
59770.929949539815 4.6675 0.019500000000000295 1.010737451296092 0.008674406467198267 1.0 1.0060381286778661 1.0060381286778661 0.004699322618225921
59770.92996548323 4.6675 0.019500000000000295 1.0149566507557435 0.008715012139426296 1.0 1.0060380704327756 1.0060380704327756 0.008918580322967884
59770.929981426656 4.6675 0.019500000000000295 0.9970731596226653 0.008648013933241583 1.0 1.006038012187632 1.006038012187632 -0.008964852564966708
59770.929997370076 4.6675 0.019500000000000295 0.9934693280809521 0.00865295519713394 1.0 1.006037953942515 1.006037953942515 -0.012568625861562932
59770.93001331349 4.6675 0.019500000000000295 0.9920122787124481 0.00865536081019482 1.0 1.0060378956974245 1.0060378956974245 -0.014025616984976397
59770.93002925691 4.6675 0.019500000000000295 1.001040857404683 0.009716195829424203 1.0 1.0060378374523073 1.0060378374523073 -0.004996980047624389
59770.93004520033 4.6675 0.019500000000000295 1.006392470057077 0.008667749576755989 1.0 1.0060377792071904 1.0060377792071904 0.0003546908498865964
59770.93006114374 4.6675 0.019500000000000295 1.0125123661286908 0.008688092793817985 1.0 1.0060377209620999 1.0060377209620999 0.006474645166590909
59770.93007708717 4.6675 0.019500000000000295 1.0204687664177776 0.008701067994776114 1.0 1.0060376627169563 1.0060376627169563 0.014431103700821346
59770.93009303058 4.6675 0.019500000000000295 1.0220066730475912 0.008775306740896318 1.0 1.0060376044718657 1.0060376044718657 0.015969068575725442
59770.930108974004 4.6675 0.019500000000000295 0.9948264046891663 0.008638540336303166 1.0 1.0060375462267488 1.0060375462267488 -0.011211141537582514
59770.930124917424 4.6675 0.019500000000000295 1.0104050588546294 0.008701100138534704 1.0 1.0060374879816316 1.0060374879816316 0.0043675708729977725
59770.93014086084 4.6675 0.019500000000000295 1.0276273232377429 0.008736074013800325 1.0 1.0060374297365413 1.0060374297365413 0.02158989350120155
59770.93015680426 4.6675 0.019500000000000295 1.0134102511292273 0.008687804240646711 1.0 1.0060373714914241 1.0060373714914241 0.007372879637803198
59770.93017274768 4.6675 0.019500000000000295 1.010911902542086 0.008697284608892663 1.0 1.0060373132463072 1.0060373132463072 0.004874589295778886
