eureka_custom_plots/data/stage5_lcfit_results/S5_wasp39b_ap4_bg8_Table_Save_ch03.txt
# %ECSV 1.0
# ---
# datatype:
# - {name: time, datatype: float64}
# - {name: wavelength, datatype: float64}
# - {name: bin_width, datatype: float64}
# - {name: lcdata, datatype: float64}
# - {name: lcerr, datatype: float64}
# - {name: transit, datatype: float64}
# - {name: polynom, datatype: float64}
# - {name: model, datatype: float64}
# - {name: residuals, datatype: float64}
# schema: astropy-2.0
time wavelength bin_width lcdata lcerr transit polynom model residuals
[from data line 11878]
59770.83339619375 3.1340000000000003 0.018999999999999906 0.9799023058206219 0.004089813787827469 0.9774189144957115 1.0062229597470727 0.9835013530566458 -0.003599047236023889
59770.83341213717 3.1340000000000003 0.018999999999999906 0.9803449804605954 0.004090642976128306 0.977418860380565 1.00622278794553 0.983501130682675 -0.003156150222079601
59770.833428080594 3.1340000000000003 0.018999999999999906 0.9873661434215255 0.0041105237663427215 0.9774188066475572 1.0062226161439876 0.9835009086932394 0.0038652347282861488
59770.83344402401 3.1340000000000003 0.018999999999999906 0.9785292806629778 0.004092798950904068 0.9774187532966906 1.0062224443425234 0.9835006870884179 -0.004971406425440028
59770.833459967434 3.1340000000000003 0.018999999999999906 0.9803818809627597 0.004093800286199837 0.9774187003278743 1.0062222725409025 0.983500465867889 -0.0031185849051292847
59770.833475910855 3.1340000000000003 0.018999999999999906 0.9835374637540876 0.004097927102045637 0.97741864774116 1.0062221007393601 0.9835002450319347 3.7218722152898565e-05
59770.833491854275 3.1340000000000003 0.018999999999999906 0.9871965208317973 0.004103690742186036 0.9774185955365019 1.0062219289378176 0.9835000245804315 0.0036964962513658106
59770.83350779769 3.1340000000000003 0.018999999999999906 0.9840940958492868 0.004101371916376609 0.9774185437139068 1.0062217571363534 0.983499804513463 0.0005942913358237822
59770.833523741116 3.1340000000000003 0.018999999999999906 0.9824669825358766 0.004096674705015785 0.9774184922732817 1.0062215853347325 0.9834995848307055 -0.0010326022948289326
59770.83353968453 3.1340000000000003 0.018999999999999906 0.9832746954336954 0.004096444058447287 0.977418441214701 1.0062214135332685 0.9834993655325404 -0.00022467009884497013
59770.83355562795 3.1340000000000003 0.018999999999999906 0.9870251673858076 0.00410585162356219 0.9774183905380767 1.006221241731726 0.9834991466186486 0.0035260207671590216
59770.83357157137 3.1340000000000003 0.018999999999999906 0.9871507731264669 0.004105412979163718 0.9774183402434119 1.0062210699301835 0.98349892808911 0.0036518450373569378
59770.83358751479 3.1340000000000003 0.018999999999999906 0.9814320426225626 0.004100680634264719 0.9774182903306873 1.006220898128641 0.9834987099439049 -0.002066667321342308
59770.83360345821 3.1340000000000003 0.018999999999999906 0.9810477040310471 0.004096834544437226 0.9774182407998826 1.0062207263270986 0.9834984921830128 -0.002450788151965644
59770.83361940162 3.1340000000000003 0.018999999999999906 0.9806805599876152 0.00410351915154209 0.9774181916510044 1.0062205545256344 0.9834982748065164 -0.0028177148189012513
59770.83363534505 3.1340000000000003 0.018999999999999906 0.9756781864034515 0.004086228409378814 0.9774181428839644 1.0062203827240135 0.9834980578140972 -0.007819871410645662
59770.83365128847 3.1340000000000003 0.018999999999999906 0.9862086325315604 0.0041067829448357095 0.9774180944988109 1.006220210922471 0.9834978412060331 0.0027107913255273175
59770.83366723189 3.1340000000000003 0.018999999999999906 "" "" 0.9774180464955052 1.0062200391209284 0.9834976249822087 ""
59770.833683175304 3.1340000000000003 0.018999999999999906 0.9823421825188288 0.004102474249319815 0.9774179988740499 1.0062198673194644 0.9834974091427029 -0.0011552266238741282
59770.833699118724 3.1340000000000003 0.018999999999999906 0.9764549347436623 0.004083069604110977 0.9774179516343812 1.006219695517922 0.9834971936872979 -0.0070422589436356375
59770.833715062145 3.1340000000000003 0.018999999999999906 "" "" 0.9774179047765059 1.0062195237163793 0.9834969786160772 ""
59770.833731005565 3.1340000000000003 0.018999999999999906 0.9811056851323171 0.004093557129154347 0.9774178583004051 1.0062193519148368 0.9834967639290214 -0.0023910787967043046
59770.833746948985 3.1340000000000003 0.018999999999999906 0.9785873351366221 0.00408695505440338 0.9774178122060607 1.0062191801132945 0.9834965496261124 -0.004909214489490332
59770.833762892406 3.1340000000000003 0.018999999999999906 0.9795616109931168 0.0040950030279389114 0.977417766493454 1.006219008311752 0.9834963357073309 -0.003934724714214077
59770.833778835826 3.1340000000000003 0.018999999999999906 0.9880011063745263 0.004106120353734403 0.9774177211625704 1.0062188365102094 0.9834961221726619 0.004504984201864404
59770.83379477924 3.1340000000000003 0.018999999999999906 0.9896495282648065 0.004113340389392031 0.9774176762134104 1.0062186647087452 0.9834959090221824 0.006153619242624031
59770.83381072266 3.1340000000000003 0.018999999999999906 0.9803644547190133 0.004098649865097813 0.977417631645918 1.0062184929072029 0.9834956962556832 -0.003131241536669882
59770.83382666608 3.1340000000000003 0.018999999999999906 0.9839256248325575 0.004098745356597455 0.9774175874600958 1.0062183211056603 0.9834954838732425 0.0004301409593150396
59770.8338426095 3.1340000000000003 0.018999999999999906 0.9720222215800627 0.004073524555546091 0.977417543655927 1.0062181493041178 0.9834952718748436 -0.011473050294780962
59770.83385855292 3.1340000000000003 0.018999999999999906 0.9859054859737212 0.004101856620426218 0.9774175002333936 1.0062179775025752 0.9834950602604682 0.002410425713253006
59770.83387449634 3.1340000000000003 0.018999999999999906 0.9798352508589185 0.004093424939982687 0.9774174571924817 1.006217805701033 0.9834948490301022 -0.0036595981711836645
59770.83389043976 3.1340000000000003 0.018999999999999906 0.9882666865591168 0.00411104177201239 0.9774174145331735 1.0062176338994904 0.9834946381837273 0.0047720483753894705
59770.83390638317 3.1340000000000003 0.018999999999999906 0.9849042261813737 0.004107140051549579 0.9774173722554711 1.0062174620980262 0.9834944277214218 0.0014097984599519275
59770.8339223266 3.1340000000000003 0.018999999999999906 0.9821282041331663 0.004098158557376385 0.9774173303593022 1.0062172902964053 0.9834942176428835 -0.0013660135097172121
59770.83393827002 3.1340000000000003 0.018999999999999906 0.9843560832984495 0.004099395184409985 0.9774172888447085 1.0062171184948627 0.9834940079483835 0.0008620753500659939
59770.833954213434 3.1340000000000003 0.018999999999999906 0.9748352617804241 0.004086583941953715 0.9774172477116719 1.0062169466933988 0.983493798637904 -0.00865853685747986
59770.833970156855 3.1340000000000003 0.018999999999999906 0.9809650912675159 0.004097850477847756 0.9774172069601416 1.0062167748918562 0.9834935897112396 -0.0025284984437237146
59770.833986100275 3.1340000000000003 0.018999999999999906 0.9777140225252681 0.004084250898439932 0.9774171665901197 1.0062166030903137 0.9834933811684695 -0.005779358643201449
59770.834002043695 3.1340000000000003 0.018999999999999906 0.9788604201473626 0.004094536744454861 0.9774171266015907 1.0062164312887711 0.9834931730095776 -0.004632752862214984
59770.834017987116 3.1340000000000003 0.018999999999999906 0.9770006733310544 0.004087523938083658 0.9774170869945386 1.0062162594872288 0.9834929652345479 -0.00649229190349343
59770.834033930536 3.1340000000000003 0.018999999999999906 0.9879165119314954 0.004108021363734288 0.9774170477689503 1.0062160876856863 0.9834927578433668 0.004423754088128673
59770.834049873956 3.1340000000000003 0.018999999999999906 0.9771063282792901 0.004089946158296154 0.9774170089248099 1.0062159158841437 0.9834925508360178 -0.0063862225567277164
59770.83406581738 3.1340000000000003 0.018999999999999906 0.9886619607875355 0.0041079145506446625 0.9774169704621013 1.0062157440826012 0.9834923442124851 0.00516961657505044
59770.83408176079 3.1340000000000003 0.018999999999999906 0.9843007584133496 0.004099595764766508 0.9774169323808298 1.0062155722811372 0.9834921379728503 0.0008086204404993413
59770.83409770421 3.1340000000000003 0.018999999999999906 0.9783688430747778 0.004099017871364762 0.9774168946809446 1.0062154004795947 0.9834919321169086 -0.005123089042130768
59770.83411364763 3.1340000000000003 0.018999999999999906 0.9841209916339171 0.0041012143227797575 0.9774168573624478 1.0062152286780521 0.9834917266447385 0.0006292649891785906
59770.83412959105 3.1340000000000003 0.018999999999999906 0.9792910054729007 0.004092727752099999 0.9774168204253274 1.0062150568765096 0.983491521556328 -0.004200516083427308
59770.83414553447 3.1340000000000003 0.018999999999999906 0.984919506212017 0.004103631596973989 0.9774167838695683 1.0062148850749673 0.9834913168516618 0.0014281893603551588
59770.83416147789 3.1340000000000003 0.018999999999999906 0.9810925486125514 0.00408876768801241 0.9774167476951566 1.0062147132734247 0.9834911125307253 -0.002398563918173946
59770.83417742131 3.1340000000000003 0.018999999999999906 "" "" 0.9774167119020775 1.0062145414718822 0.9834909085935036 ""
59770.83419336473 3.1340000000000003 0.018999999999999906 0.9874887196534394 0.004102424831437074 0.9774166764903194 1.0062143696703396 0.9834907050399849 0.003998014613454504
59770.834209308145 3.1340000000000003 0.018999999999999906 0.9840472852454093 0.0041001026204351785 0.9774166414598828 1.0062141978688757 0.9834905018702464 0.0005567833751628504
59770.83422525157 3.1340000000000003 0.018999999999999906 0.9793995950641692 0.004093352656316616 0.9774166068107082 1.0062140260672547 0.9834902990839977 -0.004090704019828473
59770.834241194985 3.1340000000000003 0.018999999999999906 0.9883566862853534 0.004113174326133617 0.9774165725428455 1.0062138542657906 0.9834900966815953 0.004866589603758187
59770.834257138406 3.1340000000000003 0.018999999999999906 0.9817069613200357 0.004098725757642489 0.9774165386562338 1.006213682464248 0.983489894662748 -0.0017829333427124006
59770.834273081826 3.1340000000000003 0.018999999999999906 0.9766595101745241 0.004079990517530097 0.9774165051508752 1.0062135106627055 0.9834896930275345 -0.0068301828530104025
59770.834289025246 3.1340000000000003 0.018999999999999906 0.9825072594370373 0.004095786278760567 0.9774164720267587 1.0062133388611632 0.9834894917759436 -0.0009822323389062637
59770.83430496867 3.1340000000000003 0.018999999999999906 0.9846316748866993 0.00409173329052319 0.9774164392838711 1.0062131670596206 0.9834892909079613 0.0011423839787380041
59770.83432091209 3.1340000000000003 0.018999999999999906 0.9824721225641123 0.00410084709958945 0.9774164069221997 1.006212995258078 0.983489090423575 -0.001016967859462703
59770.83433685551 3.1340000000000003 0.018999999999999906 0.9855706120429844 0.00410022982245964 0.9774163749417312 1.0062128234565355 0.9834888903227711 0.0020817217202132587
59770.83435279892 3.1340000000000003 0.018999999999999906 0.9802071959678271 0.004089377703571253 0.9774163433424701 1.0062126516550716 0.9834886906056307 -0.0032814946378035836
59770.83436874234 3.1340000000000003 0.018999999999999906 0.9828110622828865 0.00409211090242045 0.9774163121243729 1.006212479853529 0.9834884912719561 -0.0006774289890696394
59770.83438468576 3.1340000000000003 0.018999999999999906 0.9843191986997296 0.004102180301979622 0.9774162812874445 1.0062123080519865 0.9834882923218292 0.0008309063779003978
59770.83440062919 3.1340000000000003 0.018999999999999906 0.9780523300567465 0.004089439198652802 0.9774162508316583 1.0062121362503655 0.983488093755146 -0.005435763698399487
59770.8344165726 3.1340000000000003 0.018999999999999906 0.9859624856171997 0.004103971684384485 0.9774162207570446 1.0062119644489016 0.9834878955721671 0.0024745900450325875
59770.83443251602 3.1340000000000003 0.018999999999999906 0.9838754314455656 0.00410068651833787 0.977416191063549 1.006211792647359 0.9834876977726073 0.0003877336729583014
59770.83444845944 3.1340000000000003 0.018999999999999906 0.9899411520678054 0.0041109334121608885 0.9774161617511763 1.0062116208458165 0.9834875003565479 0.0064536517112575575
59770.83446440286 3.1340000000000003 0.018999999999999906 0.9837535613775454 0.004097876081205811 0.9774161328199141 1.006211449044274 0.9834873033239764 0.0002662580535690573
59770.83448034628 3.1340000000000003 0.018999999999999906 0.9817226989096386 0.00409725741929016 0.9774161042697516 1.0062112772427314 0.9834871066748815 -0.0017644077652428924
59770.834496289695 3.1340000000000003 0.018999999999999906 0.9876454767522819 0.004109240110858289 0.97741607610069 1.0062111054412675 0.9834869104093413 0.0041585663429405395
59770.83451223312 3.1340000000000003 0.018999999999999906 0.9808736120819792 0.004093550509408586 0.9774160483126814 1.0062109336396465 0.9834867145270769 -0.0026131024450977147
59770.834528176536 3.1340000000000003 0.018999999999999906 0.9840917846700264 0.004104416296959881 0.9774160209057651 1.0062107618381824 0.9834865190284346 0.0006052656415918012
59770.834544119956 3.1340000000000003 0.018999999999999906 0.9846786902001677 0.004100443656278132 0.9774159938798939 1.0062105900366398 0.9834863239131367 0.0011923662870310103
59770.83456006338 3.1340000000000003 0.018999999999999906 0.9826617513675235 0.004098561215676521 0.9774159672350693 1.0062104182350975 0.9834861291812614 -0.0008243778137378976
59770.8345760068 3.1340000000000003 0.018999999999999906 0.9834183678557891 0.004100535118470115 0.9774159409712817 1.006210246433555 0.9834859348327983 -6.756697700927017e-05
59770.83459195022 3.1340000000000003 0.018999999999999906 0.9858298530505943 0.004109578594075146 0.9774159150885199 1.0062100746320124 0.9834857408677363 0.002344112182858016
59770.83460789363 3.1340000000000003 0.018999999999999906 0.9816307024735644 0.004095695561311879 0.9774158895867873 1.0062099028305482 0.9834855472861551 -0.0018548448125906836
59770.83462383706 3.1340000000000003 0.018999999999999906 0.9865594427433635 0.004103601701134391 0.9774158644660385 1.0062097310289275 0.9834853540877793 0.0030740886555842284
59770.83463978047 3.1340000000000003 0.018999999999999906 0.9809681945004208 0.004098777390278272 0.9774158397263096 1.0062095592274634 0.9834851612729509 -0.002516966772530105
59770.8346557239 3.1340000000000003 0.018999999999999906 0.9864407588998891 0.004106406980106576 0.9774158153675468 1.0062093874258424 0.9834849688413096 0.0029557900585794883
59770.83467166731 3.1340000000000003 0.018999999999999906 0.9760079716378276 0.0040939793213268 0.9774157913897855 1.0062092156243783 0.983484776793197 -0.007476805155369415
59770.83468761074 3.1340000000000003 0.018999999999999906 0.9829635421867229 0.004091213177986949 0.9774157677929719 1.0062090438227576 0.9834845851282527 -0.0005210429415297702
59770.83470355415 3.1340000000000003 0.018999999999999906 0.979180837008799 0.004089704287438803 0.9774157445771401 1.0062088720212934 0.9834843938468167 -0.0043035568380177525
59770.83471949757 3.1340000000000003 0.018999999999999906 0.9873480235606812 0.00410285123792141 0.9774157217422501 1.0062087002197508 0.9834842029486192 0.00386382061206203
59770.83473544099 3.1340000000000003 0.018999999999999906 0.9946012913611156 0.004119682174514123 0.9774156992883035 1.0062085284182083 0.9834840124337378 0.011117278927377794
59770.834751384406 3.1340000000000003 0.018999999999999906 0.9802801454399452 0.004093372533563098 0.9774156772153011 1.0062083566167443 0.9834838223022504 -0.0032036768623051604
59770.83476732783 3.1340000000000003 0.018999999999999906 0.9798984077582039 0.004097549565165454 0.9774156555232056 1.0062081848151234 0.9834836325538887 -0.003585224795684794
59770.834783271246 3.1340000000000003 0.018999999999999906 0.9905498739878853 0.0041151712907565195 0.977415634212048 1.0062080130136593 0.9834834431889904 0.007066430798894907
59770.834799214674 3.1340000000000003 0.018999999999999906 0.9772454503249548 0.004094377683426621 0.9774156132817805 1.0062078412120383 0.9834832542072008 -0.00623780388224604
59770.83481515809 3.1340000000000003 0.018999999999999906 0.9840840852748896 0.004101300104116866 0.9774155927324347 1.0062076694105742 0.9834830656088581 0.0006010196660314326
