eureka_custom_plots/data/stage5_lcfit_results/S5_wasp39b_ap4_bg8_Table_Save_ch32.txt
# %ECSV 1.0
# ---
# datatype:
# - {name: time, datatype: float64}
# - {name: wavelength, datatype: float64}
# - {name: bin_width, datatype: float64}
# - {name: lcdata, datatype: float64}
# - {name: lcerr, datatype: float64}
# - {name: transit, datatype: float64}
# - {name: polynom, datatype: float64}
# - {name: model, datatype: float64}
# - {name: residuals, datatype: float64}
# schema: astropy-2.0
time wavelength bin_width lcdata lcerr transit polynom model residuals
[from data line 15679]
59770.89399713029 4.246 0.018999999999999684 "" "" 0.9988864558239513 1.0063673861592366 1.0052467516174137 ""
59770.89401307371 4.246 0.018999999999999684 1.0018697226379445 0.0071623838234558986 0.9988998261063089 1.0063673385362812 1.0052601594629602 -0.003390436825015719
59770.89402901713 4.246 0.018999999999999684 1.0010897496864715 0.0071574843799093344 0.9989131455626878 1.0063672909133259 1.005273516157631 -0.004183766471159478
59770.89404496055 4.246 0.018999999999999684 1.0059666953026185 0.007167088327550703 0.998926413923518 1.0063672432903705 1.0052868214301465 0.0006798738724720366
59770.894060903964 4.246 0.018999999999999684 1.0137727583859606 0.007181326738619655 0.9989396309117373 1.006367195667437 1.0053000750017096 0.008472683384251
59770.894076847384 4.246 0.018999999999999684 1.0110530580542174 0.007186186597377161 0.9989527962644842 1.0063671480444816 1.005313276607749 0.005739781446468362
59770.894092790804 4.246 0.018999999999999684 1.0049285312567462 0.007153299613416261 0.9989659096975034 1.0063671004215262 1.0053264259622288 -0.000397894705482571
59770.894108734225 4.246 0.018999999999999684 1.0014108315502186 0.007155880853205797 0.9989789709306903 1.0063670527985709 1.005339522783268 -0.003928691233049397
59770.89412467764 4.246 0.018999999999999684 1.0064590291167161 0.0071616653046561495 0.9989919796732443 1.0063670051756373 1.005352566778244 0.001106462338472225
59770.894140621065 4.246 0.018999999999999684 1.0183539287016343 0.007187650138107672 0.9990049356566577 1.0063669575526601 1.0053655576768816 0.012988371024752698
59770.89415656448 4.246 0.018999999999999684 1.0128939372170986 0.007186575504229783 0.9990178385656078 1.0063669099297265 1.005378495161945 0.007515442055153532
59770.894172507906 4.246 0.018999999999999684 1.0047500582602007 0.007156836090918082 0.9990306881307357 1.0063668623067494 1.0053913789622813 -0.0006413207020805611
59770.89418845132 4.246 0.018999999999999684 1.005912288201467 0.007162863117097724 0.9990434840304477 1.0063668146838158 1.0054042087543433 0.0005080794471237216
59770.89420439474 4.246 0.018999999999999684 1.0149977923855316 0.007191857150432593 0.99905622598119 1.0063667670608605 1.0054169842527148 0.00958080813281681
59770.89422033816 4.246 0.018999999999999684 1.0087967888959835 0.007178919946850093 0.9990689136731701 1.0063667194379051 1.0054297051456598 0.003367083750323685
59770.89423628157 4.246 0.018999999999999684 1.0192552533522574 0.007197886612204123 0.999081546791525 1.0063666718149715 1.0054423711163407 0.013812882235916701
59770.89425222499 4.246 0.018999999999999684 0.9933839727194892 0.007135423549596488 0.9990941250365922 1.0063666241920162 1.0054549818631515 -0.012071009143662326
59770.89426816841 4.246 0.018999999999999684 1.0012827451576718 0.007164599678064119 0.9991066480858366 1.0063665765690608 1.0054675370615327 -0.004184791903860896
59770.89428411183 4.246 0.018999999999999684 1.006557797875599 0.007175087814081637 0.9991191156200669 1.0063665289461057 1.0054800363902696 0.0010777614853294537
59770.89430005525 4.246 0.018999999999999684 1.0054038032003438 0.007167677524470361 0.9991315273149569 1.0063664813231503 1.0054924795229783 -8.867632263442893e-05
59770.894315998674 4.246 0.018999999999999684 1.0130542561398668 0.0071775879099615445 0.9991438828420313 1.006366433700195 1.0055048661291004 0.007549390010766377
59770.89433194209 4.246 0.018999999999999684 0.9979407038041378 0.0071369235267390516 0.9991561818639605 1.0063663860772614 1.0055171958691889 -0.007576492065051066
59770.89434788551 4.246 0.018999999999999684 1.013102994278786 0.007182377603544144 0.9991684240546975 1.006366338454306 1.0055294684150853 0.007573525863700636
59770.89436382893 4.246 0.018999999999999684 1.00609205626225 0.007160802615961926 0.99918060906807 1.0063662908313507 1.0055416834184434 0.0005503728438065458
59770.89437977235 4.246 0.018999999999999684 1.005785045881018 0.00718200669273586 0.9991927365576279 1.0063662432083953 1.0055538405306157 0.00023120535040233037
59770.89439571577 4.246 0.018999999999999684 1.0046250037509572 0.007176445796691821 0.9992048061736497 1.00636619558544 1.0055659393996628 -0.0009409356487055653
59770.89441165918 4.246 0.018999999999999684 1.0125763270045363 0.00718802378788553 0.9992168175550105 1.0063661479625063 1.0055779796621904 0.006998347342345834
59770.89442760261 4.246 0.018999999999999684 0.9973903324364888 0.007147295168661574 0.9992287703578518 1.0063661003395292 1.0055899609720944 -0.00819962853560563
59770.89444354602 4.246 0.018999999999999684 1.0046694343968547 0.0071700926651167545 0.9992406641955499 1.0063660527165956 1.0056018829403848 -0.0009324485435300289
59770.89445948944 4.246 0.018999999999999684 1.0147051708769155 0.007181640406875233 0.9992524987135935 1.0063660050936403 1.005613745210237 0.009091425666678532
59770.89447543286 4.246 0.018999999999999684 1.0053984280338208 0.007162019305994609 0.9992642735314605 1.006365957470685 1.0056255473987366 -0.0002271193649157066
59770.89449137628 4.246 0.018999999999999684 1.0118161525647118 0.007175320028596283 0.9992759882676658 1.0063659098477296 1.0056372891219787 0.006178863442733107
59770.894507319696 4.246 0.018999999999999684 0.9995816016539865 0.007132587492815753 0.9992876425297514 1.006365862224796 1.005648969985037 -0.006067368331050593
59770.894523263116 4.246 0.018999999999999684 1.014045302798482 0.007185046815985939 0.9992992359366794 1.0063658146018406 1.0056605896044133 0.008384713194068638
59770.894539206536 4.246 0.018999999999999684 0.9918206090058056 0.007150158270624253 0.9993107680839646 1.0063657669788852 1.0056721475730779 -0.013851538567272281
59770.89455514996 4.246 0.018999999999999684 0.9971624676075331 0.007143942606481726 0.999322238567794 1.0063657193559299 1.005683643484656 -0.008521175877122977
59770.89457109338 4.246 0.018999999999999684 1.002182039949567 0.007162395139678936 0.999333646976779 1.0063656717329745 1.0056950769251494 -0.003513036975582473
59770.89458703679 4.246 0.018999999999999684 1.0110257662013462 0.0071748879734575876 0.9993449928891986 1.006365624110041 1.005706447470183 0.005319318731163314
59770.89460298022 4.246 0.018999999999999684 1.006772889485123 0.007176128525945681 0.99935627589668 1.0063655764870638 1.0057177547087275 0.0010551347763954055
59770.89461892363 4.246 0.018999999999999684 1.0038940403867302 0.00718864924485003 0.9993674955474725 1.0063655288641302 1.0057289981862534 -0.0018349577995231403
59770.89463486704 4.246 0.018999999999999684 1.0147001489011294 0.007186511972384874 0.9993786514151537 1.0063654812411966 1.0057401774735892 0.008959971427540125
59770.89465081047 4.246 0.018999999999999684 1.0059660375983996 0.0071838951576070845 0.9993897430645744 1.0063654336182195 1.0057512921327814 0.00021474546561828234
59770.89466675389 4.246 0.018999999999999684 1.0062825659230503 0.00717639060520304 0.9994007700287723 1.0063653859952644 1.0057623416939698 0.0005202242290804904
59770.89468269731 4.246 0.018999999999999684 1.0115189793809807 0.007200511084892533 0.9994117318524532 1.006365338372309 1.0057733256989494 0.005745653682031282
59770.894698640725 4.246 0.018999999999999684 1.0133033594185716 0.007187806948575849 0.999422628063543 1.0063652907493754 1.0057842436726723 0.007519115745899363
59770.894714584145 4.246 0.018999999999999684 1.007359922953538 0.007166877654381631 0.9994334581959967 1.00636524312642 1.005795095146093 0.001564827807444935
59770.894730527565 4.246 0.018999999999999684 1.0117661209541933 0.007186189528282786 0.999444221760261 1.0063651955034647 1.0058058796265732 0.005960241327620075
59770.894746470985 4.246 0.018999999999999684 1.015402190831767 0.007190277039187191 0.9994549182641178 1.0063651478805093 1.0058165966187713 0.009585594212995652
59770.8947624144 4.246 0.018999999999999684 1.0051707689562153 0.007157558242557936 0.99946554720059 1.0063651002575758 1.0058272456125146 -0.0006564766562993096
59770.894778357826 4.246 0.018999999999999684 0.996629116675284 0.00714112865458324 0.9994761080730878 1.0063650526345986 1.0058378261079968 -0.009208709432712792
59770.89479430124 4.246 0.018999999999999684 1.0032035928004104 0.007157946722143146 0.9994866003421606 1.006365005011665 1.0058483375624305 -0.002644744762020146
59770.89481024466 4.246 0.018999999999999684 1.0057751877156804 0.007157121752579028 0.9994970234914509 1.0063649573887097 1.005858779456116 -8.35917404355957e-05
59770.89482618808 4.246 0.018999999999999684 1.0052608614803902 0.007164316047637263 0.999507376976135 1.0063649097657543 1.0058691512407938 -0.000608289760403613
59770.8948421315 4.246 0.018999999999999684 1.0022616251669232 0.007156423532061456 0.9995176602445217 1.006364862142799 1.005879452361271 -0.003617827194347889
59770.89485807492 4.246 0.018999999999999684 0.9933543483943997 0.0071322293666145325 0.9995278727352075 1.0063648145198436 1.005889682252581 -0.012535333858181175
59770.89487401833 4.246 0.018999999999999684 0.9923820030314916 0.007140099959320229 0.9995380138699202 1.00636476689691 1.0058998403328028 -0.013517837301311175
59770.89488996175 4.246 0.018999999999999684 1.016549695224531 0.00718500395943061 0.9995480830727432 1.0063647192739547 1.0059099260223208 0.010639769202210214
59770.894905905174 4.246 0.018999999999999684 1.009984681528292 0.007162388958562119 0.9995580797424107 1.0063646716509993 1.0059199387160747 0.004064742812217359
59770.894921848594 4.246 0.018999999999999684 0.9973858009096841 0.007135916605513407 0.9995680032686105 1.006364624028044 1.0059298777998777 -0.008544076890193653
59770.894937792014 4.246 0.018999999999999684 1.0032619088581882 0.007154470272619351 0.999577853029117 1.0063645764050886 1.0059397426475551 -0.0026778337893669235
59770.894953735435 4.246 0.018999999999999684 1.012704501223122 0.007182491450145761 0.9995876283869991 1.0063645287821332 1.0059495326181325 0.006754968604989475
59770.89496967885 4.246 0.018999999999999684 0.9970717941243898 0.007149195265336927 0.9995973286878848 1.0063644811591996 1.0059592470531051 -0.00888745292871529
59770.89498562227 4.246 0.018999999999999684 1.012193315658323 0.007161401788404475 0.9996069532753521 1.0063644335362443 1.0059688852918407 0.0062244303664822365
59770.89500156569 4.246 0.018999999999999684 1.0147037006360433 0.007207827663750804 0.9996165014642527 1.006364385913289 1.005978446644863 0.008725253991180404
59770.8950175091 4.246 0.018999999999999684 1.0074914766099934 0.0071861130095499945 0.9996259725545388 1.0063643382903553 1.0059879304077013 0.0015035462022920942
59770.89503345253 4.246 0.018999999999999684 1.0186783978376084 0.007187396303598313 0.999635365845985 1.0063642906673784 1.00599733587562 0.012681061961988371
59770.89504939594 4.246 0.018999999999999684 1.0072880450998534 0.007162944838191412 0.9996446805917498 1.0063642430444446 1.006006662297122 0.001281382802731379
59770.89506533937 4.246 0.018999999999999684 1.0094461953659044 0.007181293613884603 0.9996539160605521 1.0063641954214677 1.0060159089361969 0.003430286429707552
59770.89508128278 4.246 0.018999999999999684 1.0021222218357895 0.007160178314967297 0.9996630714690908 1.0063641477985341 1.0060250750046567 -0.003902853168867182
59770.895097226196 4.246 0.018999999999999684 1.0124263574217938 0.007164548511295991 0.9996721460393331 1.0063641001756005 1.0060341597194848 0.006392197702308922
59770.89511316962 4.246 0.018999999999999684 1.007780334862975 0.007171002261445629 0.9996811389724614 1.0063640525526234 1.0060431622767485 0.0017371725862265208
59770.89512911304 4.246 0.018999999999999684 1.0147068080629726 0.0071936430984081805 0.9996900494281671 1.006364004929668 1.006052081830868 0.008654726232104615
59770.89514505646 4.246 0.018999999999999684 1.0052583242766044 0.00716139546861763 0.999698876555555 1.0063639573067344 1.006060917525545 -0.0008025932489406085
59770.89516099988 4.246 0.018999999999999684 0.9943352504156053 0.007134813532287218 0.9997076194882566 1.006363909683779 1.0060696684888657 -0.011734418073260366
59770.8951769433 4.246 0.018999999999999684 1.0056996957793198 0.007155071913169062 0.9997162773236864 1.0063638620608237 1.0060783338125345 -0.00037863803321469547
59770.89519288672 4.246 0.018999999999999684 0.995690998598372 0.0071430295300236295 0.9997248491364235 1.0063638144378684 1.0060869125652536 -0.010395913966881665
59770.89520883014 4.246 0.018999999999999684 0.9892365278356338 0.007119549062959934 0.9997333339747873 1.006363766814913 1.0060954037892984 -0.016858875953664643
59770.89522477355 4.246 0.018999999999999684 0.9979466040125066 0.007163503551095393 0.9997417308535533 1.0063637191919794 1.0061038064932089 -0.008157202480702286
59770.89524071698 4.246 0.018999999999999684 1.0051301864918745 0.0071749464492873016 0.9997500387737226 1.0063636715690023 1.0061121196715759 -0.0009819331797014108
59770.89525666039 4.246 0.018999999999999684 0.9971630040762307 0.007156005935061555 0.9997582566767317 1.0063636239460687 1.0061203422591996 -0.008957338182968844
59770.895272603804 4.246 0.018999999999999684 1.0079381083662386 0.0071714782274311375 0.9997663834934956 1.0063635763231351 1.0061284731801612 0.0018096351860774629
59770.89528854723 4.246 0.018999999999999684 1.0052327186443004 0.007186287031700182 0.9997744181197361 1.006363528700158 1.0061365113231249 -0.0009037926788244555
59770.895304490645 4.246 0.018999999999999684 1.005755606385761 0.007174691722008516 0.9997823593903369 1.0063634810772244 1.00614445551566 -0.0003888491298991159
59770.89532043407 4.246 0.018999999999999684 "" "" 0.9997902061307938 1.0063634334542473 1.0061523045757153 ""
59770.895336377485 4.246 0.018999999999999684 1.0094671488491027 0.007170277950529195 0.9997979570941311 1.0063633858313137 1.0061600572484803 0.0033070916006223694
59770.895352320906 4.246 0.018999999999999684 1.0071259819671607 0.0071758705116798235 0.9998056110146382 1.0063633382083583 1.0061677122601387 0.0009582697070220636
59770.895368264326 4.246 0.018999999999999684 1.0061571462898597 0.007179191076566268 0.9998131665635938 1.006363290585403 1.0061752682735499 -1.812198369011142e-05
59770.895384207746 4.246 0.018999999999999684 1.0084864211033806 0.007169132999120903 0.9998206223648377 1.0063632429624476 1.0061827239038108 0.0023036971995697986
59770.89540015116 4.246 0.018999999999999684 1.011811569437701 0.007190290602078557 0.9998279769849373 1.006363195339514 1.0061900777084036 0.005621491729297379
59770.89541609459 4.246 0.018999999999999684 0.9989277008274496 0.007133117240472088 0.9998352289447642 1.0063631477165371 1.0061973281987375 -0.00726962737128789
59770.895432038 4.246 0.018999999999999684 1.01080948355888 0.007189854176389381 0.9998423766799233 1.0063631000936035 1.006204473800564 0.004605009758315903
59770.89544798142 4.246 0.018999999999999684 1.0002045049324626 0.007153397189023292 0.9998494185814063 1.0063630524706482 1.0062115128945868 -0.006007007962124167
59770.89546392484 4.246 0.018999999999999684 1.0105559276553762 0.007183964635578089 0.9998563529553726 1.0063630048476928 1.006218443776224 0.004337483879152115
59770.89547986825 4.246 0.018999999999999684 1.0134945034693539 0.007175178902622426 0.999863178029534 1.0063629572247592 1.0062252646619476 0.007269238807406264
59770.89549581168 4.246 0.018999999999999684 1.00607126756286 0.007163952419810438 0.9998698919597563 1.006362909601782 1.0062319736958398 -0.0001607061329798043
59770.895511755094 4.246 0.018999999999999684 0.9973586320198995 0.0071546912229856 0.9998764927891646 1.0063628619788485 1.0062385689086772 -0.00887993688877775
59770.895527698514 4.246 0.018999999999999684 1.0031391059531451 0.007175166691946201 0.9998829784823059 1.0063628143558931 1.0062450482520062 -0.003105942298861075
