eureka_custom_plots/data/stage5_lcfit_results/S5_wasp39b_ap4_bg8_Table_Save_ch57.txt
# %ECSV 1.0
# ---
# datatype:
# - {name: time, datatype: float64}
# - {name: wavelength, datatype: float64}
# - {name: bin_width, datatype: float64}
# - {name: lcdata, datatype: float64}
# - {name: lcerr, datatype: float64}
# - {name: transit, datatype: float64}
# - {name: polynom, datatype: float64}
# - {name: model, datatype: float64}
# - {name: residuals, datatype: float64}
# schema: astropy-2.0
time wavelength bin_width lcdata lcerr transit polynom model residuals
[from data line 1194]
59770.66305669275 5.204 0.019000000000000128 0.9974275788490522 0.011703078075017092 1.0 1.0069880443212555 1.0069880443212555 -0.00956046547220335
59770.66307263617 5.204 0.019000000000000128 0.993218004297419 0.011780021800700025 1.0 1.0069879852878123 1.0069879852878123 -0.013769980990393282
59770.66308857959 5.204 0.019000000000000128 1.0058430015482729 0.01176206488305157 1.0 1.006987926254369 1.006987926254369 -0.0011449247060961731
59770.66310452301 5.204 0.019000000000000128 0.9910054231613686 0.011742852064218042 1.0 1.006987867220926 1.006987867220926 -0.0159824440595574
59770.66312046644 5.204 0.019000000000000128 1.0096609387068054 0.011813197557773974 1.0 1.006987808187456 1.006987808187456 0.002673130519349476
59770.66313640985 5.204 0.019000000000000128 1.0214233975287266 0.01183508199100945 1.0 1.0069877491540398 1.0069877491540398 0.014435648374686805
59770.66315235327 5.204 0.019000000000000128 1.0066136464132815 0.0117501470083828 1.0 1.0069876901205965 1.0069876901205965 -0.00037404370731497494
59770.6631682967 5.204 0.019000000000000128 1.000798226380383 0.011770467436352301 1.0 1.0069876310871264 1.0069876310871264 -0.006189404706743451
59770.66318424011 5.204 0.019000000000000128 1.0082563472073063 0.011818706985792444 1.0 1.0069875720537103 1.0069875720537103 0.0012687751535960246
59770.66320018354 5.204 0.019000000000000128 1.011226857266268 0.011769995308021754 1.0 1.0069875130202401 1.0069875130202401 0.0042393442460277875
59770.66321612695 5.204 0.019000000000000128 0.9945663739500784 0.011740676325793988 1.0 1.006987453986824 1.006987453986824 -0.01242108003674558
59770.66323207038 5.204 0.019000000000000128 1.0209271293528117 0.011840676936032597 1.0 1.0069873949533539 1.0069873949533539 0.013939734399457837
59770.6632480138 5.204 0.019000000000000128 1.0098210771123934 0.011791708843145088 1.0 1.0069873359199106 1.0069873359199106 0.002833741192482808
59770.66326395722 5.204 0.019000000000000128 1.0025597266102266 0.011766146118283161 1.0 1.0069872768864676 1.0069872768864676 -0.004427550276240977
59770.66327990064 5.204 0.019000000000000128 0.9950154720109171 0.011711185044024776 1.0 1.0069872178530244 1.0069872178530244 -0.011971745842107251
59770.66329584407 5.204 0.019000000000000128 1.015287351691552 0.011800491788655687 1.0 1.0069871588195543 1.0069871588195543 0.00830019287199768
59770.66331178748 5.204 0.019000000000000128 1.0102191578455229 0.011792595792854863 1.0 1.006987099786138 1.006987099786138 0.003232058059384757
59770.6633277309 5.204 0.019000000000000128 1.0065466187946326 0.011756628095541252 1.0 1.006987040752695 1.006987040752695 -0.00044042195806248685
59770.66334367432 5.204 0.019000000000000128 1.0088254122271856 0.01178863346743172 1.0 1.0069869817192518 1.0069869817192518 0.0018384305079337526
59770.66335961774 5.204 0.019000000000000128 1.0005188575359558 0.011732898373608552 1.0 1.0069869226858086 1.0069869226858086 -0.006468065149852764
59770.66337556117 5.204 0.019000000000000128 1.007796858789727 0.011774918947471402 1.0 1.0069868636523387 1.0069868636523387 0.0008099951373883307
59770.66339150458 5.204 0.019000000000000128 1.0115160621382882 0.011797844002350923 1.0 1.0069868046189223 1.0069868046189223 0.004529257519365837
59770.66340744801 5.204 0.019000000000000128 1.0144362296862601 0.011761651397981415 1.0 1.0069867455854522 1.0069867455854522 0.007449484100807924
59770.66342339143 5.204 0.019000000000000128 1.012521947196137 0.011790676640497839 1.0 1.0069866865520092 1.0069866865520092 0.005535260644127904
59770.66343933484 5.204 0.019000000000000128 0.9995157125089714 0.011780924176956944 1.0 1.006986627518593 1.006986627518593 -0.007470915009621604
59770.66345527827 5.204 0.019000000000000128 1.0076284003044018 0.011808380736957001 1.0 1.006986568485123 1.006986568485123 0.0006418318192789041
59770.66347122169 5.204 0.019000000000000128 1.0067755719804985 0.011796061052259332 1.0 1.0069865094516797 1.0069865094516797 -0.0002109374711811718
59770.66348716511 5.204 0.019000000000000128 1.009319660721569 0.01177646257984578 1.0 1.0069864504182366 1.0069864504182366 0.0023332103033324447
59770.66350310853 5.204 0.019000000000000128 1.0254663170705407 0.011783067632949035 1.0 1.0069863913847934 1.0069863913847934 0.0184799256857473
59770.66351905195 5.204 0.019000000000000128 1.0107039120090364 0.011783147977561036 1.0 1.0069863323513502 1.0069863323513502 0.003717579657686265
59770.66353499537 5.204 0.019000000000000128 1.0108414495309854 0.011746745953606936 1.0 1.0069862733179071 1.0069862733179071 0.003855176213078293
59770.6635509388 5.204 0.019000000000000128 1.013263272723838 0.011761903450780743 1.0 1.006986214284437 1.006986214284437 0.006277058439400962
59770.66356688221 5.204 0.019000000000000128 0.9998913778153281 0.011742971802779818 1.0 1.0069861552510209 1.0069861552510209 -0.007094777435692756
59770.66358282564 5.204 0.019000000000000128 1.0119287039689733 0.011773126078303605 1.0 1.0069860962175508 1.0069860962175508 0.004942607751422523
59770.66359876906 5.204 0.019000000000000128 1.0142119475670672 0.011765374346856082 1.0 1.0069860371841075 1.0069860371841075 0.0072259103829597215
59770.663614712474 5.204 0.019000000000000128 0.9964928024946631 0.011760727560183268 1.0 1.0069859781506914 1.0069859781506914 -0.010493175656028253
59770.6636306559 5.204 0.019000000000000128 1.023228382976311 0.011757850776891647 1.0 1.0069859191172212 1.0069859191172212 0.016242463859089673
59770.663646599314 5.204 0.019000000000000128 0.9858947850632753 0.011721756223351355 1.0 1.006985860083805 1.006985860083805 -0.02109107502052976
59770.66366254274 5.204 0.019000000000000128 0.9822591210660402 0.011742595927891803 1.0 1.006985801050335 1.006985801050335 -0.024726679984294786
59770.66367848616 5.204 0.019000000000000128 1.0212556162285003 0.011813385123741292 1.0 1.0069857420168917 1.0069857420168917 0.014269874211608524
59770.66369442958 5.204 0.019000000000000128 1.0177619668327238 0.011857755124069598 1.0 1.0069856829834487 1.0069856829834487 0.010776283849275092
59770.663710373 5.204 0.019000000000000128 1.0006514424324764 0.011790840410919538 1.0 1.0069856239500055 1.0069856239500055 -0.0063341815175290694
59770.66372631643 5.204 0.019000000000000128 0.9882676377079626 0.011703069117022267 1.0 1.0069855649165353 1.0069855649165353 -0.018717927208572793
59770.66374225984 5.204 0.019000000000000128 1.0105430287174701 0.011799092464036164 1.0 1.0069855058831192 1.0069855058831192 0.003557522834350957
59770.66375820327 5.204 0.019000000000000128 1.0077119796868585 0.011777730775027868 1.0 1.006985446849649 1.006985446849649 0.0007265328372094704
59770.663774146684 5.204 0.019000000000000128 1.0096533837519504 0.011733300700010763 1.0 1.006985387816233 1.006985387816233 0.0026679959357174265
59770.663790090104 5.204 0.019000000000000128 0.9953975752694728 0.011714767172823484 1.0 1.0069853287827897 1.0069853287827897 -0.011587753513316867
59770.66380603353 5.204 0.019000000000000128 1.0249308261260754 0.0118501482046882 1.0 1.0069852697493196 1.0069852697493196 0.017945556376755878
59770.663821976945 5.204 0.019000000000000128 1.0106263580091044 0.011771999180848177 1.0 1.0069852107159034 1.0069852107159034 0.0036411472932009747
59770.66383792037 5.204 0.019000000000000128 1.0235350018297669 0.011826976970650186 1.0 1.0069851516824333 1.0069851516824333 0.016549850147333567
59770.66385386379 5.204 0.019000000000000128 0.9936254882577639 0.011744558904876847 1.0 1.0069850926489903 1.0069850926489903 -0.01335960439122641
59770.66386980721 5.204 0.019000000000000128 0.9916844127504226 0.011749285061656177 1.0 1.006985033615547 1.006985033615547 -0.015300620865124404
59770.66388575063 5.204 0.019000000000000128 1.0063274444827643 0.011797637563629131 1.0 1.006984974582104 1.006984974582104 -0.0006575300993396649
59770.663901694046 5.204 0.019000000000000128 1.0043473080687464 0.011765980359176233 1.0 1.0069849155486876 1.0069849155486876 -0.0026376074799412397
59770.663917637474 5.204 0.019000000000000128 1.0163090284832295 0.011802386050263632 1.0 1.0069848565152175 1.0069848565152175 0.00932417196801194
59770.6639335809 5.204 0.019000000000000128 0.9852917514923331 0.011693742490263184 1.0 1.0069847974817476 1.0069847974817476 -0.021693045989414572
59770.663949524314 5.204 0.019000000000000128 0.9893610092121683 0.011717701010718343 1.0 1.0069847384483313 1.0069847384483313 -0.017623729236162955
59770.663965467735 5.204 0.019000000000000128 1.0152645837468948 0.011812240959819831 1.0 1.0069846794148882 1.0069846794148882 0.008279904332006538
59770.66398141116 5.204 0.019000000000000128 1.0056734401522611 0.011776484459065895 1.0 1.0069846203814181 1.0069846203814181 -0.001311180229156994
59770.663997354575 5.204 0.019000000000000128 0.995562312904616 0.012882042688274588 1.0 1.006984561348002 1.006984561348002 -0.011422248443385907
59770.664013298 5.204 0.019000000000000128 1.0133739766064 0.011795356397261135 1.0 1.0069845023145318 1.0069845023145318 0.006389474291868202
59770.664029241416 5.204 0.019000000000000128 0.9917918191206146 0.011743227713653824 1.0 1.0069844432811155 1.0069844432811155 -0.015192624160500823
59770.66404518484 5.204 0.019000000000000128 1.0290345639136633 0.011827021302139322 1.0 1.0069843842476456 1.0069843842476456 0.022050179666017744
59770.664061128264 5.204 0.019000000000000128 0.9944614761887758 0.011744403672826144 1.0 1.0069843252142023 1.0069843252142023 -0.012522849025426552
59770.66407707168 5.204 0.019000000000000128 0.998601744943037 0.01176114073227788 1.0 1.0069842661807862 1.0069842661807862 -0.008382521237749185
59770.664093015104 5.204 0.019000000000000128 1.0161232079254765 0.011843650126547254 1.0 1.006984207147316 1.006984207147316 0.009139000778160433
59770.664108958525 5.204 0.019000000000000128 1.0250503852861872 0.011798439771004865 1.0 1.0069841481138728 1.0069841481138728 0.01806623717231437
59770.664124901945 5.204 0.019000000000000128 1.0010992928044031 0.011765331106382624 1.0 1.0069840890804298 1.0069840890804298 -0.0058847962760266714
59770.664140845365 5.204 0.019000000000000128 0.9854861272432898 0.011690173036769193 1.0 1.0069840300469866 1.0069840300469866 -0.02149790280369679
59770.664156788785 5.204 0.019000000000000128 1.000637360499262 0.011737655912576936 1.0 1.0069839710135435 1.0069839710135435 -0.0063466105142815366
59770.664172732206 5.204 0.019000000000000128 1.0018080456058613 0.011775299525048927 1.0 1.0069839119801003 1.0069839119801003 -0.005175866374238947
59770.664188675626 5.204 0.019000000000000128 1.0023263221409353 0.011738232928499622 1.0 1.006983852946657 1.006983852946657 -0.004657530805721732
59770.664204619046 5.204 0.019000000000000128 1.000750642151612 0.01178867014079091 1.0 1.006983793913214 1.006983793913214 -0.006233151761602107
59770.664220562474 5.204 0.019000000000000128 1.0210140506750442 0.011806736931793614 1.0 1.006983734879744 1.006983734879744 0.014030315795300341
59770.664236505894 5.204 0.019000000000000128 0.9851683635981886 0.011696784578121027 1.0 1.0069836758463007 1.0069836758463007 -0.021815312248112062
59770.66425244931 5.204 0.019000000000000128 1.0048436828834604 0.011754935931375533 1.0 1.0069836168128845 1.0069836168128845 -0.0021399339294241315
59770.664268392735 5.204 0.019000000000000128 0.9875687369385322 0.011720222180542254 1.0 1.0069835577794144 1.0069835577794144 -0.019414820840882197
59770.66428433615 5.204 0.019000000000000128 0.995060372796919 0.011737274334871426 1.0 1.0069834987459982 1.0069834987459982 -0.011923125949079294
59770.664300279575 5.204 0.019000000000000128 1.010316470503448 0.011823101262709345 1.0 1.0069834397125281 1.0069834397125281 0.0033330307909198442
59770.664316222996 5.204 0.019000000000000128 0.9782606350057012 0.011785823617226602 1.0 1.006983380679085 1.006983380679085 -0.028722745673383954
59770.664332166416 5.204 0.019000000000000128 1.001441031525305 0.011796842517473642 1.0 1.0069833216456419 1.0069833216456419 -0.005542290120336801
59770.664348109836 5.204 0.019000000000000128 1.0014206003631507 0.011737841453338036 1.0 1.0069832626121986 1.0069832626121986 -0.005562662249047889
59770.66436405326 5.204 0.019000000000000128 0.9870352708176079 0.011735235441194099 1.0 1.0069832035787556 1.0069832035787556 -0.019947932761147702
59770.66437999668 5.204 0.019000000000000128 1.0060686148110471 0.011795463915549377 1.0 1.0069831445453123 1.0069831445453123 -0.0009145297342652015
59770.664395940104 5.204 0.019000000000000128 0.9909184853526376 0.011784434653247048 1.0 1.0069830855118422 1.0069830855118422 -0.016064600159204634
59770.66441188352 5.204 0.019000000000000128 1.0164489267207562 0.011785218975211058 1.0 1.006983026478426 1.006983026478426 0.009465900242330072
59770.66442782694 5.204 0.019000000000000128 1.0086575696184485 0.011827177329135845 1.0 1.006982967444983 1.006982967444983 0.0016746021734654892
59770.664443770365 5.204 0.019000000000000128 1.019556769722174 0.011830594541820335 1.0 1.006982908411513 1.006982908411513 0.012573861310660961
59770.66445971378 5.204 0.019000000000000128 1.0070214360403205 0.01180403785463691 1.0 1.0069828493780966 1.0069828493780966 3.858666222389395e-05
59770.664475657206 5.204 0.019000000000000128 1.008899294901055 0.011777096675828293 1.0 1.0069827903446267 1.0069827903446267 0.0019165045564282224
59770.664491600626 5.204 0.019000000000000128 1.0067684351476698 0.011767467413429095 1.0 1.0069827313111834 1.0069827313111834 -0.00021429616351364977
59770.66450754405 5.204 0.019000000000000128 0.9950163450568563 0.011762753500819718 1.0 1.0069826722777402 1.0069826722777402 -0.011966327220883866
59770.66452348747 5.204 0.019000000000000128 0.9856512195977761 0.011735162855139121 1.0 1.0069826132442972 1.0069826132442972 -0.021331393646521035
59770.66453943088 5.204 0.019000000000000128 1.0065369287330024 0.01176191661995389 1.0 1.006982554210881 1.006982554210881 -0.0004456254778786306
59770.66455537431 5.204 0.019000000000000128 1.0065635811261802 0.011765220268485647 1.0 1.006982495177411 1.006982495177411 -0.00041891405123073433
59770.66457131773 5.204 0.019000000000000128 0.998230967070913 0.01173570148589841 1.0 1.0069824361439677 1.0069824361439677 -0.008751469073054685
59770.66458726115 5.204 0.019000000000000128 1.0098127475153948 0.011774004182185265 1.0 1.0069823771105246 1.0069823771105246 0.0028303704048702194
59770.66460320457 5.204 0.019000000000000128 0.9983689506515873 0.01172576342730999 1.0 1.0069823180770814 1.0069823180770814 -0.008613367425494123
59770.664619147996 5.204 0.019000000000000128 1.0229534052685887 0.011818808889826334 1.0 1.0069822590436113 1.0069822590436113 0.015971146224977417
59770.66463509141 5.204 0.019000000000000128 1.0126015747336077 0.011776720985194847 1.0 1.0069822000101951 1.0069822000101951 0.005619374723412562
59770.66465103483 5.204 0.019000000000000128 0.9896504538888878 0.01173338514960436 1.0 1.0069821409767519 1.0069821409767519 -0.017331687087864034
59770.66466697825 5.204 0.019000000000000128 1.0124629459906487 0.011827552587673386 1.0 1.0069820819433088 1.0069820819433088 0.0054808640473398285
59770.66468292168 5.204 0.019000000000000128 1.0141034355302634 0.011799954316278382 1.0 1.0069820229098387 1.0069820229098387 0.00712141262042465
59770.6646988651 5.204 0.019000000000000128 1.0057207334923042 0.01176747438494381 1.0 1.0069819638763955 1.0069819638763955 -0.0012612303840913164
59770.66471480851 5.204 0.019000000000000128 1.014666852064372 0.011782136880879606 1.0 1.0069819048429793 1.0069819048429793 0.0076849472213926795
59770.66473075194 5.204 0.019000000000000128 1.0086574325137807 0.01174616165368098 1.0 1.0069818458095092 1.0069818458095092 0.0016755867042714812
59770.66474669536 5.204 0.019000000000000128 1.0025311866282598 0.011770244873636159 1.0 1.006981786776066 1.006981786776066 -0.004450600147806183
