eureka_custom_plots/data/stage5_lcfit_results/S5_wasp39b_ap4_bg8_Table_Save_ch16.txt
# %ECSV 1.0
# ---
# datatype:
# - {name: time, datatype: float64}
# - {name: wavelength, datatype: float64}
# - {name: bin_width, datatype: float64}
# - {name: lcdata, datatype: float64}
# - {name: lcerr, datatype: float64}
# - {name: transit, datatype: float64}
# - {name: polynom, datatype: float64}
# - {name: model, datatype: float64}
# - {name: residuals, datatype: float64}
# schema: astropy-2.0
time wavelength bin_width lcdata lcerr transit polynom model residuals
[from data line 10251]
59770.80745625009 3.6325000000000003 0.019500000000000073 0.9767074143584747 0.004784407931397096 0.9781881926721108 1.006442720071001 0.9844903853742557 -0.0077829710157809595
59770.807472193505 3.6325000000000003 0.019500000000000073 0.9863888978494718 0.0047975667954145975 0.9781874683642227 1.0064426527473365 0.9844895905446895 0.0018993073047822717
59770.80748813693 3.6325000000000003 0.019500000000000073 0.978154199195029 0.004781856208436008 0.9781867449035687 1.0064425854236105 0.9844887965678535 -0.006334597372824491
59770.807504080345 3.6325000000000003 0.019500000000000073 0.985423579769453 0.004790231569856061 0.9781860222903067 1.006442518099946 0.9844880034440261 0.0009355763254269567
59770.80752002377 3.6325000000000003 0.019500000000000073 0.9848001772254186 0.0047930062220591105 0.9781853005219837 1.00644245077622 0.9844872111706185 0.0003129660548000235
59770.807535967186 3.6325000000000003 0.019500000000000073 0.9852863157686704 0.004799331763327295 0.9781845795988019 1.0064423834525553 0.984486419747954 0.0007998960207163952
59770.80755191061 3.6325000000000003 0.019500000000000073 0.9852869280205252 0.004795208763019992 0.9781838595183154 1.0064423161288294 0.9844856291734508 0.0008012988470743609
59770.807567854026 3.6325000000000003 0.019500000000000073 0.9820509549616445 0.004787526100257778 0.9781831402806861 1.0064422488051648 0.9844848394473916 -0.0024338844857471065
59770.80758379745 3.6325000000000003 0.019500000000000073 0.9825074639686885 0.004794661480482885 0.978182421883809 1.0064421814814695 0.9844840505675678 -0.0019765865988793374
59770.80759974087 3.6325000000000003 0.019500000000000073 0.9731020970678123 0.004766206972906137 0.9781817043269133 1.0064421141577742 0.9844832625332334 -0.011381165465421117
59770.807615684294 3.6325000000000003 0.019500000000000073 0.9887514935512464 0.004799944104951056 0.9781809876085036 1.006442046834048 0.9844824753428529 0.004269018208393427
59770.80763162771 3.6325000000000003 0.019500000000000073 "" "" 0.9781802717284752 1.0064419795103836 0.9844816889964115 ""
59770.80764757112 3.6325000000000003 0.019500000000000073 0.978597430249891 0.004789776268394914 0.9781795566850472 1.006441912186719 0.984480903492056 -0.005883473242164983
59770.80766351455 3.6325000000000003 0.019500000000000073 0.9881712011977258 0.004799501046548844 0.9781788424764641 1.006441844862993 0.9844801188279596 0.00369108236976623
59770.80767945796 3.6325000000000003 0.019500000000000073 0.989381671573779 0.004809274894997296 0.9781781291028938 1.0064417775393284 0.9844793350044111 0.004902336569367893
59770.80769540139 3.6325000000000003 0.019500000000000073 0.9812665706435374 0.004784806996722017 0.9781774165619265 1.0064417102156025 0.984478552018865 -0.0032119813753276327
59770.8077113448 3.6325000000000003 0.019500000000000073 0.9782326724109273 0.004787180067655518 0.9781767048537723 1.0064416428919378 0.9844777698716527 -0.006245097460725435
59770.80772728823 3.6325000000000003 0.019500000000000073 0.9859298329458944 0.004790882295452519 0.978175993976029 1.006441575568212 0.9844769885602364 0.0014528443856580697
59770.80774323164 3.6325000000000003 0.019500000000000073 0.9963796501906775 0.0055647292524892535 0.9781752839288674 1.0064415082445473 0.9844762080849075 0.01190344210576999
59770.80775917506 3.6325000000000003 0.019500000000000073 0.9861702384041936 0.004791046314466232 0.9781745747102211 1.006441440920852 0.9844754284434964 0.0016948099606971523
59770.80777511848 3.6325000000000003 0.019500000000000073 0.9736477991149592 0.004772984445552015 0.97817386631934 1.0064413735971567 0.9844746496352781 -0.010826850520318843
59770.8077910619 3.6325000000000003 0.019500000000000073 0.9817124561357934 0.004789739492343225 0.9781731587550867 1.0064413062734614 0.9844738716591074 -0.0027614155233139925
59770.80780700532 3.6325000000000003 0.019500000000000073 0.9884020701293386 0.004798591927577048 0.9781724520163874 1.0064412389497661 0.9844730945139035 0.0039289756154350375
59770.807822948744 3.6325000000000003 0.019500000000000073 0.9832615509733382 0.004788950201097296 0.97817174610215 1.0064411716260708 0.9844723181985673 -0.001210767225229059
59770.807838892164 3.6325000000000003 0.019500000000000073 0.9898345121392609 0.004796526746532866 0.9781710410113049 1.0064411043023755 0.984471542712022 0.005362969427238906
59770.807854835584 3.6325000000000003 0.019500000000000073 0.9832549245626693 0.004783300226718503 0.9781703367427242 1.0064410369786803 0.9844707680531323 -0.0012158434904629978
59770.807870779 3.6325000000000003 0.019500000000000073 0.9859945968362557 0.004799154158060285 0.9781696332956683 1.0064409696550156 0.9844699942211834 0.001524602615072257
59770.807886722425 3.6325000000000003 0.019500000000000073 0.9872373566203639 0.004788320261642582 0.9781689306680985 1.0064409023312897 0.9844692212140338 0.002768135406330141
59770.807902665845 3.6325000000000003 0.019500000000000073 0.9851377127647144 0.004781414702226972 0.9781682288598693 1.0064408350075944 0.9844684490316266 0.0006692637330878437
59770.80791860926 3.6325000000000003 0.019500000000000073 0.9771570745358489 0.004784878641039867 0.9781675278699216 1.0064407676839298 0.9844676776728957 -0.0073106031370467894
59770.80793455268 3.6325000000000003 0.019500000000000073 0.9812953681964514 0.0047866140759696175 0.9781668276965302 1.0064407003602345 0.9844669071360447 -0.0031715389395933213
59770.8079504961 3.6325000000000003 0.019500000000000073 0.9954289911559516 0.004817139363836265 0.9781661283389458 1.0064406330365392 0.9844661374203493 0.010962853735602351
59770.80796643952 3.6325000000000003 0.019500000000000073 0.9854940065797659 0.004792094815333257 0.9781654297961169 1.006440565712844 0.984465368524751 0.0010286380550149632
59770.80798238294 3.6325000000000003 0.019500000000000073 0.9844441345364502 0.004788124618245435 0.9781647320669332 1.0064404983891486 0.9844646004481323 -2.0465911682143734e-05
59770.80799832636 3.6325000000000003 0.019500000000000073 0.9844267405179141 0.004799427126592559 0.9781640351503479 1.0064404310654533 0.9844638331894394 -3.709267152529616e-05
59770.80801426978 3.6325000000000003 0.019500000000000073 0.9892106630065624 0.00479678224900969 0.9781633390453157 1.006440363741758 0.9844630667476202 0.004747596258942166
59770.8080302132 3.6325000000000003 0.019500000000000073 0.984801649408617 0.0047977670716063524 0.9781626437507336 1.0064402964180628 0.9844623011215642 0.00033934828705284303
59770.80804615661 3.6325000000000003 0.019500000000000073 0.9887340287959372 0.004803111144493298 0.978161949265882 1.0064402290943981 0.9844615363105773 0.00427249248535988
59770.80806210004 3.6325000000000003 0.019500000000000073 0.983539373595509 0.004790569509369612 0.9781612555887388 1.0064401617706722 0.9844607723125341 -0.0009213987170251237
59770.80807804346 3.6325000000000003 0.019500000000000073 0.9842618921825182 0.004792009567181446 0.9781605627192311 1.006440094446977 0.984460009127451 -0.0001981169449327691
59770.80809398688 3.6325000000000003 0.019500000000000073 0.9854761787712834 0.004793807451052688 0.9781598706559437 1.0064400271232816 0.9844592467538736 0.0010169320174097107
59770.808109930294 3.6325000000000003 0.019500000000000073 0.9804473149702608 0.004780880879414363 0.9781591793981639 1.006439959799617 0.9844584851911143 -0.0040111702208535105
59770.80812587372 3.6325000000000003 0.019500000000000073 0.9829614789721278 0.004792838701588831 0.9781584889439029 1.006439892475891 0.9844577244370817 -0.0014962454649538603
59770.808141817135 3.6325000000000003 0.019500000000000073 "" "" 0.978157799293351 1.0064398251522264 0.9844569644920868 ""
59770.808157760555 3.6325000000000003 0.019500000000000073 0.9879163504461058 0.004811105247817984 0.9781571104445248 1.0064397578285311 0.9844562053540433 0.0034601450920624943
59770.808173703976 3.6325000000000003 0.019500000000000073 0.9817990214992092 0.004786661289627802 0.9781564223966999 1.0064396905048358 0.9844554470222521 -0.0026564255230429046
59770.808189647396 3.6325000000000003 0.019500000000000073 0.9817669292009948 0.00477989965236706 0.9781557351488352 1.0064396231811406 0.9844546894956653 -0.002687760294670438
59770.808205590816 3.6325000000000003 0.019500000000000073 0.9885531109592735 0.0048083260970858705 0.9781550486999111 1.0064395558574453 0.9844539327732563 0.004099178186017127
59770.80822153423 3.6325000000000003 0.019500000000000073 0.982485277277535 0.004793183827487829 0.978154363049168 1.0064394885337808 0.9844531768542909 -0.001967899576755916
59770.80823747766 3.6325000000000003 0.019500000000000073 0.9782219898336773 0.004788209358865348 0.9781536781946399 1.0064394212100547 0.9844524217366996 -0.006230431903022304
59770.80825342107 3.6325000000000003 0.019500000000000073 0.9872587848562169 0.004798415858556209 0.9781529941365613 1.0064393538863903 0.9844516674208389 0.0028071174353779815
59770.8082693645 3.6325000000000003 0.019500000000000073 0.9887059368831512 0.004797001957743672 0.978152310872655 1.0064392865626641 0.9844509139042962 0.00425502297885505
59770.80828530791 3.6325000000000003 0.019500000000000073 0.98119403440622 0.00479231805941726 0.9781516284031176 1.0064392192389995 0.9844501611873897 -0.0032561267811697103
59770.80830125134 3.6325000000000003 0.019500000000000073 0.9835571541813283 0.004792121278779948 0.9781509467256794 1.0064391519152736 0.9844494092677146 -0.000892255086386351
59770.80831719475 3.6325000000000003 0.019500000000000073 0.9845727404581706 0.0047957937862596 0.978150265840597 1.006439084591609 0.9844486581456494 0.00012408231252114543
59770.80833313817 3.6325000000000003 0.019500000000000073 0.984863945239094 0.004799255246531256 0.9781495857458633 1.0064390172679136 0.9844479078190834 0.0004160374200106176
59770.80834908159 3.6325000000000003 0.019500000000000073 0.977720997647793 0.004782189230690414 0.9781489064407929 1.0064389499442183 0.9844471582873571 -0.006726160639564105
59770.80836502502 3.6325000000000003 0.019500000000000073 0.9802040564244626 0.004786412557379815 0.9781482279240732 1.0064388826204924 0.984446409549119 -0.004242353124656373
59770.80838096843 3.6325000000000003 0.019500000000000073 0.9836011843856084 0.004792097150350568 0.9781475501955901 1.0064388152968278 0.9844456616043441 -0.0008444772187357064
59770.808396911845 3.6325000000000003 0.019500000000000073 0.9754100843252073 0.0047833938018571375 0.9781468732537214 1.0064387479731634 0.9844449144513399 -0.009034830126132598
59770.80841285527 3.6325000000000003 0.019500000000000073 0.9838033798050309 0.004792012358511308 0.9781461970968293 1.0064386806494372 0.9844441680883972 -0.0006407882833663336
59770.808428798686 3.6325000000000003 0.019500000000000073 0.9880103730126397 0.004793248751649611 0.9781455217251552 1.0064386133257728 0.9844434225158798 0.003566950496759924
59770.80844474211 3.6325000000000003 0.019500000000000073 0.9861047324255517 0.004804135596040006 0.978144847136461 1.0064385460020466 0.9844426777314139 0.0016620546941378267
59770.80846068553 3.6325000000000003 0.019500000000000073 0.9898651331529119 0.004806887464097088 0.9781441733309503 1.0064384786783822 0.9844419337353254 0.005423199417586511
59770.808476628954 3.6325000000000003 0.019500000000000073 0.9869957679128455 0.004792471901662959 0.9781435003063915 1.006438411354656 0.9844411905252473 0.0025545773875982336
59770.80849257237 3.6325000000000003 0.019500000000000073 0.98130998749868 0.004783168733039488 0.9781428280630285 1.0064383440309916 0.9844404481015454 -0.0031304606028653703
59770.80850851579 3.6325000000000003 0.019500000000000073 0.9898056026061937 0.004798969579602379 0.9781421565989472 1.0064382767072964 0.9844397064622028 0.005365896143990856
59770.80852445921 3.6325000000000003 0.019500000000000073 0.9880546354128709 0.004800162033952353 0.9781414859134223 1.006438209383601 0.9844389656065196 0.003615669806351307
59770.808540402635 3.6325000000000003 0.019500000000000073 0.9896115143115042 0.004804091892371791 0.9781408160051869 1.006438142059875 0.9844382255331903 0.005173288778313911
59770.80855634605 3.6325000000000003 0.019500000000000073 0.9761413976391244 0.0047745531533453164 0.9781401468741379 1.0064380747362105 0.9844374862422015 -0.008296088603077068
59770.80857228947 3.6325000000000003 0.019500000000000073 0.9836769526464566 0.004788381893267233 0.9781394785183735 1.0064380074125152 0.9844367477315485 -0.000759795085091941
59770.80858823289 3.6325000000000003 0.019500000000000073 0.9783653889691852 0.004777546575335058 0.9781388109372137 1.0064379400888197 0.9844360100005768 -0.006070621031391554
59770.80860417631 3.6325000000000003 0.019500000000000073 0.9900091053913493 0.004805538898213816 0.9781381441296708 1.0064378727651244 0.9844352730482926 0.0055738323430567505
59770.80862011973 3.6325000000000003 0.019500000000000073 0.9852931400757817 0.004792747269754646 0.9781374780947784 1.0064378054414291 0.9844345368737227 0.000858603202058994
59770.80863606315 3.6325000000000003 0.019500000000000073 0.9841404235961296 0.004789995078421713 0.9781368128315137 1.0064377381177338 0.9844338014758378 -0.00029337787970817875
59770.80865200657 3.6325000000000003 0.019500000000000073 0.9829919959875707 0.004796418959911291 0.9781361483389143 1.0064376707940386 0.984433066853669 -0.0014410708660983484
59770.80866794998 3.6325000000000003 0.019500000000000073 0.9848694713675535 0.0047960305775491445 0.9781354846163073 1.0064376034703741 0.9844323330065693 0.0004371383609842461
59770.8086838934 3.6325000000000003 0.019500000000000073 0.9814189264781089 0.005536066120231427 0.9781348216621197 1.0064375361466789 0.9844315999328949 -0.0030126734547859524
59770.80869983682 3.6325000000000003 0.019500000000000073 0.981282199166219 0.004783034112592578 0.9781341594756445 1.0064374688229836 0.9844308676319642 -0.0031486684657452413
59770.808715780244 3.6325000000000003 0.019500000000000073 0.9852673576143691 0.004799254110414099 0.9781334980559268 1.0064374014992883 0.984430136102816 0.0008372215115530768
59770.808731723664 3.6325000000000003 0.019500000000000073 0.9800668294874507 0.004783413831052028 0.9781328374019944 1.006437334175593 0.984429405344472 -0.004362575857021267
59770.808747667084 3.6325000000000003 0.019500000000000073 0.9831659957432999 0.004790309498340047 0.9781321775128965 1.0064372668518977 0.9844286753559748 -0.0012626796126748996
59770.808763610505 3.6325000000000003 0.019500000000000073 0.9849255751919779 0.0047971391726719425 0.9781315183876266 1.0064371995282024 0.9844279461363113 0.0004976290556665264
59770.808779553925 3.6325000000000003 0.019500000000000073 0.9874818709048998 0.004802486955144645 0.9781308600252372 1.0064371322045071 0.9844272176845279 0.0030546532203719057
59770.80879549734 3.6325000000000003 0.019500000000000073 0.9891212649031685 0.004804885504871709 0.9781302024250684 1.0064370648808425 0.9844264899999902 0.004694774903178378
59770.808811440766 3.6325000000000003 0.019500000000000073 0.9829050613846178 0.004783535865102571 0.9781295455852645 1.0064369975571166 0.9844257630807405 -0.0015207016961227282
59770.808827384186 3.6325000000000003 0.019500000000000073 0.9797237582381985 0.004783939067413257 0.978128889505739 1.0064369302334213 0.9844250369267812 -0.004701278688582722
59770.808843327606 3.6325000000000003 0.019500000000000073 0.9855220695001767 0.004801975679014271 0.9781282341852483 1.006436862909726 0.9844243115368311 0.001097757963345658
59770.80885927102 3.6325000000000003 0.019500000000000073 0.9875616596418156 0.004796724394430983 0.9781275796231574 1.0064367955860614 0.9844235869102806 0.003138072731534991
59770.80887521445 3.6325000000000003 0.019500000000000073 0.9785516522370803 0.004783780393672507 0.9781269258175656 1.0064367282623352 0.9844228630451265 -0.005871210808046201
