eureka_custom_plots/data/stage5_lcfit_results/S5_wasp39b_ap4_bg8_Table_Save_ch44.txt
# %ECSV 1.0
# ---
# datatype:
# - {name: time, datatype: float64}
# - {name: wavelength, datatype: float64}
# - {name: bin_width, datatype: float64}
# - {name: lcdata, datatype: float64}
# - {name: lcerr, datatype: float64}
# - {name: transit, datatype: float64}
# - {name: polynom, datatype: float64}
# - {name: model, datatype: float64}
# - {name: residuals, datatype: float64}
# schema: astropy-2.0
time wavelength bin_width lcdata lcerr transit polynom model residuals
[from data line 20489]
59770.97068497422 4.7059999999999995 0.018999999999999684 1.0104821071306829 0.010036767373648227 1.0 1.005833899023017 1.005833899023017 0.004648208107665974
59770.97070091764 4.7059999999999995 0.018999999999999684 1.003300390982611 0.010060182195442116 1.0 1.0058338433184 1.0058338433184 -0.002533452335788944
59770.97071686106 4.7059999999999995 0.018999999999999684 1.0069842392427018 0.01001103722265788 1.0 1.0058337876137833 1.0058337876137833 0.0011504516289184696
59770.970732804475 4.7059999999999995 0.018999999999999684 1.001012182600908 0.010028491493087138 1.0 1.0058337319091917 1.0058337319091917 -0.004821549308283712
59770.9707487479 4.7059999999999995 0.018999999999999684 0.9953804485603829 0.010022401345460296 1.0 1.0058336762045494 1.0058336762045494 -0.010453227644166563
59770.970764691316 4.7059999999999995 0.018999999999999684 1.0169927367112752 0.010054099274862381 1.0 1.005833620499958 1.005833620499958 0.011159116211317155
59770.97078063473 4.7059999999999995 0.018999999999999684 1.0137190193748575 0.010074911338946337 1.0 1.0058335647953667 1.0058335647953667 0.007885454579490858
59770.97079657815 4.7059999999999995 0.018999999999999684 0.9926844271357125 0.009969348526912539 1.0 1.00583350909075 1.00583350909075 -0.0131490819550375
59770.97081252157 4.7059999999999995 0.018999999999999684 1.0309331883836506 0.010126999218549048 1.0 1.005833453386133 1.005833453386133 0.025099734997517498
59770.97082846499 4.7059999999999995 0.018999999999999684 1.0176151836221115 0.01007724949730738 1.0 1.0058333976815164 1.0058333976815164 0.011781785940595091
59770.9708444084 4.7059999999999995 0.018999999999999684 0.9826558517109287 0.009949636018658895 1.0 1.0058333419769248 1.0058333419769248 -0.023177490265996026
59770.97086035183 4.7059999999999995 0.018999999999999684 1.0190925288538957 0.010075975350319297 1.0 1.0058332862722825 1.0058332862722825 0.013259242581613151
59770.97087629524 4.7059999999999995 0.018999999999999684 1.0049999739109516 0.009998907991466108 1.0 1.0058332305676911 1.0058332305676911 -0.0008332566567395006
59770.970892238656 4.7059999999999995 0.018999999999999684 1.000546526474983 0.010042110900423383 1.0 1.0058331748630998 1.0058331748630998 -0.005286648388116655
59770.97090818208 4.7059999999999995 0.018999999999999684 1.0008324147260943 0.01000326506310775 1.0 1.005833119158483 1.005833119158483 -0.005000704432388758
59770.970924125504 4.7059999999999995 0.018999999999999684 1.0230600902725033 0.010074839684727227 1.0 1.0058330634538408 1.0058330634538408 0.017227026818662505
59770.97094006892 4.7059999999999995 0.018999999999999684 1.0088118895334348 0.010040377743705402 1.0 1.0058330077492494 1.0058330077492494 0.002978881784185372
59770.97095601233 4.7059999999999995 0.018999999999999684 0.9933418946965764 0.01000297380370327 1.0 1.0058329520446578 1.0058329520446578 -0.012491057348081425
59770.97097195576 4.7059999999999995 0.018999999999999684 1.00355126343852 0.010011173010583135 1.0 1.0058328963400156 1.0058328963400156 -0.002281632901495634
59770.97098789917 4.7059999999999995 0.018999999999999684 0.9895887092162104 0.009966506242983007 1.0 1.0058328406354242 1.0058328406354242 -0.01624413141921377
59770.97100384259 4.7059999999999995 0.018999999999999684 1.010276434858473 0.010045303305664303 1.0 1.0058327849308075 1.0058327849308075 0.004443649927665438
59770.97101978601 4.7059999999999995 0.018999999999999684 1.0053147191540017 0.010029631389384515 1.0 1.0058327292261906 1.0058327292261906 -0.0005180100721888792
59770.97103572943 4.7059999999999995 0.018999999999999684 1.011652933451694 0.01005974714062132 1.0 1.005832673521574 1.005832673521574 0.005820259930120031
59770.971051672845 4.7059999999999995 0.018999999999999684 1.0040685624101746 0.010030760156849453 1.0 1.0058326178169825 1.0058326178169825 -0.0017640554068079073
59770.97106761626 4.7059999999999995 0.018999999999999684 1.0194851342560713 0.010070230173981442 1.0 1.005832562112391 1.005832562112391 0.01365257214368043
59770.971083559685 4.7059999999999995 0.018999999999999684 1.0013231546204224 0.010000116948321437 1.0 1.0058325064077487 1.0058325064077487 -0.0045093517873262545
59770.971099503106 4.7059999999999995 0.018999999999999684 0.9994800830086191 0.010014859849359938 1.0 1.005832450703132 1.005832450703132 -0.0063523676945128615
59770.97111544652 4.7059999999999995 0.018999999999999684 1.0024366882776155 0.010019311354730373 1.0 1.0058323949985406 1.0058323949985406 -0.0033957067209251512
59770.97113138994 4.7059999999999995 0.018999999999999684 1.006824667771139 0.010016122850048742 1.0 1.0058323392939237 1.0058323392939237 0.0009923284772153096
59770.97114733336 4.7059999999999995 0.018999999999999684 0.9863375255942702 0.009982001033242075 1.0 1.005832283589307 1.005832283589307 -0.01949475799503675
59770.97116327677 4.7059999999999995 0.018999999999999684 1.012828784340866 0.010025876287121795 1.0 1.0058322278847156 1.0058322278847156 0.006996556456150493
59770.97117922019 4.7059999999999995 0.018999999999999684 1.008052396084637 0.010024188448038356 1.0 1.0058321721800987 1.0058321721800987 0.0022202239045383543
59770.97119516361 4.7059999999999995 0.018999999999999684 1.0040488044592926 0.010020067245692918 1.0 1.0058321164754818 1.0058321164754818 -0.001783312016189198
59770.97121110703 4.7059999999999995 0.018999999999999684 1.0081253348364918 0.010048740690155414 1.0 1.005832060770865 1.005832060770865 0.002293274065626738
59770.971227050446 4.7059999999999995 0.018999999999999684 1.010048665088277 0.010078751463046218 1.0 1.0058320050662737 1.0058320050662737 0.004216660022003271
59770.971242993866 4.7059999999999995 0.018999999999999684 0.9928058417447304 0.009999846337498317 1.0 1.0058319493616568 1.0058319493616568 -0.013026107616926352
59770.97125893729 4.7059999999999995 0.018999999999999684 1.0180081473215308 0.010043515479955826 1.0 1.00583189365704 1.00583189365704 0.01217625366449071
59770.9712748807 4.7059999999999995 0.018999999999999684 1.0057677138354968 0.010035189667634857 1.0 1.0058318379524487 1.0058318379524487 -6.412411695189135e-05
59770.97129082412 4.7059999999999995 0.018999999999999684 1.008856912943611 0.01007152151215704 1.0 1.0058317822478318 1.0058317822478318 0.0030251306957791435
59770.97130676754 4.7059999999999995 0.018999999999999684 0.9971926587317668 0.00999650537852176 1.0 1.0058317265432148 1.0058317265432148 -0.008639067811448076
59770.97132271096 4.7059999999999995 0.018999999999999684 0.9966328336866492 0.010013996315196031 1.0 1.0058316708385981 1.0058316708385981 -0.009198837151948913
59770.97133865437 4.7059999999999995 0.018999999999999684 1.0149484789543548 0.010041401396464264 1.0 1.0058316151340068 1.0058316151340068 0.009116863820348042
59770.971354597794 4.7059999999999995 0.018999999999999684 0.982846806156175 0.009984308027850665 1.0 1.0058315594293898 1.0058315594293898 -0.02298475327321481
59770.971370541214 4.7059999999999995 0.018999999999999684 1.011170334150859 0.010050877425565674 1.0 1.0058315037247731 1.0058315037247731 0.005338830426085961
59770.971386484634 4.7059999999999995 0.018999999999999684 1.011250605003503 0.010058573059651979 1.0 1.0058314480201562 1.0058314480201562 0.005419156983346829
59770.97140242805 4.7059999999999995 0.018999999999999684 1.0086144671136734 0.010059217788664794 1.0 1.0058313923155648 1.0058313923155648 0.0027830747981085757
59770.97141837147 4.7059999999999995 0.018999999999999684 0.9944635143582278 0.010007499553414198 1.0 1.005831336610948 1.005831336610948 -0.01136782225272015
59770.97143431489 4.7059999999999995 0.018999999999999684 1.0185197145750973 0.010071306553907353 1.0 1.0058312809063312 1.0058312809063312 0.012688433668766042
59770.9714502583 4.7059999999999995 0.018999999999999684 1.0115900302462784 0.010056327156839902 1.0 1.0058312252017398 1.0058312252017398 0.0057588050445385175
59770.97146620173 4.7059999999999995 0.018999999999999684 1.0212082654845185 0.010100558079753727 1.0 1.0058311694970976 1.0058311694970976 0.015377095987420875
59770.97148214514 4.7059999999999995 0.018999999999999684 1.0167443125216353 0.010032976995588814 1.0 1.0058311137925062 1.0058311137925062 0.010913198729129103
59770.97149808856 4.7059999999999995 0.018999999999999684 1.0180852360215724 0.010052845233130568 1.0 1.0058310580878893 1.0058310580878893 0.012254177933683108
59770.97151403198 4.7059999999999995 0.018999999999999684 0.9952439727595644 0.010020294329616913 1.0 1.0058310023832724 1.0058310023832724 -0.010587029623707944
59770.971529975395 4.7059999999999995 0.018999999999999684 1.0088998884300728 0.010049440230674308 1.0 1.005830946678681 1.005830946678681 0.0030689417513918293
59770.971545918816 4.7059999999999995 0.018999999999999684 1.0123213399021715 0.010056164821085097 1.0 1.0058308909740643 1.0058308909740643 0.00649044892810724
59770.97156186223 4.7059999999999995 0.018999999999999684 0.9951348361979527 0.009996133566475413 1.0 1.005830835269473 1.005830835269473 -0.01069599907152019
59770.971577805656 4.7059999999999995 0.018999999999999684 1.0010583362931638 0.010038006438995876 1.0 1.0058307795648307 1.0058307795648307 -0.004772443271666926
59770.97159374907 4.7059999999999995 0.018999999999999684 0.9967220690841987 0.009988403729338268 1.0 1.0058307238602393 1.0058307238602393 -0.009108654776040614
59770.97160969249 4.7059999999999995 0.018999999999999684 1.0081499761426818 0.010026799533763935 1.0 1.0058306681556224 1.0058306681556224 0.0023193079870593714
59770.97162563591 4.7059999999999995 0.018999999999999684 1.0146419049259776 0.010033930345714408 1.0 1.0058306124510055 1.0058306124510055 0.008811292474972143
59770.97164157933 4.7059999999999995 0.018999999999999684 1.0029633963946434 0.010016310471697364 1.0 1.0058305567463888 1.0058305567463888 -0.0028671603517453903
59770.97165752274 4.7059999999999995 0.018999999999999684 1.0205641726809827 0.010049337061439128 1.0 1.0058305010417974 1.0058305010417974 0.014733671639185264
59770.97167346616 4.7059999999999995 0.018999999999999684 0.9980976494536397 0.01003454744636989 1.0 1.0058304453371805 1.0058304453371805 -0.007732795883540811
59770.97168940958 4.7059999999999995 0.018999999999999684 1.0086970411022704 0.010042545579851703 1.0 1.0058303896325638 1.0058303896325638 0.0028666514697066603
59770.971705353 4.7059999999999995 0.018999999999999684 1.0149948358617749 0.01003639356258561 1.0 1.0058303339279724 1.0058303339279724 0.009164501933802471
59770.97172129642 4.7059999999999995 0.018999999999999684 1.0012692549119333 0.010004087104824902 1.0 1.0058302782233555 1.0058302782233555 -0.004561023311422163
59770.97173723984 4.7059999999999995 0.018999999999999684 1.0105526339041822 0.010059263211653641 1.0 1.0058302225187385 1.0058302225187385 0.004722411385443603
59770.97175318326 4.7059999999999995 0.018999999999999684 1.0004889657645675 0.010021241210267788 1.0 1.0058301668141219 1.0058301668141219 -0.005341201049554378
59770.97176912667 4.7059999999999995 0.018999999999999684 0.9918581716045197 0.009991587306689954 1.0 1.0058301111095305 1.0058301111095305 -0.013971939505010744
59770.97178507009 4.7059999999999995 0.018999999999999684 1.0242929851242595 0.010096843713132282 1.0 1.0058300554049135 1.0058300554049135 0.018462929719345933
59770.97180101351 4.7059999999999995 0.018999999999999684 0.9955315217027066 0.010029416849337143 1.0 1.0058299997002969 1.0058299997002969 -0.010298477997590205
59770.971816956924 4.7059999999999995 0.018999999999999684 0.9969911652982298 0.009998498003501477 1.0 1.0058299439957055 1.0058299439957055 -0.008838778697475624
59770.971832900344 4.7059999999999995 0.018999999999999684 1.0052392320674526 0.010028983949735535 1.0 1.0058298882910885 1.0058298882910885 -0.0005906562236359658
59770.97184884377 4.7059999999999995 0.018999999999999684 1.01469927663239 0.010031205362149341 1.0 1.0058298325864463 1.0058298325864463 0.008869444045943586
59770.971864787185 4.7059999999999995 0.018999999999999684 1.0236099149545792 0.010061131285365028 1.0 1.005829776881855 1.005829776881855 0.017780138072724272
59770.9718807306 4.7059999999999995 0.018999999999999684 1.0055838684083969 0.010040212308446156 1.0 1.0058297211772635 1.0058297211772635 -0.0002458527688666834
59770.97189667402 4.7059999999999995 0.018999999999999684 0.9993774315291687 0.009994923413526818 1.0 1.0058296654726466 1.0058296654726466 -0.006452233943477936
59770.97191261744 4.7059999999999995 0.018999999999999684 1.0112715265616876 0.010053272923110285 1.0 1.00582960976803 1.00582960976803 0.005441916793657686
59770.97192856086 4.7059999999999995 0.018999999999999684 1.0175959789610072 0.01005863557301895 1.0 1.005829554063413 1.005829554063413 0.011766424897594163
59770.97194450427 4.7059999999999995 0.018999999999999684 1.0068017917234446 0.010059556215786558 1.0 1.0058294983588216 1.0058294983588216 0.0009722933646230114
59770.9719604477 4.7059999999999995 0.018999999999999684 1.0131591660026449 0.010022423633372414 1.0 1.0058294426541794 1.0058294426541794 0.007329723348465489
59770.97197639111 4.7059999999999995 0.018999999999999684 1.0243862304991276 0.01007403218387802 1.0 1.005829386949588 1.005829386949588 0.01855684354953957
59770.971992334526 4.7059999999999995 0.018999999999999684 1.0146934010594197 0.01003997126141935 1.0 1.0058293312449966 1.0058293312449966 0.008864069814423114
59770.97200827795 4.7059999999999995 0.018999999999999684 1.024533324085336 0.010102078477068349 1.0 1.0058292755403544 1.0058292755403544 0.018704048544981644
59770.972024221366 4.7059999999999995 0.018999999999999684 1.0193889339713726 0.010066117976433133 1.0 1.005829219835763 1.005829219835763 0.013559714135609635
59770.97204016479 4.7059999999999995 0.018999999999999684 1.004689693551959 0.010025491405139315 1.0 1.005829164131146 1.005829164131146 -0.001139470579187174
59770.9720561082 4.7059999999999995 0.018999999999999684 "" "" 1.0 1.0058291084265547 1.0058291084265547 ""
59770.97207205163 4.7059999999999995 0.018999999999999684 0.9991299130134057 0.010018387319534448 1.0 1.0058290527219125 1.0058290527219125 -0.006699139708506774
59770.97208799504 4.7059999999999995 0.018999999999999684 1.0134842443019592 0.01005625286148447 1.0 1.005828997017321 1.005828997017321 0.007655247284638067
59770.97210393846 4.7059999999999995 0.018999999999999684 1.0144681195449252 0.010014054092540355 1.0 1.0058289413127042 1.0058289413127042 0.008639178232221045
59770.97211988188 4.7059999999999995 0.018999999999999684 1.0235904776030986 0.010081806147093725 1.0 1.0058288856080875 1.0058288856080875 0.01776159199501115
59770.9721358253 4.7059999999999995 0.018999999999999684 1.015047756955034 0.010026601452985147 1.0 1.0058288299034706 1.0058288299034706 0.009218927051563464
59770.972151768714 4.7059999999999995 0.018999999999999684 0.9974631996012079 0.010032614290481719 1.0 1.0058287741988792 1.0058287741988792 -0.008365574597671288
59770.97216771213 4.7059999999999995 0.018999999999999684 1.0051068672326626 0.010024136333384911 1.0 1.0058287184942878 1.0058287184942878 -0.0007218512616251616
59770.972183655555 4.7059999999999995 0.018999999999999684 0.9898049311664351 0.009989805358418893 1.0 1.0058286627896456 1.0058286627896456 -0.01602373162321047
59770.97219959897 4.7059999999999995 0.018999999999999684 1.0165555719740655 0.010052139309226184 1.0 1.0058286070850542 1.0058286070850542 0.01072696488901137
59770.97221554239 4.7059999999999995 0.018999999999999684 1.0130731514579945 0.010047314923905717 1.0 1.0058285513804373 1.0058285513804373 0.007244600077557228
59770.97223148581 4.7059999999999995 0.018999999999999684 0.9894315322377434 0.00999155559729182 1.0 1.0058284956758206 1.0058284956758206 -0.016396963438077172
59770.97224742923 4.7059999999999995 0.018999999999999684 1.0096600534278184 0.010014161128587823 1.0 1.0058284399712036 1.0058284399712036 0.0038316134566147575
