eureka_custom_plots/data/stage5_lcfit_results/S5_wasp39b_ap4_bg8_Table_Save_ch11.txt
# %ECSV 1.0
# ---
# datatype:
# - {name: time, datatype: float64}
# - {name: wavelength, datatype: float64}
# - {name: bin_width, datatype: float64}
# - {name: lcdata, datatype: float64}
# - {name: lcerr, datatype: float64}
# - {name: transit, datatype: float64}
# - {name: polynom, datatype: float64}
# - {name: model, datatype: float64}
# - {name: residuals, datatype: float64}
# schema: astropy-2.0
time wavelength bin_width lcdata lcerr transit polynom model residuals
[from data line 17908]
59770.92953501093 3.441 0.018999999999999906 0.9933920872730576 0.014754211578279173 1.0 1.0056088536621655 1.0056088536621655 -0.012216766389107847
59770.92955095435 3.441 0.018999999999999906 0.9893113631569588 0.014738319226807543 1.0 1.0056087813786974 1.0056087813786974 -0.01629741822173858
59770.929566897765 3.441 0.018999999999999906 0.9937141081494874 0.014731047034675775 1.0 1.0056087090952623 1.0056087090952623 -0.011894600945774991
59770.929582841185 3.441 0.018999999999999906 0.9938538371699116 0.014764771437301575 1.0 1.0056086368117942 1.0056086368117942 -0.01175479964188264
59770.929598784605 3.441 0.018999999999999906 1.005404884910993 0.018080871229323236 1.0 1.0056085645283261 1.0056085645283261 -0.00020367961733325224
59770.929614728026 3.441 0.018999999999999906 1.0004004511487468 0.014791544123017277 1.0 1.0056084922448583 1.0056084922448583 -0.005208041096111504
59770.92963067144 3.441 0.018999999999999906 0.9933619201046989 0.01476918068609628 1.0 1.005608419961423 1.005608419961423 -0.012246499856724102
59770.929646614866 3.441 0.018999999999999906 0.9955610391377028 0.014759504520586737 1.0 1.005608347677922 1.005608347677922 -0.01004730854021929
59770.92966255828 3.441 0.018999999999999906 0.991812790651422 0.014752292767121797 1.0 1.005608275394487 1.005608275394487 -0.013795484743065023
59770.92967850169 3.441 0.018999999999999906 1.0025434708260652 0.018106301331493976 1.0 1.005608203111052 1.005608203111052 -0.0030647322849868264
59770.92969444512 3.441 0.018999999999999906 0.9940347601347611 0.01476024753840866 1.0 1.0056081308275509 1.0056081308275509 -0.011573370692789742
59770.92971038853 3.441 0.018999999999999906 0.9925802106496541 0.014764918127927565 1.0 1.0056080585441158 1.0056080585441158 -0.013027847894461764
59770.92972633195 3.441 0.018999999999999906 0.9880851823377523 0.014719271424340274 1.0 1.0056079862606477 1.0056079862606477 -0.017522803922895402
59770.92974227537 3.441 0.018999999999999906 0.9862158850462206 0.014692474674144201 1.0 1.0056079139771799 1.0056079139771799 -0.01939202893095926
59770.929758218794 3.441 0.018999999999999906 0.9936653174544591 0.014750918523628398 1.0 1.0056078416937118 1.0056078416937118 -0.011942524239252683
59770.92977416221 3.441 0.018999999999999906 1.0397593573603228 0.015165030489887002 1.0 1.0056077694102767 1.0056077694102767 0.034151587950046025
59770.929790105634 3.441 0.018999999999999906 0.9967101826506092 0.01476899326799313 1.0 1.0056076971267756 1.0056076971267756 -0.00889751447616638
59770.92980604905 3.441 0.018999999999999906 1.0100460593913851 0.014838161993068349 1.0 1.0056076248433405 1.0056076248433405 0.004438434548044601
59770.92982199247 3.441 0.018999999999999906 1.0011669203330082 0.014799247030443973 1.0 1.0056075525598724 1.0056075525598724 -0.004440632226864194
59770.92983793589 3.441 0.018999999999999906 1.0141708494283035 0.014855293151758382 1.0 1.0056074802764046 1.0056074802764046 0.008563369151898925
59770.9298538793 3.441 0.018999999999999906 1.0138574201059636 0.014854323778064985 1.0 1.0056074079929693 1.0056074079929693 0.008250012112994254
59770.92986982272 3.441 0.018999999999999906 1.01239420740388 0.01483477822552324 1.0 1.0056073357095014 1.0056073357095014 0.006786871694378638
59770.92988576614 3.441 0.018999999999999906 1.0149784952924277 0.014858961419270006 1.0 1.0056072634260333 1.0056072634260333 0.009371231866394325
59770.92990170956 3.441 0.018999999999999906 0.9889502598784862 0.014720713708303685 1.0 1.0056071911425652 1.0056071911425652 -0.016656931264079078
59770.929917652975 3.441 0.018999999999999906 0.9953704555846378 0.01477459994755767 1.0 1.0056071188591302 1.0056071188591302 -0.010236663274492463
59770.9299335964 3.441 0.018999999999999906 1.0404298954389917 0.015177577455024202 1.0 1.0056070465756293 1.0056070465756293 0.0348228488633624
59770.929949539815 3.441 0.018999999999999906 0.9949740873247159 0.014745148958903918 1.0 1.005606974292194 1.005606974292194 -0.010632886967478106
59770.92996548323 3.441 0.018999999999999906 1.0118882532998836 0.014847404090112508 1.0 1.005606902008759 1.005606902008759 0.006281351291124615
59770.929981426656 3.441 0.018999999999999906 1.0074924752574417 0.014787213532759216 1.0 1.005606829725258 1.005606829725258 0.0018856455321836219
59770.929997370076 3.441 0.018999999999999906 1.0096527251597605 0.014816782666625228 1.0 1.00560675744179 1.00560675744179 0.0040459677179705
59770.93001331349 3.441 0.018999999999999906 1.0022449213952216 0.014796186286441282 1.0 1.005606685158355 1.005606685158355 -0.003361763763133352
59770.93002925691 3.441 0.018999999999999906 0.9928745084538296 0.014723930157870336 1.0 1.0056066128748868 1.0056066128748868 -0.012732104421057211
59770.93004520033 3.441 0.018999999999999906 1.0088224022653665 0.014836002919229938 1.0 1.0056065405914187 1.0056065405914187 0.0032158616739477175
59770.93006114374 3.441 0.018999999999999906 1.0067858225840425 0.014807256689076542 1.0 1.0056064683079837 1.0056064683079837 0.0011793542760587528
59770.93007708717 3.441 0.018999999999999906 1.0106653987625842 0.014860189982214762 1.0 1.0056063960244828 1.0056063960244828 0.005059002738101448
59770.93009303058 3.441 0.018999999999999906 1.0071040647912346 0.014786088484576375 1.0 1.0056063237410477 1.0056063237410477 0.0014977410501868516
59770.930108974004 3.441 0.018999999999999906 1.011241519261938 0.014850017519238751 1.0 1.0056062514575796 1.0056062514575796 0.0056352678043583015
59770.930124917424 3.441 0.018999999999999906 1.0081063407754183 0.014844391537206986 1.0 1.0056061791741115 1.0056061791741115 0.0025001616013067274
59770.93014086084 3.441 0.018999999999999906 1.0104409944907267 0.01482978693878706 1.0 1.0056061068906765 1.0056061068906765 0.004834887600050131
59770.93015680426 3.441 0.018999999999999906 0.9911950261665211 0.014734393941940597 1.0 1.0056060346072084 1.0056060346072084 -0.014411008440687323
59770.93017274768 3.441 0.018999999999999906 1.0449185363947096 0.015231656516110173 1.0 1.0056059623237403 1.0056059623237403 0.03931257407096922
59770.9301886911 3.441 0.018999999999999906 0.9891182457340545 0.014727651313011982 1.0 1.0056058900402725 1.0056058900402725 -0.016487644306217963
59770.93020463451 3.441 0.018999999999999906 1.0146763140983646 0.014846112230343303 1.0 1.0056058177568374 1.0056058177568374 0.009070496341527123
59770.93022057794 3.441 0.018999999999999906 0.996631247356606 0.014789103695719575 1.0 1.0056057454733363 1.0056057454733363 -0.008974498116730234
59770.93023652135 3.441 0.018999999999999906 0.9929606039994844 0.014743964394520264 1.0 1.0056056731899012 1.0056056731899012 -0.012645069190416858
59770.930252464765 3.441 0.018999999999999906 1.0365783246627807 0.015157730540856276 1.0 1.0056056009064662 1.0056056009064662 0.030972723756314435
59770.93026840819 3.441 0.018999999999999906 1.0143907929294596 0.014857443375159056 1.0 1.005605528622965 1.005605528622965 0.008785264306494511
59770.93028435161 3.441 0.018999999999999906 1.0111224188087353 0.014847636789794066 1.0 1.0056054563394972 1.0056054563394972 0.0055169624692381625
59770.930300295026 3.441 0.018999999999999906 1.008869026350182 0.014830421891157559 1.0 1.005605384056062 1.005605384056062 0.003263642294120128
59770.930316238446 3.441 0.018999999999999906 1.0041951601167363 0.01814216744442232 1.0 1.005605311772594 1.005605311772594 -0.0014101516558577831
59770.930332181866 3.441 0.018999999999999906 1.0179020047245273 0.014882144827802696 1.0 1.005605239489126 1.005605239489126 0.012296765235401352
59770.93034812528 3.441 0.018999999999999906 1.0427096999559984 0.015170218069378981 1.0 1.005605167205691 1.005605167205691 0.03710453275030745
59770.93036406871 3.441 0.018999999999999906 1.0093456959970155 0.01482179535180194 1.0 1.0056050949221897 1.0056050949221897 0.0037406010748257668
59770.93038001212 3.441 0.018999999999999906 1.0163238862674446 0.014881498739720918 1.0 1.0056050226387547 1.0056050226387547 0.0107188636286899
59770.93039595554 3.441 0.018999999999999906 1.0060321886290546 0.014791848932210193 1.0 1.0056049503552866 1.0056049503552866 0.0004272382737680047
59770.93041189896 3.441 0.018999999999999906 1.0109820145413515 0.014858346123921035 1.0 1.0056048780718188 1.0056048780718188 0.005377136469532751
59770.93042784237 3.441 0.018999999999999906 1.0193721211549962 0.014861560984534719 1.0 1.0056048057883837 1.0056048057883837 0.013767315366612465
59770.93044378579 3.441 0.018999999999999906 1.0323947376527134 0.015129506906501191 1.0 1.0056047335049156 1.0056047335049156 0.026790004147797752
59770.93045972922 3.441 0.018999999999999906 1.0126720261737228 0.014816216851061673 1.0 1.0056046612214145 1.0056046612214145 0.007067364952308308
59770.930475672634 3.441 0.018999999999999906 0.9969146153290755 0.014765090162986523 1.0 1.0056045889379794 1.0056045889379794 -0.00868997360890389
59770.93049161605 3.441 0.018999999999999906 0.9821809350060285 0.014679436449794353 1.0 1.0056045166545444 1.0056045166545444 -0.02342358164851588
59770.930507559475 3.441 0.018999999999999906 1.0133401130549282 0.01485407634356612 1.0 1.0056044443710435 1.0056044443710435 0.0077356686838847555
59770.93052350289 3.441 0.018999999999999906 1.0068481112342063 0.014830190127613113 1.0 1.0056043720876082 1.0056043720876082 0.001243739146598033
59770.93053944631 3.441 0.018999999999999906 1.0515857005670521 0.015236122754753709 1.0 1.0056042998041403 1.0056042998041403 0.045981400762911795
59770.93055538973 3.441 0.018999999999999906 1.0035513583837432 0.014787231857023894 1.0 1.0056042275206722 1.0056042275206722 -0.0020528691369290364
59770.93057133315 3.441 0.018999999999999906 0.9945756669550966 0.014759151772692748 1.0 1.0056041552372041 1.0056041552372041 -0.011028488282107562
59770.93058727656 3.441 0.018999999999999906 1.0477572333710334 0.015242478341225909 1.0 1.0056040829537691 1.0056040829537691 0.04215315041726431
59770.93060321998 3.441 0.018999999999999906 0.9869750268746988 0.0147153648060075 1.0 1.005604010670301 1.005604010670301 -0.018628983795602183
59770.9306191634 3.441 0.018999999999999906 1.0094919269637794 0.014812690058227608 1.0 1.005603938386833 1.005603938386833 0.0038879885769464995
59770.930635106815 3.441 0.018999999999999906 1.0109361580912193 0.014844817433772075 1.0 1.005603866103398 1.005603866103398 0.005332291987821369
59770.93065105024 3.441 0.018999999999999906 0.9979609661296228 0.014769905266074974 1.0 1.005603793819897 1.005603793819897 -0.007642827690274134
59770.930666993656 3.441 0.018999999999999906 1.011455953534996 0.01484883074636759 1.0 1.005603721536462 1.005603721536462 0.00585223199853413
59770.930682937076 3.441 0.018999999999999906 1.0163710507364454 0.014864986676806365 1.0 1.0056036492529938 1.0056036492529938 0.010767401483451566
59770.9306988805 3.441 0.018999999999999906 1.00526176116742 0.01480660364174369 1.0 1.0056035769695257 1.0056035769695257 -0.00034181580210579376
59770.93071482391 3.441 0.018999999999999906 1.0440601500000422 0.015181343746893602 1.0 1.0056035046860907 1.0056035046860907 0.03845664531395143
59770.93073076733 3.441 0.018999999999999906 1.0209481776206244 0.014866509701287207 1.0 1.0056034324026226 1.0056034324026226 0.015344745218001776
59770.93074671076 3.441 0.018999999999999906 1.011753065419236 0.014850372021007623 1.0 1.0056033601191217 1.0056033601191217 0.006149705300114272
59770.93076265417 3.441 0.018999999999999906 0.9931689118861197 0.014741119694191016 1.0 1.0056032878356866 1.0056032878356866 -0.012434375949566978
59770.93077859758 3.441 0.018999999999999906 0.9934931017203324 0.014753338838148111 1.0 1.0056032155522516 1.0056032155522516 -0.012110113831919178
59770.93079454101 3.441 0.018999999999999906 0.9836749895466306 0.014691342214280272 1.0 1.0056031432687504 1.0056031432687504 -0.02192815372211987
59770.930810484424 3.441 0.018999999999999906 0.9907743629410337 0.014734530608068964 1.0 1.0056030709853154 1.0056030709853154 -0.014828708044281713
59770.930826427844 3.441 0.018999999999999906 1.0076375445261025 0.01482015236598805 1.0 1.0056029987018473 1.0056029987018473 0.0020345458242552183
59770.930842371265 3.441 0.018999999999999906 0.9947698553668676 0.014762117844293628 1.0 1.0056029264183792 1.0056029264183792 -0.010833071051511656
59770.930858314685 3.441 0.018999999999999906 1.007030972489232 0.014809467341030504 1.0 1.0056028541349114 1.0056028541349114 0.0014281183543205511
59770.9308742581 3.441 0.018999999999999906 1.0124832736165328 0.014846780285414463 1.0 1.0056027818514763 1.0056027818514763 0.006880491765056451
59770.93089020152 3.441 0.018999999999999906 1.0095192796218173 0.014819229552833662 1.0 1.0056027095680082 1.0056027095680082 0.003916570053809076
59770.93090614494 3.441 0.018999999999999906 1.015012444163087 0.01486074082273235 1.0 1.0056026372845401 1.0056026372845401 0.009409806878546867
59770.93092208835 3.441 0.018999999999999906 1.0115203209926729 0.014857748738234177 1.0 1.0056025650011051 1.0056025650011051 0.005917755991567741
59770.93093803178 3.441 0.018999999999999906 1.0120440100188783 0.014844843859672772 1.0 1.005602492717604 1.005602492717604 0.006441517301274402
59770.93095397519 3.441 0.018999999999999906 1.0202121335352943 0.014893622920335447 1.0 1.005602420434169 1.005602420434169 0.014609713101125354
59770.93096991861 3.441 0.018999999999999906 0.9911020058277162 0.014751428910694815 1.0 1.0056023481507008 1.0056023481507008 -0.014500342322984583
59770.93098586203 3.441 0.018999999999999906 1.0148732957060913 0.014849476555770772 1.0 1.005602275867233 1.005602275867233 0.009271019838858363
59770.93100180545 3.441 0.018999999999999906 1.0087601985820054 0.014835437176010382 1.0 1.0056022035837648 1.0056022035837648 0.003157994998240543
59770.931017748866 3.441 0.018999999999999906 0.9867446802613451 0.014699645639264684 1.0 1.0056021313003298 1.0056021313003298 -0.01885745103898473
59770.93103369229 3.441 0.018999999999999906 0.9905781270539625 0.014741228931828854 1.0 1.0056020590168286 1.0056020590168286 -0.01502393196286611
59770.93104963571 3.441 0.018999999999999906 1.0139276604820342 0.014872531894923642 1.0 1.0056019867333936 1.0056019867333936 0.008325673748640572
59770.93106557912 3.441 0.018999999999999906 1.0017167039812056 0.014802059191102411 1.0 1.0056019144499586 1.0056019144499586 -0.0038852104687530087
59770.93108152255 3.441 0.018999999999999906 1.0177504780406044 0.014893595527731505 1.0 1.0056018421664576 1.0056018421664576 0.012148635874146718
59770.93109746596 3.441 0.018999999999999906 1.015476100728217 0.014877872835756215 1.0 1.0056017698830226 1.0056017698830226 0.00987433084519429
59770.93111340938 3.441 0.018999999999999906 0.991824314546473 0.014742285660446068 1.0 1.0056016975995545 1.0056016975995545 -0.013777383053081516
59770.9311293528 3.441 0.018999999999999906 0.9965343717017843 0.014781955446256287 1.0 1.0056016253160864 1.0056016253160864 -0.009067253614302162
59770.93114529622 3.441 0.018999999999999906 1.0142087306167196 0.014880072217270756 1.0 1.0056015530326183 1.0056015530326183 0.008607177584101233
59770.931161239634 3.441 0.018999999999999906 1.0173717994900415 0.014884592897103971 1.0 1.0056014807491833 1.0056014807491833 0.01177031874085821
59770.931177183054 3.441 0.018999999999999906 1.010104344124874 0.014835321522818625 1.0 1.0056014084657152 1.0056014084657152 0.004502935659158824
59770.931193126475 3.441 0.018999999999999906 1.011746127903188 0.01483910216477708 1.0 1.0056013361822473 1.0056013361822473 0.006144791720940734
59770.931209069895 3.441 0.018999999999999906 0.9952969714822464 0.014756417619659734 1.0 1.0056012638987792 1.0056012638987792 -0.010304292416532856
59770.931225013315 3.441 0.018999999999999906 0.9815940421173376 0.014719514088157304 1.0 1.0056011916153111 1.0056011916153111 -0.024007149497973557
