eureka_custom_plots/data/stage5_lcfit_results/S5_wasp39b_ap4_bg8_Table_Save_ch50.txt
# %ECSV 1.0
# ---
# datatype:
# - {name: time, datatype: float64}
# - {name: wavelength, datatype: float64}
# - {name: bin_width, datatype: float64}
# - {name: lcdata, datatype: float64}
# - {name: lcerr, datatype: float64}
# - {name: transit, datatype: float64}
# - {name: polynom, datatype: float64}
# - {name: model, datatype: float64}
# - {name: residuals, datatype: float64}
# schema: astropy-2.0
time wavelength bin_width lcdata lcerr transit polynom model residuals
[from data line 15309]
59770.888098065254 4.936 0.019000000000000128 1.0123099491027903 0.01047387957931548 0.992851953014495 1.0062218919351555 0.9990293705737593 0.013280578529030973
59770.88811400867 4.936 0.019000000000000128 1.010212315325096 0.010450809620363578 0.9928735185522087 1.0062218525043942 0.9990510311401595 0.011161284184936449
59770.88812995209 4.936 0.019000000000000128 1.0073144777662562 0.010450136081357104 0.9928950718918207 1.006221813073615 0.999072679430845 0.008241798335411166
59770.888145895515 4.936 0.019000000000000128 0.9847799138368052 0.010377198718588625 0.9929166129650425 1.0062217736428174 0.9990943153771039 -0.014314401540298727
59770.88816183893 4.936 0.019000000000000128 1.0089739492769427 0.010443729069638513 0.9929381416711713 1.006221734212056 0.9991159388776623 0.00985801039928047
59770.88817778235 4.936 0.019000000000000128 1.0165613207845954 0.010475973237251749 0.9929596579717225 1.0062216947812765 0.9991375498937433 0.01742377089085212
59770.88819372577 4.936 0.019000000000000128 0.9980018471469111 0.010444805501401384 0.9929811617858217 1.0062216553504972 0.9991591483439894 -0.001157301197078353
59770.88820966918 4.936 0.019000000000000128 1.0088652557666322 0.010466782582730169 0.9930026530350482 1.006221615919736 0.999180734149511 0.009684521617121189
59770.88822561261 4.936 0.019000000000000128 0.9870743115328138 0.010394525659948566 0.9930241316782098 1.0062215764889384 0.9992023072688074 -0.012127995735993657
59770.88824155602 4.936 0.019000000000000128 0.9848256415717613 0.010405819044397385 0.9930455976069682 1.006221537058177 0.9992238675929396 -0.01439822602117824
59770.88825749945 4.936 0.019000000000000128 1.007857918919367 0.010453369681848132 0.9930670507899303 1.0062214976273796 0.9992454150902487 0.008612503829118379
59770.88827344286 4.936 0.019000000000000128 0.9981077378248744 0.010398220029422077 0.993088491118074 1.0062214581966182 0.9992669496511077 -0.0011592118262333528
59770.888289386276 4.936 0.019000000000000128 0.9934014971581216 0.01040545369524187 0.9931099185418886 1.006221418765857 0.9992884712256637 -0.005886974067542017
59770.8883053297 4.936 0.019000000000000128 0.9772667108211364 0.010380952381883708 0.9931313330098941 1.0062213793350594 0.9993099797620818 -0.022043268940945437
59770.888321273116 4.936 0.019000000000000128 1.0100859271808198 0.010458726687043413 0.9931527344135952 1.006221339904298 0.9993314751512652 0.010754452029554606
59770.88833721654 4.936 0.019000000000000128 1.0042864556815934 0.010439001343933023 0.9931741227113046 1.0062213004735185 0.9993529573512148 0.004933498330378594
59770.88835315996 4.936 0.019000000000000128 1.0024297713433739 0.010462999332735874 0.9931954978241357 1.0062212610427392 0.999374426282573 0.0030553450608008514
59770.88836910338 4.936 0.019000000000000128 1.0002253102145666 0.010409739112784012 0.9932168596805729 1.0062212216119597 0.9993958818733805 0.0008294283411861558
59770.8883850468 4.936 0.019000000000000128 0.9992445861291748 0.01045261184703126 0.99323820821151 1.0062211821811804 0.999417324054103 -0.00017273792492822349
59770.88840099021 4.936 0.019000000000000128 1.0128533645189841 0.010460479938668823 0.9932595433354475 1.006221142750419 0.9994387527427534 0.013414611776230712
59770.88841693363 4.936 0.019000000000000128 0.9759474481991337 0.010366057118183938 0.9932808650028994 1.0062211033196395 0.9994601678895033 -0.02351271969036961
59770.88843287706 4.936 0.019000000000000128 1.0054134332982694 0.01042643074164141 0.9933021731420906 1.0062210638888422 0.9994815694221334 0.005931863876135979
59770.88844882047 4.936 0.019000000000000128 0.9771162289770762 0.010373554336984838 0.9933234676534881 1.0062210244580807 0.999502957240546 -0.02238672826346988
59770.888464763884 4.936 0.019000000000000128 1.005896603684455 0.01042743866325497 0.9933447484867807 1.0062209850273194 0.9995243312940832 0.006372272390371747
59770.88848070731 4.936 0.019000000000000128 0.9921495194667556 0.010425269661965188 0.9933660155896974 1.006220945596522 0.9995456915301149 -0.0073961720633592964
59770.888496650725 4.936 0.019000000000000128 0.9931127537100839 0.010415724944575508 0.9933872688533331 1.0062209061657605 0.9995670378391308 -0.006454284129046917
59770.88851259415 4.936 0.019000000000000128 0.9862122839921775 0.01035931673352336 0.9934085082449465 1.0062208667349632 0.999588370188117 -0.01337608619593944
59770.888528537565 4.936 0.019000000000000128 1.0122828583683485 0.010448657501096283 0.9934297336555509 1.0062208273042017 0.9996096884674811 0.01267316990086742
59770.888544480986 4.936 0.019000000000000128 1.0139971334777806 0.010451157525939206 0.9934509450424129 1.0062207878734224 0.9996309926341728 0.014366140843607877
59770.888560424406 4.936 0.019000000000000128 0.9971987089387145 0.010411858384004326 0.9934721423258878 1.006220748442643 0.9996522826080708 -0.0024535736693562793
59770.88857636782 4.936 0.019000000000000128 1.0090308346527221 0.010461320124237113 0.9934933254238432 1.0062207090118815 0.9996735583065515 0.009357276346170673
59770.88859231125 4.936 0.019000000000000128 0.9940980867732871 0.010421627767453649 0.9935144942950975 1.0062206695810842 0.9996948196881253 -0.005596732914838198
59770.88860825466 4.936 0.019000000000000128 0.9927324626234844 0.010423130368418524 0.9935356488298361 1.0062206301503227 0.9997160666423675 -0.006983604018883094
59770.88862419808 4.936 0.019000000000000128 0.9897188986138764 0.0103928709866798 0.9935567889854927 1.0062205907195434 0.9997372991263952 -0.010018400512518788
59770.8886401415 4.936 0.019000000000000128 0.9904796258413922 0.010423401710148395 0.9935779146802718 1.006220551288764 0.9997585170579237 -0.009278891216531582
59770.88865608492 4.936 0.019000000000000128 0.9957442178822549 0.01043375540948758 0.9935990258433164 1.0062205118579846 0.9997797203656567 -0.004035502483401787
59770.88867202833 4.936 0.019000000000000128 0.9949627600309368 0.010426926588356988 0.9936201223939348 1.0062204724272232 0.9998009089684204 -0.004838148937483688
59770.88868797176 4.936 0.019000000000000128 1.0083952721967484 0.010471573442431081 0.9936412042885667 1.0062204329964257 0.9998220828223315 0.008573189374416867
59770.888703915174 4.936 0.019000000000000128 0.9985417727766923 0.01042719811027001 0.9936622714177217 1.0062203935656644 0.9998432418172919 -0.0013014690405995788
59770.8887198586 4.936 0.019000000000000128 1.0030849425996446 0.010400917938038143 0.9936833237474046 1.0062203541348669 0.999864385919025 0.0032205566806196018
59770.888735802015 4.936 0.019000000000000128 0.9929514476170342 0.010458756272242421 0.9937043611680291 1.0062203147041056 0.9998855150173364 -0.006934067400302113
59770.88875174543 4.936 0.019000000000000128 0.9982875011491977 0.010425868374539519 0.9937253836259453 1.0062202752733442 0.9999066290582083 -0.0016191279090105315
59770.888767688855 4.936 0.019000000000000128 0.9847321054419597 0.010394974153469688 0.9937463910698022 1.0062202358425467 0.999927727989936 -0.01519562254797635
59770.88878363227 4.936 0.019000000000000128 1.0083701623642782 0.010452661217884079 0.9937673833874276 1.0062201964117854 0.9999488116997235 0.008421350664554739
59770.88879957569 4.936 0.019000000000000128 0.9993725460605798 0.01041718965948543 0.9937883605370306 1.0062201569810059 0.9999698801454674 -0.0005973340848876019
59770.88881551911 4.936 0.019000000000000128 1.0142042705960512 0.010502063688343492 0.9938093224354374 1.0062201175502266 0.9999909332434969 0.014213337352554367
59770.88883146253 4.936 0.019000000000000128 1.000858650702495 0.010409612998254674 0.9938302690109395 1.0062200781194472 1.0000119709216588 0.0008466797808361903
59770.88884740595 4.936 0.019000000000000128 0.9957595304868662 0.01039977209594725 0.9938512001917394 1.0062200386886677 1.000032993107711 -0.004273462620844826
59770.88886334936 4.936 0.019000000000000128 1.0070262628691864 0.010449470374177683 0.993872115894464 1.0062199992579064 1.0000539997177815 0.006972263151404867
59770.88887929278 4.936 0.019000000000000128 1.0109978348411002 0.010429347777499135 0.9938930160671112 1.0062199598271269 1.0000749906995106 0.010922844141589616
59770.88889523621 4.936 0.019000000000000128 0.9941651865345404 0.010417999652695522 0.993913900635794 1.0062199203963296 1.000095965978554 -0.005930779444013545
59770.88891117962 4.936 0.019000000000000128 1.0165100099711333 0.010467662905888787 0.9939347695000038 1.0062198809655682 1.0001169254538333 0.016393084517299927
59770.888927123044 4.936 0.019000000000000128 0.9997975065184985 0.010420370751089413 0.9939556226146833 1.0062198415347887 1.000137869079959 -0.00034036256146041666
59770.888943066464 4.936 0.019000000000000128 0.9986764792440933 0.010424290599019385 0.9939764598984644 1.0062198021040094 1.0001587967750767 -0.0014823175309833792
59770.88895900988 4.936 0.019000000000000128 1.0178782098188734 0.010503869331666875 0.9939972812675103 1.0062197626732479 1.0001797084548478 0.01769850136402562
59770.888974953305 4.936 0.019000000000000128 0.9939878857627177 0.010416138746523267 0.9940180866782198 1.0062197232424506 1.0002006040753486 -0.006212718312630927
59770.88899089672 4.936 0.019000000000000128 0.9773275352296149 0.010380056984388448 0.994038876019507 1.0062196838116892 1.0002214835248753 -0.02289394829526037
59770.88900684014 4.936 0.019000000000000128 1.0067649354744264 0.010441364040704844 0.9940596492457634 1.0062196443809097 1.000242346757484 0.006522588716942446
59770.88902278356 4.936 0.019000000000000128 0.9924097783156887 0.010397669563371162 0.9940804062752008 1.0062196049501304 1.0002631936908977 -0.007853415375209005
59770.88903872697 4.936 0.019000000000000128 0.9778017058093948 0.01039010590116681 0.994101147023568 1.0062195655193689 1.0002840242403608 -0.02248231843096593
59770.8890546704 4.936 0.019000000000000128 0.9884070383355523 0.010385563315940373 0.9941218714472897 1.0062195260885716 1.0003048383619757 -0.011897800026423377
59770.88907061381 4.936 0.019000000000000128 0.9949248775305017 0.010444198641827575 0.9941425794331648 1.00621948665781 1.0003256359419102 -0.005400758411408413
59770.88908655723 4.936 0.019000000000000128 1.0082745111531148 0.0104453097981181 0.994163270937401 1.0062194472270307 1.0003464169360483 0.007928094217066528
59770.88910250065 4.936 0.019000000000000128 1.0086903168838308 0.010451746488885586 0.9941839458753793 1.0062194077962514 1.0003671812592647 0.008323135624566103
59770.88911844407 4.936 0.019000000000000128 1.0171373181949837 0.010525501381454373 0.9942046041743559 1.0062193683654719 1.0003879288383644 0.016749389356619293
59770.889134387486 4.936 0.019000000000000128 0.992633178434508 0.010411653251418749 0.9942252457495537 1.0062193289347106 1.0004086595880637 -0.007775481153555641
59770.88915033091 4.936 0.019000000000000128 1.0134296494096822 0.01048951635422034 0.9942458705560745 1.006219289503913 1.0004293734631329 0.013000275946549289
59770.889166274326 4.936 0.019000000000000128 0.9982571461715181 0.010437472815728432 0.9942664784821081 1.0062192500731517 1.0004500703511403 -0.0021929241796222465
59770.889182217754 4.936 0.019000000000000128 1.002115023031164 0.010461895758285265 0.9942870694902621 1.0062192106423544 1.0004707502143915 0.0016442728167724852
59770.88919816117 4.936 0.019000000000000128 1.0149437096752407 0.010437363187736148 0.9943076434691817 1.0062191712115929 1.000491412940912 0.014452296734328796
59770.88921410458 4.936 0.019000000000000128 1.0163236486665241 0.010461214196757837 0.9943282003627881 1.0062191317808316 1.0005120584742413 0.015811590192282843
59770.88923004801 4.936 0.019000000000000128 0.9977433450998549 0.010406594017279776 0.9943487401148396 1.006219092350034 1.0005326867577538 -0.0027893416578989028
59770.88924599142 4.936 0.019000000000000128 1.014702832430939 0.010486892881761523 0.9943692626131638 1.0062190529192727 1.0005532976786533 0.014149534752285753
59770.88926193484 4.936 0.019000000000000128 1.0001015865859821 0.010403430941553908 0.9943897678119923 1.0062190134884934 1.0005738911908348 -0.0004723046048527024
59770.88927787826 4.936 0.019000000000000128 0.9924005723361845 0.01043543117344832 0.9944102556256713 1.0062189740577139 1.000594467208132 -0.008193894871947438
59770.88929382168 4.936 0.019000000000000128 1.0076323170032804 0.010457287910274029 0.9944307259803119 1.0062189346269346 1.0006150256561985 0.007017291347081844
59770.8893097651 4.936 0.019000000000000128 0.9971684605527469 0.010428218129807891 0.9944511787995429 1.006218895196155 1.00063556645819 -0.0034671059054431907
59770.889325708515 4.936 0.019000000000000128 1.0020533571983776 0.010471173072949098 0.9944716139998031 1.0062188557653937 1.0006560895300463 0.00139726766833137
59770.889341651935 4.936 0.019000000000000128 0.9994194223412959 0.010401518291148673 0.994492031523412 1.0062188163346144 1.0006765948136938 -0.0012571724723978717
59770.88935759536 4.936 0.019000000000000128 1.0088716969081701 0.010462248888864937 0.9945124312954169 1.006218776903817 1.0006970822337156 0.008174614674454572
59770.889373538776 4.936 0.019000000000000128 1.0044003278068414 0.010449078265153552 0.9945328132124712 1.0062187374730556 1.000717551686179 0.0036827761206623677
59770.889389482196 4.936 0.019000000000000128 1.0296171642725807 0.010470471707120042 0.9945531772259512 1.006218698042276 1.0007380031221056 0.028879161150475063
59770.889405425616 4.936 0.019000000000000128 1.0170939481106116 0.010496578136227877 0.9945735232517346 1.0062186586114967 1.0007584364568707 0.01633551165374092
59770.88942136903 4.936 0.019000000000000128 0.9975517753401658 0.010410882425640412 0.9945938512032659 1.0062186191807352 1.0007788516033997 -0.00322707626323393
59770.88943731246 4.936 0.019000000000000128 0.9994385611848963 0.010412173570285208 0.9946141610338208 1.006218579749938 1.0007992485146273 -0.0013606873297310473
59770.88945325587 4.936 0.019000000000000128 0.9909124475715091 0.01043368774064901 0.9946344526284253 1.0062185403191766 1.0008196270749372 -0.00990717950342812
59770.88946919929 4.936 0.019000000000000128 1.0012136962376708 0.010424626529009676 0.9946547259400899 1.006218500888397 1.0008399872369966 0.00037370900067412727
59770.88948514271 4.936 0.019000000000000128 1.0016456716817859 0.010418733113584225 0.994674980881789 1.0062184614576177 1.000860328913259 0.000785342768526931
59770.88950108612 4.936 0.019000000000000128 0.9986205565884273 0.010426090332169676 0.9946952173687569 1.0062184220268562 1.0008806520184512 -0.002260095430023923
59770.88951702955 4.936 0.019000000000000128 0.9981910135237975 0.010453837356042397 0.9947154353511922 1.006218382596059 1.0009009565024112 -0.002709942978613711
59770.889532972964 4.936 0.019000000000000128 1.0183851020578858 0.010486005674235457 0.9947356347160186 1.0062183431652976 1.0009212422514329 0.01746385980645293
59770.889548916384 4.936 0.019000000000000128 1.0054197823529343 0.01046255331316804 0.9947558154131618 1.006218303734518 1.000941509215079 0.004478273137855204
59770.889564859805 4.936 0.019000000000000128 0.9960110825810973 0.01041567267050035 0.9947759773567745 1.0062182643037387 1.0009617573069889 -0.004950674725891613
59770.889580803225 4.936 0.019000000000000128 0.9977347288797844 0.01042275041725714 0.994796120470226 1.0062182248729592 1.0009819864500573 -0.003247257570272888
59770.88959674664 4.936 0.019000000000000128 1.002336110286565 0.010403426944849418 0.9948162446657067 1.0062181854421979 1.001002196555949 0.0013339137306160875
59770.88961269006 4.936 0.019000000000000128 0.9898025505077541 0.010409198033142822 0.9948363498855325 1.0062181460114186 1.0010223875665873 -0.011219837058833226
59770.88962863348 4.936 0.019000000000000128 1.0055386838327598 0.010438540483972834 0.9948564360416228 1.006218106580639 1.0010425593933643 0.00449612443939551
