eureka_custom_plots/data/stage5_lcfit_results/S5_wasp39b_ap4_bg8_Table_Save_ch34.txt
# %ECSV 1.0
# ---
# datatype:
# - {name: time, datatype: float64}
# - {name: wavelength, datatype: float64}
# - {name: bin_width, datatype: float64}
# - {name: lcdata, datatype: float64}
# - {name: lcerr, datatype: float64}
# - {name: transit, datatype: float64}
# - {name: polynom, datatype: float64}
# - {name: model, datatype: float64}
# - {name: residuals, datatype: float64}
# schema: astropy-2.0
time wavelength bin_width lcdata lcerr transit polynom model residuals
[from data line 4770]
59770.72007036486 4.3225 0.01949999999999985 1.0322280665322054 0.013859665476731144 1.0 1.0072634506432625 1.0072634506432625 0.024964615888942943
59770.72008630828 4.3225 0.01949999999999985 1.005097726230558 0.013793070707720215 1.0 1.007263363968169 1.007263363968169 -0.002165637737610915
59770.72010225171 4.3225 0.01949999999999985 0.9994758049206428 0.013754883023343923 1.0 1.0072632772930359 1.0072632772930359 -0.007787472372393078
59770.72011819513 4.3225 0.01949999999999985 1.0189562083352308 0.013851745978124993 1.0 1.0072631906179426 1.0072631906179426 0.011693017717288257
59770.720134138544 4.3225 0.01949999999999985 1.0058131680499405 0.013787063937242137 1.0 1.0072631039428885 1.0072631039428885 -0.0014499358929480621
59770.72015008197 4.3225 0.01949999999999985 0.9939752920946362 0.013699157451858984 1.0 1.0072630172677555 1.0072630172677555 -0.01328772517311927
59770.720166025385 4.3225 0.01949999999999985 "" "" 1.0 1.0072629305927014 1.0072629305927014 ""
59770.72018196881 4.3225 0.01949999999999985 0.9812863412694516 0.013734659179925869 1.0 1.0072628439175684 1.0072628439175684 -0.025976502648116795
59770.720197912226 4.3225 0.01949999999999985 0.9983027344997827 0.013711849211145072 1.0 1.0072627572425146 1.0072627572425146 -0.008960022742731888
59770.72021385565 4.3225 0.01949999999999985 0.9966365686381838 0.013776950370796102 1.0 1.0072626705673815 1.0072626705673815 -0.010626101929197662
59770.72022979907 4.3225 0.01949999999999985 1.0156120860019329 0.01382807492905685 1.0 1.007262583892288 1.007262583892288 0.008349502109644913
59770.72024574249 4.3225 0.01949999999999985 1.0190022195295194 0.013845717726639272 1.0 1.0072624972172342 1.0072624972172342 0.011739722312285261
59770.720261685914 4.3225 0.01949999999999985 0.9896139165707571 0.013723434678016871 1.0 1.007262410542101 1.007262410542101 -0.017648493971343937
59770.72027762933 4.3225 0.01949999999999985 1.0205994574065589 0.013853328319441806 1.0 1.007262323867047 1.007262323867047 0.013337133539511825
59770.720293572755 4.3225 0.01949999999999985 1.0150073358716651 0.013817100508378243 1.0 1.007262237191914 1.007262237191914 0.00774509867975115
59770.72030951617 4.3225 0.01949999999999985 1.0120312088019452 0.013844225462315328 1.0 1.00726215051686 1.00726215051686 0.004769058285085226
59770.720325459595 4.3225 0.01949999999999985 0.9782811623915767 0.01603185810573952 1.0 1.0072620638417271 1.0072620638417271 -0.02898090145015042
59770.720341403015 4.3225 0.01949999999999985 1.015375806287898 0.013831822581165078 1.0 1.0072619771666336 1.0072619771666336 0.008113829121264349
59770.72035734643 4.3225 0.01949999999999985 1.0019880717562664 0.013757808341280795 1.0 1.0072618904915795 1.0072618904915795 -0.005273818735313185
59770.720373289856 4.3225 0.01949999999999985 1.011177862037527 0.013844874702985977 1.0 1.0072618038164465 1.0072618038164465 0.003916058221080432
59770.72038923328 4.3225 0.01949999999999985 1.032161357311173 0.016457129265867093 1.0 1.007261717141353 1.007261717141353 0.024899640169820048
59770.7204051767 4.3225 0.01949999999999985 1.016571155205712 0.01379879826115268 1.0 1.0072616304662596 1.0072616304662596 0.009309524739452346
59770.72042112011 4.3225 0.01949999999999985 1.0148746055114355 0.013848271290552126 1.0 1.0072615437912056 1.0072615437912056 0.007613061720229908
59770.72043706354 4.3225 0.01949999999999985 1.0106036319407539 0.013782630485873162 1.0 1.0072614571160725 1.0072614571160725 0.0033421748246813543
59770.72045300695 4.3225 0.01949999999999985 1.0036757782893648 0.013786085898055522 1.0 1.0072613704410187 1.0072613704410187 -0.0035855921516538825
59770.72046895038 4.3225 0.01949999999999985 1.0017537631772595 0.01377773156289802 1.0 1.0072612837658856 1.0072612837658856 -0.005507520588626136
59770.7204848938 4.3225 0.01949999999999985 1.0208648539850675 0.013886420761987515 1.0 1.007261197090792 1.007261197090792 0.013603656894275451
59770.72050083722 4.3225 0.01949999999999985 1.008075262144812 0.013823286837866605 1.0 1.0072611104156985 1.0072611104156985 0.000814151729113366
59770.72051678064 4.3225 0.01949999999999985 1.010259973186229 0.013752956584532633 1.0 1.007261023740605 1.007261023740605 0.002998949445623955
59770.72053272405 4.3225 0.01949999999999985 1.010603765455902 0.013836626204534436 1.0 1.0072609370655512 1.0072609370655512 0.003342828390350716
59770.72054866748 4.3225 0.01949999999999985 0.9999462385939821 0.013793073901864308 1.0 1.0072608503904181 1.0072608503904181 -0.007314611796435999
59770.72056461089 4.3225 0.01949999999999985 1.0274991413987282 0.013902658510202982 1.0 1.007260763715364 1.007260763715364 0.020238377683364117
59770.72058055432 4.3225 0.01949999999999985 0.9944055191774452 0.013704020233840817 1.0 1.007260677040231 1.007260677040231 -0.012855157862785793
59770.72059649774 4.3225 0.01949999999999985 1.0151262052123864 0.013832235756320792 1.0 1.0072605903651377 1.0072605903651377 0.007865614847248681
59770.72061244116 4.3225 0.01949999999999985 0.9872065764305368 0.013711372721968563 1.0 1.0072605036900442 1.0072605036900442 -0.020053927259507387
59770.72062838458 4.3225 0.01949999999999985 0.9905803762519201 0.013715232786895107 1.0 1.0072604170149506 1.0072604170149506 -0.016680040763030535
59770.720644328 4.3225 0.01949999999999985 1.0222530045230978 0.013887679925969901 1.0 1.007260330339857 1.007260330339857 0.014992674183240684
59770.72066027142 4.3225 0.01949999999999985 1.001610966443432 0.013747494883801628 1.0 1.0072602436647635 1.0072602436647635 -0.005649277221331461
59770.72067621484 4.3225 0.01949999999999985 1.0112183094477805 0.013770290867734705 1.0 1.0072601569896702 1.0072601569896702 0.0039581524581102645
59770.72069215826 4.3225 0.01949999999999985 0.9948296291365104 0.013722744820917305 1.0 1.0072600703145766 1.0072600703145766 -0.012430441178066243
59770.72070810168 4.3225 0.01949999999999985 0.9924996933728845 0.013812809416447013 1.0 1.007259983639483 1.007259983639483 -0.014760290266598641
59770.7207240451 4.3225 0.01949999999999985 1.012360913957552 0.013779258292888218 1.0 1.0072598969643896 1.0072598969643896 0.005101016993162455
59770.72073998852 4.3225 0.01949999999999985 0.998099732137332 0.013716333824752422 1.0 1.0072598102892962 1.0072598102892962 -0.00916007815196418
59770.72075593194 4.3225 0.01949999999999985 1.0230676521884114 0.013861205287094586 1.0 1.0072597236142027 1.0072597236142027 0.015807928574208763
59770.72077187536 4.3225 0.01949999999999985 0.9945480530804476 0.013750316211514933 1.0 1.0072596369391091 1.0072596369391091 -0.012711583858661557
59770.720787818784 4.3225 0.01949999999999985 1.0163821534088888 0.013856490583293515 1.0 1.0072595502640156 1.0072595502640156 0.009122603144873231
59770.720803762204 4.3225 0.01949999999999985 1.000477133440059 0.013739451522570455 1.0 1.0072594635889223 1.0072594635889223 -0.006782330148863203
59770.72081970562 4.3225 0.01949999999999985 0.9874202285983781 0.013762648567135072 1.0 1.0072593769138682 1.0072593769138682 -0.019839148315490163
59770.720835649045 4.3225 0.01949999999999985 1.0306860392637702 0.013882252378632644 1.0 1.0072592902387352 1.0072592902387352 0.023426749025035054
59770.72085159247 4.3225 0.01949999999999985 1.0096781736075937 0.013806354656720924 1.0 1.007259203563602 1.007259203563602 0.0024189700439916084
59770.720867535885 4.3225 0.01949999999999985 1.0250763884544114 0.013848219924374273 1.0 1.007259116888548 1.007259116888548 0.017817271565863324
59770.720883479305 4.3225 0.01949999999999985 1.011962128460296 0.013832273626588065 1.0 1.0072590302134548 1.0072590302134548 0.004703098246841231
59770.720899422726 4.3225 0.01949999999999985 1.0075460001858965 0.013785193913318582 1.0 1.0072589435383612 1.0072589435383612 0.0002870566475352554
59770.720915366146 4.3225 0.01949999999999985 0.9962081921315529 0.01374824378487764 1.0 1.0072588568632677 1.0072588568632677 -0.011050664731714788
59770.72093130957 4.3225 0.01949999999999985 1.0116992119043795 0.013811441479818228 1.0 1.0072587701881741 1.0072587701881741 0.00444044171620539
59770.72094725299 4.3225 0.01949999999999985 1.0077830930536371 0.013811833230603308 1.0 1.0072586835130808 1.0072586835130808 0.0005244095405563254
59770.720963196414 4.3225 0.01949999999999985 1.007498559360881 0.013780762788232578 1.0 1.0072585968379477 1.0072585968379477 0.00023996252293323472
59770.72097913983 4.3225 0.01949999999999985 0.9818270198831465 0.013665134503874406 1.0 1.0072585101628937 1.0072585101628937 -0.025431490279747226
59770.72099508325 4.3225 0.01949999999999985 1.018704031965561 0.013820067521859518 1.0 1.0072584234878001 1.0072584234878001 0.011445608477760771
59770.72101102667 4.3225 0.01949999999999985 1.0025009161031604 0.013791923958969094 1.0 1.0072583368127068 1.0072583368127068 -0.004757420709546434
59770.72102697009 4.3225 0.01949999999999985 0.9901669647410535 0.013679412774791707 1.0 1.0072582501376133 1.0072582501376133 -0.017091285396559797
59770.72104291351 4.3225 0.01949999999999985 1.0059850509176846 0.013834194729811894 1.0 1.0072581634625197 1.0072581634625197 -0.0012731125448350866
59770.72105885693 4.3225 0.01949999999999985 1.02331235666694 0.013822542170454635 1.0 1.0072580767874262 1.0072580767874262 0.0160542798795138
59770.72107480035 4.3225 0.01949999999999985 1.0015842447379897 0.013779546304252257 1.0 1.0072579901123329 1.0072579901123329 -0.005673745374343175
59770.72109074377 4.3225 0.01949999999999985 1.00470542425195 0.013793610883169658 1.0 1.0072579034372393 1.0072579034372393 -0.002552479185289336
59770.7211066872 4.3225 0.01949999999999985 1.0044328466638783 0.013790909260076221 1.0 1.0072578167621062 1.0072578167621062 -0.002824970098227908
59770.72112263061 4.3225 0.01949999999999985 1.0076620783047607 0.013775178140341687 1.0 1.0072577300870522 1.0072577300870522 0.0004043482177085167
59770.72113857404 4.3225 0.01949999999999985 1.012258777901627 0.01381303021268492 1.0 1.0072576434119191 1.0072576434119191 0.005001134489707848
59770.72115451745 4.3225 0.01949999999999985 1.0046784472335857 0.013849151502177394 1.0 1.0072575567368653 1.0072575567368653 -0.002579109503279664
59770.72117046087 4.3225 0.01949999999999985 1.0250091359123077 0.01384735248629266 1.0 1.0072574700617718 1.0072574700617718 0.01775166585053589
59770.72118640429 4.3225 0.01949999999999985 1.0198414030535439 0.013843567462340936 1.0 1.0072573833866783 1.0072573833866783 0.01258401966686562
59770.72120234771 4.3225 0.01949999999999985 0.9929167112595223 0.013727125975421242 1.0 1.0072572967115847 1.0072572967115847 -0.014340585452062404
59770.72121829114 4.3225 0.01949999999999985 0.9929072836094436 0.01371445089104143 1.0 1.0072572100364519 1.0072572100364519 -0.014349926427008275
59770.72123423455 4.3225 0.01949999999999985 1.018381790388062 0.013891837513499409 1.0 1.0072571233613978 1.0072571233613978 0.011124667026664259
59770.72125017798 4.3225 0.01949999999999985 0.9984990196138065 0.013806410795191562 1.0 1.0072570366862648 1.0072570366862648 -0.008758017072458268
59770.72126612139 4.3225 0.01949999999999985 1.026038316718352 0.013905235389309158 1.0 1.0072569500112107 1.0072569500112107 0.018781366707141256
59770.72128206481 4.3225 0.01949999999999985 1.0277062998237267 0.013907332544879553 1.0 1.0072568633361174 1.0072568633361174 0.02044943648760933
59770.72129800823 4.3225 0.01949999999999985 0.9848276591282058 0.01374467522292528 1.0 1.0072567766610239 1.0072567766610239 -0.022429117532818066
59770.72131395166 4.3225 0.01949999999999985 1.0031224837685468 0.013785733843096613 1.0 1.0072566899858908 1.0072566899858908 -0.00413420621734395
59770.72132989508 4.3225 0.01949999999999985 1.0246470907809666 0.01385516129195085 1.0 1.0072566033107972 1.0072566033107972 0.017390487470169358
59770.721345838494 4.3225 0.01949999999999985 0.9923108491984615 0.013786467876824996 1.0 1.0072565166357434 1.0072565166357434 -0.014945667437281984
59770.72136178192 4.3225 0.01949999999999985 0.9889945435021221 0.013740956222636581 1.0 1.0072564299606104 1.0072564299606104 -0.018261886458488252
59770.721377725335 4.3225 0.01949999999999985 0.9970715357119073 0.013802751807856018 1.0 1.0072563432855564 1.0072563432855564 -0.010184807573649035
59770.72139366876 4.3225 0.01949999999999985 0.995505688950039 0.013757362983360725 1.0 1.0072562566104233 1.0072562566104233 -0.011750567660384292
59770.721409612175 4.3225 0.01949999999999985 1.011312333150227 0.013835798849049374 1.0 1.0072561699353693 1.0072561699353693 0.004056163214857689
59770.7214255556 4.3225 0.01949999999999985 1.0180545777738643 0.01386564496626328 1.0 1.0072560832602364 1.0072560832602364 0.01079849451362791
59770.721441499016 4.3225 0.01949999999999985 1.010362152956041 0.013832167401108446 1.0 1.0072559965851824 1.0072559965851824 0.003106156370858537
59770.721457442436 4.3225 0.01949999999999985 1.0107891843609649 0.013814001150709588 1.0 1.0072559099100888 1.0072559099100888 0.003533274450876034
59770.721473385864 4.3225 0.01949999999999985 0.9948603231337156 0.013748894086338776 1.0 1.0072558232349558 1.0072558232349558 -0.012395500101240131
59770.72148932928 4.3225 0.01949999999999985 0.969506657100351 0.013651389556146247 1.0 1.007255736559902 1.007255736559902 -0.03774907945955097
59770.721505272704 4.3225 0.01949999999999985 1.019082041475917 0.013820094651721161 1.0 1.007255649884769 1.007255649884769 0.011826391591148067
59770.72152121612 4.3225 0.01949999999999985 0.9853251582479907 0.013712375080678778 1.0 1.0072555632097149 1.0072555632097149 -0.02193040496172416
59770.721537159545 4.3225 0.01949999999999985 1.0157905332740633 0.013889921032752812 1.0 1.0072554765345818 1.0072554765345818 0.008535056739481517
59770.72155310296 4.3225 0.01949999999999985 1.0018185938186503 0.01373968343158963 1.0 1.007255389859528 1.007255389859528 -0.005436796040877656
59770.72156904638 4.3225 0.01949999999999985 0.9904275586802969 0.013677151059689207 1.0 1.0072553031844345 1.0072553031844345 -0.0168277445041376
59770.721584989806 4.3225 0.01949999999999985 1.0105789343237042 0.013732873721861102 1.0 1.0072552165093014 1.0072552165093014 0.0033237178144027713
59770.721600933226 4.3225 0.01949999999999985 1.0059026848223143 0.013785424043905233 1.0 1.0072551298342078 1.0072551298342078 -0.0013524450118935771
59770.721616876646 4.3225 0.01949999999999985 1.0029889455146574 0.013777682714123538 1.0 1.0072550431591143 1.0072550431591143 -0.0042660976444568455
59770.72163282006 4.3225 0.01949999999999985 1.0067559281452636 0.013798082922822065 1.0 1.0072549564840605 1.0072549564840605 -0.0004990283387968919
59770.72164876349 4.3225 0.01949999999999985 1.0035093307043768 0.01378315316721548 1.0 1.0072548698089274 1.0072548698089274 -0.003745539104550666
59770.7216647069 4.3225 0.01949999999999985 1.0087193149892435 0.013793000892301373 1.0 1.0072547831338734 1.0072547831338734 0.0014645318553700992
59770.72168065033 4.3225 0.01949999999999985 0.9926632574116703 0.013702592041981742 1.0 1.0072546964587403 1.0072546964587403 -0.014591439047070054
59770.72169659374 4.3225 0.01949999999999985 1.0196001370553718 0.01389546361897089 1.0 1.0072546097836865 1.0072546097836865 0.012345527271685253
59770.72171253717 4.3225 0.01949999999999985 0.9964621018161355 0.013798379128759192 1.0 1.0072545231085535 1.0072545231085535 -0.010792421292417975
59770.72172848059 4.3225 0.01949999999999985 0.9857390734028443 0.013766086184814176 1.0 1.00725443643346 1.00725443643346 -0.02151536303061563
59770.721744424 4.3225 0.01949999999999985 1.0000699360925531 0.013721783030078049 1.0 1.0072543497584059 1.0072543497584059 -0.007184413665852762
59770.72176036743 4.3225 0.01949999999999985 1.0041316639826743 0.013746557386066477 1.0 1.0072542630832728 1.0072542630832728 -0.003122599100598533
59770.72177631085 4.3225 0.01949999999999985 1.003679359298807 0.013824415412293766 1.0 1.0072541764081795 1.0072541764081795 -0.0035748171093725745
