eureka_custom_plots/data/stage5_lcfit_results/S5_wasp39b_ap4_bg8_Table_Save_ch18.txt
# %ECSV 1.0
# ---
# datatype:
# - {name: time, datatype: float64}
# - {name: wavelength, datatype: float64}
# - {name: bin_width, datatype: float64}
# - {name: lcdata, datatype: float64}
# - {name: lcerr, datatype: float64}
# - {name: transit, datatype: float64}
# - {name: polynom, datatype: float64}
# - {name: model, datatype: float64}
# - {name: residuals, datatype: float64}
# schema: astropy-2.0
time wavelength bin_width lcdata lcerr transit polynom model residuals
[from data line 16516]
59770.90734177195 3.709 0.019000000000000128 1.0065619327690194 0.005197223309050816 1.0 1.005930959579981 1.005930959579981 0.0006309731890383752
59770.90735771537 3.709 0.019000000000000128 1.010593807913144 0.005198557442401704 1.0 1.005930894398794 1.005930894398794 0.004662913514350109
59770.90737365879 3.709 0.019000000000000128 1.0131735813617986 0.005215354538310165 1.0 1.0059308292176066 1.0059308292176066 0.007242752144192011
59770.90738960221 3.709 0.019000000000000128 1.0176640435937698 0.005201546388015378 1.0 1.0059307640364195 1.0059307640364195 0.011733279557350373
59770.90740554562 3.709 0.019000000000000128 0.9983479535348737 0.005182759263233697 1.0 1.0059306988552619 1.0059306988552619 -0.007582745320388162
59770.90742148905 3.709 0.019000000000000128 1.0083647606499533 0.005175618234467418 1.0 1.005930633674045 1.005930633674045 0.0024341269759082795
59770.90743743246 3.709 0.019000000000000128 1.0034028371972337 0.005183200275112827 1.0 1.0059305684928874 1.0059305684928874 -0.0025277312956537568
59770.907453375876 3.709 0.019000000000000128 1.0114007461035164 0.005183905214041745 1.0 1.00593050331173 1.00593050331173 0.005470242791786317
59770.9074693193 3.709 0.019000000000000128 1.0005907266656797 0.005184198633386566 1.0 1.005930438130513 1.005930438130513 -0.005339711464833252
59770.90748526272 3.709 0.019000000000000128 1.0044530749888076 0.0051876946582253974 1.0 1.0059303729493556 1.0059303729493556 -0.001477297960547963
59770.907501206144 3.709 0.019000000000000128 1.0035709853969865 0.005171177797554335 1.0 1.0059303077681387 1.0059303077681387 -0.002359322371152217
59770.90751714956 3.709 0.019000000000000128 1.0090338227139466 0.0051964283703843355 1.0 1.0059302425869812 1.0059302425869812 0.003103580126965433
59770.90753309298 3.709 0.019000000000000128 0.9931351911692 0.005186783210653527 1.0 1.005930177405794 1.005930177405794 -0.01279498623659403
59770.9075490364 3.709 0.019000000000000128 "" "" 1.0 1.0059301122246067 1.0059301122246067 ""
59770.90756497982 3.709 0.019000000000000128 1.009276764537408 0.005199270231913604 1.0 1.0059300470434196 1.0059300470434196 0.003346717493988516
59770.90758092323 3.709 0.019000000000000128 1.0050881883052496 0.0051834757314933606 1.0 1.005929981862262 1.005929981862262 -0.0008417935570124158
59770.90759686666 3.709 0.019000000000000128 1.0070824335865882 0.005187537634567711 1.0 1.0059299166810451 1.0059299166810451 0.0011525169055430773
59770.90761281007 3.709 0.019000000000000128 1.0025616007471183 0.005167574173171151 1.0 1.0059298514998876 1.0059298514998876 -0.003368250752769253
59770.907628753484 3.709 0.019000000000000128 1.0087112409893046 0.005182549108873248 1.0 1.0059297863187302 1.0059297863187302 0.002781454670574446
59770.90764469691 3.709 0.019000000000000128 1.0095510860884658 0.005187236651230221 1.0 1.005929721137513 1.005929721137513 0.0036213649509526658
59770.907660640325 3.709 0.019000000000000128 1.008928062101488 0.005185924839042135 1.0 1.0059296559563558 1.0059296559563558 0.0029984061451322486
59770.907676583745 3.709 0.019000000000000128 1.0049838403649272 0.005172480414198945 1.0 1.0059295907751684 1.0059295907751684 -0.0009457504102412528
59770.907692527166 3.709 0.019000000000000128 1.0083484506663631 0.005196720150771617 1.0 1.0059295255939813 1.0059295255939813 0.002418925072381839
59770.907708470586 3.709 0.019000000000000128 1.0043725055879709 0.0051730305862886855 1.0 1.0059294604127942 1.0059294604127942 -0.00155695482482332
59770.907724414006 3.709 0.019000000000000128 1.0117623124263988 0.005200880737270236 1.0 1.0059293952316068 1.0059293952316068 0.005832917194791953
59770.90774035742 3.709 0.019000000000000128 1.002897051859992 0.005172770159093199 1.0 1.0059293300504495 1.0059293300504495 -0.0030322781904574825
59770.90775630084 3.709 0.019000000000000128 1.0154262020149827 0.0052104841701895626 1.0 1.0059292648692622 1.0059292648692622 0.00949693714572053
59770.90777224427 3.709 0.019000000000000128 1.0033501782939118 0.005164809340204768 1.0 1.0059291996880453 1.0059291996880453 -0.0025790213941334628
59770.90778818768 3.709 0.019000000000000128 0.9962667902111063 0.0051595243353723935 1.0 1.0059291345068877 1.0059291345068877 -0.009662344295781389
59770.90780413109 3.709 0.019000000000000128 1.0035607100387958 0.00518974282160575 1.0 1.0059290693257303 1.0059290693257303 -0.0023683592869345738
59770.90782007452 3.709 0.019000000000000128 1.0031221476987484 0.005170885075779654 1.0 1.0059290041445133 1.0059290041445133 -0.002806856445764838
59770.907836017934 3.709 0.019000000000000128 1.0140812988057881 0.005195699145815566 1.0 1.005928938963356 1.005928938963356 0.008152359842432233
59770.907851961354 3.709 0.019000000000000128 1.007549443283064 0.005191644792052866 1.0 1.0059288737821686 1.0059288737821686 0.0016205695008955079
59770.907867904774 3.709 0.019000000000000128 1.0031598304742113 0.00517165589394807 1.0 1.0059288086009814 1.0059288086009814 -0.0027689781267701274
59770.907883848195 3.709 0.019000000000000128 1.0085856274588558 0.0052016944919075275 1.0 1.005928743419794 1.005928743419794 0.0026568840390617243
59770.907899791615 3.709 0.019000000000000128 1.0079180027542238 0.005192196749971773 1.0 1.005928678238607 1.005928678238607 0.0019893245156168415
59770.90791573503 3.709 0.019000000000000128 1.0073049070287257 0.005195333524816563 1.0 1.0059286130574494 1.0059286130574494 0.0013762939712762545
59770.90793167845 3.709 0.019000000000000128 1.0080906160123249 0.005174894117098751 1.0 1.0059285478762623 1.0059285478762623 0.002162068136062567
59770.90794762187 3.709 0.019000000000000128 1.0044728384998631 0.005194094989200426 1.0 1.0059284826950752 1.0059284826950752 -0.001455644195212047
59770.90796356529 3.709 0.019000000000000128 1.011415055100957 0.0052050114201563314 1.0 1.0059284175138878 1.0059284175138878 0.005486637587069243
59770.9079795087 3.709 0.019000000000000128 1.009827456071044 0.005182137383348451 1.0 1.0059283523327305 1.0059283523327305 0.003899103738313592
59770.90799545213 3.709 0.019000000000000128 1.0094659061632465 0.00518408823042138 1.0 1.0059282871515134 1.0059282871515134 0.0035376190117331063
59770.90801139554 3.709 0.019000000000000128 1.0075780803679522 0.0051967301322064785 1.0 1.005928221970356 1.005928221970356 0.0016498583975961267
59770.908027338955 3.709 0.019000000000000128 1.0024925558656324 0.005171392575608778 1.0 1.0059281567891984 1.0059281567891984 -0.0034356009235660956
59770.90804328238 3.709 0.019000000000000128 1.0070230528619455 0.005173684370907206 1.0 1.0059280916079816 1.0059280916079816 0.0010949612539639109
59770.9080592258 3.709 0.019000000000000128 1.0001617382327508 0.0051720468161747446 1.0 1.0059280264267942 1.0059280264267942 -0.005766288194043456
59770.908075169216 3.709 0.019000000000000128 1.0015983242465103 0.005171973490511035 1.0 1.0059279612456369 1.0059279612456369 -0.004329636999126585
59770.90809111264 3.709 0.019000000000000128 1.007038109559101 0.005180997274998443 1.0 1.0059278960644495 1.0059278960644495 0.0011102134946514575
59770.90810705606 3.709 0.019000000000000128 1.0016737078915028 0.0051707389019662545 1.0 1.0059278308832624 1.0059278308832624 -0.004254122991759646
59770.90812299948 3.709 0.019000000000000128 1.0108203744382596 0.005203035483339472 1.0 1.005927765702075 1.005927765702075 0.004892608736184467
59770.9081389429 3.709 0.019000000000000128 1.007852407581581 0.005181391486519439 1.0 1.005927700520888 1.005927700520888 0.0019247070606929206
59770.90815488631 3.709 0.019000000000000128 1.0022957015934737 0.005163712249684228 1.0 1.0059276353397306 1.0059276353397306 -0.0036319337462569212
59770.90817082974 3.709 0.019000000000000128 1.0093520839182737 0.005181350967635437 1.0 1.0059275701585135 1.0059275701585135 0.0034245137597601616
59770.90818677315 3.709 0.019000000000000128 1.0126181255330147 0.005209800725793089 1.0 1.0059275049773562 1.0059275049773562 0.0066906205556585
59770.908202716564 3.709 0.019000000000000128 1.0108941979070067 0.00517368908866484 1.0 1.0059274397961986 1.0059274397961986 0.004966758110808156
59770.90821865999 3.709 0.019000000000000128 1.0030186770641765 0.005185120047364554 1.0 1.0059273746149817 1.0059273746149817 -0.0029086975508052504
59770.90823460341 3.709 0.019000000000000128 1.009749170424258 0.005174817799825367 1.0 1.0059273094337944 1.0059273094337944 0.003821860990463666
59770.908250546825 3.709 0.019000000000000128 1.0122412382190975 0.005189327081887886 1.0 1.005927244252637 1.005927244252637 0.006313993966460485
59770.908266490245 3.709 0.019000000000000128 1.0077634467663539 0.0052113111987492884 1.0 1.0059271790714497 1.0059271790714497 0.0018362676949041923
59770.908282433666 3.709 0.019000000000000128 1.0024813241446673 0.005176930979205529 1.0 1.0059271138902626 1.0059271138902626 -0.0034457897455952846
59770.908298377086 3.709 0.019000000000000128 1.0093984598827623 0.005182916212549588 1.0 1.0059270487090752 1.0059270487090752 0.0034714111736871
59770.908314320506 3.709 0.019000000000000128 1.0114132546837695 0.005182081767157117 1.0 1.0059269835278881 1.0059269835278881 0.005486271155881406
59770.90833026392 3.709 0.019000000000000128 1.0060048614992965 0.005192761497706194 1.0 1.0059269183467305 1.0059269183467305 7.79431525659291e-05
59770.90834620735 3.709 0.019000000000000128 1.007346581082179 0.0051865210478760065 1.0 1.0059268531655137 1.0059268531655137 0.0014197279166652255
59770.90836215076 3.709 0.019000000000000128 1.0010108328361564 0.005170328576371079 1.0 1.0059267879843563 1.0059267879843563 -0.004915955148199869
59770.90837809417 3.709 0.019000000000000128 1.0038897208742428 0.005159279777561042 1.0 1.0059267228031987 1.0059267228031987 -0.0020370019289559504
59770.9083940376 3.709 0.019000000000000128 1.0055293990405432 0.005193264089044518 1.0 1.0059266576219819 1.0059266576219819 -0.0003972585814386864
59770.90840998101 3.709 0.019000000000000128 1.0150950933055405 0.005192087155531278 1.0 1.0059265924408243 1.0059265924408243 0.009168500864716211
59770.908425924434 3.709 0.019000000000000128 1.0094663425718675 0.0051862815288050545 1.0 1.0059265272596372 1.0059265272596372 0.0035398153122303544
59770.908441867854 3.709 0.019000000000000128 1.0030513870368476 0.005170541163012311 1.0 1.0059264620784498 1.0059264620784498 -0.0028750750416022264
59770.908457811274 3.709 0.019000000000000128 0.9969403920002099 0.005176697482661238 1.0 1.0059263968972627 1.0059263968972627 -0.008986004897052813
59770.90847375469 3.709 0.019000000000000128 1.0114396251224582 0.0051872728979244585 1.0 1.0059263317161051 1.0059263317161051 0.0055132934063530925
59770.90848969811 3.709 0.019000000000000128 1.0092462338479893 0.005181447089085848 1.0 1.005926266534918 1.005926266534918 0.0033199673130712704
59770.90850564153 3.709 0.019000000000000128 1.0089977774118253 0.005193374530065319 1.0 1.0059262013537307 1.0059262013537307 0.003071576058094605
59770.908521584955 3.709 0.019000000000000128 1.0138473717268341 0.005197994723077616 1.0 1.0059261361725138 1.0059261361725138 0.007921235554320338
59770.90853752837 3.709 0.019000000000000128 1.006833533269021 0.0051898979566860895 1.0 1.0059260709913562 1.0059260709913562 0.0009074622776648056
59770.90855347178 3.709 0.019000000000000128 1.0074347894082925 0.005184172363537346 1.0 1.0059260058101989 1.0059260058101989 0.0015087835980935882
59770.90856941521 3.709 0.019000000000000128 1.0177085728718922 0.0051874502452335935 1.0 1.005925940628982 1.005925940628982 0.011782632242910207
59770.90858535862 3.709 0.019000000000000128 1.0042200900860405 0.005195259974232068 1.0 1.0059258754478244 1.0059258754478244 -0.0017057853617838958
59770.90860130204 3.709 0.019000000000000128 1.0034254023253208 0.005185311752437619 1.0 1.0059258102666373 1.0059258102666373 -0.0025004079413164515
59770.90861724546 3.709 0.019000000000000128 1.0089916839106734 0.005175578330503972 1.0 1.00592574508545 1.00592574508545 0.0030659388252234354
59770.90863318888 3.709 0.019000000000000128 1.0151953715264155 0.005191220508501016 1.0 1.0059256799042628 1.0059256799042628 0.009269691622152632
59770.908649132296 3.709 0.019000000000000128 1.0040648553338052 0.005168557172726339 1.0 1.0059256147231053 1.0059256147231053 -0.0018607593893000818
59770.908665075716 3.709 0.019000000000000128 1.0026495880106583 0.005190955181867606 1.0 1.0059255495419182 1.0059255495419182 -0.0032759615312598633
59770.90868101914 3.709 0.019000000000000128 1.0073104976419116 0.0051835929316657765 1.0 1.0059254843607308 1.0059254843607308 0.0013850132811807914
59770.90869696255 3.709 0.019000000000000128 1.0063985634957717 0.005190121176094408 1.0 1.0059254191795735 1.0059254191795735 0.0004731443161982707
59770.90871290598 3.709 0.019000000000000128 1.0049442807512552 0.0051776601265093305 1.0 1.0059253539983564 1.0059253539983564 -0.0009810732471011718
59770.90872884939 3.709 0.019000000000000128 1.0116481917253108 0.0051974450474201045 1.0 1.005925288817199 1.005925288817199 0.005722902908111838
59770.90874479282 3.709 0.019000000000000128 1.0058518270878893 0.005191684989112327 1.0 1.005925223635982 1.005925223635982 -7.339654809257468e-05
59770.90876073623 3.709 0.019000000000000128 1.0067676943936745 0.005175092453079289 1.0 1.0059251584548246 1.0059251584548246 0.0008425359388499754
59770.90877667965 3.709 0.019000000000000128 1.010973759072635 0.005197198795016294 1.0 1.0059250932736372 1.0059250932736372 0.005048665798997876
59770.90879262307 3.709 0.019000000000000128 1.0047962557423702 0.005179476481598075 1.0 1.00592502809245 1.00592502809245 -0.0011287723500799096
59770.90880856649 3.709 0.019000000000000128 1.0075769789249056 0.005191533211771516 1.0 1.005924962911263 1.005924962911263 0.001652016013642621
59770.908824509905 3.709 0.019000000000000128 1.00860565578907 0.005194023818124304 1.0 1.0059248977301054 1.0059248977301054 0.0026807580589645053
59770.908840453325 3.709 0.019000000000000128 1.0058720907268046 0.005165747062355359 1.0 1.0059248325489183 1.0059248325489183 -5.274182211367773e-05
59770.908856396745 3.709 0.019000000000000128 1.0057975222304 0.005176722155675999 1.0 1.005924767367731 1.005924767367731 -0.00012724513733086695
59770.90887234016 3.709 0.019000000000000128 1.0106833181164894 0.00520296367620685 1.0 1.0059247021865736 1.0059247021865736 0.004758615929915777
59770.908888283586 3.709 0.019000000000000128 1.002705833584207 0.005169372033946032 1.0 1.0059246370053565 1.0059246370053565 -0.003218803421149552
59770.908904227 3.709 0.019000000000000128 1.0063926077557683 0.00519468440731928 1.0 1.0059245718241991 1.0059245718241991 0.00046803593156918843
59770.90892017042 3.709 0.019000000000000128 1.0109734620116386 0.005178816442668486 1.0 1.0059245066430118 1.0059245066430118 0.005048955368626817
59770.90893611384 3.709 0.019000000000000128 0.9974267382088623 0.005170174808911368 1.0 1.0059244414618247 1.0059244414618247 -0.008497703252962396
59770.90895205725 3.709 0.019000000000000128 1.0070121915462718 0.005177780525039628 1.0 1.005924376280667 1.005924376280667 0.0010878152656046414
59770.90896800068 3.709 0.019000000000000128 0.9991228428332316 0.00515811251780833 1.0 1.0059243110994502 1.0059243110994502 -0.006801468266218635
59770.9089839441 3.709 0.019000000000000128 1.0012620803593546 0.005182203892524872 1.0 1.005924245918263 1.005924245918263 -0.004662165558908304
59770.90899988751 3.709 0.019000000000000128 1.0099153133825296 0.005197044064787204 1.0 1.0059241807371055 1.0059241807371055 0.003991132645424056
59770.909015830934 3.709 0.019000000000000128 0.9971032089796933 0.005170849064817439 1.0 1.0059241155559184 1.0059241155559184 -0.00882090657622514
59770.909031774354 3.709 0.019000000000000128 1.0110258824763654 0.005198514275126861 1.0 1.005924050374731 1.005924050374731 0.005101832101634285
