eureka_custom_plots/data/stage5_lcfit_results/S5_wasp39b_ap4_bg8_Table_Save_ch22.txt
# %ECSV 1.0
# ---
# datatype:
# - {name: time, datatype: float64}
# - {name: wavelength, datatype: float64}
# - {name: bin_width, datatype: float64}
# - {name: lcdata, datatype: float64}
# - {name: lcerr, datatype: float64}
# - {name: transit, datatype: float64}
# - {name: polynom, datatype: float64}
# - {name: model, datatype: float64}
# - {name: residuals, datatype: float64}
# schema: astropy-2.0
time wavelength bin_width lcdata lcerr transit polynom model residuals
[from data line 18866]
59770.944808806 3.8625 0.019500000000000073 1.0197151853688198 0.006049915034679384 1.0 1.0056885025393796 1.0056885025393796 0.014026682829440196
59770.94482474942 3.8625 0.019500000000000073 1.0032361331459554 0.006036489036710044 1.0 1.0056884256769099 1.0056884256769099 -0.0024522925309544696
59770.94484069284 3.8625 0.019500000000000073 0.9992964925833473 0.00602283583416407 1.0 1.0056883488144401 1.0056883488144401 -0.006391856231092841
59770.94485663626 3.8625 0.019500000000000073 1.003672641398928 0.006001851185360942 1.0 1.0056882719519704 1.0056882719519704 -0.0020156305530423246
59770.944872579676 3.8625 0.019500000000000073 1.0120440423585622 0.006027363265338567 1.0 1.0056881950895358 1.0056881950895358 0.006355847269026382
59770.9448885231 3.8625 0.019500000000000073 1.0026541060098726 0.006026031534802957 1.0 1.005688118227031 1.005688118227031 -0.003034012217158377
59770.944904466516 3.8625 0.019500000000000073 1.005646496173494 0.006028536590489264 1.0 1.0056880413645963 1.0056880413645963 -4.1545191102221324e-05
59770.94492040993 3.8625 0.019500000000000073 1.009190129571387 0.006030910035897119 1.0 1.0056879645021617 1.0056879645021617 0.0035021650692252937
59770.94493635336 3.8625 0.019500000000000073 1.0046553653588868 0.0060233057888479935 1.0 1.0056878876396569 1.0056878876396569 -0.0010325222807701095
59770.94495229677 3.8625 0.019500000000000073 1.0097563224973418 0.006022163854683354 1.0 1.005687810777222 1.005687810777222 0.004068511720119794
59770.94496824019 3.8625 0.019500000000000073 1.0133043694874466 0.006047319365946384 1.0 1.0056877339147523 1.0056877339147523 0.007616635572694319
59770.94498418361 3.8625 0.019500000000000073 1.0107396687758408 0.006016363961543348 1.0 1.0056876570522826 1.0056876570522826 0.005052011723558181
59770.94500012703 3.8625 0.019500000000000073 1.006436076929025 0.006015592080948393 1.0 1.0056875801898129 1.0056875801898129 0.0007484967392121789
59770.945016070444 3.8625 0.019500000000000073 0.9983208790316191 0.006003020854762232 1.0 1.0056875033273782 1.0056875033273782 -0.007366624295759072
59770.945032013864 3.8625 0.019500000000000073 1.0008010094811874 0.006009303996106561 1.0 1.0056874264649085 1.0056874264649085 -0.004886416983721054
59770.945047957284 3.8625 0.019500000000000073 1.0001306158706496 0.006024856559031039 1.0 1.0056873496024388 1.0056873496024388 -0.005556733731789221
59770.945063900705 3.8625 0.019500000000000073 1.0142784629526087 0.006047799728914043 1.0 1.005687272739969 1.005687272739969 0.008591190212639654
59770.945079844125 3.8625 0.019500000000000073 1.0052977912360792 0.006026778940533558 1.0 1.0056871958774993 1.0056871958774993 -0.0003894046414201213
59770.94509578754 3.8625 0.019500000000000073 1.012958086788154 0.006027621257515355 1.0 1.0056871190150645 1.0056871190150645 0.007270967773089554
59770.94511173096 3.8625 0.019500000000000073 1.0089362402521165 0.00603268191291429 1.0 1.0056870421525947 1.0056870421525947 0.003249198099521733
59770.94512767437 3.8625 0.019500000000000073 1.0064934538332926 0.006034268136556085 1.0 1.00568696529016 1.00568696529016 0.0008064885431324775
59770.9451436178 3.8625 0.019500000000000073 1.020403462256157 0.0060593328141888714 1.0 1.0056868884276553 1.0056868884276553 0.014716573828501778
59770.94515956121 3.8625 0.019500000000000073 1.0103849485859275 0.006037441147038804 1.0 1.0056868115652207 1.0056868115652207 0.004698137020706872
59770.94517550463 3.8625 0.019500000000000073 0.9972201037470358 0.006010884660187262 1.0 1.005686734702751 1.005686734702751 -0.008466630955715093
59770.94519144805 3.8625 0.019500000000000073 0.9914314613659089 0.006898965027968974 1.0 1.0056866578402812 1.0056866578402812 -0.014255196474372345
59770.945207391465 3.8625 0.019500000000000073 1.0066320987957844 0.0060320650451745565 1.0 1.0056865809778466 1.0056865809778466 0.0009455178179378354
59770.945223334886 3.8625 0.019500000000000073 1.0179389456541503 0.006048289340297742 1.0 1.0056865041153769 1.0056865041153769 0.012252441538773473
59770.945239278306 3.8625 0.019500000000000073 0.99830349757785 0.006006826538493089 1.0 1.005686427252907 1.005686427252907 -0.007382929675056937
59770.945255221726 3.8625 0.019500000000000073 1.0089207686141402 0.006040779688616224 1.0 1.0056863503904372 1.0056863503904372 0.0032344182237029617
59770.94527116514 3.8625 0.019500000000000073 1.0085359991481455 0.006033838839848413 1.0 1.0056862735280026 1.0056862735280026 0.002849725620142962
59770.94528710857 3.8625 0.019500000000000073 0.9952175186041472 0.006001734991603276 1.0 1.0056861966654977 1.0056861966654977 -0.010468678061350545
59770.94530305198 3.8625 0.019500000000000073 1.0133362858143005 0.006043820298048783 1.0 1.005686119803063 1.005686119803063 0.007650166011237358
59770.94531899539 3.8625 0.019500000000000073 1.0020892900493459 0.00602743408343796 1.0 1.0056860429406285 1.0056860429406285 -0.003596752891282584
59770.94533493882 3.8625 0.019500000000000073 1.0019491474451336 0.0060164583107985056 1.0 1.0056859660781237 1.0056859660781237 -0.0037368186329900244
59770.94535088224 3.8625 0.019500000000000073 0.9967033379699548 0.0060020196227178356 1.0 1.005685889215654 1.005685889215654 -0.008982551245699133
59770.945366825654 3.8625 0.019500000000000073 1.0026681533804223 0.006004562636207804 1.0 1.0056858123532193 1.0056858123532193 -0.0030176589727970438
59770.945382769074 3.8625 0.019500000000000073 1.0069528674424268 0.006020206167958927 1.0 1.0056857354907494 1.0056857354907494 0.0012671319516774915
59770.945398712494 3.8625 0.019500000000000073 0.9981098274321325 0.0060165556477623 1.0 1.0056856586282796 1.0056856586282796 -0.007575831196147131
59770.94541465591 3.8625 0.019500000000000073 1.0112819696639201 0.006041678918076048 1.0 1.005685581765845 1.005685581765845 0.00559638789807515
59770.945430599335 3.8625 0.019500000000000073 1.0210275329843308 0.0060613696925173694 1.0 1.0056855049033402 1.0056855049033402 0.01534202808099061
59770.94544654275 3.8625 0.019500000000000073 0.9968413634029941 0.006006733874886827 1.0 1.0056854280409055 1.0056854280409055 -0.00884406463791143
59770.94546248617 3.8625 0.019500000000000073 0.9992668682515224 0.006014685939789863 1.0 1.0056853511784358 1.0056853511784358 -0.0064184829269133825
59770.94547842958 3.8625 0.019500000000000073 1.0009493468468076 0.006011978811093311 1.0 1.0056852743160012 1.0056852743160012 -0.0047359274691936015
59770.945494373 3.8625 0.019500000000000073 1.0017400995773433 0.006021505686842697 1.0 1.0056851974535315 1.0056851974535315 -0.003945097876188131
59770.94551031642 3.8625 0.019500000000000073 1.0138862119635272 0.006049778324051441 1.0 1.0056851205910617 1.0056851205910617 0.008201091372465497
59770.94552625984 3.8625 0.019500000000000073 1.0067301714703307 0.00602401069821234 1.0 1.0056850437285918 1.0056850437285918 0.001045127741738927
59770.94554220326 3.8625 0.019500000000000073 1.015257248261737 0.00604176432083586 1.0 1.005684966866122 1.005684966866122 0.009572281395614946
59770.945558146675 3.8625 0.019500000000000073 1.003617382318485 0.006025238794457441 1.0 1.0056848900036874 1.0056848900036874 -0.0020675076852023633
59770.945574090096 3.8625 0.019500000000000073 1.0167753951594931 0.006052578186540983 1.0 1.0056848131412177 1.0056848131412177 0.011090582018275397
59770.945590033516 3.8625 0.019500000000000073 1.0042885116820304 0.006029309688031661 1.0 1.005684736278748 1.005684736278748 -0.0013962245967176212
59770.945605976936 3.8625 0.019500000000000073 1.0110278047736279 0.00601921785873171 1.0 1.0056846594162783 1.0056846594162783 0.005343145357349588
59770.94562192035 3.8625 0.019500000000000073 1.001484506040396 0.006018097223913697 1.0 1.0056845825538436 1.0056845825538436 -0.004200076513447559
59770.94563786378 3.8625 0.019500000000000073 1.0028607222092878 0.006016318963625657 1.0 1.0056845056913388 1.0056845056913388 -0.0028237834820510344
59770.94565380719 3.8625 0.019500000000000073 1.0113841231738092 0.006037331794734591 1.0 1.0056844288289042 1.0056844288289042 0.005699694344905026
59770.9456697506 3.8625 0.019500000000000073 1.0036800944895166 0.0060120261175207355 1.0 1.0056843519664693 1.0056843519664693 -0.0020042574769527643
59770.94568569403 3.8625 0.019500000000000073 1.0164293837880745 0.006998817044156626 1.0 1.0056842751039645 1.0056842751039645 0.010745108684109939
59770.94570163744 3.8625 0.019500000000000073 1.0030289128318768 0.006028845621119162 1.0 1.0056841982415299 1.0056841982415299 -0.0026552854096530965
59770.945717580864 3.8625 0.019500000000000073 0.9943312440443997 0.005992535986227237 1.0 1.0056841213790602 1.0056841213790602 -0.011352877334660505
59770.945733524284 3.8625 0.019500000000000073 0.9990850351594049 0.006013717788647826 1.0 1.0056840445165904 1.0056840445165904 -0.006599009357185492
59770.945749467704 3.8625 0.019500000000000073 1.008587386988476 0.0060355710824606616 1.0 1.0056839676541207 1.0056839676541207 0.0029034193343553394
59770.94576541112 3.8625 0.019500000000000073 0.9967058616107888 0.0060221149621836325 1.0 1.005683890791686 1.005683890791686 -0.008978029180897296
59770.94578135454 3.8625 0.019500000000000073 1.0079431639241052 0.006023924499229144 1.0 1.0056838139292164 1.0056838139292164 0.0022593499948888596
59770.94579729796 3.8625 0.019500000000000073 1.0079264421214043 0.006027538639766664 1.0 1.0056837370667466 1.0056837370667466 0.0022427050546576233
59770.94581324138 3.8625 0.019500000000000073 1.0025265329950266 0.005998429709478526 1.0 1.0056836602042767 1.0056836602042767 -0.003157127209250099
59770.94582918479 3.8625 0.019500000000000073 1.0138782749922068 0.006059309956151244 1.0 1.005683583341842 1.005683583341842 0.008194691650364794
59770.94584512821 3.8625 0.019500000000000073 1.0080825702630118 0.006038446959421735 1.0 1.0056835064793723 1.0056835064793723 0.0023990637836395212
59770.94586107163 3.8625 0.019500000000000073 0.9977150056206047 0.006016392872969967 1.0 1.0056834296169026 1.0056834296169026 -0.007968423996297935
59770.945877015045 3.8625 0.019500000000000073 1.0071222670448323 0.0060216972610002235 1.0 1.005683352754468 1.005683352754468 0.001438914290364357
59770.94589295847 3.8625 0.019500000000000073 1.0029182796495588 0.006018153436276942 1.0 1.0056832758919632 1.0056832758919632 -0.0027649962424043384
59770.945908901886 3.8625 0.019500000000000073 1.0004189542343094 0.006018075296081267 1.0 1.0056831990295285 1.0056831990295285 -0.005264244795219142
59770.945924845306 3.8625 0.019500000000000073 1.0108180787536187 0.006029011122171978 1.0 1.0056831221670588 1.0056831221670588 0.005134956586559936
59770.945940788726 3.8625 0.019500000000000073 1.0083360950449367 0.0060229959016096955 1.0 1.005683045304589 1.005683045304589 0.002653049740347635
59770.94595673214 3.8625 0.019500000000000073 1.011946718925045 0.006029179361062965 1.0 1.0056829684421542 1.0056829684421542 0.006263750482890851
59770.94597267556 3.8625 0.019500000000000073 1.0036097776010113 0.0060132132817960595 1.0 1.0056828915796845 1.0056828915796845 -0.002073113978673158
59770.94598861898 3.8625 0.019500000000000073 1.0014395835389736 0.006007692400002302 1.0 1.0056828147172148 1.0056828147172148 -0.0042432311782412135
59770.9460045624 3.8625 0.019500000000000073 0.9987381749420234 0.006010890072793663 1.0 1.005682737854745 1.005682737854745 -0.006944562912721608
59770.94602050581 3.8625 0.019500000000000073 1.00251571354863 0.00600445491259306 1.0 1.0056826609923104 1.0056826609923104 -0.0031669474436804013
59770.94603644924 3.8625 0.019500000000000073 0.9941916871288005 0.006005202647731542 1.0 1.0056825841298056 1.0056825841298056 -0.01149089700100514
59770.946052392654 3.8625 0.019500000000000073 1.015195296385327 0.006032557389105319 1.0 1.005682507267371 1.005682507267371 0.009512789117956055
59770.946068336074 3.8625 0.019500000000000073 1.0018409235093944 0.0060252985360922315 1.0 1.0056824304049012 1.0056824304049012 -0.0038415068955068854
59770.946084279494 3.8625 0.019500000000000073 1.0120361169641239 0.006036561186633986 1.0 1.0056823535424315 1.0056823535424315 0.00635376342169236
59770.946100222915 3.8625 0.019500000000000073 1.0124831308605855 0.006035805191083506 1.0 1.0056822766799618 1.0056822766799618 0.0068008541806237055
59770.94611616633 3.8625 0.019500000000000073 1.0111019250929407 0.006042424951545078 1.0 1.005682199817527 1.005682199817527 0.005419725275413789
59770.94613210975 3.8625 0.019500000000000073 1.0030055039094479 0.0060066329461632186 1.0 1.0056821229550572 1.0056821229550572 -0.002676619045609341
59770.94614805317 3.8625 0.019500000000000073 1.0042767075026438 0.006016993319571162 1.0 1.0056820460925875 1.0056820460925875 -0.0014053385899437387
59770.94616399658 3.8625 0.019500000000000073 1.0114090211249385 0.006035796380230053 1.0 1.0056819692301529 1.0056819692301529 0.0057270518947856175
59770.94617994 3.8625 0.019500000000000073 1.000346801196027 0.006020053831538136 1.0 1.0056818923676831 1.0056818923676831 -0.005335091171656092
59770.94619588342 3.8625 0.019500000000000073 1.0021003194162394 0.006017629684729885 1.0 1.0056818155052134 1.0056818155052134 -0.0035814960889739567
59770.94621182684 3.8625 0.019500000000000073 1.0103732158540535 0.00604056413625944 1.0 1.0056817386427437 1.0056817386427437 0.0046914772113098024
59770.946227770255 3.8625 0.019500000000000073 1.0087364249837438 0.0060300063314475865 1.0 1.005681661780309 1.005681661780309 0.003054763203434785
59770.946243713675 3.8625 0.019500000000000073 1.0054444529068811 0.006026867918747987 1.0 1.0056815849178393 1.0056815849178393 -0.00023713201095820757
59770.946259657096 3.8625 0.019500000000000073 1.0031767997237482 0.006028799916523622 1.0 1.0056815080553694 1.0056815080553694 -0.002504708331621197
59770.946275600516 3.8625 0.019500000000000073 1.0000376736204926 0.006003120315453452 1.0 1.0056814311928997 1.0056814311928997 -0.005643757572407093
59770.946291543936 3.8625 0.019500000000000073 1.0068591982120718 0.006013212018998447 1.0 1.00568135433043 1.00568135433043 0.0011778438816418824
59770.94630748735 3.8625 0.019500000000000073 1.0088757517752307 0.006022575597849756 1.0 1.0056812774679953 1.0056812774679953 0.0031944743072354065
59770.94632343077 3.8625 0.019500000000000073 0.9964983889507794 0.006003603588186426 1.0 1.0056812006055256 1.0056812006055256 -0.009182811654746215
59770.94633937419 3.8625 0.019500000000000073 0.9965258589618774 0.005996057906943364 1.0 1.0056811237430558 1.0056811237430558 -0.009155264781178452
59770.94635531761 3.8625 0.019500000000000073 1.0040285025125195 0.006032378890901474 1.0 1.0056810468805861 1.0056810468805861 -0.0016525443680666108
59770.94637126102 3.8625 0.019500000000000073 1.0006891455555191 0.006022672160529471 1.0 1.0056809700181515 1.0056809700181515 -0.004991824462632355
59770.94638720445 3.8625 0.019500000000000073 1.0081430274284215 0.006031872489046476 1.0 1.0056808931556467 1.0056808931556467 0.002462134272774863
59770.946403147864 3.8625 0.019500000000000073 1.0032628586485248 0.006007522059002921 1.0 1.0056808162932118 1.0056808162932118 -0.0024179576446869966
59770.94641909128 3.8625 0.019500000000000073 1.0098616842199655 0.0060392458143294515 1.0 1.0056807394307772 1.0056807394307772 0.00418094478918829
59770.946435034704 3.8625 0.019500000000000073 1.0047262307876088 0.0060290053292696615 1.0 1.0056806625682724 1.0056806625682724 -0.0009544317806635672
59770.94645097812 3.8625 0.019500000000000073 1.0107872060255603 0.006039503658127061 1.0 1.0056805857058377 1.0056805857058377 0.005106620319722532
59770.94646692154 3.8625 0.019500000000000073 1.0046033760236748 0.006027772151302895 1.0 1.005680508843368 1.005680508843368 -0.0010771328196932384
59770.94648286496 3.8625 0.019500000000000073 1.020238501764924 0.006064008875993612 1.0 1.0056804319808983 1.0056804319808983 0.01455806978402574
