eureka_custom_plots/data/stage5_lcfit_results/S5_wasp39b_ap4_bg8_Table_Save_ch59.txt
# %ECSV 1.0
# ---
# datatype:
# - {name: time, datatype: float64}
# - {name: wavelength, datatype: float64}
# - {name: bin_width, datatype: float64}
# - {name: lcdata, datatype: float64}
# - {name: lcerr, datatype: float64}
# - {name: transit, datatype: float64}
# - {name: polynom, datatype: float64}
# - {name: model, datatype: float64}
# - {name: residuals, datatype: float64}
# schema: astropy-2.0
time wavelength bin_width lcdata lcerr transit polynom model residuals
[from data line 9332]
59770.792804247336 5.281 0.019000000000000128 0.985468421933715 0.013315673565597643 0.9806569963838498 1.0062947001634592 0.9868299381392847 -0.0013615162055696794
59770.79282019076 5.281 0.019000000000000128 0.9661002112083635 0.013240539959897562 0.9806399222833023 1.0062946405678557 0.9868126981205656 -0.020712486912202066
59770.792836134184 5.281 0.019000000000000128 0.9801201507046418 0.013277938516039678 0.9806228921336158 1.0062945809722796 0.9867955023314219 -0.006675351626780124
59770.792852077604 5.281 0.019000000000000128 1.0053721097306356 0.01330048379123963 0.9806059061660766 1.0062945213767034 0.9867783510045606 0.01859375872607505
59770.79286802102 5.281 0.019000000000000128 0.9669408251479389 0.013222764124408693 0.9805889646311653 1.0062944617811544 0.9867612443920579 -0.019820419244119036
59770.792883964445 5.281 0.019000000000000128 0.9837550725923682 0.013229393996525155 0.9805720677485968 1.006294402185551 0.986744182714924 -0.0029891101225558714
59770.79289990786 5.281 0.019000000000000128 0.9820988900933408 0.013175881445065818 0.980555215794897 1.006294342590002 0.9867271662515233 -0.004628276158182509
59770.792915851285 5.281 0.019000000000000128 0.97609775635975 0.013228592819029966 0.9805384089876837 1.0062942829943986 0.9867101952207296 -0.010612438860979512
59770.7929317947 5.281 0.019000000000000128 0.9498640769996365 0.013148621415695417 0.9805216476075248 1.0062942233988497 0.9866932699049747 -0.03682919290533826
59770.792947738126 5.281 0.019000000000000128 0.9949310868738502 0.013270142112595477 0.9805049318750282 1.0062941638032463 0.9866763905261405 0.0082546963477097
59770.79296368154 5.281 0.019000000000000128 1.007940450037949 0.013314810239523632 0.9804882620763975 1.0062941042076974 0.9866595573723305 0.0212808926656185
59770.79297962496 5.281 0.019000000000000128 0.9873995174395076 0.013312177490361734 0.9804716384445205 1.0062940446121211 0.9866427706778098 0.0007567467616977908
59770.79299556838 5.281 0.019000000000000128 0.9916957771526769 0.013240807611466945 0.9804550612454459 1.0062939850165449 0.9866260307103203 0.005069746442356582
59770.79301151181 5.281 0.019000000000000128 0.9909170634583386 0.013288170280785924 0.9804385307336198 1.0062939254209415 0.9866093377258747 0.004307725732463963
59770.79302745522 5.281 0.019000000000000128 0.9801747185451972 0.013271640777550152 0.9804220471949427 1.0062938658253926 0.9865926920122444 -0.0064179734670472
59770.79304339864 5.281 0.019000000000000128 0.9640170107216067 0.013222290033569513 0.9804056108718908 1.0062938062298163 0.9865760938133432 -0.022559083091736487
59770.79305934206 5.281 0.019000000000000128 0.9651311876805911 0.013258340300653227 0.9803892220413549 1.00629374663424 0.9865595434078229 -0.021428355727231785
59770.79307528548 5.281 0.019000000000000128 1.0004123395114803 0.013292173825105828 0.9803728809736373 1.006293687038664 0.9865430410676788 0.013869298443801581
59770.7930912289 5.281 0.019000000000000128 0.9878348872876448 0.01328510640124343 0.9803565879415727 1.0062936274430878 0.9865265870674537 0.0013083002201911276
59770.79310717232 5.281 0.019000000000000128 1.003684623310952 0.013285812682096734 0.9803403432219764 1.0062935678475116 0.9865101816856967 0.017174441625255277
59770.79312311574 5.281 0.019000000000000128 0.9791823564998484 0.013279156224245175 0.980324147092869 1.0062935082519355 0.9864938252021695 -0.007311468702321133
59770.79313905916 5.281 0.019000000000000128 0.9882444851403938 0.013247213776613876 0.9803079998349408 1.0062934486563593 0.9864775178993203 0.0017669672410735027
59770.793155002575 5.281 0.019000000000000128 1.0098628130726215 0.01333528758247191 0.9802919017404387 1.0062933890608103 0.9864612600712529 0.02340155300136859
59770.793170945995 5.281 0.019000000000000128 0.9937769277355077 0.013233190606066845 0.9802758530801718 1.006293329465234 0.9864450519904188 0.007331875745088978
59770.793186889416 5.281 0.019000000000000128 0.9729455049462594 0.013223437476738362 0.9802598541519895 1.0062932698696578 0.9864288939565594 -0.013483389010299995
59770.793202832836 5.281 0.019000000000000128 0.9865178000687084 0.013275013436442776 0.9802439052477562 1.0062932102740818 0.9864127862633675 0.00010501380534089222
59770.793218776256 5.281 0.019000000000000128 1.0054446484185993 0.013281072152632266 0.9802280066627315 1.0062931506785056 0.9863967292079512 0.01904791921064808
59770.79323471968 5.281 0.019000000000000128 0.9735728522890743 0.013236343323428497 0.9802121586946999 1.0062930910829293 0.9863807230899604 -0.012807870800886079
59770.7932506631 5.281 0.019000000000000128 0.9973080483992864 0.013298732457635408 0.9801963616458664 1.0062930314873533 0.986364768213493 0.010943280185793491
59770.79326660651 5.281 0.019000000000000128 0.978081293827297 0.013223728163240451 0.9801806158269788 1.0062929718918041 0.9863488648912693 -0.008267571063972246
59770.79328254994 5.281 0.019000000000000128 0.9925424191122478 0.01325276303866855 0.9801649215246799 1.0062929122962008 0.9863330134116473 0.006209405700600579
59770.79329849336 5.281 0.019000000000000128 0.9789810224253624 0.01324711952276913 0.980149279071114 1.0062928527006247 0.9863172141089321 -0.007336191683569693
59770.79331443678 5.281 0.019000000000000128 0.9741228485194505 0.013214033967289774 0.9801336887730796 1.0062927931050485 0.9863014672918166 -0.012178618772366034
59770.79333038019 5.281 0.019000000000000128 0.9957455032370116 0.013285393897321524 0.980118150954736 1.0062927335094995 0.9862857732865176 0.009459729950494045
59770.79334632362 5.281 0.019000000000000128 0.9874392287552033 0.013247945203022554 0.9801026659163127 1.006292673913896 0.9862701323950641 0.0011690963601391768
59770.79336226703 5.281 0.019000000000000128 0.9857320971412641 0.013244750160415587 0.9800872340099293 1.006292614318347 0.9862545449718892 -0.0005224478306251612
59770.79337821046 5.281 0.019000000000000128 1.0039135891067927 0.013283776765852148 0.9800718555358495 1.0062925547227437 0.9862390113190298 0.017674577787762935
59770.79339415387 5.281 0.019000000000000128 0.9740313624702565 0.013215228843446428 0.9800565308536633 1.0062924951271948 0.9862235317984354 -0.012192169328178903
59770.7934100973 5.281 0.019000000000000128 0.9886044921810238 0.013273839126790296 0.980041260270313 1.0062924355315914 0.9862081067188636 0.0023963854621601444
59770.79342604071 5.281 0.019000000000000128 0.9869711611004613 0.013253724098545062 0.9800260441527232 1.0062923759360425 0.9861927364496447 0.0007784246508166781
59770.79344198413 5.281 0.019000000000000128 0.9858279638115973 0.013286995986182193 0.9800108828236083 1.0062923163404662 0.986177421315434 -0.00034945750383663654
59770.79345792755 5.281 0.019000000000000128 1.0158567379820138 0.013374237099966277 0.979995776636103 1.00629225674489 0.9861621616716053 0.029694576310408505
59770.793473870974 5.281 0.019000000000000128 1.0003003420628755 0.013290612170895498 0.979980725942104 1.0062921971493137 0.9861469578722593 0.014153384190616292
59770.793489814394 5.281 0.019000000000000128 0.9592837559917766 0.013113638961710746 0.9799657310963372 1.0062921375537377 0.9861318102743445 -0.026848054282567868
59770.793505757814 5.281 0.019000000000000128 0.9725082498014409 0.013226617310608734 0.9799507924577799 1.0062920779581614 0.9861167192390864 -0.013608469437645487
59770.793521701235 5.281 0.019000000000000128 0.9959285749401199 0.013321245823172605 0.9799359103910401 1.0062920183625852 0.9861016851333771 0.009826889806742733
59770.793537644655 5.281 0.019000000000000128 0.9842600698850275 0.013273969778677506 0.9799210852638572 1.0062919587670092 0.9860867083272603 -0.001826638442232853
59770.793553588075 5.281 0.019000000000000128 0.9850421833286136 0.013257404597180823 0.9799063174485263 1.006291899171433 0.9860717891953625 -0.0010296058667489394
59770.793569531495 5.281 0.019000000000000128 0.9849116104624079 0.013247188875730792 0.9798916073232525 1.0062918395758567 0.9860569281182587 -0.0011453176558507971
59770.793585474916 5.281 0.019000000000000128 0.9797994586539653 0.013228031232628975 0.9798769552697136 1.0062917799802806 0.9860421254800179 -0.0062426668260525675
59770.793601418336 5.281 0.019000000000000128 0.9994658132936406 0.013346391541831076 0.9798623616748846 1.0062917203847044 0.986027381670039 0.013438431623601588
59770.79361736175 5.281 0.019000000000000128 0.9771400361254 0.013242456558575985 0.9798478269370013 1.0062916607891554 0.98601269708908 -0.008872660963680001
59770.79363330518 5.281 0.019000000000000128 0.9930870918214912 0.013206598786714424 0.9798333514338217 1.006291601193552 0.9859980721171848 0.007089019704306421
59770.79364924859 5.281 0.019000000000000128 1.007591623413372 0.013297366706058416 0.9798189355935681 1.006291541598003 0.985983507185366 0.021608116228005958
59770.79366519202 5.281 0.019000000000000128 0.9937379706152 0.013321172800792095 0.9798045797980208 1.0062914820023996 0.9859690026776887 0.007768967937511251
59770.79368113543 5.281 0.019000000000000128 0.9907966079532713 0.01325623419719336 0.9797902844864369 1.0062914224068507 0.9859545590362695 0.0048420489170017955
59770.79369707885 5.281 0.019000000000000128 0.9726020405717699 0.013250588522628823 0.9797760500572549 1.0062913628112744 0.9859401766619624 -0.01333813609019252
59770.79371302227 5.281 0.019000000000000128 0.9730102233198271 0.013180742376921658 0.9797618769424218 1.0062913032156984 0.9859258559894483 -0.012915632669621147
59770.793728965684 5.281 0.019000000000000128 0.9842830490771897 0.013246678779599385 0.9797477655780429 1.0062912436201492 0.9859115974575912 -0.0016285483804014955
59770.79374490911 5.281 0.019000000000000128 0.9724908942805978 0.013232572155134126 0.9797337163818686 1.0062911840245459 0.9858974014866791 -0.013406507206081386
59770.79376085253 5.281 0.019000000000000128 0.9745989052686627 0.013202409262105603 0.9797197298157373 1.0062911244289696 0.9858832685415246 -0.011284363272861975
59770.79377679595 5.281 0.019000000000000128 0.9884887761541835 0.01326292464254654 0.979705806322224 1.0062910648333936 0.9858691990674493 0.002619577086734215
59770.793792739365 5.281 0.019000000000000128 0.9726480829098144 0.013217555171661372 0.979691946362983 1.0062910052378446 0.9858551935290267 -0.013207110619212314
59770.79380868279 5.281 0.019000000000000128 0.969335844264372 0.013244625537014935 0.979678150382015 1.006290945642241 0.9858412523729595 -0.01650540810858747
59770.793824626206 5.281 0.019000000000000128 0.964291428463241 0.013193532522680901 0.9796644188737633 1.0062908860466921 0.9858273760968971 -0.021535947633656072
59770.79384056963 5.281 0.019000000000000128 0.9649594228696071 0.0132255989952073 0.9796507522888543 1.0062908264510888 0.9858135651541821 -0.02085414228457494
59770.793856513046 5.281 0.019000000000000128 0.9808540982741589 0.01321730640380105 0.9796371511371145 1.0062907668555399 0.9857998200579433 -0.004945721783784385
59770.793872456474 5.281 0.019000000000000128 0.9993640877417114 0.01324945196117356 0.9796236158842409 1.0062907072599365 0.9857861412766891 0.013577946465022306
59770.79388839989 5.281 0.019000000000000128 0.9885479138075656 0.013274819232198934 0.9796101470538953 1.0062906476643874 0.9857725293374701 0.00277538447009551
59770.79390434331 5.281 0.019000000000000128 0.9682099796289755 0.013230454819825885 0.9795967451350784 1.0062905880688113 0.9857589847322715 -0.017549005103296045
59770.79392028673 5.281 0.019000000000000128 0.98356906707943 0.013231476077636013 0.9795834106488013 1.006290528473235 0.9857455079853963 -0.002176440905966248
59770.79393623015 5.281 0.019000000000000128 0.9788981594893079 0.013301134539694852 0.9795701441182763 1.0062904688776588 0.9857320996233361 -0.00683394013402816
59770.79395217357 5.281 0.019000000000000128 0.9713955192815327 0.013192333812598251 0.9795569460765526 1.0062904092820828 0.9857187601824813 -0.014323240900948608
59770.79396811699 5.281 0.019000000000000128 0.9821508767602964 0.013273123142124804 0.9795438170644873 1.0062903496865065 0.9857054902070783 -0.0035546134467818735
59770.79398406041 5.281 0.019000000000000128 "" "" 0.9795307576321719 1.0062902900909303 0.985692290250667 ""
59770.79400000383 5.281 0.019000000000000128 0.989341946460758 0.013220003083440355 0.9795177683403518 1.0062902304953543 0.9856791608775076 0.003662785583250394
59770.79401594725 5.281 0.019000000000000128 0.9919661363822895 0.013256844237936601 0.979504849758457 1.006290170899778 0.9856661026605991 0.006300033721690412
59770.79403189067 5.281 0.019000000000000128 1.0018904590084123 0.013278216457390924 0.979492002466061 1.0062901113042018 0.985653116183148 0.016237342825264345
59770.79404783409 5.281 0.019000000000000128 0.9926908380121321 0.013343592693191571 0.9794792270543152 1.0062900517086257 0.9856402020400117 0.0070506359721204115
59770.79406377751 5.281 0.019000000000000128 0.9672784622982211 0.013207912887200062 0.9794665241240602 1.0062899921130495 0.9856273608357965 -0.018348898537575375
59770.79407972092 5.281 0.019000000000000128 0.9907184173593088 0.013246325489570427 0.9794538942931401 1.0062899325175005 0.9856145931922471 0.005103824167061677
59770.79409566435 5.281 0.019000000000000128 0.9650913447183179 0.013198342745096807 0.9794413381687334 1.006289872921897 0.9856018997202675 -0.020510555001949538
59770.79411160776 5.281 0.019000000000000128 1.004309262436801 0.013249957914300226 0.9794288564092174 1.006289813326348 0.9855892810824699 0.018719981354331172
59770.79412755119 5.281 0.019000000000000128 0.9732204659023289 0.013241955404640009 0.9794164496404376 1.0062897537307447 0.9855767379085163 -0.012356272006187385
59770.794143494604 5.281 0.019000000000000128 0.9789377843803009 0.013199521802375876 0.9794041185460058 1.0062896941351958 0.9855642708864112 -0.006626486506110307
59770.79415943803 5.281 0.019000000000000128 0.979649223653306 0.013274619718409151 0.979391863777362 1.0062896345395924 0.9855518806715718 -0.005902657018265867
59770.794175381445 5.281 0.019000000000000128 0.9941636641912303 0.013236377768154702 0.9793796860448257 1.0062895749440433 0.9855395679788782 0.00862409621235205
59770.79419132486 5.281 0.019000000000000128 0.9923595425768829 0.013253180863771643 0.9793675860399506 1.0062895153484943 0.9855273335041667 0.0068322090727162
59770.794207268285 5.281 0.019000000000000128 0.9820823901145771 0.013206710518229033 0.9793555644682899 1.006289455752891 0.9855151779573608 -0.003432787842783669
59770.794223211706 5.281 0.019000000000000128 0.9778472284764778 0.013213832277173394 0.9793436220785608 1.0062893961573147 0.9855031020919525 -0.0076558736154747065
59770.794239155126 5.281 0.019000000000000128 0.9919781606234042 0.013237675703339946 0.9793317596141138 1.0062893365617387 0.9854911066559268 0.006487053967477396
59770.79425509854 5.281 0.019000000000000128 0.992277626064504 0.013257042183377202 0.9793199778444834 1.0062892769661895 0.98547919242367 0.00679843364083399
59770.79427104197 5.281 0.019000000000000128 1.004029498542917 0.01337316895680847 0.9793082775360421 1.0062892173705862 0.9854673601662807 0.01856213837663634
59770.79428698538 5.281 0.019000000000000128 0.9899898818100438 0.013281878351384316 0.9792966595099891 1.0062891577750372 0.9854556107102144 0.004534271099829401
59770.79430292881 5.281 0.019000000000000128 0.9705399683919956 0.013235195926010449 0.9792851245633524 1.006289098179434 0.9854439448573905 -0.014903976465394875
59770.79431887222 5.281 0.019000000000000128 0.9808934260042523 0.01323526833033674 0.9792736735550901 1.006289038583885 0.9854323634722608 -0.004538937468008486
59770.79433481565 5.281 0.019000000000000128 0.9782128995478251 0.013212673201793496 0.9792623073228632 1.0062889789882816 0.9854208673976329 -0.007207967849807817
