eureka_custom_plots/data/stage5_lcfit_results/S5_wasp39b_ap4_bg8_Table_Save_ch50.txt
# %ECSV 1.0
# ---
# datatype:
# - {name: time, datatype: float64}
# - {name: wavelength, datatype: float64}
# - {name: bin_width, datatype: float64}
# - {name: lcdata, datatype: float64}
# - {name: lcerr, datatype: float64}
# - {name: transit, datatype: float64}
# - {name: polynom, datatype: float64}
# - {name: model, datatype: float64}
# - {name: residuals, datatype: float64}
# schema: astropy-2.0
time wavelength bin_width lcdata lcerr transit polynom model residuals
[from data line 2275]
59770.68029153061 4.936 0.019000000000000128 1.0141934721577046 0.010499060951929392 1.0 1.006735832700333 1.006735832700333 0.007457639457371545
59770.680307474024 4.936 0.019000000000000128 1.009805691707348 0.010426429063733225 1.0 1.0067357932695715 1.0067357932695715 0.003069898437776386
59770.68032341745 4.936 0.019000000000000128 1.006840014053543 0.010441563737793766 1.0 1.0067357538387742 1.0067357538387742 0.00010426021476872549
59770.680339360864 4.936 0.019000000000000128 1.0098037772312858 0.010464054532142409 1.0 1.0067357144080127 1.0067357144080127 0.003068062823273099
59770.680355304285 4.936 0.019000000000000128 1.0130808470625265 0.010481563606902663 1.0 1.0067356749772334 1.0067356749772334 0.0063451720852931714
59770.68037124771 4.936 0.019000000000000128 0.999314956400225 0.010399550312024853 1.0 1.006735635546436 1.006735635546436 -0.007420679146211029
59770.680387191125 4.936 0.019000000000000128 1.0178546484068254 0.010481202094495802 1.0 1.0067355961156745 1.0067355961156745 0.011119052291150844
59770.68040313455 4.936 0.019000000000000128 0.9981869378020539 0.010422742067167121 1.0 1.0067355566848772 1.0067355566848772 -0.008548618882823322
59770.680419077966 4.936 0.019000000000000128 1.0119202385754293 0.010499145605290292 1.0 1.0067355172541157 1.0067355172541157 0.005184721321313646
59770.68043502139 4.936 0.019000000000000128 1.0054992038366732 0.010463000737243303 1.0 1.0067354778233184 1.0067354778233184 -0.0012362739866451644
59770.680450964814 4.936 0.019000000000000128 1.0057885407756482 0.010460601942195936 1.0 1.006735438392539 1.006735438392539 -0.0009468976168909293
59770.680466908234 4.936 0.019000000000000128 1.0340550476576003 0.010553834541628919 1.0 1.0067353989617596 1.0067353989617596 0.027319648695840693
59770.680482851654 4.936 0.019000000000000128 1.0015295016618262 0.010426467390050945 1.0 1.0067353595309803 1.0067353595309803 -0.0052058578691540625
59770.680498795075 4.936 0.019000000000000128 0.9918563983428087 0.010431268892525497 1.0 1.0067353201002007 1.0067353201002007 -0.014878921757392027
59770.680514738495 4.936 0.019000000000000128 1.0177374701404334 0.01047940982664404 1.0 1.0067352806694214 1.0067352806694214 0.011002189471011947
59770.680530681915 4.936 0.019000000000000128 1.0078438651334674 0.010463639086043103 1.0 1.0067352412386419 1.0067352412386419 0.0011086238948254667
59770.680546625335 4.936 0.019000000000000128 0.9998950336484503 0.010446532876944805 1.0 1.0067352018078626 1.0067352018078626 -0.006840168159412241
59770.680562568756 4.936 0.019000000000000128 1.0123973779378648 0.01167200796582753 1.0 1.0067351623770833 1.0067351623770833 0.005662215560781503
59770.68057851218 4.936 0.019000000000000128 1.0181954667900457 0.01045661461724291 1.0 1.0067351229462858 1.0067351229462858 0.011460343843759935
59770.680594455596 4.936 0.019000000000000128 0.9994019297179476 0.0104098402236849 1.0 1.0067350835155244 1.0067350835155244 -0.007333153797576819
59770.680610399024 4.936 0.019000000000000128 1.013272610029324 0.01049259152080096 1.0 1.006735044084727 1.006735044084727 0.006537565944596979
59770.68062634244 4.936 0.019000000000000128 1.000739118688033 0.01043618322217271 1.0 1.0067350046539656 1.0067350046539656 -0.00599588596593259
59770.68064228586 4.936 0.019000000000000128 1.0108484270854845 0.010463223449454516 1.0 1.0067349652231863 1.0067349652231863 0.004113461862298218
59770.680658229285 4.936 0.019000000000000128 1.0211558403145302 0.010512310104289798 1.0 1.0067349257923888 1.0067349257923888 0.014420914522141448
59770.680674172705 4.936 0.019000000000000128 1.0113173563398101 0.010449205615396431 1.0 1.0067348863616095 1.0067348863616095 0.004582469978200665
59770.680690116125 4.936 0.019000000000000128 1.028883947838223 0.010519328404873135 1.0 1.00673484693083 1.00673484693083 0.022149100907393082
59770.68070605954 4.936 0.019000000000000128 1.0098499509525714 0.010473025419456543 1.0 1.0067348075000686 1.0067348075000686 0.0031151434525027444
59770.680722002966 4.936 0.019000000000000128 1.0067857132582516 0.010454972090787523 1.0 1.006734768069271 1.006734768069271 5.094518898052236e-05
59770.680737946386 4.936 0.019000000000000128 1.0215181773532693 0.010487968641200995 1.0 1.0067347286384918 1.0067347286384918 0.014783448714777547
59770.68075388981 4.936 0.019000000000000128 1.0112313227911058 0.010472387747006795 1.0 1.0067346892077125 1.0067346892077125 0.004496633583393361
59770.68076983323 4.936 0.019000000000000128 0.9910114318841282 0.01043055433601007 1.0 1.006734649776933 1.006734649776933 -0.01572321789280473
59770.68078577665 4.936 0.019000000000000128 1.006428420010282 0.01044194435386477 1.0 1.0067346103461536 1.0067346103461536 -0.0003061903358716478
59770.68080172007 4.936 0.019000000000000128 1.0212368635457316 0.010496654703470889 1.0 1.006734570915374 1.006734570915374 0.014502292630357516
59770.68081766349 4.936 0.019000000000000128 0.9999824028944956 0.010457464148638695 1.0 1.0067345314845948 1.0067345314845948 -0.006752128590099216
59770.68083360691 4.936 0.019000000000000128 1.0231995209533356 0.010536720219562633 1.0 1.0067344920538153 1.0067344920538153 0.016465028899520284
59770.68084955033 4.936 0.019000000000000128 1.0094907611122472 0.010483798953148575 1.0 1.006734452623036 1.006734452623036 0.0027563084892112677
59770.68086549375 4.936 0.019000000000000128 0.9955444083286078 0.010419732531499542 1.0 1.0067344131922566 1.0067344131922566 -0.01119000486364885
59770.68088143717 4.936 0.019000000000000128 1.0041472184148004 0.0104479315025734 1.0 1.0067343737614771 1.0067343737614771 -0.0025871553466767505
59770.6808973806 4.936 0.019000000000000128 0.9989020311073563 0.010409087534544609 1.0 1.0067343343306798 1.0067343343306798 -0.007832303223323511
59770.68091332401 4.936 0.019000000000000128 1.0242171570923666 0.010492265113299886 1.0 1.0067342948999183 1.0067342948999183 0.017482862192448323
59770.68092926743 4.936 0.019000000000000128 1.0370650285469247 0.010552140676706904 1.0 1.006734255469139 1.006734255469139 0.030330773077785755
59770.68094521086 4.936 0.019000000000000128 1.0075805279363717 0.010425973679647538 1.0 1.0067342160383417 1.0067342160383417 0.0008463118980299722
59770.68096115428 4.936 0.019000000000000128 1.0031816432320992 0.010441991978863658 1.0 1.0067341766075621 1.0067341766075621 -0.0035525333754629074
59770.6809770977 4.936 0.019000000000000128 1.000139713097225 0.010420908494045786 1.0 1.0067341371767828 1.0067341371767828 -0.0065944240795579034
59770.68099304111 4.936 0.019000000000000128 1.0010696486128083 0.010460652473184253 1.0 1.0067340977460213 1.0067340977460213 -0.0056644491332129565
59770.68100898454 4.936 0.019000000000000128 1.017691486660219 0.010474125199677456 1.0 1.006734058315224 1.006734058315224 0.010957428344994913
59770.68102492796 4.936 0.019000000000000128 1.023191633638222 0.010504841059118966 1.0 1.0067340188844445 1.0067340188844445 0.016457614753777605
59770.68104087138 4.936 0.019000000000000128 1.018150238516455 0.010469531284225578 1.0 1.0067339794536652 1.0067339794536652 0.011416259062789758
59770.6810568148 4.936 0.019000000000000128 1.0054058976433742 0.010457367577068211 1.0 1.0067339400228859 1.0067339400228859 -0.0013280423795116736
59770.68107275822 4.936 0.019000000000000128 0.9965738686471682 0.010433004338950096 1.0 1.0067339005921063 1.0067339005921063 -0.010160031944938086
59770.68108870164 4.936 0.019000000000000128 0.9926387876940121 0.010423980381132172 1.0 1.006733861161327 1.006733861161327 -0.014095073467314867
59770.68110464506 4.936 0.019000000000000128 0.9802803172125517 0.010383223027844748 1.0 1.0067338217305475 1.0067338217305475 -0.026453504517995774
59770.68112058848 4.936 0.019000000000000128 1.0215322450030346 0.010511378950290641 1.0 1.0067337822997682 1.0067337822997682 0.014798462703266457
59770.68113653191 4.936 0.019000000000000128 1.0021629825144232 0.010429719748652968 1.0 1.0067337428689709 1.0067337428689709 -0.0045707603545477316
59770.68115247532 4.936 0.019000000000000128 0.9996983915039105 0.010401209043051023 1.0 1.0067337034382093 1.0067337034382093 -0.007035311934298849
59770.68116841874 4.936 0.019000000000000128 1.0098611290080826 0.010467782683075955 1.0 1.00673366400743 1.00673366400743 0.0031274650006525295
59770.68118436217 4.936 0.019000000000000128 1.0108541461164144 0.010460019010555313 1.0 1.0067336245766325 1.0067336245766325 0.0041205215397819295
59770.68120030558 4.936 0.019000000000000128 1.0036237379871802 0.01042959252038739 1.0 1.0067335851458712 1.0067335851458712 -0.0031098471586910037
59770.68121624901 4.936 0.019000000000000128 1.0007887364096513 0.010446009944769453 1.0 1.0067335457150737 1.0067335457150737 -0.005944809305422405
59770.68123219242 4.936 0.019000000000000128 1.0090905307229696 0.010468104311730717 1.0 1.0067335062843124 1.0067335062843124 0.0023570244386572625
59770.68124813585 4.936 0.019000000000000128 1.0081540848176298 0.010451649734488618 1.0 1.006733466853515 1.006733466853515 0.0014206179641147454
59770.68126407927 4.936 0.019000000000000128 "" "" 1.0 1.0067334274227355 1.0067334274227355 ""
59770.68128002268 4.936 0.019000000000000128 0.9990500049782508 0.010476458107851567 1.0 1.0067333879919742 1.0067333879919742 -0.007683383013723399
59770.68129596611 4.936 0.019000000000000128 1.0190777553399852 0.010491027315751363 1.0 1.0067333485611767 1.0067333485611767 0.012344406778808548
59770.681311909524 4.936 0.019000000000000128 1.0126936303047855 0.010468472082922385 1.0 1.0067333091304154 1.0067333091304154 0.005960321174370176
59770.68132785295 4.936 0.019000000000000128 1.0174044679086278 0.010488197212766412 1.0 1.006733269699618 1.006733269699618 0.010671198209009747
59770.68134379637 4.936 0.019000000000000128 1.0204949427602275 0.010510124128619085 1.0 1.0067332302688385 1.0067332302688385 0.013761712491388911
59770.68135973979 4.936 0.019000000000000128 1.0146315071030254 0.01049866940072107 1.0 1.0067331908380592 1.0067331908380592 0.007898316264966176
59770.68137568321 4.936 0.019000000000000128 0.9953811119815825 0.010429359103444114 1.0 1.0067331514072797 1.0067331514072797 -0.01135203942569718
59770.68139162663 4.936 0.019000000000000128 1.017073718904909 0.010486744781963302 1.0 1.0067331119765004 1.0067331119765004 0.010340606928408658
59770.68140757005 4.936 0.019000000000000128 1.0036597151509266 0.010433983827621864 1.0 1.0067330725457209 1.0067330725457209 -0.003073357394794307
59770.68142351348 4.936 0.019000000000000128 0.9937904106365482 0.010432889363589113 1.0 1.0067330331149236 1.0067330331149236 -0.01294262247837541
59770.681439456894 4.936 0.019000000000000128 1.0060510550121688 0.01044094327044871 1.0 1.0067329936841622 1.0067329936841622 -0.0006819386719933984
59770.681455400314 4.936 0.019000000000000128 0.9980263017534288 0.010433142578187017 1.0 1.0067329542533827 1.0067329542533827 -0.008706652499953949
59770.68147134374 4.936 0.019000000000000128 1.004648261577853 0.010438287613881433 1.0 1.0067329148225854 1.0067329148225854 -0.002084653244732504
59770.681487287155 4.936 0.019000000000000128 1.004737391352875 0.010443577708360963 1.0 1.0067328753918239 1.0067328753918239 -0.0019954840389488915
59770.68150323058 4.936 0.019000000000000128 1.0024695170084432 0.010453446865611612 1.0 1.0067328359610266 1.0067328359610266 -0.0042633189525833615
59770.681519173995 4.936 0.019000000000000128 1.0240705048253964 0.010509136567837371 1.0 1.0067327965302653 1.0067327965302653 0.01733770829513115
59770.68153511742 4.936 0.019000000000000128 1.005203284616663 0.010456219970445277 1.0 1.0067327570994677 1.0067327570994677 -0.0015294724828047723
59770.68155106084 4.936 0.019000000000000128 0.9891173504404424 0.010393033083079458 1.0 1.0067327176686884 1.0067327176686884 -0.01761536722824608
59770.681567004256 4.936 0.019000000000000128 1.0043196164975658 0.010431174319702417 1.0 1.006732678237927 1.006732678237927 -0.0024130617403610444
59770.68158294768 4.936 0.019000000000000128 1.010671979842984 0.010452688138535442 1.0 1.0067326388071296 1.0067326388071296 0.00393934103585436
59770.6815988911 4.936 0.019000000000000128 1.0093006822740498 0.010448060623161226 1.0 1.006732599376368 1.006732599376368 0.002568082897681734
59770.681614834524 4.936 0.019000000000000128 1.0130572745025488 0.01047295504693539 1.0 1.0067325599455708 1.0067325599455708 0.006324714556978028
59770.681630777945 4.936 0.019000000000000128 1.0112965057745995 0.010477018340022005 1.0 1.0067325205147915 1.0067325205147915 0.004563985259808057
59770.681646721365 4.936 0.019000000000000128 0.9915128993246173 0.010408761150758753 1.0 1.006732481084012 1.006732481084012 -0.01521958175939464
59770.681662664785 4.936 0.019000000000000128 0.9931358871417812 0.010436661065664314 1.0 1.0067324416532326 1.0067324416532326 -0.013596554511451364
59770.681678608205 4.936 0.019000000000000128 1.015202250264025 0.010458509844503814 1.0 1.006732402222453 1.006732402222453 0.008469848041571915
59770.681694551626 4.936 0.019000000000000128 1.0066931864610995 0.010471118630831703 1.0 1.0067323627916738 1.0067323627916738 -3.9176330574264284e-05
59770.68171049505 4.936 0.019000000000000128 1.0078710618387414 0.010489148901560146 1.0 1.0067323233608763 1.0067323233608763 0.0011387384778651644
59770.681726438466 4.936 0.019000000000000128 1.0169055889672711 0.010513112112503453 1.0 1.006732283930115 1.006732283930115 0.010173305037156188
59770.68174238189 4.936 0.019000000000000128 1.0116736078411535 0.010452847541446089 1.0 1.0067322444993356 1.0067322444993356 0.004941363341817828
59770.681758325314 4.936 0.019000000000000128 1.015528367749635 0.010497232871721926 1.0 1.006732205068538 1.006732205068538 0.008796162681096842
59770.68177426873 4.936 0.019000000000000128 1.001684905010437 0.010447365270632752 1.0 1.0067321656377768 1.0067321656377768 -0.005047260627339734
59770.681790212155 4.936 0.019000000000000128 0.9942414273483684 0.01044866828532976 1.0 1.0067321262069793 1.0067321262069793 -0.012490698858610871
59770.68180615557 4.936 0.019000000000000128 1.0080062382867647 0.010454308474348868 1.0 1.006732086776218 1.006732086776218 0.0012741515105467727
59770.681822098995 4.936 0.019000000000000128 0.9975048405585776 0.010445873371307842 1.0 1.0067320473454207 1.0067320473454207 -0.009227206786843078
59770.681838042416 4.936 0.019000000000000128 1.0199352181607315 0.010504157969139444 1.0 1.0067320079146411 1.0067320079146411 0.013203210246090391
59770.68185398583 4.936 0.019000000000000128 1.0104175979957133 0.011724195560402748 1.0 1.0067319684838798 1.0067319684838798 0.003685629511833488
59770.681869929256 4.936 0.019000000000000128 1.0166663026086307 0.010503754896047109 1.0 1.0067319290530823 1.0067319290530823 0.009934373555548381
59770.68188587268 4.936 0.019000000000000128 1.0079972456423405 0.010450709004994382 1.0 1.006731889622303 1.006731889622303 0.0012653560200375225
59770.6819018161 4.936 0.019000000000000128 0.9944812332216175 0.010437283250436039 1.0 1.0067318501915234 1.0067318501915234 -0.012250616969905925
59770.68191775952 4.936 0.019000000000000128 1.0032588076321893 0.010451521868843013 1.0 1.0067318107607441 1.0067318107607441 -0.003473003128554808
59770.68193370294 4.936 0.019000000000000128 1.006777901960673 0.010466815811314038 1.0 1.0067317713299648 1.0067317713299648 4.613063070824097e-05
59770.68194964636 4.936 0.019000000000000128 0.9985979888828341 0.010442296366975827 1.0 1.0067317318991853 1.0067317318991853 -0.00813374301635117
59770.68196558978 4.936 0.019000000000000128 0.9987688142788816 0.010446842853099233 1.0 1.006731692468406 1.006731692468406 -0.007962878189524347
59770.6819815332 4.936 0.019000000000000128 1.0255747345268476 0.01049805321516504 1.0 1.0067316530376265 1.0067316530376265 0.018843081489221092
