eureka_custom_plots/data/stage5_lcfit_results/S5_wasp39b_ap4_bg8_Table_Save_ch04.txt
# %ECSV 1.0
# ---
# datatype:
# - {name: time, datatype: float64}
# - {name: wavelength, datatype: float64}
# - {name: bin_width, datatype: float64}
# - {name: lcdata, datatype: float64}
# - {name: lcerr, datatype: float64}
# - {name: transit, datatype: float64}
# - {name: polynom, datatype: float64}
# - {name: model, datatype: float64}
# - {name: residuals, datatype: float64}
# schema: astropy-2.0
time wavelength bin_width lcdata lcerr transit polynom model residuals
[from data line 13032]
59770.851794899754 3.1725000000000003 0.019500000000000073 0.9764048850479266 0.004628821250773157 0.9777288240638949 1.0059857686376292 0.9835812825950827 -0.007176397547156155
59770.85181084317 3.1725000000000003 0.019500000000000073 0.9784518736261211 0.004625240617070033 0.9777290324959332 1.0059855760924108 0.9835813040176968 -0.005129430391575762
59770.851826786595 3.1725000000000003 0.019500000000000073 0.9828234464485016 0.004635863810869499 0.9777292412441618 1.0059853835470167 0.9835813257581417 -0.0007578793096401082
59770.85184273001 3.1725000000000003 0.019500000000000073 0.9938011178742275 0.005720353631225261 0.9777294503085758 1.0059851910017983 0.9835813478167559 0.010219770057471655
59770.851858673435 3.1725000000000003 0.019500000000000073 0.9823708295725657 0.004632691468250686 0.9777296596899269 1.0059849984564042 0.9835813701939516 -0.0012105406213859249
59770.85187461685 3.1725000000000003 0.019500000000000073 0.9876908291790816 0.0046504772541367855 0.9777298693881981 1.0059848059111858 0.9835813928900554 0.004109436289026158
59770.851890560276 3.1725000000000003 0.019500000000000073 0.9831508070014886 0.004632233818593303 0.977730079404143 1.0059846133657917 0.9835814159054816 -0.0004306089039930461
59770.85190650369 3.1725000000000003 0.019500000000000073 "" "" 0.9777302897377573 1.0059844208205733 0.9835814392405691 ""
59770.8519224471 3.1725000000000003 0.019500000000000073 0.9822465475699417 0.004640274770874056 0.9777305003896017 1.0059842282753548 0.98358146289571 -0.0013349153257683488
59770.85193839053 3.1725000000000003 0.019500000000000073 0.9880174370107051 0.0046520899451417096 0.977730711360239 1.0059840357299608 0.9835814868712986 0.004435950139406453
59770.85195433394 3.1725000000000003 0.019500000000000073 0.9797715927872 0.004631911477854993 0.9777309226496648 1.0059838431847423 0.9835815111676738 -0.0038099183804737313
59770.85197027737 3.1725000000000003 0.019500000000000073 0.9794238215076361 0.004629870429673498 0.9777311342586322 1.0059836506393482 0.9835815357852495 -0.004157714277613467
59770.85198622078 3.1725000000000003 0.019500000000000073 0.9753836650151733 0.004620015381983244 0.9777313461871372 1.00598345809413 0.9835815607243653 -0.008197895709192049
59770.85200216421 3.1725000000000003 0.019500000000000073 0.9848350162557088 0.004645392813425792 0.9777315584359415 1.0059832655487357 0.983581585985443 0.0012534302702658096
59770.852018107624 3.1725000000000003 0.019500000000000073 0.992463167231125 0.004659013617557178 0.9777317710050225 1.0059830730035175 0.9835816115688041 0.008881555662320961
59770.85203405104 3.1725000000000003 0.019500000000000073 0.9875471041952096 0.0046485482779044865 0.977731983894966 1.005982880458299 0.9835816374748652 0.003965466720344479
59770.852049994464 3.1725000000000003 0.019500000000000073 0.9882772486447172 0.0046446339773787695 0.9777321971063402 1.005982687912905 0.9835816637040263 0.004695584940690889
59770.852065937885 3.1725000000000003 0.019500000000000073 0.988891750804033 0.00465324693332539 0.977732410639222 1.0059824953675987 0.9835816902566222 0.005310060547410789
59770.852081881305 3.1725000000000003 0.019500000000000073 0.9913546235157542 0.004648334553712526 0.9777326244941009 1.0059823028222925 0.9835817171330594 0.007772906382694789
59770.85209782472 3.1725000000000003 0.019500000000000073 0.9814094688288489 0.004635266225197928 0.9777328386712508 1.005982110277074 0.9835817443336989 -0.0021722755048499964
59770.85211376814 3.1725000000000003 0.019500000000000073 0.9757726672776951 0.004622527921618977 0.9777330531712439 1.005981917731768 0.9835817718589446 -0.007809104581249504
59770.85212971156 3.1725000000000003 0.019500000000000073 0.9873570098300558 0.004635207226635289 0.977733267994374 1.0059817251864616 0.9835817997091774 0.003775210120878447
59770.85214565498 3.1725000000000003 0.019500000000000073 0.9842982905701234 0.004640418165170473 0.9777334831410164 1.0059815326411554 0.983581827884775 0.000716462685348418
59770.8521615984 3.1725000000000003 0.019500000000000073 0.9768436467217289 0.004631829645976978 0.9777336986115462 1.005981340095849 0.9835818563861143 -0.0067382096643854306
59770.85217754182 3.1725000000000003 0.019500000000000073 0.9868557423452322 0.004650733172025761 0.9777339144063588 1.005981147550543 0.9835818852135931 0.0032738571316390797
59770.85219348524 3.1725000000000003 0.019500000000000073 "" "" 0.9777341305258309 1.0059809550052365 0.98358191436759 ""
59770.85220942865 3.1725000000000003 0.019500000000000073 0.9854019664006116 0.004647633410565014 0.9777343469702396 1.0059807624600183 0.9835819438484698 0.0018200225521418645
59770.85222537207 3.1725000000000003 0.019500000000000073 0.9903556193500744 0.00465194701140987 0.9777345637401822 1.005980569914712 0.9835819736566608 0.006773645693413655
59770.85224131549 3.1725000000000003 0.019500000000000073 0.9879645585715303 0.004641927099309017 0.9777347808359371 1.0059803773694058 0.9835820037925294 0.004382554779000958
59770.85225725891 3.1725000000000003 0.019500000000000073 0.978510080664632 0.004629160779035995 0.9777349982578838 1.0059801848240995 0.9835820342564565 -0.005071953591824552
59770.852273202334 3.1725000000000003 0.019500000000000073 0.981995893393697 0.004633397586310563 0.9777352160064208 1.0059799922787933 0.9835820650488435 -0.0015861716551465177
59770.852289145754 3.1725000000000003 0.019500000000000073 0.9805486076374744 0.004633529856376751 0.9777354340819286 1.005979799733487 0.9835820961700725 -0.0030334885325981054
59770.852305089174 3.1725000000000003 0.019500000000000073 0.9850771871360958 0.00464630116724866 0.9777356524847886 1.0059796071881808 0.9835821276205272 0.0014950595155686086
59770.85232103259 3.1725000000000003 0.019500000000000073 0.9857572247451454 0.004643152583679375 0.9777358712152999 1.0059794146429624 0.9835821594005942 0.0021750653445511414
59770.85233697601 3.1725000000000003 0.019500000000000073 0.9878281541678351 0.004651079000323417 0.9777360902740473 1.0059792220976562 0.9835821915106898 0.004245962657145275
59770.852352919435 3.1725000000000003 0.019500000000000073 0.9854006065129907 0.004644885312831319 0.9777363096614143 1.005979029552262 0.9835822239511994 0.001818382561791232
59770.85236886285 3.1725000000000003 0.019500000000000073 0.9885473212207898 0.004647656600859671 0.9777365293774987 1.0059788370070437 0.9835822567224793 0.0049650644983104675
59770.85238480627 3.1725000000000003 0.019500000000000073 0.9896566265393612 0.004641899677700966 0.9777367494229894 1.0059786444617373 0.9835822898249642 0.006074336714396944
59770.85240074969 3.1725000000000003 0.019500000000000073 0.9780167594879432 0.004623219396093307 0.9777369697981697 1.0059784519164312 0.9835823232590252 -0.005565563771081972
59770.8524166931 3.1725000000000003 0.019500000000000073 0.9867623540919761 0.004643813680608108 0.9777371905033421 1.0059782593712128 0.9835823570250519 0.0031799970669241784
59770.85243263653 3.1725000000000003 0.019500000000000073 0.9812636347506762 0.004630620018102082 0.9777374115391926 1.0059780668258187 0.9835823911234769 -0.0023187563728006566
59770.85244857994 3.1725000000000003 0.019500000000000073 0.9878244422139589 0.004645409272132629 0.9777376329057179 1.0059778742806003 0.9835824255546399 0.004242016659319003
59770.85246452337 3.1725000000000003 0.019500000000000073 0.9936047377712153 0.004660249964765947 0.9777378546037153 1.0059776817352062 0.9835824603189997 0.010022277452215622
59770.85248046678 3.1725000000000003 0.019500000000000073 0.9901350436338234 0.004654938700104307 0.9777380766331623 1.0059774891899878 0.9835824954168764 0.006552548216947063
59770.8524964102 3.1725000000000003 0.019500000000000073 0.9901907864301077 0.004653558075560737 0.9777382989947745 1.0059772966446816 0.9835825308487327 0.006608255581375011
59770.852512353624 3.1725000000000003 0.019500000000000073 0.9863127064531966 0.0046369728662403265 0.9777385216888386 1.0059771040993752 0.983582566614942 0.0027301398382545417
59770.852528297044 3.1725000000000003 0.019500000000000073 0.9889640110986981 0.004647731921067628 0.9777387447157444 1.005976911554069 0.9835826027158969 0.005381408382801212
59770.852544240464 3.1725000000000003 0.019500000000000073 0.9857142891603835 0.004642234379877062 0.9777389680759018 1.0059767190087627 0.983582639152009 0.0021316500083744527
59770.85256018388 3.1725000000000003 0.019500000000000073 0.9881127156326489 0.004647741468287916 0.9777391917695979 1.0059765264635445 0.9835826759236536 0.004530039708995348
59770.852576127305 3.1725000000000003 0.019500000000000073 0.9825920438303036 0.004637452933322578 0.9777394157975355 1.0059763339181502 0.9835827130312788 -0.000990669200975125
59770.85259207072 3.1725000000000003 0.019500000000000073 0.9822267717306523 0.0046387655109815015 0.9777396401597115 1.005976141372932 0.9835827504752256 -0.0013559787445732718
59770.85260801414 3.1725000000000003 0.019500000000000073 0.9858532999073194 0.0046465217477034285 0.9777398648568303 1.0059759488276256 0.9835827882559444 0.00227051165137504
59770.85262395756 3.1725000000000003 0.019500000000000073 0.9789539164171932 0.004627331385530689 0.9777400898891815 1.0059757562823195 0.9835828263738124 -0.004628909956619243
59770.85263990098 3.1725000000000003 0.019500000000000073 0.9801322621365692 0.004626285742325805 0.977740315257179 1.0059755637370131 0.9835828648292455 -0.0034506026926762745
59770.8526558444 3.1725000000000003 0.019500000000000073 0.9857878248174472 0.004644557269312761 0.9777405409612175 1.005975371191707 0.9835829036226412 0.0022049211948059755
59770.85267178781 3.1725000000000003 0.019500000000000073 0.9819111389311242 0.004633252450765374 0.9777407670015881 1.0059751786464886 0.9835829427543773 -0.0016718038232530485
59770.85268773124 3.1725000000000003 0.019500000000000073 0.9797444224822893 0.0046292456810513565 0.9777409933790203 1.0059749861010945 0.9835829822249302 -0.0038385597426409124
59770.85270367465 3.1725000000000003 0.019500000000000073 0.9897702218383648 0.0046503267458712595 0.9777412200934921 1.005974793555876 0.983583022034621 0.006187199803743826
59770.85271961807 3.1725000000000003 0.019500000000000073 0.9916345119851069 0.004647023361767321 0.9777414471457151 1.00597460101057 0.983583062183908 0.008051449801198873
59770.85273556149 3.1725000000000003 0.019500000000000073 0.9818022951751789 0.004630631092419486 0.9777416745360026 1.0059744084652635 0.9835831026731914 -0.00178080749801246
59770.85275150491 3.1725000000000003 0.019500000000000073 0.989801049299158 0.004650522591685951 0.977741902264753 1.0059742159199574 0.9835831435028725 0.006217905796285561
59770.852767448334 3.1725000000000003 0.019500000000000073 0.982894419708746 0.004635880713538507 0.9777421303323656 1.005974023374651 0.9835831846733523 -0.0006887649646062366
59770.85278339175 3.1725000000000003 0.019500000000000073 0.9845863850409146 0.004639750540973347 0.9777423587391548 1.0059738308294326 0.9835832261850329 0.0010031588558816473
59770.852799335174 3.1725000000000003 0.019500000000000073 0.9781098617370192 0.004628435715332396 0.9777425874858314 1.0059736382840385 0.9835832680383717 -0.0054734063013525125
59770.852815278595 3.1725000000000003 0.019500000000000073 0.9807232176344256 0.004634920475596402 0.9777428165724996 1.0059734457387324 0.9835833102337308 -0.0028600925993051973
59770.85283122201 3.1725000000000003 0.019500000000000073 0.9807964148866288 0.004637944399144595 0.9777430459995606 1.005973253193514 0.9835833527715135 -0.0027869378848847104
59770.85284716543 3.1725000000000003 0.019500000000000073 0.9816863798116011 0.004634979018918683 0.9777432757676362 1.0059730606482078 0.9835833956521737 -0.001897015840572558
59770.85286310885 3.1725000000000003 0.019500000000000073 0.9827004138821196 0.004637814414213368 0.9777435058770233 1.0059728681029014 0.9835834388760952 -0.000883024993975634
59770.85287905227 3.1725000000000003 0.019500000000000073 0.9767560489290658 0.004622232582044241 0.9777437363281458 1.0059726755575953 0.9835834824437049 -0.006827433514639103
59770.85289499569 3.1725000000000003 0.019500000000000073 0.9789172944891329 0.004632314836064987 0.9777439671214015 1.005972483012289 0.9835835263554021 -0.004666231866269244
59770.8529109391 3.1725000000000003 0.019500000000000073 0.9836767881808186 0.0046403663979929025 0.9777441982571087 1.0059722904670707 0.9835835706115933 9.321756922531232e-05
59770.85292688253 3.1725000000000003 0.019500000000000073 0.9766048445657669 0.004627047089591265 0.9777444297359942 1.0059720979216764 0.9835836152127512 -0.006978770646984267
59770.85294282594 3.1725000000000003 0.019500000000000073 0.988779416127873 0.004650053741371382 0.9777446615580428 1.0059719053764582 0.9835836601592046 0.005195755968668392
59770.85295876936 3.1725000000000003 0.019500000000000073 0.9799036365358254 0.00463386006291826 0.9777448937239831 1.0059717128311518 0.9835837054514278 -0.0036800689156024635
59770.85297471278 3.1725000000000003 0.019500000000000073 0.9831053517562637 0.004638212615219137 0.9777451262341359 1.0059715202858457 0.9835837510898298 -0.0004783993335660819
59770.8529906562 3.1725000000000003 0.019500000000000073 0.9833148830222358 0.0046327208474758646 0.9777453590889028 1.0059713277405393 0.9835837970748139 -0.0002689140525781175
59770.853006599624 3.1725000000000003 0.019500000000000073 0.9703929404276741 0.004617727695611823 0.9777455922887135 1.0059711351952332 0.9835838434068127 -0.013190902979138608
59770.85302254304 3.1725000000000003 0.019500000000000073 0.9848732643516236 0.004636960714958573 0.9777458258338692 1.0059709426500147 0.9835838900862145 0.0012893742654090934
59770.853038486464 3.1725000000000003 0.019500000000000073 "" "" 0.9777460597251048 1.0059707501046207 0.9835839371135009 ""
59770.85305442988 3.1725000000000003 0.019500000000000073 0.981973708443978 0.004640863254670094 0.9777462939624189 1.0059705575594022 0.9835839844890137 -0.001610276045035719
59770.853070373305 3.1725000000000003 0.019500000000000073 0.985826946445394 0.004633396703965192 0.9777465285466569 1.0059703650140082 0.9835840322132597 0.0022429142321342965
59770.85308631672 3.1725000000000003 0.019500000000000073 0.993583080107934 0.004652216787797894 0.9777467634777969 1.0059701724687897 0.9835840802865603 0.009998999821373644
59770.85310226014 3.1725000000000003 0.019500000000000073 0.9839196788103243 0.0046410556171197406 0.977746998756598 1.0059699799234836 0.9835841287094212 0.00033555010090302595
59770.85311820356 3.1725000000000003 0.019500000000000073 0.9826440246192162 0.004634487194582217 0.9777472343833657 1.0059697873781772 0.9835841774822353 -0.0009401528630190725
59770.85313414697 3.1725000000000003 0.019500000000000073 0.9847983520666823 0.004640019270531493 0.9777474703584051 1.0059695948329588 0.9835842266053952 0.0012141254612870744
59770.8531500904 3.1725000000000003 0.019500000000000073 0.9767023505772863 0.004633100438998032 0.9777477066824792 1.0059694022875647 0.9835842760794108 -0.00688192550212452
59770.85316603381 3.1725000000000003 0.019500000000000073 0.9895301179256396 0.004642901959302001 0.9777479433555669 1.0059692097423465 0.9835843259046042 0.005945792021035401
59770.85318197724 3.1725000000000003 0.019500000000000073 0.981586517456159 0.00462834398409021 0.9777481803785222 1.0059690171969522 0.9835843760814903 -0.0019978586253313058
59770.85319792065 3.1725000000000003 0.019500000000000073 0.9840070885016969 0.004637300183251432 0.9777484177513441 1.005968824651734 0.9835844266104122 0.00042266189128470355
59770.85321386407 3.1725000000000003 0.019500000000000073 0.9823475807964788 0.004635235207177696 0.9777486554747801 1.0059686321064276 0.9835844774918633 -0.001236896695384515
59770.85322980749 3.1725000000000003 0.019500000000000073 0.9870950788916208 0.004643193396086102 0.9777488935491382 1.0059684395611215 0.9835845287262396 0.0035105501653812654
