eureka_custom_plots/data/stage5_lcfit_results/S5_wasp39b_ap4_bg8_Table_Save_ch23.txt
# %ECSV 1.0
# ---
# datatype:
# - {name: time, datatype: float64}
# - {name: wavelength, datatype: float64}
# - {name: bin_width, datatype: float64}
# - {name: lcdata, datatype: float64}
# - {name: lcerr, datatype: float64}
# - {name: transit, datatype: float64}
# - {name: polynom, datatype: float64}
# - {name: model, datatype: float64}
# - {name: residuals, datatype: float64}
# schema: astropy-2.0
time wavelength bin_width lcdata lcerr transit polynom model residuals
[from data line 14728]
59770.87883493876 3.901 0.018999999999999906 0.991965925170218 0.007635524761377179 0.9811024423335015 1.0062938603088194 0.9872773640541901 0.0046885611160278895
59770.87885088219 3.901 0.018999999999999906 0.9905581559056909 0.007618115957509205 0.9811178420762442 1.0062938044060306 0.9872928058735388 0.0032653500321520035
59770.8788668256 3.901 0.018999999999999906 0.9898350453819402 0.007615992454787978 0.9811332833798385 1.0062937485032928 0.9873082895136411 0.002526755868299091
59770.87888276902 3.901 0.018999999999999906 0.9864454258392142 0.007620708787794046 0.9811487660333562 1.0062936926005295 0.987323814762159 -0.0008783889229447839
59770.87889871244 3.901 0.018999999999999906 0.9987653670831949 0.007642964802937387 0.9811642897998827 1.006293636697766 0.9873393813807047 0.011425985702490205
59770.878914655856 3.901 0.018999999999999906 0.9701110568058521 0.00923846330935864 0.9811798544444937 1.0062935807950282 0.9873549891328941 -0.017243932327042022
59770.87893059928 3.901 0.018999999999999906 0.9758871692395263 0.007590300416945315 0.9811954597626901 1.0062935248922393 0.9873706378128588 -0.01148346857333249
59770.878946542696 3.901 0.018999999999999906 0.9956487810147242 0.007628534103073366 0.9812111055028088 1.0062934689895013 0.987386327167445 0.008262453847279194
59770.878962486124 3.901 0.018999999999999906 0.9921722406354562 0.007610984299509063 0.9812267914716305 1.0062934130867125 0.9874020570021109 0.0047701836333452485
59770.87897842954 3.901 0.018999999999999906 0.9857747986159298 0.007617147333312852 0.9812425174203339 1.0062933571839747 0.9874178270665626 -0.0016430284506327997
59770.87899437295 3.901 0.018999999999999906 0.9884283573758648 0.007624855578803619 0.9812582831455158 1.0062933012812367 0.9874336371560596 0.0009947202198051786
59770.87901031638 3.901 0.018999999999999906 1.0076016709616684 0.009342168152231845 0.9812740884453269 1.0062932453784479 0.9874494870674262 0.020152183894242226
59770.87902625979 3.901 0.018999999999999906 0.9916671773163743 0.007609498809266116 0.9812899330772271 1.0062931894757101 0.987465376556689 0.004201800759685348
59770.87904220321 3.901 0.018999999999999906 0.9710143075655681 0.0075677958037691445 0.9813058168503214 1.0062931335729468 0.9874813054316701 -0.016466997866102062
59770.87905814663 3.901 0.018999999999999906 0.9797013588006743 0.009269800212592041 0.9813217395461978 1.0062930776701833 0.9874972734726014 -0.007795914671927084
59770.87907409005 3.901 0.018999999999999906 0.9837179920439771 0.007597342630358189 0.9813377009568868 1.00629302176742 0.9875132804701984 -0.0037952884262212327
59770.87909003347 3.901 0.018999999999999906 0.9770435334734529 0.007570387828903308 0.9813537008747552 1.0062929658646567 0.9875293262155145 -0.010485792742061628
59770.879105976885 3.901 0.018999999999999906 1.0007625143392818 0.007654509685988693 0.9813697390868815 1.0062929099619187 0.9875454104943069 0.013217103844974876
59770.879121920305 3.901 0.018999999999999906 0.981145531295815 0.009289838549615558 0.9813858154042782 1.0062928540591554 0.9875615331163424 -0.006416001820527373
59770.87913786373 3.901 0.018999999999999906 "" "" 0.9814019296243292 1.0062927981563665 0.9875776938777237 ""
59770.879153807145 3.901 0.018999999999999906 0.9935453400776679 0.007630653910137676 0.9814180815249829 1.0062927422536287 0.9875938925550705 0.005951447522597464
59770.879169750566 3.901 0.018999999999999906 0.9874612561133795 0.007607267974860035 0.981434270929152 1.0062926863508652 0.9876101289700993 -0.00014887285671971728
59770.879185693986 3.901 0.018999999999999906 0.9870651037688644 0.0076120972055061615 0.9814504976314464 1.006292630448102 0.9876264029161469 -0.0005612991472825346
59770.8792016374 3.901 0.018999999999999906 0.9808323104366529 0.007605653491789031 0.9814667614293431 1.0062925745453641 0.9876427141894344 -0.006810403752781524
59770.87921758083 3.901 0.018999999999999906 0.9805926929983989 0.0075897921561631256 0.9814830621505545 1.006292518642575 0.9876590626165085 -0.00706636961810958
59770.87923352424 3.901 0.018999999999999906 0.9896790244554755 0.007603051048794281 0.9814993995719777 1.0062924627398373 0.9876754479729571 0.0020035764825183655
59770.87924946767 3.901 0.018999999999999906 0.9827310300920361 0.007602535979949572 0.9815157735319022 1.0062924068370485 0.9876918700959453 -0.004960840003909173
59770.87926541108 3.901 0.018999999999999906 0.9911444257694477 0.00761273296199333 0.9815321838109341 1.0062923509343105 0.9877083287647926 0.003436097004655081
59770.87928135449 3.901 0.018999999999999906 0.993371487041465 0.007616466994439056 0.9815486302351193 1.0062922950315727 0.9877248238043947 0.005646663237070304
59770.87929729792 3.901 0.018999999999999906 0.9809987439991318 0.007599705786345165 0.9815651126325028 1.0062922391287838 0.9877413550416582 -0.006742611042526381
59770.87931324134 3.901 0.018999999999999906 0.9994359665868161 0.00762744271999593 0.9815816307939056 1.0062921832260205 0.9877579222661569 0.01167804432065922
59770.87932918476 3.901 0.018999999999999906 0.9909013180174161 0.007635008251373556 0.9815981845434083 1.006292127323257 0.9877745253008333 0.0031267927165827825
59770.879345128174 3.901 0.018999999999999906 0.9919026593251445 0.0076221928824670195 0.9816147736896904 1.0062920714205192 0.9877911639531828 0.00411149537196176
59770.879361071595 3.901 0.018999999999999906 0.9827951875937075 0.007612512807863567 0.9816313980662567 1.006292015517756 0.987807838055606 -0.005012650461898471
59770.879377015015 3.901 0.018999999999999906 0.9965857454624397 0.00764212314384204 0.9816480574844096 1.0062919596149924 0.9878245474182373 0.00876119804420239
59770.879392958435 3.901 0.018999999999999906 0.9962577804937148 0.007644972351532044 0.9816647517658406 1.006291903712229 0.9878412918616405 0.008416488632074337
59770.87940890185 3.901 0.018999999999999906 0.9891780235033961 0.007631460275153517 0.9816814807243038 1.0062918478094913 0.9878580711984173 0.001319952304978833
59770.879424845276 3.901 0.018999999999999906 0.996310453488938 0.007632545606481736 0.9816982442062667 1.0062917919067025 0.9878748852739877 0.008435568214950284
59770.87944078869 3.901 0.018999999999999906 "" "" 0.9817150420046685 1.0062917360039645 0.9878917338800828 ""
59770.87945673211 3.901 0.018999999999999906 0.9843330889871703 0.0076058673117148645 0.9817318739694242 1.0062916801012012 0.9879086168655925 -0.003575527878422191
59770.87947267553 3.901 0.018999999999999906 0.9925932061696492 0.007629725605600369 0.981748739919122 1.0062916241984379 0.9879255340479831 0.004667672121666078
59770.87948861894 3.901 0.018999999999999906 0.9800240345918977 0.007581364018431852 0.9817656396739461 1.0062915682956999 0.9879424852463262 -0.007918450654428533
59770.87950456237 3.901 0.018999999999999906 0.9872588263281571 0.007600499952222869 0.9817825730860512 1.006291512392911 0.9879594703117662 -0.0007006439836091394
59770.87952050578 3.901 0.018999999999999906 0.9856802292153575 0.0076189479304254746 0.9817995399553838 1.0062914564901733 0.9879764890430852 -0.0022962598277277424
59770.87953644921 3.901 0.018999999999999906 0.9918085465544704 0.007616418142478295 0.981816540144278 1.0062914005873844 0.9879935413016454 0.0038150052528249656
59770.879552392624 3.901 0.018999999999999906 0.9921818101187494 0.007621744808680955 0.9818335734538085 1.0062913446846464 0.9880106268873645 0.0041711832313848785
59770.87956833604 3.901 0.018999999999999906 0.9970126436592419 0.007640898204295642 0.9818506397333143 1.0062912887819087 0.9880277456485783 0.0089848980106636
59770.879584279464 3.901 0.018999999999999906 0.998832340692489 0.007622895276140661 0.981867738832844 1.0062912328791198 0.9880448974343362 0.01078744325815284
59770.879600222885 3.901 0.018999999999999906 0.9928663153407346 0.007636265595285247 0.9818848705654387 1.0062911769763563 0.9880620820565725 0.004804233284162018
59770.879616166305 3.901 0.018999999999999906 0.9835417911634847 0.00760332175161268 0.9819020347753227 1.006291121073593 0.9880792993585016 -0.004537508195016859
59770.87963210972 3.901 0.018999999999999906 0.9986687012367557 0.007631746745099427 0.9819192312918832 1.0062910651708552 0.9880965491684565 0.010572152068299201
59770.87964805314 3.901 0.018999999999999906 0.9847582034559034 0.007601926298053648 0.9819364599708971 1.0062910092680917 0.9881138313412511 -0.0033556278853477117
59770.87966399656 3.901 0.018999999999999906 0.9842765042590969 0.007605439793984423 0.9819537206437948 1.0062909533653284 0.9881311457072757 -0.0038546414481788194
59770.87967993998 3.901 0.018999999999999906 0.9863385060113863 0.00759928093105666 0.9819710131514438 1.006290897462565 0.9881484921063907 -0.001809986095004379
59770.8796958834 3.901 0.018999999999999906 0.980263331169117 0.007587912153334674 0.9819883373351967 1.0062908415598018 0.9881658703789457 -0.00790253920982864
59770.87971182682 3.901 0.018999999999999906 0.9911957278832642 0.007605995017026014 0.9820056930388735 1.0062907856570382 0.9881832803677724 0.0030124475154917896
59770.87972777023 3.901 0.018999999999999906 0.9979679380457346 0.007634986824777815 0.9820230800976938 1.0062907297543005 0.9882007219070741 0.009767216138660495
59770.87974371365 3.901 0.018999999999999906 0.9826263272664549 0.007593143152281498 0.9820404983724644 1.0062906738515371 0.9882181948567266 -0.0055918675902716375
59770.87975965707 3.901 0.018999999999999906 0.9912114634080739 0.007625020651796549 0.9820579477002912 1.0062906179487736 0.9882356990528305 0.002975764355243382
59770.87977560049 3.901 0.018999999999999906 0.9861067228446162 0.00761476241985149 0.9820754279287509 1.0062905620460103 0.9882532343419989 -0.0021465114973826527
59770.87979154391 3.901 0.018999999999999906 0.990352575477212 0.007603246027795918 0.9820929389048136 1.006290506143247 0.9882708005702339 0.00208177490697814
59770.87980748733 3.901 0.018999999999999906 0.9753615205253904 0.007611571419788257 0.9821104804687225 1.006290450240509 0.9882883975767934 -0.012926877051403052
59770.879823430754 3.901 0.018999999999999906 0.9862330891758814 0.0076176184665236275 0.9821280524935979 1.0062903943377202 0.9883060252339197 -0.002072936058038377
59770.87983937417 3.901 0.018999999999999906 0.9995154221102981 0.007643275777848135 0.9821456547980603 1.0062903384349824 0.9883236833591874 0.01119173875111068
59770.87985531759 3.901 0.018999999999999906 0.9879335223613713 0.0076298871844222415 0.9821632872570037 1.006290282532219 0.9883413718266234 -0.00040784946525207477
59770.87987126101 3.901 0.018999999999999906 0.99613265321885 0.007627094341923219 0.9821809497141355 1.0062902266294556 0.9883590904789713 0.0077735627398787255
59770.87988720443 3.901 0.018999999999999906 0.9991049548887108 0.007645222601067395 0.9821986420216254 1.0062901707266922 0.9883768391674668 0.010728115721243991
59770.87990314785 3.901 0.018999999999999906 0.9935775789955098 0.007615706156908056 0.9822163640340109 1.006290114823929 0.9883946177457268 0.0051829612497830135
59770.87991909126 3.901 0.018999999999999906 0.9945215979853786 0.007634077282860354 0.9822341155968953 1.006290058921191 0.9884124260584036 0.006109171926975021
59770.87993503468 3.901 0.018999999999999906 0.9920154486425988 0.007628266899332573 0.9822518965818535 1.0062900030184276 0.9884302639762097 0.0035851846663891296
59770.8799509781 3.901 0.018999999999999906 0.9874101019111586 0.00760793320474995 0.9822697068361079 1.0062899471156643 0.9884481313454262 -0.0010380294342675622
59770.87996692152 3.901 0.018999999999999906 0.994834809863925 0.007626920935347624 0.9822875462174283 1.006289891212901 0.9884660280229234 0.006368781841001647
59770.87998286494 3.901 0.018999999999999906 0.9920468240406285 0.007639426468096418 0.9823054145828176 1.0062898353101375 0.9884839538647999 0.0035628701758285697
59770.87999880836 3.901 0.018999999999999906 0.9959978731841652 0.007648656064601673 0.9823233117905689 1.0062897794073742 0.9885019087284528 0.007495964455712434
59770.880014751776 3.901 0.018999999999999906 0.992108885731241 0.007615024894679799 0.9823412376914384 1.0062897235046364 0.9885198924637199 0.0035889932675211567
59770.880030695196 3.901 0.018999999999999906 0.9798882018466009 0.007596034300533525 0.9823591921613022 1.0062896676018729 0.9885379049456412 -0.00864970309904034
59770.88004663862 3.901 0.018999999999999906 0.9925950570151993 0.007618965463660722 0.9823771750534667 1.0062896116991096 0.9885559460266211 0.004039110988578232
59770.88006258204 3.901 0.018999999999999906 0.9928246739100297 0.007628335502314906 0.9823951862287034 1.0062895557963463 0.9885740155665508 0.00425065834347893
59770.88007852546 3.901 0.018999999999999906 0.9866716813877023 0.007625544488631142 0.9824132255485101 1.006289499893583 0.9885921134260519 -0.0019204320383495732
59770.88009446887 3.901 0.018999999999999906 0.987813005387943 0.0076233341728935144 0.9824312928683033 1.006289443990845 0.988610239459652 -0.0007972340717089521
59770.8801104123 3.901 0.018999999999999906 0.992067504491192 0.007609474894327459 0.9824493880761068 1.0062893880880561 0.9886283935545908 0.0034391109366012085
59770.88012635571 3.901 0.018999999999999906 0.9896783790771791 0.007639396445515788 0.9824675110025854 1.0062893321853184 0.9886465755405636 0.001031803536615583
59770.88014229913 3.901 0.018999999999999906 0.9915255124637 0.007621073172996852 0.9824856615371952 1.0062892762825548 0.9886647853062512 0.0028607271574487836
59770.88015824255 3.901 0.018999999999999906 0.9862418611835203 0.007597189762362915 0.9825038395381432 1.0062892203797915 0.98868302270899 -0.002441161525469693
59770.88017418597 3.901 0.018999999999999906 0.9802796424023316 0.00760778690456781 0.9825220448711155 1.0062891644770282 0.9887012876136161 -0.008421645211284523
59770.88019012939 3.901 0.018999999999999906 0.9894710856705619 0.007619838805949404 0.9825402774029971 1.006289108574265 0.9887195798861729 0.0007515057843889839
59770.880206072805 3.901 0.018999999999999906 0.9956371806832391 0.007644059952271921 0.982558536992881 1.006289052671527 0.9887378993848877 0.0068992812983514895
59770.880222016225 3.901 0.018999999999999906 0.986938027542249 0.007624172554821576 0.9825768235253404 1.0062889967687636 0.9887562459935533 -0.0018182184513042543
59770.880237959645 3.901 0.018999999999999906 0.9864498204808189 0.007603716057456286 0.9825951368618409 1.0062889408660003 0.9887746195727845 -0.0023247990919655903
59770.880253903066 3.901 0.018999999999999906 0.9829184050380689 0.007612424439908551 0.9826134768713504 1.0062888849632368 0.9887930199907204 -0.0058746149526515135
59770.880269846486 3.901 0.018999999999999906 0.9732211837190543 0.007577295542395281 0.9826318434234654 1.0062888290604735 0.9888114471161336 -0.015590263397079251
59770.880285789906 3.901 0.018999999999999906 0.9822336259519019 0.007580845622567767 0.9826502363900057 1.0062887731577101 0.9888299008200327 -0.006596274868130858
59770.88030173332 3.901 0.018999999999999906 0.9921903670939064 0.007635484431859709 0.9826686556332876 1.0062887172549722 0.9888483809638889 0.0033419861300174603
59770.88031767675 3.901 0.018999999999999906 0.9956216706911554 0.0076447352094989145 0.9826871010508867 1.0062886613521833 0.9888668874445545 0.006754783246600837
59770.88033362016 3.901 0.018999999999999906 0.9878010405976878 0.007605605456010388 0.9827055724807312 1.0062886054494455 0.988885420099034 -0.001084379501346211
59770.88034956358 3.901 0.018999999999999906 0.9808295349667729 0.009309383669405133 0.9827240698227073 1.0062885495466822 0.9889039788265046 -0.008074443859731661
59770.880365507 3.901 0.018999999999999906 0.9950474176765275 0.007625880462623324 0.9827425929415313 1.0062884936439187 0.9889225634908523 0.00612485418567521
