eureka_custom_plots/data/stage5_lcfit_results/S5_wasp39b_ap4_bg8_Table_Save_ch20.txt
# %ECSV 1.0
# ---
# datatype:
# - {name: time, datatype: float64}
# - {name: wavelength, datatype: float64}
# - {name: bin_width, datatype: float64}
# - {name: lcdata, datatype: float64}
# - {name: lcerr, datatype: float64}
# - {name: transit, datatype: float64}
# - {name: polynom, datatype: float64}
# - {name: model, datatype: float64}
# - {name: residuals, datatype: float64}
# schema: astropy-2.0
time wavelength bin_width lcdata lcerr transit polynom model residuals
[from data line 19551]
59770.95573004772 3.786 0.019000000000000128 1.0002393314520184 0.006122024436319219 1.0 1.005674417141804 1.005674417141804 -0.005435085689785568
59770.95574599113 3.786 0.019000000000000128 1.0062778335131997 0.006146384521257852 1.0 1.0056743481476105 1.0056743481476105 0.0006034853655891848
59770.95576193455 3.786 0.019000000000000128 1.0100213090357162 0.006136202094121249 1.0 1.0056742791533857 1.0056742791533857 0.004347029882330489
59770.95577787797 3.786 0.019000000000000128 1.017583395037512 0.006154256420879584 1.0 1.0056742101591607 1.0056742101591607 0.011909184878351242
59770.95579382139 3.786 0.019000000000000128 1.0077639950203752 0.006134361736993834 1.0 1.005674141164936 1.005674141164936 0.00208985385543925
59770.955809764804 3.786 0.019000000000000128 0.9945089620338645 0.006138176270895443 1.0 1.0056740721707425 1.0056740721707425 -0.011165110136877932
59770.955825708224 3.786 0.019000000000000128 1.0090910854314665 0.0061431863066298475 1.0 1.0056740031765177 1.0056740031765177 0.0034170822549488555
59770.955841651645 3.786 0.019000000000000128 1.0104009026363225 0.006146239561038208 1.0 1.005673934182293 1.005673934182293 0.004726968454029645
59770.955857595065 3.786 0.019000000000000128 1.0033410002163121 0.006135476057075758 1.0 1.005673865188068 1.005673865188068 -0.002332864971755777
59770.95587353848 3.786 0.019000000000000128 1.001976344086795 0.006132649655446199 1.0 1.0056737961938746 1.0056737961938746 -0.003697452107079613
59770.9558894819 3.786 0.019000000000000128 1.0104319802307156 0.0061382034962171594 1.0 1.0056737271996496 1.0056737271996496 0.004758253031065918
59770.95590542532 3.786 0.019000000000000128 0.9997059895669896 0.006113217163693135 1.0 1.0056736582054249 1.0056736582054249 -0.005967668638435231
59770.95592136873 3.786 0.019000000000000128 1.001221240840265 0.006133711191260821 1.0 1.0056735892112314 1.0056735892112314 -0.004452348370966419
59770.95593731216 3.786 0.019000000000000128 1.0011711870235216 0.006127425316942616 1.0 1.005673520216975 1.005673520216975 -0.0045023331934535005
59770.95595325557 3.786 0.019000000000000128 1.017305088234566 0.006163187240206624 1.0 1.0056734512227818 1.0056734512227818 0.011631637011784157
59770.95596919899 3.786 0.019000000000000128 1.0113321644796944 0.006138494651589515 1.0 1.0056733822285568 1.0056733822285568 0.005658782251137584
59770.95598514241 3.786 0.019000000000000128 1.0017881040865033 0.006129139572044549 1.0 1.005673313234332 1.005673313234332 -0.00388520914782875
59770.956001085826 3.786 0.019000000000000128 1.0065469495406532 0.0061383213111327484 1.0 1.0056732442401386 1.0056732442401386 0.0008737053005145601
59770.956017029246 3.786 0.019000000000000128 1.0016995080803495 0.006129150302609948 1.0 1.0056731752459138 1.0056731752459138 -0.003973667165564354
59770.956032972674 3.786 0.019000000000000128 1.0068680149049063 0.006124356937851271 1.0 1.0056731062516575 1.0056731062516575 0.001194908653248783
59770.95604891609 3.786 0.019000000000000128 1.0070294716794421 0.006147372859926978 1.0 1.005673037257464 1.005673037257464 0.001356434421978081
59770.9560648595 3.786 0.019000000000000128 1.0138042649124621 0.006148201842208078 1.0 1.0056729682632706 1.0056729682632706 0.008131296649191544
59770.95608080292 3.786 0.019000000000000128 1.0138877689599732 0.006156061547408649 1.0 1.0056728992690458 1.0056728992690458 0.00821486969092744
59770.95609674634 3.786 0.019000000000000128 1.0034747076034722 0.006147764467721078 1.0 1.005672830274821 1.005672830274821 -0.002198122671348779
59770.95611268976 3.786 0.019000000000000128 0.9975631114412249 0.0061252274870796765 1.0 1.005672761280596 1.005672761280596 -0.008109649839371125
59770.956128633174 3.786 0.019000000000000128 0.998716813891853 0.006107829222636654 1.0 1.0056726922864028 1.0056726922864028 -0.006955878394549808
59770.9561445766 3.786 0.019000000000000128 1.016775659314827 0.006146457045441913 1.0 1.0056726232921462 1.0056726232921462 0.011103036022680701
59770.956160520014 3.786 0.019000000000000128 1.00659613152319 0.006139951406578499 1.0 1.005672554297953 1.005672554297953 0.000923577225236949
59770.95617646343 3.786 0.019000000000000128 1.0145923817013893 0.006148920856747368 1.0 1.0056724853037595 1.0056724853037595 0.0089198963976298
59770.956192406855 3.786 0.019000000000000128 1.01820107940718 0.0061756841388312935 1.0 1.0056724163095032 1.0056724163095032 0.012528663097676862
59770.95620835027 3.786 0.019000000000000128 0.9984814900332245 0.006111184423910034 1.0 1.0056723473153097 1.0056723473153097 -0.007190857282085239
59770.95622429369 3.786 0.019000000000000128 0.9993522775054162 0.006108465409418532 1.0 1.005672278321085 1.005672278321085 -0.006320000815668747
59770.95624023711 3.786 0.019000000000000128 1.0113061503694818 0.006144707733332576 1.0 1.0056722093268602 1.0056722093268602 0.005633941042621604
59770.95625618053 3.786 0.019000000000000128 1.0098107669897647 0.0061532772254987685 1.0 1.0056721403326352 1.0056721403326352 0.004138626657129496
59770.95627212394 3.786 0.019000000000000128 1.0050785811388312 0.0061195395562364824 1.0 1.005672071338442 1.005672071338442 -0.0005934901996107467
59770.956288067355 3.786 0.019000000000000128 1.0013246396756188 0.0061217082203974035 1.0 1.0056720023442485 1.0056720023442485 -0.004347362668629673
59770.95630401078 3.786 0.019000000000000128 0.9965460579359353 0.006114325316693194 1.0 1.0056719333499922 1.0056719333499922 -0.00912587541405685
59770.9563199542 3.786 0.019000000000000128 1.0184859709788514 0.006153016279596482 1.0 1.0056718643557674 1.0056718643557674 0.01281410662308402
59770.956335897616 3.786 0.019000000000000128 0.9936531235093843 0.0061021856351198365 1.0 1.005671795361574 1.005671795361574 -0.012018671852189633
59770.956351841036 3.786 0.019000000000000128 0.9990265832841617 0.006121864615715838 1.0 1.0056717263673491 1.0056717263673491 -0.006645143083187421
59770.956367784456 3.786 0.019000000000000128 1.0154271252721718 0.006146399842839839 1.0 1.0056716573731241 1.0056716573731241 0.009755467899047687
59770.95638372787 3.786 0.019000000000000128 1.0139544200145336 0.0061450034570794555 1.0 1.005671588378931 1.005671588378931 0.008282831635602728
59770.9563996713 3.786 0.019000000000000128 0.9966256942315925 0.006104903434624706 1.0 1.0056715193846744 1.0056715193846744 -0.009045825153081832
59770.95641561471 3.786 0.019000000000000128 1.0084831663599518 0.006133838087881471 1.0 1.0056714503904811 1.0056714503904811 0.0028117159694707183
59770.95643155813 3.786 0.019000000000000128 1.002430784069608 0.006130028792723059 1.0 1.0056713813962561 1.0056713813962561 -0.0032405973266480537
59770.95644750155 3.786 0.019000000000000128 1.0156124371773159 0.00615938838837709 1.0 1.0056713124020313 1.0056713124020313 0.009941124775284527
59770.95646344496 3.786 0.019000000000000128 1.0127736209233948 0.006160389169648226 1.0 1.0056712434078379 1.0056712434078379 0.007102377515556979
59770.956479388384 3.786 0.019000000000000128 1.0115409036594711 0.006141576036016957 1.0 1.005671174413613 1.005671174413613 0.005869729245858046
59770.9564953318 3.786 0.019000000000000128 1.010523718780279 0.006149875620314936 1.0 1.0056711054194196 1.0056711054194196 0.0048526133608592925
59770.956511275224 3.786 0.019000000000000128 1.0052995232440132 0.006136213567573809 1.0 1.0056710364251633 1.0056710364251633 -0.0003715131811501404
59770.95652721864 3.786 0.019000000000000128 1.0085716188141878 0.006135585913284095 1.0 1.00567096743097 1.00567096743097 0.0029006513832177117
59770.95654316206 3.786 0.019000000000000128 1.0023908045788723 0.006131807820423854 1.0 1.005670898436745 1.005670898436745 -0.0032800938578727568
59770.95655910548 3.786 0.019000000000000128 1.0023546597913506 0.006129879721055011 1.0 1.0056708294425203 1.0056708294425203 -0.0033161696511696537
59770.9565750489 3.786 0.019000000000000128 1.0011112142963643 0.006131339874132274 1.0 1.0056707604482953 1.0056707604482953 -0.004559546151930993
59770.95659099231 3.786 0.019000000000000128 1.0094557729909912 0.006145451774452339 1.0 1.005670691454102 1.005670691454102 0.0037850815368891677
59770.95660693574 3.786 0.019000000000000128 0.9970517347500369 0.006111702319326982 1.0 1.0056706224598457 1.0056706224598457 -0.008618887709808787
59770.95662287915 3.786 0.019000000000000128 1.0123278580723507 0.006156170207027304 1.0 1.0056705534656523 1.0056705534656523 0.006657304606698444
59770.956638822565 3.786 0.019000000000000128 0.9985399917805239 0.006112428111141613 1.0 1.0056704844714588 1.0056704844714588 -0.007130492690934909
59770.95665476599 3.786 0.019000000000000128 1.000021301423172 0.006114330732872538 1.0 1.0056704154772025 1.0056704154772025 -0.005649114054030457
59770.956670709405 3.786 0.019000000000000128 1.0013466021987678 0.006134771028862739 1.0 1.0056703464830092 1.0056703464830092 -0.004323744284241426
59770.956686652826 3.786 0.019000000000000128 1.0148313709562748 0.006164485289740662 1.0 1.0056702774887842 1.0056702774887842 0.00916109346749061
59770.95670259624 3.786 0.019000000000000128 1.0168038129042984 0.006164519378398943 1.0 1.005670208494591 1.005670208494591 0.011133604409707454
59770.956718539666 3.786 0.019000000000000128 1.0025515876004196 0.0061227026479257094 1.0 1.0056701395003345 1.0056701395003345 -0.0031185518999148343
59770.95673448308 3.786 0.019000000000000128 1.0207099711867214 0.006167958415577104 1.0 1.0056700705061412 1.0056700705061412 0.015039900680580143
59770.95675042649 3.786 0.019000000000000128 0.9965938247385279 0.006114406603218141 1.0 1.0056700015119477 1.0056700015119477 -0.009076176773419875
59770.95676636992 3.786 0.019000000000000128 1.0117041990340407 0.006142391737909345 1.0 1.0056699325176914 1.0056699325176914 0.006034266516349307
59770.95678231334 3.786 0.019000000000000128 0.9976007558160037 0.006107555844676439 1.0 1.0056698635234667 1.0056698635234667 -0.008069107707462941
59770.95679825675 3.786 0.019000000000000128 1.0102703748169433 0.006141948853924086 1.0 1.0056697945292732 1.0056697945292732 0.004600580287670075
59770.95681420017 3.786 0.019000000000000128 0.9980608323510056 0.006110815669240453 1.0 1.0056697255350484 1.0056697255350484 -0.0076088931840427865
59770.956830143594 3.786 0.019000000000000128 0.995108818223609 0.006102142155406666 1.0 1.0056696565408234 1.0056696565408234 -0.010560838317214438
59770.95684608701 3.786 0.019000000000000128 1.0182462667762553 0.006151902945741503 1.0 1.0056695875466302 1.0056695875466302 0.012576679229625132
59770.95686203043 3.786 0.019000000000000128 1.0123014049543142 0.0061361877569335675 1.0 1.0056695185524052 1.0056695185524052 0.006631886401909037
59770.95687797385 3.786 0.019000000000000128 1.0064532810259281 0.006126349257159539 1.0 1.0056694495581804 1.0056694495581804 0.000783831467747742
59770.95689391727 3.786 0.019000000000000128 1.0109070058930838 0.006155639726051257 1.0 1.0056693805639556 1.0056693805639556 0.005237625329128193
59770.95690986068 3.786 0.019000000000000128 0.9973686639917279 0.006111416527348135 1.0 1.0056693115697621 1.0056693115697621 -0.008300647578034281
59770.9569258041 3.786 0.019000000000000128 1.0075990704192879 0.006141569807365691 1.0 1.0056692425755374 1.0056692425755374 0.001929827843750509
59770.95694174752 3.786 0.019000000000000128 1.0105004373494262 0.0061436149949319774 1.0 1.0056691735813124 1.0056691735813124 0.004831263768113825
59770.956957690934 3.786 0.019000000000000128 1.0120457722748146 0.00613237734346664 1.0 1.0056691045871191 1.0056691045871191 0.006376667687695514
59770.95697363436 3.786 0.019000000000000128 1.01225958546939 0.006153524398978376 1.0 1.0056690355928626 1.0056690355928626 0.006590549876527518
59770.956989577775 3.786 0.019000000000000128 1.003837678908686 0.006131151881802402 1.0 1.0056689665986693 1.0056689665986693 -0.0018312876899833075
59770.957005521195 3.786 0.019000000000000128 1.009921699312839 0.00615033068776987 1.0 1.0056688976044443 1.0056688976044443 0.0042528017083947045
59770.957021464616 3.786 0.019000000000000128 1.0077085013855598 0.00614282533441562 1.0 1.0056688286102196 1.0056688286102196 0.002039672775340229
59770.95703740803 3.786 0.019000000000000128 1.0206779994648754 0.006169790592794234 1.0 1.005668759616026 1.005668759616026 0.015009239848849276
59770.95705335145 3.786 0.019000000000000128 1.0110789834433385 0.006140201162586405 1.0 1.0056686906218013 1.0056686906218013 0.005410292821537155
59770.95706929487 3.786 0.019000000000000128 0.9966519832043408 0.006117351394598189 1.0 1.0056686216275765 1.0056686216275765 -0.009016638423235745
59770.95708523829 3.786 0.019000000000000128 1.0093111639071453 0.006140381416839334 1.0 1.0056685526333515 1.0056685526333515 0.0036426112737937277
59770.9571011817 3.786 0.019000000000000128 0.9982622253680586 0.006125189320703656 1.0 1.0056684836391583 1.0056684836391583 -0.007406258271099642
59770.95711712512 3.786 0.019000000000000128 1.015405313603256 0.006148368509580863 1.0 1.0056684146449333 1.0056684146449333 0.009736898958322637
59770.95713306854 3.786 0.019000000000000128 1.00740299269643 0.006124490206098155 1.0 1.0056683456507085 1.0056683456507085 0.0017346470457215712
59770.95714901196 3.786 0.019000000000000128 0.9945111750207805 0.006105994734783852 1.0 1.0056682766564835 1.0056682766564835 -0.011157101635703048
59770.957164955376 3.786 0.019000000000000128 0.9983229014992765 0.0061186172688338985 1.0 1.0056682076622903 1.0056682076622903 -0.007345306163013765
59770.957180898804 3.786 0.019000000000000128 0.9991642714674364 0.006119043895343001 1.0 1.005668138668034 1.005668138668034 -0.006503867200597591
59770.95719684222 3.786 0.019000000000000128 1.0017979321574257 0.006129797504799232 1.0 1.0056680696738405 1.0056680696738405 -0.00387013751641474
59770.95721278563 3.786 0.019000000000000128 0.9964580705076906 0.006123143966523794 1.0 1.0056680006796472 1.0056680006796472 -0.009209930171956593
59770.95722872906 3.786 0.019000000000000128 1.0082766849321143 0.006138062598809257 1.0 1.0056679316853907 1.0056679316853907 0.002608753246723605
59770.95724467248 3.786 0.019000000000000128 1.0026826615675457 0.006125855809448595 1.0 1.005667862691166 1.005667862691166 -0.002985201123620218
59770.95726061589 3.786 0.019000000000000128 0.9905114982290826 0.006105896286758542 1.0 1.0056677936969725 1.0056677936969725 -0.01515629546788988
59770.957276559304 3.786 0.019000000000000128 1.0106838532299538 0.0061540485856613645 1.0 1.0056677247027792 1.0056677247027792 0.00501612852717459
59770.95729250273 3.786 0.019000000000000128 1.0008587485327254 0.006124872353600628 1.0 1.005667655708523 1.005667655708523 -0.004808907175797517
59770.957308446144 3.786 0.019000000000000128 1.0110375825204596 0.006145772090131044 1.0 1.0056675867143294 1.0056675867143294 0.005369995806130179
59770.957324389565 3.786 0.019000000000000128 1.0024334576082736 0.006120080115489696 1.0 1.0056675177201047 1.0056675177201047 -0.0032340601118310275
59770.957340332985 3.786 0.019000000000000128 1.0068416075187578 0.0061297863153486004 1.0 1.0056674487258797 1.0056674487258797 0.0011741587928781883
59770.957356276405 3.786 0.019000000000000128 1.0049071740519566 0.0061366707908543094 1.0 1.0056673797316549 1.0056673797316549 -0.0007602056796982559
59770.95737221982 3.786 0.019000000000000128 1.0058891248070214 0.00612473532335729 1.0 1.0056673107374614 1.0056673107374614 0.00022181406956001126
59770.95738816324 3.786 0.019000000000000128 1.0070106281115578 0.0061306737349602685 1.0 1.0056672417432366 1.0056672417432366 0.0013433863683212088
59770.95740410666 3.786 0.019000000000000128 1.006539175931936 0.00613333608343083 1.0 1.0056671727490116 1.0056671727490116 0.0008720031829243524
59770.95742005007 3.786 0.019000000000000128 1.0079143563599613 0.006137350403319209 1.0 1.0056671037548184 1.0056671037548184 0.002247252605142913
