eureka_custom_plots/data/stage5_lcfit_results/S5_wasp39b_ap4_bg8_Table_Save_ch34.txt
# %ECSV 1.0
# ---
# datatype:
# - {name: time, datatype: float64}
# - {name: wavelength, datatype: float64}
# - {name: bin_width, datatype: float64}
# - {name: lcdata, datatype: float64}
# - {name: lcerr, datatype: float64}
# - {name: transit, datatype: float64}
# - {name: polynom, datatype: float64}
# - {name: model, datatype: float64}
# - {name: residuals, datatype: float64}
# schema: astropy-2.0
time wavelength bin_width lcdata lcerr transit polynom model residuals
[from data line 11280]
59770.823862028876 4.3225 0.01949999999999985 0.982955717472317 0.01371360824253394 0.9764903547431608 1.006699195796042 0.9830320548225319 -7.6337350214839e-05
59770.8238779723 4.3225 0.01949999999999985 0.9926189349379065 0.013702813604098729 0.9764901371363838 1.006699109120909 0.9830317511205517 0.009587183817354794
59770.82389391572 4.3225 0.01949999999999985 0.9925922379056253 0.013723449491082796 0.9764899198778826 1.0066990224458154 0.983031447769257 0.009560790136368347
59770.823909859144 4.3225 0.01949999999999985 1.0161905817446875 0.01381676096485976 0.9764897029673125 1.006698935770722 0.9830311447682618 0.03315943697642565
59770.82392580256 4.3225 0.01949999999999985 0.9905778430524939 0.01368773436441556 0.9764894864045489 1.006698849095668 0.9830308421174794 0.007547000935014481
59770.823941745984 4.3225 0.01949999999999985 0.9664302300960078 0.013657838019146449 0.9764892701890665 1.006698762420535 0.9830305398162646 -0.016600309720256834
59770.8239576894 4.3225 0.01949999999999985 0.9794172566594691 0.01363378314168466 0.976489054321023 1.006698675745481 0.9830302378649308 -0.0036129812054617183
59770.823973632825 4.3225 0.01949999999999985 0.9915564071223271 0.013680167984643287 0.9764888387998012 1.006698589070348 0.9830299362627023 0.008526470859624768
59770.82398957624 4.3225 0.01949999999999985 0.9947182576398925 0.013744708924825114 0.9764886236255582 1.0066985023952941 0.9830296350098915 0.011688622630001033
59770.82400551966 4.3225 0.01949999999999985 1.0127210036236638 0.013836194509362272 0.9764884087977783 1.0066984157202006 0.983029334105863 0.02969166951780078
59770.82402146308 4.3225 0.01949999999999985 0.9526407289199417 0.013591792609366878 0.97648819431632 1.006698329045107 0.9830290335505131 -0.030388304630571406
59770.82403740649 4.3225 0.01949999999999985 0.9935310891032407 0.013695979638708163 0.9764879801810663 1.006698242370053 0.9830287333437626 0.01050235575947811
59770.82405334992 4.3225 0.01949999999999985 0.9964720618818014 0.013665240684740104 0.9764877663914803 1.0066981556949202 0.9830284334849553 0.013443628396846097
59770.82406929333 4.3225 0.01949999999999985 1.0013388212896 0.013784846741275216 0.976487552947742 1.0066980690198661 0.9830281339744262 0.018310687315173713
59770.82408523676 4.3225 0.01949999999999985 0.9968247449811135 0.013700946755865051 0.9764873398492175 1.006697982344733 0.983027834811383 0.013796910169730503
59770.82410118017 4.3225 0.01949999999999985 0.9800079277759993 0.013659313885023108 0.9764871270960864 1.006697895669679 0.9830275359961607 -0.0030196082201613406
59770.8241171236 4.3225 0.01949999999999985 0.9653299333757591 0.01365385227320789 0.9764869146877168 1.0066978089945462 0.9830272375279688 -0.017697304152209714
59770.82413306701 4.3225 0.01949999999999985 0.9883577895084042 0.013732936024698007 0.9764867026242877 1.0066977223194922 0.9830269394071417 0.005330850101262552
59770.824149010434 4.3225 0.01949999999999985 0.9726244523269774 0.01367208444066289 0.9764864909052671 1.0066976356443986 0.9830266416330279 -0.010402189306050524
59770.824164953854 4.3225 0.01949999999999985 0.9756084259931829 0.013664422645249407 0.9764862795305403 1.006697548969305 0.9830263442055507 -0.007417918212367813
59770.824180897274 4.3225 0.01949999999999985 1.00728989374741 0.01378259132448315 0.9764860684998705 1.0066974622942118 0.9830260471244715 0.024263846622938456
59770.824196840695 4.3225 0.01949999999999985 0.9974161016662162 0.013708580712305142 0.9764858578130456 1.0066973756191182 0.9830257503895765 0.014390351276639679
59770.82421278411 4.3225 0.01949999999999985 0.974877928483745 0.013604948935432836 0.9764856474699267 1.0066972889440642 0.9830254540007645 -0.008147525517019472
59770.824228727535 4.3225 0.01949999999999985 1.0024827351867989 0.013717660199663223 0.9764854374700108 1.0066972022689311 0.9830251579574132 0.01945757722938568
59770.82424467095 4.3225 0.01949999999999985 1.0100950335054912 0.013839892593956222 0.9764852278134516 1.0066971155938773 0.9830248622598319 0.027070171245659358
59770.824260614376 4.3225 0.01949999999999985 1.0121698544481015 0.013822949069146065 0.9764850184996502 1.0066970289187442 0.9830245669072628 0.02914528754083867
59770.82427655779 4.3225 0.01949999999999985 0.9896652387265442 0.013704455199332173 0.9764848095287596 1.0066969422436902 0.9830242719000145 0.006640966826529704
59770.82429250122 4.3225 0.01949999999999985 0.9812820684013382 0.013673544428533886 0.9764846009001776 1.0066968555685571 0.9830239772373263 -0.0017419088359880153
59770.82430844463 4.3225 0.01949999999999985 0.9868617884958025 0.013686678198816296 0.9764843926140747 1.0066967688935033 0.9830236829195241 0.0038381055762783944
59770.82432438804 4.3225 0.01949999999999985 0.9783328742133651 0.013625034921857668 0.9764841846700245 1.0066966822184493 0.9830233889461013 -0.004690514732736184
59770.82434033147 4.3225 0.01949999999999985 0.9770484217218434 0.013683449866536633 0.9764839770676264 1.0066965955433163 0.9830230953165772 -0.005974673594733804
59770.82435627489 4.3225 0.01949999999999985 0.9747360917399146 0.013654978899323452 0.9764837698069369 1.0066965088682227 0.9830228020311246 -0.008286710291209975
59770.82437221831 4.3225 0.01949999999999985 0.9800894403619294 0.013665590100259395 0.9764835628876514 1.0066964221931294 0.9830225090893983 -0.0029330687274689016
59770.82438816172 4.3225 0.01949999999999985 0.999320798512719 0.013725862191536872 0.9764833563096343 1.0066963355180754 0.9830222164913 0.016298582021419095
59770.82440410515 4.3225 0.01949999999999985 0.9709320858487213 0.013642523011831447 0.9764831500723918 1.0066962488429423 0.9830219242362167 -0.012089838387495444
59770.824420048564 4.3225 0.01949999999999985 0.9852148211845964 0.013613999143243257 0.9764829441760752 1.0066961621678883 0.9830216323244552 0.002193188860141193
59770.82443599199 4.3225 0.01949999999999985 0.9706916655345166 0.01363289418244502 0.9764827386200969 1.0066960754927552 0.9830213407552695 -0.0123296752207529
59770.824451935405 4.3225 0.01949999999999985 0.9883686346055156 0.013764706974487348 0.9764825334046078 1.0066959888177014 0.9830210495289657 0.005347585076549866
59770.824467878825 4.3225 0.01949999999999985 1.0117710195541356 0.013718305695480722 0.9764823285291109 1.0066959021426078 0.9830207586449277 0.02875026090920796
59770.824483822245 4.3225 0.01949999999999985 0.9810372874032083 0.013699063491379209 0.9764821239934902 1.0066958154675143 0.9830204681030771 -0.001983180699868803
59770.82449976566 4.3225 0.01949999999999985 0.9551885976275291 0.013651868764533247 0.9764819197976116 1.0066957287924605 0.9830201779033175 -0.02783158027578847
59770.824515709086 4.3225 0.01949999999999985 0.9816071077708589 0.013722736237674327 0.9764817159409873 1.0066956421173274 0.9830198880450419 -0.001412780274183012
59770.8245316525 4.3225 0.01949999999999985 0.9682149015938067 0.013577831638675871 0.976481512423767 1.0066955554422734 0.9830195985285554 -0.014804696934748618
59770.82454759593 4.3225 0.01949999999999985 0.981989010679465 0.013653810055361686 0.9764813092453704 1.0066954687671403 0.983019309353119 -0.0010302986736540065
59770.82456353934 4.3225 0.01949999999999985 0.9816789782360679 0.013669041582883639 0.9764811064059462 1.0066953820920865 0.9830190205190374 -0.001340042282969578
59770.82457948277 4.3225 0.01949999999999985 0.9846327809835002 0.013672084810394024 0.9764809039049164 1.0066952954169535 0.9830187320255735 0.001614048957926606
59770.82459542618 4.3225 0.01949999999999985 0.9756481724465057 0.013699258497745016 0.9764807017424294 1.0066952087418994 0.9830184438730314 -0.0073702714265256875
59770.82461136961 4.3225 0.01949999999999985 0.9942921377097251 0.013699520068497057 0.9764804999179091 1.0066951220667664 0.9830181560606766 0.011273981649048581
59770.82462731302 4.3225 0.01949999999999985 0.9645199941799025 0.013642248950098433 0.9764802984315036 1.0066950353917126 0.9830178685888126 -0.018497874408910042
59770.82464325644 4.3225 0.01949999999999985 0.98318354421125 0.013637873041863596 0.9764800972827314 1.006694948716619 0.9830175814568385 0.00016596275441149722
59770.82465919986 4.3225 0.01949999999999985 0.9849854716948753 0.013674678093030307 0.9764798964714616 1.0066948620415255 0.9830172946646611 0.0019681770302141244
59770.824675143274 4.3225 0.01949999999999985 0.9858842117129036 0.013671323928447488 0.9764796959975801 1.0066947753664715 0.9830170082122043 0.0028672035006993557
59770.8246910867 4.3225 0.01949999999999985 0.9733483873807058 0.013649249360064165 0.9764794958606027 1.0066946886913386 0.9830167220988647 -0.009668334718158866
59770.824707030115 4.3225 0.01949999999999985 0.9913515687347438 0.013694164110793813 0.9764792960606765 1.0066946020162846 0.9830164363249445 0.008335132409799328
59770.82472297354 4.3225 0.01949999999999985 0.9816044768471449 0.013680141837092553 0.9764790965972321 1.0066945153411515 0.9830161508897161 -0.0014116740425711427
59770.824738916956 4.3225 0.01949999999999985 0.9968582038403542 0.013709616388825977 0.9764788974704166 1.0066944286660975 0.9830158657934819 0.013842338046872293
59770.82475486038 4.3225 0.01949999999999985 0.9932616192553076 0.013732950431182847 0.976478698679662 1.0066943419909644 0.9830155810355156 0.010246038219792086
59770.824770803796 4.3225 0.01949999999999985 0.9946925224971203 0.01365153035482692 0.976478500225115 1.0066942553159106 0.9830152966161193 0.011677225881000952
59770.82478674721 4.3225 0.01949999999999985 0.9944785734215928 0.013744765945006615 0.9764783021063873 1.0066941686408566 0.9830150125348248 0.011463560886768032
59770.82480269064 4.3225 0.01949999999999985 0.9955639037994319 0.013700630064868416 0.9764781043230927 1.0066940819657235 0.9830147287911658 0.012549175008266134
59770.82481863406 4.3225 0.01949999999999985 0.9751670409203387 0.013561076256789274 0.976477906875291 1.0066939952906302 0.9830144453853187 -0.007847404464980001
59770.82483457748 4.3225 0.01949999999999985 1.0037029482055022 0.013687132321568533 0.9764777097626768 1.0066939086155366 0.9830141623169366 0.020688785888565597
59770.82485052089 4.3225 0.01949999999999985 0.9766941478923662 0.013639328195362522 0.9764775129851382 1.0066938219404826 0.983013879585946 -0.0063197316935798
59770.82486646432 4.3225 0.01949999999999985 0.972273412232692 0.013628566279151566 0.9764773165422006 1.0066937352653496 0.9830135971917531 -0.010740184959061039
59770.82488240773 4.3225 0.01949999999999985 0.9657953443410862 0.013615814096548925 0.9764771204340086 1.0066936485902958 0.9830133151346577 -0.01721797079357157
59770.82489835116 4.3225 0.01949999999999985 0.9843209022033796 0.01367785229524509 0.9764769246600036 1.0066935619151627 0.983013033413943 0.0013078687894366725
59770.82491429457 4.3225 0.01949999999999985 0.9853646424492337 0.013696473155181887 0.9764767292203301 1.0066934752401087 0.9830127520299087 0.0023518904193250423
59770.824930238 4.3225 0.01949999999999985 0.99585349224377 0.013683728037850453 0.9764765341144315 1.0066933885649756 0.98301247098184 0.012841021261929986
59770.82494618141 4.3225 0.01949999999999985 1.0031611991526872 0.013730813715067954 0.9764763393424516 1.0066933018899218 0.9830121902700363 0.02014900888265092
59770.824962124825 4.3225 0.01949999999999985 0.9834118218172294 0.013631995490951088 0.9764761449040156 1.0066932152148678 0.9830119098940425 0.00039991192318689084
59770.82497806825 4.3225 0.01949999999999985 0.9846912151467374 0.013657917552207804 0.9764759507987277 1.0066931285397347 0.9830116298533833 0.0016795852933541022
59770.824994011666 4.3225 0.01949999999999985 0.9717111278010321 0.0135952236108999 0.9764757570267536 1.0066930418646807 0.9830113501483794 -0.011300222347347288
59770.82500995509 4.3225 0.01949999999999985 0.9736935871952715 0.013629474382147818 0.9764755635875193 1.0066929551895476 0.9830110707782989 -0.009317483583027308
59770.825025898506 4.3225 0.01949999999999985 0.9666697911959237 0.013609302316662186 0.97647537048119 1.0066928685144938 0.9830107917434623 -0.01634100054753862
59770.825041841934 4.3225 0.01949999999999985 0.9773403798911111 0.013700817023974741 0.9764751777071936 1.0066927818393607 0.9830105130431388 -0.00567013315202769
59770.82505778535 4.3225 0.01949999999999985 0.9714567850613449 0.01367631672999022 0.9764749852656948 1.0066926951643067 0.9830102346776489 -0.011553449616304001
59770.82507372877 4.3225 0.01949999999999985 0.9682643125212433 0.013650305496550394 0.9764747931562122 1.0066926084892134 0.9830099566463923 -0.014745644125149004
59770.82508967219 4.3225 0.01949999999999985 1.0105423338013904 0.013778088451776823 0.9764746013786438 1.0066925218141198 0.9830096789493044 0.027532654852086003
59770.82510561561 4.3225 0.01949999999999985 1.011903102673395 0.013719487090398282 0.9764744099327767 1.0066924351390263 0.9830094015861708 0.02889370108722411
59770.82512155903 4.3225 0.01949999999999985 0.955092520499119 0.01354441377223749 0.9764742188184198 1.0066923484639327 0.9830091245567991 -0.02791660405768015
59770.82513750244 4.3225 0.01949999999999985 0.9881769261928808 0.01374197029538397 0.9764740280354491 1.006692261788879 0.9830088478611034 0.005168078331777348
59770.82515344587 4.3225 0.01949999999999985 0.9673186303223283 0.01356978518147556 0.976473837583405 1.0066921751137459 0.9830085714985046 -0.01568994117617628
59770.82516938928 4.3225 0.01949999999999985 0.9720883939462714 0.013610431756967393 0.9764736474624446 1.0066920884386918 0.9830082954693152 -0.010919901523043785
59770.82518533271 4.3225 0.01949999999999985 0.9676636564424601 0.013601846858065082 0.9764734576720049 1.0066920017635588 0.9830080197728143 -0.01534436333035416
59770.82520127612 4.3225 0.01949999999999985 0.9842008430240731 0.013698891011871267 0.9764732682122487 1.006691915088505 0.9830077444093199 0.0011930986147531408
59770.82521721955 4.3225 0.01949999999999985 0.9830020837991502 0.013628362351707923 0.9764730790826144 1.006691828413372 0.9830074693781121 -5.385578961902837e-06
59770.82523316296 4.3225 0.01949999999999985 0.976048865601236 0.013658549853942607 0.9764728902832646 1.0066917417383179 0.983007194679509 -0.0069583290782729845
59770.82524910638 4.3225 0.01949999999999985 1.0124801573152638 0.013799730856037444 0.9764727018137269 1.0066916550632243 0.9830069203129191 0.02947323700234461
59770.8252650498 4.3225 0.01949999999999985 0.9697262931351464 0.013644621601706748 0.9764725136739018 1.006691568388131 0.9830066462782808 -0.013280353143134471
59770.825280993224 4.3225 0.01949999999999985 0.983272306583399 0.01368165883720552 0.9764723258635802 1.0066914817130375 0.9830063725753836 0.00026593400801544487
59770.825296936644 4.3225 0.01949999999999985 0.9697296318250861 0.013569919975880675 0.9764721383825756 1.006691395037944 0.9830060992040393 -0.01327646737895316
59770.82531288006 4.3225 0.01949999999999985 0.9569162787821445 0.013523412094153486 0.9764719512307667 1.00669130836289 0.9830058261641645 -0.026089547382020073
59770.825328823485 4.3225 0.01949999999999985 1.0105914364218032 0.013826791074543113 0.9764717644077077 1.0066912216877568 0.9830055534551947 0.027585882966608466
59770.8253447669 4.3225 0.01949999999999985 0.9794877027950682 0.013706179438222816 0.9764715779135372 1.006691135012703 0.9830052810774239 -0.00351757828235566
59770.825360710325 4.3225 0.01949999999999985 0.9861139184652514 0.013638603591561745 0.9764713917477249 1.00669104833757 0.9830050090301631 0.0031089094350883473
59770.82537665374 4.3225 0.01949999999999985 1.0073341437345196 0.013781866555525737 0.9764712059104089 1.006690961662516 0.9830047373137062 0.024329406420813382
59770.825392597166 4.3225 0.01949999999999985 0.9812749081500857 0.013650844481891852 0.9764710204010608 1.0066908749873829 0.9830044659273665 -0.001729557777280788
