eureka_custom_plots/data/stage5_lcfit_results/S5_wasp39b_ap4_bg8_Table_Save_ch39.txt
# %ECSV 1.0
# ---
# datatype:
# - {name: time, datatype: float64}
# - {name: wavelength, datatype: float64}
# - {name: bin_width, datatype: float64}
# - {name: lcdata, datatype: float64}
# - {name: lcerr, datatype: float64}
# - {name: transit, datatype: float64}
# - {name: polynom, datatype: float64}
# - {name: model, datatype: float64}
# - {name: residuals, datatype: float64}
# schema: astropy-2.0
time wavelength bin_width lcdata lcerr transit polynom model residuals
[from data line 3029]
59770.69231286978 4.514 0.019000000000000128 1.00368073341239 0.007939691088895058 1.0 1.0068404507371473 1.0068404507371473 -0.003159717324757283
59770.6923288132 4.514 0.019000000000000128 1.0054452080991263 0.007948960365505126 1.0 1.0068404032020843 1.0068404032020843 -0.0013951951029580467
59770.69234475662 4.514 0.019000000000000128 1.009668614263053 0.00795871608311559 1.0 1.0068403556670213 1.0068403556670213 0.002828258596031752
59770.692360700035 4.514 0.019000000000000128 1.005393414980387 0.00795138758548395 1.0 1.00684030813198 1.00684030813198 -0.001446893151593187
59770.69237664346 4.514 0.019000000000000128 1.0233653244251524 0.008004125088205243 1.0 1.0068402605968954 1.0068402605968954 0.016525063828257025
59770.69239258689 4.514 0.019000000000000128 1.0080090481021056 0.007955372007499321 1.0 1.0068402130618108 1.0068402130618108 0.0011688350402947467
59770.6924085303 4.514 0.019000000000000128 1.0170730181709258 0.007970877866048692 1.0 1.0068401655267694 1.0068401655267694 0.01023285264415641
59770.692424473724 4.514 0.019000000000000128 1.0063260045300253 0.007947924201977727 1.0 1.0068401179917064 1.0068401179917064 -0.000514113461681065
59770.692440417144 4.514 0.019000000000000128 1.0147961580492615 0.007962722709338862 1.0 1.0068400704566434 1.0068400704566434 0.007956087592618122
59770.692456360564 4.514 0.019000000000000128 1.0046841091666847 0.007933928858774366 1.0 1.0068400229215804 1.0068400229215804 -0.0021559137548956553
59770.69247230399 4.514 0.019000000000000128 0.9928528811127881 0.007929618093365261 1.0 1.0068399753864958 1.0068399753864958 -0.0139870942737077
59770.692488247405 4.514 0.019000000000000128 1.000471380384463 0.007935498236342124 1.0 1.0068399278514546 1.0068399278514546 -0.00636854746699167
59770.69250419083 4.514 0.019000000000000128 1.0062134454266978 0.007951543823302177 1.0 1.0068398803163698 1.0068398803163698 -0.0006264348896720673
59770.692520134246 4.514 0.019000000000000128 1.0101532651413598 0.007960214332265831 1.0 1.0068398327813286 1.0068398327813286 0.003313432360031232
59770.692536077666 4.514 0.019000000000000128 0.9968812680491778 0.007922742556537087 1.0 1.0068397852462656 1.0068397852462656 -0.009958517197087846
59770.69255202109 4.514 0.019000000000000128 1.004199574014201 0.00794094740766354 1.0 1.0068397377111808 1.0068397377111808 -0.002640163696979947
59770.69256796451 4.514 0.019000000000000128 1.0193351676555826 0.008014262167186769 1.0 1.0068396901761396 1.0068396901761396 0.012495477479443018
59770.692583907934 4.514 0.019000000000000128 1.0130996777927355 0.007975108764407149 1.0 1.0068396426410549 1.0068396426410549 0.00626003515168061
59770.69259985135 4.514 0.019000000000000128 1.0131201603277527 0.007971358795226102 1.0 1.0068395951060136 1.0068395951060136 0.006280565221739032
59770.692615794775 4.514 0.019000000000000128 1.0007860662885357 0.007950809278446064 1.0 1.0068395475709289 1.0068395475709289 -0.006053481282393136
59770.692631738195 4.514 0.019000000000000128 1.0004476939358138 0.007950894789139443 1.0 1.0068395000358659 1.0068395000358659 -0.006391806100052078
59770.69264768161 4.514 0.019000000000000128 0.9982138174485746 0.007955374343844827 1.0 1.0068394525008246 1.0068394525008246 -0.008625635052250002
59770.692663625035 4.514 0.019000000000000128 1.0095136386791377 0.007972543688551692 1.0 1.0068394049657399 1.0068394049657399 0.002674233713397811
59770.692679568456 4.514 0.019000000000000128 0.9937979950181794 0.007921913914694347 1.0 1.0068393574306769 1.0068393574306769 -0.013041362412497426
59770.692695511876 4.514 0.019000000000000128 1.0089225180740373 0.007943591491656151 1.0 1.0068393098956139 1.0068393098956139 0.0020832081784234457
59770.6927114553 4.514 0.019000000000000128 1.0179001876407439 0.007987190202279074 1.0 1.0068392623605509 1.0068392623605509 0.01106092528019298
59770.69272739872 4.514 0.019000000000000128 1.0089552006761584 0.007952368694305973 1.0 1.006839214825488 1.006839214825488 0.002115985850670299
59770.69274334214 4.514 0.019000000000000128 0.993539379257197 0.007912736522965239 1.0 1.006839167290425 1.006839167290425 -0.013299788033228066
59770.69275928556 4.514 0.019000000000000128 1.0102059650792876 0.007982728301220291 1.0 1.006839119755362 1.006839119755362 0.0033668453239255047
59770.69277522898 4.514 0.019000000000000128 0.9985676929254506 0.007942503572398976 1.0 1.0068390722202991 1.0068390722202991 -0.008271379294848558
59770.6927911724 4.514 0.019000000000000128 0.9974275495189167 0.007933858196713908 1.0 1.0068390246852361 1.0068390246852361 -0.00941147516631946
59770.69280711582 4.514 0.019000000000000128 1.004778043504812 0.007954404739641992 1.0 1.0068389771501731 1.0068389771501731 -0.002060933645361196
59770.69282305924 4.514 0.019000000000000128 0.9899018725409475 0.007930606768323677 1.0 1.0068389296151101 1.0068389296151101 -0.016937057074162598
59770.69283900266 4.514 0.019000000000000128 1.0125068907258592 0.007970147796540006 1.0 1.0068388820800471 1.0068388820800471 0.005668008645812073
59770.692854946086 4.514 0.019000000000000128 1.001688877168097 0.007946448288477946 1.0 1.0068388345449624 1.0068388345449624 -0.0051499573768654106
59770.6928708895 4.514 0.019000000000000128 1.0051215322979108 0.007957649506601938 1.0 1.0068387870099211 1.0068387870099211 -0.001717254712010341
59770.69288683292 4.514 0.019000000000000128 1.0005957555638638 0.007954740648607217 1.0 1.0068387394748581 1.0068387394748581 -0.006242983910994315
59770.69290277635 4.514 0.019000000000000128 1.0066448480642867 0.00797392350640943 1.0 1.0068386919397734 1.0068386919397734 -0.00019384387548671
59770.69291871976 4.514 0.019000000000000128 1.0061558442803282 0.007971694569308893 1.0 1.0068386444047321 1.0068386444047321 -0.000682800124403915
59770.69293466319 4.514 0.019000000000000128 1.0130725044401878 0.00798118532425374 1.0 1.0068385968696474 1.0068385968696474 0.006233907570540431
59770.6929506066 4.514 0.019000000000000128 1.0111618319519478 0.007966345383813475 1.0 1.0068385493346061 1.0068385493346061 0.004323282617341606
59770.69296655003 4.514 0.019000000000000128 1.0086106967990696 0.00796996232028034 1.0 1.0068385017995214 1.0068385017995214 0.0017721949995481712
59770.69298249345 4.514 0.019000000000000128 1.0063871076089903 0.007952254201319573 1.0 1.0068384542644586 1.0068384542644586 -0.0004513466554683099
59770.69299843686 4.514 0.019000000000000128 1.0260093416702971 0.008014116201065706 1.0 1.0068384067294172 1.0068384067294172 0.019170934940879958
59770.69301438029 4.514 0.019000000000000128 0.99136476251844 0.008840637254388216 1.0 1.0068383591943326 1.0068383591943326 -0.015473596675892654
59770.6930303237 4.514 0.019000000000000128 1.012058069958467 0.007954195122242078 1.0 1.0068383116592912 1.0068383116592912 0.0052197582991757585
59770.69304626713 4.514 0.019000000000000128 1.0074602806432191 0.007947579657614084 1.0 1.0068382641242066 1.0068382641242066 0.0006220165190125027
59770.69306221055 4.514 0.019000000000000128 1.0082695962338326 0.007969430773775597 1.0 1.0068382165891436 1.0068382165891436 0.0014313796446889793
59770.69307815397 4.514 0.019000000000000128 1.0119915097550396 0.007976811965329487 1.0 1.0068381690540806 1.0068381690540806 0.005153340700958964
59770.69309409739 4.514 0.019000000000000128 1.006926192286057 0.008925325958192126 1.0 1.0068381215190176 1.0068381215190176 8.807076703942762e-05
59770.693110040804 4.514 0.019000000000000128 1.01728227865182 0.007974577136042488 1.0 1.0068380739839764 1.0068380739839764 0.010444204667843682
59770.69312598423 4.514 0.019000000000000128 1.012226806598665 0.007981770910524127 1.0 1.0068380264488916 1.0068380264488916 0.005388780149773398
59770.69314192766 4.514 0.019000000000000128 1.000870179508053 0.00793368688457792 1.0 1.0068379789138069 1.0068379789138069 -0.005967799405753871
59770.69315787107 4.514 0.019000000000000128 1.0052121494311914 0.007953448101304906 1.0 1.0068379313787656 1.0068379313787656 -0.0016257819475742341
59770.69317381449 4.514 0.019000000000000128 1.0005142668022617 0.007939941059546114 1.0 1.0068378838437027 1.0068378838437027 -0.00632361704144091
59770.69318975791 4.514 0.019000000000000128 1.013953870968165 0.007974707391871907 1.0 1.0068378363086397 1.0068378363086397 0.007116034659525372
59770.69320570133 4.514 0.019000000000000128 1.020455837385422 0.007984063916256608 1.0 1.0068377887735767 1.0068377887735767 0.013618048611845346
59770.69322164476 4.514 0.019000000000000128 0.9980134196137034 0.007938500555737511 1.0 1.006837741238492 1.006837741238492 -0.008824321624788523
59770.69323758817 4.514 0.019000000000000128 1.0107822894176943 0.007987900045023442 1.0 1.0068376937034507 1.0068376937034507 0.003944595714243659
59770.6932535316 4.514 0.019000000000000128 1.0130447736151607 0.007979848691903964 1.0 1.0068376461683661 1.0068376461683661 0.006207127446794525
59770.693269475014 4.514 0.019000000000000128 1.017279015270184 0.007981406888542314 1.0 1.0068375986333247 1.0068375986333247 0.01044141663685938
59770.693285418434 4.514 0.019000000000000128 0.9977845796433439 0.007935447644398444 1.0 1.0068375510982617 1.0068375510982617 -0.009052971454917791
59770.69330136186 4.514 0.019000000000000128 0.992552421593268 0.007927326001699046 1.0 1.0068375035631771 1.0068375035631771 -0.014285081969909186
59770.69331730528 4.514 0.019000000000000128 0.998437050903876 0.007956155221300299 1.0 1.0068374560281141 1.0068374560281141 -0.00840040512423812
59770.6933332487 4.514 0.019000000000000128 1.0134750777734103 0.007986499170510942 1.0 1.0068374084930511 1.0068374084930511 0.0066376692803591375
59770.693349192115 4.514 0.019000000000000128 1.011877322303726 0.007980104864486377 1.0 1.00683736095801 1.00683736095801 0.00503996134571616
59770.69336513554 4.514 0.019000000000000128 1.0095719062781645 0.007975774378392798 1.0 1.0068373134229252 1.0068373134229252 0.0027345928552393595
59770.693381078956 4.514 0.019000000000000128 1.0047216201240867 0.00796138079937052 1.0 1.006837265887884 1.006837265887884 -0.0021156457637971915
59770.69339702238 4.514 0.019000000000000128 1.001322416905158 0.00795267658398535 1.0 1.0068372183527992 1.0068372183527992 -0.00551480144764116
59770.693412965804 4.514 0.019000000000000128 0.998602418688525 0.007926958107700164 1.0 1.0068371708177362 1.0068371708177362 -0.00823475212921121
59770.693428909224 4.514 0.019000000000000128 0.9967223698625538 0.00793209589628425 1.0 1.0068371232826732 1.0068371232826732 -0.01011475342011936
59770.693444852644 4.514 0.019000000000000128 0.9991858627796567 0.00794238101119626 1.0 1.0068370757476102 1.0068370757476102 -0.007651212967953458
59770.69346079606 4.514 0.019000000000000128 1.0147864114776446 0.00797542830178203 1.0 1.006837028212569 1.006837028212569 0.00794938326507566
59770.693476739485 4.514 0.019000000000000128 0.9998131309797063 0.007952549680254956 1.0 1.0068369806774842 1.0068369806774842 -0.0070238496977779175
59770.693492682905 4.514 0.019000000000000128 1.0094264172504048 0.007979185832150562 1.0 1.0068369331424212 1.0068369331424212 0.002589484107983653
59770.693508626326 4.514 0.019000000000000128 1.0099271423603322 0.00796307926696114 1.0 1.0068368856073582 1.0068368856073582 0.00309025675297403
59770.693524569746 4.514 0.019000000000000128 0.9964200262327175 0.007919801361790074 1.0 1.0068368380722952 1.0068368380722952 -0.010416811839577655
59770.693540513166 4.514 0.019000000000000128 1.018901749319722 0.008002912256750525 1.0 1.0068367905372322 1.0068367905372322 0.01206495878248992
59770.69355645659 4.514 0.019000000000000128 1.0096440200475612 0.007966055307290047 1.0 1.0068367430021692 1.0068367430021692 0.002807277045391965
59770.69357240001 4.514 0.019000000000000128 1.0091444768828008 0.007959875667216095 1.0 1.0068366954671062 1.0068366954671062 0.002307781415694654
59770.69358834343 4.514 0.019000000000000128 1.000718671171516 0.007937093627601904 1.0 1.0068366479320432 1.0068366479320432 -0.006117976760527277
59770.693604286855 4.514 0.019000000000000128 1.0042238328288093 0.007948554363524325 1.0 1.0068366003969587 1.0068366003969587 -0.002612767568149321
59770.69362023027 4.514 0.019000000000000128 0.9968808234202768 0.007923556773974733 1.0 1.0068365528619174 1.0068365528619174 -0.009955729441640582
59770.69363617369 4.514 0.019000000000000128 1.0091826283406014 0.007965011798938893 1.0 1.0068365053268544 1.0068365053268544 0.0023461230137469258
59770.693652117116 4.514 0.019000000000000128 1.0004199830888385 0.007957372678513123 1.0 1.0068364577917697 1.0068364577917697 -0.006416474702931163
59770.69366806053 4.514 0.019000000000000128 1.0037315479064586 0.007955976621725005 1.0 1.0068364102567284 1.0068364102567284 -0.0031048623502698547
59770.693684003956 4.514 0.019000000000000128 1.0185978610391995 0.007984678536712853 1.0 1.0068363627216437 1.0068363627216437 0.011761498317555796
59770.69369994737 4.514 0.019000000000000128 1.0049938014075428 0.007952513532253395 1.0 1.0068363151866024 1.0068363151866024 -0.0018425137790596402
59770.6937158908 4.514 0.019000000000000128 1.0061732394660832 0.007941906648987671 1.0 1.0068362676515177 1.0068362676515177 -0.000663028185434511
59770.69373183422 4.514 0.019000000000000128 0.9944382194391757 0.00792267937278399 1.0 1.0068362201164547 1.0068362201164547 -0.01239800067727903
59770.69374777763 4.514 0.019000000000000128 1.0115530083498037 0.007959996440566271 1.0 1.0068361725814134 1.0068361725814134 0.004716835768390215
59770.69376372106 4.514 0.019000000000000128 1.0078570107714946 0.00794317040882905 1.0 1.0068361250463287 1.0068361250463287 0.0010208857251658987
59770.69377966447 4.514 0.019000000000000128 1.00365682233265 0.007953867795223708 1.0 1.0068360775112875 1.0068360775112875 -0.0031792551786373746
59770.6937956079 4.514 0.019000000000000128 0.9981507445333667 0.007938448542203469 1.0 1.0068360299762027 1.0068360299762027 -0.008685285442835977
59770.69381155132 4.514 0.019000000000000128 1.0171928261372924 0.007978141469116047 1.0 1.0068359824411397 1.0068359824411397 0.010356843696152751
59770.69382749474 4.514 0.019000000000000128 1.0101409775207797 0.007963096950650063 1.0 1.0068359349060767 1.0068359349060767 0.003305042614702991
59770.69384343816 4.514 0.019000000000000128 1.0066798718055523 0.007952713619208254 1.0 1.0068358873710137 1.0068358873710137 -0.00015601556546140927
59770.69385938158 4.514 0.019000000000000128 1.0137134143162279 0.007978257776516364 1.0 1.006835839835951 1.006835839835951 0.006877574480276927
59770.693875325 4.514 0.019000000000000128 1.0199624662554838 0.00799952891429347 1.0 1.006835792300888 1.006835792300888 0.01312667395459588
59770.69389126843 4.514 0.019000000000000128 1.0105208400100756 0.007968904577959995 1.0 1.0068357447658032 1.0068357447658032 0.003685095244272407
59770.69390721184 4.514 0.019000000000000128 0.9980103484337887 0.007931740717741102 1.0 1.006835697230762 1.006835697230762 -0.008825348796973276
59770.69392315526 4.514 0.019000000000000128 0.986419319244831 0.007916216829294586 1.0 1.006835649695699 1.006835649695699 -0.020416330450867992
59770.69393909868 4.514 0.019000000000000128 1.0027802030927189 0.007974230315509527 1.0 1.006835602160636 1.006835602160636 -0.004055399067917076
59770.6939550421 4.514 0.019000000000000128 1.017920374535215 0.007983643336875419 1.0 1.006835554625573 1.006835554625573 0.011084819909642052
59770.69397098552 4.514 0.019000000000000128 1.002172958690367 0.007942892893643914 1.0 1.00683550709051 1.00683550709051 -0.004662548400143018
59770.69398692894 4.514 0.019000000000000128 1.0046749688452716 0.007968626897035227 1.0 1.006835459555447 1.006835459555447 -0.0021604907101753223
59770.69400287237 4.514 0.019000000000000128 1.0047284959255032 0.007954052278148091 1.0 1.0068354120203622 1.0068354120203622 -0.0021069160948590238
