eureka_custom_plots/data/stage5_lcfit_results/S5_wasp39b_ap4_bg8_Table_Save_ch42.txt
# %ECSV 1.0
# ---
# datatype:
# - {name: time, datatype: float64}
# - {name: wavelength, datatype: float64}
# - {name: bin_width, datatype: float64}
# - {name: lcdata, datatype: float64}
# - {name: lcerr, datatype: float64}
# - {name: transit, datatype: float64}
# - {name: polynom, datatype: float64}
# - {name: model, datatype: float64}
# - {name: residuals, datatype: float64}
# schema: astropy-2.0
time wavelength bin_width lcdata lcerr transit polynom model residuals
[from data line 10593]
59770.812908899614 4.629 0.018999999999999684 0.9863628440406104 0.0094310248481649 0.9779613900042633 1.0064056357320386 0.9842258544286288 0.00213698961198161
59770.81292484304 4.629 0.018999999999999684 0.9901377492250532 0.009398154005238862 0.9779610750609566 1.0064055764439597 0.9842254794864765 0.005912269738576614
59770.812940786454 4.629 0.018999999999999684 0.989681542121516 0.009434578516240981 0.9779607604720842 1.0064055171559347 0.9842251049011191 0.005456437220396904
59770.812956729875 4.629 0.018999999999999684 1.0010016530985888 0.009478457218996582 0.9779604462368446 1.006405457867883 0.9842247306716707 0.016776922426918084
59770.812972673295 4.629 0.018999999999999684 0.9882391799950545 0.009397377971840787 0.9779601323550198 1.0064053985798311 0.9842243567979381 0.004014823197116435
59770.812988616715 4.629 0.018999999999999684 0.9759791079082205 0.009386147439589435 0.9779598188262374 1.0064053392917793 0.9842239832795465 -0.00824487537132601
59770.813004560136 4.629 0.018999999999999684 0.9888715033145153 0.009403746125823297 0.9779595056501531 1.0064052800037273 0.9842236101161491 0.004647893198366226
59770.813020503556 4.629 0.018999999999999684 1.0059001693687644 0.009470395538660189 0.9779591928263958 1.0064052207156755 0.9842232373073727 0.02167693206139165
59770.813036446976 4.629 0.018999999999999684 0.9963412152737715 0.009454252956496446 0.9779588803546043 1.0064051614276237 0.9842228648528537 0.0121183504209178
59770.81305239039 4.629 0.018999999999999684 0.9797135776954286 0.009384092030815729 0.9779585682345623 1.0064051021395988 0.9842224927524005 -0.004508915056971929
59770.81306833381 4.629 0.018999999999999684 0.9691433674314898 0.009361337782556267 0.9779582564656207 1.006405042851547 0.9842221210053071 -0.015078753573817383
59770.81308427723 4.629 0.018999999999999684 0.9911448877329084 0.009403626455709684 0.9779579450475647 1.0064049835634952 0.9842217496113839 0.0069231381215245635
59770.81310022066 4.629 0.018999999999999684 0.9644192564396605 0.009328437374810861 0.9779576339798918 1.0064049242754163 0.9842213785700983 -0.01980212213043775
59770.81311616407 4.629 0.018999999999999684 0.986458786086473 0.009409357957646738 0.9779573232626751 1.0064048649873913 0.9842210078816033 0.0022377782048697004
59770.81313210749 4.629 0.018999999999999684 0.9866248204106908 0.009421236889728917 0.9779570128951166 1.0064048056993395 0.9842206375450163 0.0024041828656744535
59770.81314805091 4.629 0.018999999999999684 0.9896055802139637 0.0094178218324773 0.9779567028770211 1.0064047464112877 0.9842202675601674 0.00538531265379627
59770.81316399433 4.629 0.018999999999999684 0.9943398274368055 0.009438987864503097 0.9779563932080233 1.006404687123236 0.984219897926689 0.010119929510116532
59770.81317993775 4.629 0.018999999999999684 0.9739991457722715 0.009400988197161432 0.9779560838877674 1.006404627835184 0.9842195286442225 -0.010220382871950928
59770.81319588117 4.629 0.018999999999999684 0.9821176382042568 0.009394392258581817 0.9779557749158985 1.0064045685471321 0.984219159712411 -0.002101521508154236
59770.81321182459 4.629 0.018999999999999684 0.9679707555081273 0.00936233167733927 0.9779554662920618 1.0064045092590803 0.9842187911308975 -0.01624803562277022
59770.81322776801 4.629 0.018999999999999684 0.9839085667166685 0.009417853282669671 0.9779551580159035 1.0064044499710285 0.9842184228993256 -0.0003098561826571089
59770.813243711425 4.629 0.018999999999999684 0.977692109323756 0.009395163970695519 0.9779548500872127 1.0064043906830036 0.9842180550175095 -0.006525945693753421
59770.813259654846 4.629 0.018999999999999684 0.9876445007607442 0.009397096657692634 0.9779545425053519 1.0064043313949518 0.9842176874847546 0.003426813275989593
59770.813275598266 4.629 0.018999999999999684 0.9920070785423573 0.009423456928610853 0.9779542352701024 1.0064042721069 0.9842173203008674 0.007789758241489864
59770.813291541686 4.629 0.018999999999999684 0.9731680000324475 0.009367850318659597 0.9779539283811306 1.006404212818848 0.9842169534655117 -0.011048953433064224
59770.81330748511 4.629 0.018999999999999684 0.9664603923280282 0.009364198352921536 0.9779536218380769 1.0064041535307962 0.984216586978326 -0.017756194650297874
59770.81332342853 4.629 0.018999999999999684 0.9818074073608547 0.009404144322928612 0.9779533156405907 1.0064040942427444 0.9842162208389574 -0.0024088134781027337
59770.81333937195 4.629 0.018999999999999684 0.9800154708515687 0.009427177499625954 0.9779530097883226 1.0064040349546926 0.9842158550470538 -0.004200384195485074
59770.81335531536 4.629 0.018999999999999684 0.9982228893852508 0.009474479357541584 0.9779527042810647 1.0064039756666676 0.9842154896024324 0.014007399782818397
59770.81337125879 4.629 0.018999999999999684 0.9837596663272403 0.009404820546997733 0.9779523991180447 1.0064039163785887 0.9842151245042369 -0.0004554581769965482
59770.81338720221 4.629 0.018999999999999684 0.9722710594764675 0.00937828999644737 0.9779520942993384 1.006403857090537 0.9842147597526226 -0.0119437002761551
59770.81340314563 4.629 0.018999999999999684 0.9825040090068806 0.009405491293381344 0.9779517898244575 1.0064037978024851 0.9842143953470718 -0.0017103863401911612
59770.81341908904 4.629 0.018999999999999684 0.9979839150929157 0.00944451465358231 0.9779514856931869 1.0064037385144602 0.9842140312873939 0.013769883805521799
59770.81343503247 4.629 0.018999999999999684 0.9852345798956629 0.009411732560829467 0.9779511819047849 1.0064036792263813 0.9842136675727636 0.0010209123228992478
59770.81345097588 4.629 0.018999999999999684 0.992952811983286 0.009427584267061117 0.9779508784594334 1.0064036199383566 0.9842133042034695 0.008739507779816469
59770.8134669193 4.629 0.018999999999999684 0.9899700758379857 0.009443538458935478 0.9779505753563921 1.0064035606503046 0.984212941178687 0.005757134659298724
59770.81348286272 4.629 0.018999999999999684 0.9796702446942772 0.009417426385100966 0.9779502725954484 1.0064035013622528 0.9842125784982289 -0.004542333803951637
59770.81349880614 4.629 0.018999999999999684 0.9844316063226564 0.009435608484198358 0.9779499701762587 1.006403442074201 0.9842122161617489 0.00021939016090744
59770.81351474956 4.629 0.018999999999999684 1.0056394941488285 0.009477297061158463 0.9779496680984796 1.0064033827861492 0.9842118541689017 0.021427639979926805
59770.813530692976 4.629 0.018999999999999684 0.9825234585596574 0.009426246144495255 0.9779493663619083 1.0064033234981242 0.9842114925195092 -0.0016880339598518423
59770.813546636404 4.629 0.018999999999999684 0.9756793229554966 0.009366477047928347 0.9779490649657839 1.0064032642100453 0.9842111312127266 -0.00853180825722999
59770.813562579824 4.629 0.018999999999999684 0.9732393147362396 0.009365108808599698 0.9779487639101839 1.0064032049219935 0.9842107702487111 -0.010971455512471473
59770.813578523244 4.629 0.018999999999999684 0.9868640792144062 0.00945696322265996 0.9779484631946278 1.0064031456339417 0.9842104096269525 0.002653669587453722
59770.81359446666 4.629 0.018999999999999684 0.995160808455366 0.00943273856362411 0.9779481628189055 1.0064030863459168 0.9842100493472656 0.010950759108100394
59770.813610410085 4.629 0.018999999999999684 0.9746652695663435 0.00938858302302621 0.9779478627822781 1.006403027057838 0.9842096894088278 -0.00954441984248433
59770.8136263535 4.629 0.018999999999999684 0.9774658351835356 0.00936497158135085 0.977947563084953 1.0064029677698132 0.9842093298119533 -0.006743494628417723
59770.813642296926 4.629 0.018999999999999684 0.9954517818614101 0.00944497567004631 0.977947263726037 1.0064029084817343 0.9842089705556373 0.01124281130577287
59770.81365824034 4.629 0.018999999999999684 0.9817789360321181 0.009390348595439758 0.9779469647057463 1.0064028491937094 0.984208611640203 -0.0024296756080849358
59770.81367418376 4.629 0.018999999999999684 0.9831538110551135 0.009414520388728337 0.9779466660233282 1.0064027899056576 0.9842082530648139 -0.001054442009700396
59770.81369012718 4.629 0.018999999999999684 0.9941269178206724 0.009464140477219095 0.9779463676785844 1.0064027306176058 0.9842078948292965 0.009919022991375925
59770.81370607059 4.629 0.018999999999999684 0.9872886725213937 0.009447118183101118 0.9779460696713077 1.0064026713295808 0.9842075369334684 0.003081135587925332
59770.81372201402 4.629 0.018999999999999684 0.9796443722388789 0.010929292269054657 0.9779457720007749 1.006402612041502 0.984207179376523 -0.00456280713764412
59770.81373795743 4.629 0.018999999999999684 0.9661185080629451 0.00937889973958117 0.9779454746671675 1.0064025527534772 0.9842068221587484 -0.01808831409580336
59770.81375390086 4.629 0.018999999999999684 0.9852021876089925 0.0094339371591581 0.9779451776696264 1.0064024934653983 0.984206465279174 0.0009957223298184825
59770.81376984427 4.629 0.018999999999999684 0.9852161984981829 0.009388487046525174 0.9779448810083589 1.0064024341773734 0.9842061087381141 0.0010100897600687775
59770.8137857877 4.629 0.018999999999999684 0.9815092205151927 0.009390100502806541 0.9779445846824822 1.0064023748892945 0.9842057525345749 -0.0026965320193821363
59770.813801731114 4.629 0.018999999999999684 0.9804745699352042 0.00941081305984814 0.9779442886922122 1.0064023156012698 0.9842053966688791 -0.0037308267336748635
59770.813817674534 4.629 0.018999999999999684 0.9682183393942909 0.00936369628850307 0.9779439930368055 1.0064022563132178 0.9842050411401988 -0.015986701745907883
59770.813833617955 4.629 0.018999999999999684 0.9909799057172938 0.009421898166387766 0.9779436977160674 1.006402197025166 0.984204685948365 0.0067752197689288085
59770.81384956138 4.629 0.018999999999999684 0.980594825845109 0.00938110289550846 0.9779434027295303 1.006402137737087 0.9842043310928804 -0.003609505247771372
59770.813865504795 4.629 0.018999999999999684 0.9755465102335497 0.009377748616100074 0.9779431080772729 1.0064020784490624 0.9842039765739035 -0.008657466340353803
59770.81388144821 4.629 0.018999999999999684 0.9719960136598209 0.009391102082704507 0.9779428137586835 1.0064020191610374 0.9842036223907655 -0.012207608730944619
59770.813897391636 4.629 0.018999999999999684 0.9806711458056578 0.009376668096491647 0.977942519773178 1.0064019598729586 0.9842032685428259 -0.0035321227371680752
59770.81391333505 4.629 0.018999999999999684 0.9903190192089574 0.009412808996237547 0.9779422261209628 1.0064019005849338 0.9842029150303981 0.006116104178559234
59770.813929278476 4.629 0.018999999999999684 0.9680052635362779 0.009358776941050265 0.9779419328011661 1.006401841296855 0.9842025618524988 -0.016197298316220854
59770.81394522189 4.629 0.018999999999999684 0.9843714551841763 0.00942500396172333 0.9779416398140032 1.00640178200883 0.9842022090094502 0.00016924617472613424
59770.81396116532 4.629 0.018999999999999684 0.9831826232771314 0.009390267981829067 0.9779413471586043 1.0064017227207511 0.9842018565002715 -0.0010192332231401258
59770.81397710873 4.629 0.018999999999999684 0.9815306126929897 0.009441276896323032 0.9779410548351846 1.0064016634327264 0.9842015043252849 -0.0026708916322951692
59770.81399305215 4.629 0.018999999999999684 0.9698777601658543 0.0093833004036893 0.9779407628430118 1.0064016041446744 0.9842011524836737 -0.014323392317819428
59770.81400899557 4.629 0.018999999999999684 0.9905312273100373 0.009425263757886607 0.9779404711818956 1.0064015448566226 0.9842008009752732 0.0063304263347641054
59770.81402493899 4.629 0.018999999999999684 0.9906120636674386 0.009455995920234278 0.9779401798515028 1.0064014855685708 0.9842004497997477 0.006411613867690846
59770.81404088241 4.629 0.018999999999999684 0.9826537768019065 0.009408545144646988 0.9779398888515256 1.006401426280519 0.9842000989567876 -0.0015463221548811523
59770.81405682583 4.629 0.018999999999999684 0.987689645555441 0.00942696225469432 0.9779395981816316 1.006401366992467 0.9841997484460578 0.0034898971093831888
59770.81407276925 4.629 0.018999999999999684 0.9838500440306389 0.009384886389774664 0.9779393078414974 1.0064013077044152 0.9841993982672336 -0.0003493542365946567
59770.814088712665 4.629 0.018999999999999684 0.9794176006431965 0.009394339967857723 0.9779390178309343 1.0064012484163904 0.9841990484201509 -0.0047814477769544395
59770.81410465609 4.629 0.018999999999999684 0.9981206242541066 0.009459053336510762 0.9779387281492176 1.0064011891283116 0.9841986989040011 0.013921925350105502
59770.814120599505 4.629 0.018999999999999684 0.9747840652956786 0.009369687887840617 0.9779384387965616 1.0064011298402866 0.9841983497191056 -0.009414284423426955
59770.81413654293 4.629 0.018999999999999684 0.9789606440537979 0.009394713172467272 0.9779381497721099 1.0064010705522077 0.9841980008644967 -0.005237356810698812
59770.814152486346 4.629 0.018999999999999684 0.9972479725333165 0.00942005635827545 0.9779378610760678 1.006401011264183 0.9841976523404868 0.0130503201928297
59770.814168429766 4.629 0.018999999999999684 0.9872961883471745 0.00943561486045886 0.9779375727077314 1.006400951976131 0.9841973041462877 0.0030988842008867756
59770.81418437319 4.629 0.018999999999999684 0.9791478280503441 0.009393424650952085 0.9779372846669062 1.0064008926880792 0.9841969562817307 -0.00504912823138659
59770.81420031661 4.629 0.018999999999999684 0.9801709026199508 0.009430322822986992 0.9779369969532731 1.0064008334000274 0.9841966087464941 -0.004025706126543294
59770.81421626003 4.629 0.018999999999999684 0.9881713762835362 0.009401487074389443 0.9779367095665136 1.0064007741119756 0.9841962615402575 0.003975114743278718
59770.81423220345 4.629 0.018999999999999684 0.9806542570674363 0.009409545408440953 0.9779364225063095 1.0064007148239236 0.9841959146627004 -0.003541657595264147
59770.81424814687 4.629 0.018999999999999684 0.9920714311510597 0.009422632654772927 0.9779361357723436 1.0064006555358718 0.984195568113504 0.00787586303755572
59770.81426409029 4.629 0.018999999999999684 0.9869863742062763 0.009430824814484231 0.9779358493642989 1.00640059624782 0.9841952218923486 0.0027911523139276806
59770.8142800337 4.629 0.018999999999999684 0.9835678443883396 0.009415514417792035 0.9779355632819912 1.006400536959795 0.9841948759990755 -0.0006270316107359619
59770.81429597713 4.629 0.018999999999999684 0.9789895595271154 0.009415598945078716 0.9779352775247077 1.0064004776717161 0.9841945304328881 -0.0052049709057726545
59770.81431192055 4.629 0.018999999999999684 0.9828065178747525 0.009407633677387317 0.97793499209253 1.0064004183836643 0.9841941851939476 -0.0013876673191951516
59770.81432786396 4.629 0.018999999999999684 0.9856085789303447 0.00941707326204204 0.9779347069851345 1.0064003590956396 0.9841938402819285 0.001414738648416236
59770.81434380738 4.629 0.018999999999999684 0.9750988351115425 0.009389259391128994 0.9779344222019597 1.0064002998075876 0.9841934956962122 -0.009094660584669678
59770.8143597508 4.629 0.018999999999999684 1.0039532633784356 0.009490797896671935 0.9779341377428156 1.0064002405195358 0.9841931514366344 0.01976011194180116
59770.81437569422 4.629 0.018999999999999684 0.9790576042647567 0.009386097667137178 0.9779338536073887 1.006400181231484 0.9841928075028795 -0.005135203238122776
59770.81439163764 4.629 0.018999999999999684 0.971007976242916 0.009370468957365069 0.9779335697953665 1.0064001219434322 0.9841924638946328 -0.013184487651716759
59770.81440758106 4.629 0.018999999999999684 0.9926884380508328 0.00943407061405461 0.9779332863064366 1.0064000626553802 0.9841921206115797 0.008496317439253165
59770.81442352448 4.629 0.018999999999999684 1.000887539912004 0.009487494531657684 0.9779330031402875 1.0064000033673284 0.9841917776534069 0.016695762258597147
59770.814439467904 4.629 0.018999999999999684 0.9669235544524744 0.010841163157262882 0.9779327202966082 1.0063999440792766 0.9841914350198012 -0.017267880567326865
