eureka_custom_plots/data/stage5_lcfit_results/S5_wasp39b_ap4_bg8_Table_Save_ch57.txt
# %ECSV 1.0
# ---
# datatype:
# - {name: time, datatype: float64}
# - {name: wavelength, datatype: float64}
# - {name: bin_width, datatype: float64}
# - {name: lcdata, datatype: float64}
# - {name: lcerr, datatype: float64}
# - {name: transit, datatype: float64}
# - {name: polynom, datatype: float64}
# - {name: model, datatype: float64}
# - {name: residuals, datatype: float64}
# schema: astropy-2.0
time wavelength bin_width lcdata lcerr transit polynom model residuals
[from data line 3469]
59770.699327974835 5.204 0.019000000000000128 1.0130351125588533 0.011766080930398198 1.0 1.0068537432346958 1.0068537432346958 0.006181369324157471
59770.69934391826 5.204 0.019000000000000128 0.9997273184106578 0.011759834432692828 1.0 1.0068536842012257 1.0068536842012257 -0.007126365790567912
59770.699359861675 5.204 0.019000000000000128 1.0197970263875962 0.011815105690501785 1.0 1.0068536251678095 1.0068536251678095 0.012943401219786654
59770.6993758051 5.204 0.019000000000000128 1.0032983978576395 0.011802615752390852 1.0 1.0068535661343394 1.0068535661343394 -0.0035551682766998827
59770.699391748516 5.204 0.019000000000000128 1.0127904220093478 0.011820366964604439 1.0 1.0068535071009233 1.0068535071009233 0.005936914908424518
59770.699407691936 5.204 0.019000000000000128 1.011151987518556 0.011833368974987516 1.0 1.00685344806748 1.00685344806748 0.0042985394510759445
59770.699423635364 5.204 0.019000000000000128 1.0307583956385424 0.011823510230496213 1.0 1.00685338903401 1.00685338903401 0.02390500660453254
59770.69943957878 5.204 0.019000000000000128 0.983801661311903 0.011709428912877707 1.0 1.0068533300005937 1.0068533300005937 -0.023051668688690685
59770.699455522205 5.204 0.019000000000000128 1.0050858089504133 0.011775972628310335 1.0 1.0068532709671236 1.0068532709671236 -0.0017674620167102972
59770.69947146562 5.204 0.019000000000000128 0.997999512476128 0.011756913674269717 1.0 1.0068532119337075 1.0068532119337075 -0.008853699457579522
59770.699487409045 5.204 0.019000000000000128 1.001159017287596 0.011746819233518812 1.0 1.0068531529002374 1.0068531529002374 -0.005694135612641427
59770.69950335246 5.204 0.019000000000000128 0.9987126255080496 0.0117373299512396 1.0 1.0068530938668212 1.0068530938668212 -0.00814046835877158
59770.69951929588 5.204 0.019000000000000128 1.0104394809086146 0.011780547634905407 1.0 1.006853034833378 1.006853034833378 0.0035864460752366156
59770.699535239306 5.204 0.019000000000000128 1.0138838194212492 0.011827947786740015 1.0 1.0068529757999078 1.0068529757999078 0.007030843621341321
59770.699551182726 5.204 0.019000000000000128 1.0047182971897897 0.011816073719145035 1.0 1.0068529167664648 1.0068529167664648 -0.0021346195766751563
59770.69956712615 5.204 0.019000000000000128 1.0101958114634988 0.011759951091268732 1.0 1.0068528577330216 1.0068528577330216 0.003342953730477216
59770.69958306956 5.204 0.019000000000000128 1.0085181181963487 0.011794779530739584 1.0 1.0068527986996054 1.0068527986996054 0.0016653194967433116
59770.69959901299 5.204 0.019000000000000128 0.9977595379859618 0.01174986042117684 1.0 1.0068527396661353 1.0068527396661353 -0.009093201680173468
59770.69961495641 5.204 0.019000000000000128 1.0333478623348384 0.011885895796142168 1.0 1.006852680632692 1.006852680632692 0.026495181702146375
59770.69963089983 5.204 0.019000000000000128 0.9836718922795996 0.01170603282504939 1.0 1.006852621599249 1.006852621599249 -0.02318072931964943
59770.69964684325 5.204 0.019000000000000128 1.0006857442480055 0.011724810542026171 1.0 1.0068525625658058 1.0068525625658058 -0.006166818317800304
59770.69966278667 5.204 0.019000000000000128 1.0123790529816947 0.011748721373718742 1.0 1.0068525035323628 1.0068525035323628 0.005526549449331952
59770.69967873009 5.204 0.019000000000000128 1.012608735145512 0.011809050537561244 1.0 1.0068524444989195 1.0068524444989195 0.0057562906465924435
59770.6996946735 5.204 0.019000000000000128 0.9982099504049352 0.01175423271974042 1.0 1.0068523854655034 1.0068523854655034 -0.008642435060568165
59770.69971061693 5.204 0.019000000000000128 1.008084592862634 0.011780722701415277 1.0 1.0068523264320333 1.0068523264320333 0.0012322664306008146
59770.69972656035 5.204 0.019000000000000128 1.0032976385142618 0.011772875720223449 1.0 1.00685226739859 1.00685226739859 -0.003554628884328226
59770.69974250377 5.204 0.019000000000000128 1.0014779434677097 0.011724705692807608 1.0 1.006852208365147 1.006852208365147 -0.005374264897437309
59770.69975844719 5.204 0.019000000000000128 1.0178741305758172 0.011817730437658798 1.0 1.0068521493317037 1.0068521493317037 0.011021981244113466
59770.69977439061 5.204 0.019000000000000128 1.011086262870009 0.01173239946671888 1.0 1.0068520902982607 1.0068520902982607 0.004234172571748296
59770.69979033403 5.204 0.019000000000000128 1.0218554944574245 0.011789608601571933 1.0 1.0068520312648175 1.0068520312648175 0.015003463192607036
59770.69980627745 5.204 0.019000000000000128 1.0043896745149077 0.011774271964913041 1.0 1.0068519722313742 1.0068519722313742 -0.002462297716466555
59770.69982222087 5.204 0.019000000000000128 1.0096602488680226 0.011789868079110349 1.0 1.0068519131979312 1.0068519131979312 0.002808335670091422
59770.6998381643 5.204 0.019000000000000128 1.0055853087625388 0.011806262660099777 1.0 1.006851854164461 1.006851854164461 -0.001266545401922281
59770.69985410771 5.204 0.019000000000000128 0.9969764690210977 0.011775712467568622 1.0 1.006851795131045 1.006851795131045 -0.009875326109947236
59770.69987005113 5.204 0.019000000000000128 1.0013838436007751 0.011757544848010028 1.0 1.0068517360976017 1.0068517360976017 -0.005467892496826554
59770.69988599456 5.204 0.019000000000000128 1.0009390226712465 0.011733038409744169 1.0 1.0068516770641316 1.0068516770641316 -0.0059126543928851305
59770.69990193797 5.204 0.019000000000000128 1.015625977386999 0.011809015969182638 1.0 1.0068516180307154 1.0068516180307154 0.008774359356283457
59770.6999178814 5.204 0.019000000000000128 1.0087620183944526 0.011777674070487642 1.0 1.0068515589972453 1.0068515589972453 0.0019104593972072426
59770.69993382481 5.204 0.019000000000000128 1.019838335133904 0.011846568364369987 1.0 1.0068514999638292 1.0068514999638292 0.012986835170074817
59770.69994976824 5.204 0.019000000000000128 1.0140337824232037 0.011777136549563583 1.0 1.006851440930359 1.006851440930359 0.0071823414928446905
59770.699965711654 5.204 0.019000000000000128 1.0210579625986782 0.011804904266037454 1.0 1.006851381896943 1.006851381896943 0.014206580701735305
59770.699981655074 5.204 0.019000000000000128 0.9981086230139101 0.011815039165051127 1.0 1.0068513228634997 1.0068513228634997 -0.00874269984958953
59770.6999975985 5.204 0.019000000000000128 0.9999615370578426 0.011754923713689627 1.0 1.0068512638300295 1.0068512638300295 -0.00688972677218691
59770.70001354192 5.204 0.019000000000000128 0.9793981277201477 0.011711153000855054 1.0 1.0068512047965865 1.0068512047965865 -0.027453077076438848
59770.70002948534 5.204 0.019000000000000128 1.014805427625476 0.01177085949970935 1.0 1.0068511457631433 1.0068511457631433 0.007954281862332824
59770.700045428755 5.204 0.019000000000000128 1.0024516294367771 0.011777485901391462 1.0 1.0068510867297271 1.0068510867297271 -0.004399457292949993
59770.70006137218 5.204 0.019000000000000128 1.0092084358793747 0.011757746966721633 1.0 1.006851027696257 1.006851027696257 0.002357408183117693
59770.7000773156 5.204 0.019000000000000128 0.9928558294556555 0.011737188794481488 1.0 1.0068509686628138 1.0068509686628138 -0.013995139207158225
59770.70009325902 5.204 0.019000000000000128 1.0047956848046133 0.011735488447086481 1.0 1.0068509096293707 1.0068509096293707 -0.0020552248247573957
59770.700109202444 5.204 0.019000000000000128 0.9990772575742318 0.011771519469631798 1.0 1.0068508505959275 1.0068508505959275 -0.007773593021695668
59770.700125145864 5.204 0.019000000000000128 1.0047581680373734 0.011778235220778458 1.0 1.0068507915624845 1.0068507915624845 -0.0020926235251110814
59770.700141089284 5.204 0.019000000000000128 1.0168656764241872 0.011810598409550623 1.0 1.0068507325290412 1.0068507325290412 0.010014943895146011
59770.700157032705 5.204 0.019000000000000128 1.0108368479010112 0.0117496104515764 1.0 1.006850673495598 1.006850673495598 0.0039861744054132675
59770.700172976125 5.204 0.019000000000000128 0.9903436756766885 0.011757737453244392 1.0 1.006850614462155 1.006850614462155 -0.016506938785466496
59770.700188919545 5.204 0.019000000000000128 1.0128810062689515 0.011786735166831177 1.0 1.0068505554287117 1.0068505554287117 0.006030450840239787
59770.700204862966 5.204 0.019000000000000128 1.0190457068998877 0.011802203811990267 1.0 1.0068504963952687 1.0068504963952687 0.012195210504619025
59770.700220806386 5.204 0.019000000000000128 1.0395620509326051 0.01186617621828815 1.0 1.0068504373618254 1.0068504373618254 0.032711613570779674
59770.700236749806 5.204 0.019000000000000128 1.0153182789693296 0.011810414073102283 1.0 1.0068503783283824 1.0068503783283824 0.008467900640947157
59770.70025269323 5.204 0.019000000000000128 0.9975133653446754 0.011751948011963418 1.0 1.0068503192949392 1.0068503192949392 -0.009336953950263793
59770.70026863665 5.204 0.019000000000000128 0.995516499168066 0.011761888171736287 1.0 1.006850260261496 1.006850260261496 -0.011333761093429984
59770.70028458007 5.204 0.019000000000000128 1.0153629577646752 0.01182656323348696 1.0 1.006850201228053 1.006850201228053 0.008512756536622312
59770.700300523495 5.204 0.019000000000000128 1.0004061634010293 0.01173917133537629 1.0 1.0068501421945828 1.0068501421945828 -0.0064439787935535175
59770.70031646691 5.204 0.019000000000000128 1.0042439486707573 0.011799150828893039 1.0 1.0068500831611666 1.0068500831611666 -0.002606134490409362
59770.70033241033 5.204 0.019000000000000128 1.012827059012448 0.01183835377490642 1.0 1.0068500241277234 1.0068500241277234 0.005977034884724564
59770.700348353756 5.204 0.019000000000000128 0.9972898703129918 0.011749030892158983 1.0 1.0068499650942533 1.0068499650942533 -0.009560094781261519
59770.70036429717 5.204 0.019000000000000128 1.004913265989813 0.011760421840658484 1.0 1.0068499060608371 1.0068499060608371 -0.0019366400710241205
59770.700380240596 5.204 0.019000000000000128 1.0382502772256645 0.011854694443585537 1.0 1.006849847027367 1.006849847027367 0.031400430198297524
59770.70039618401 5.204 0.019000000000000128 0.9980331717272533 0.01175831465250889 1.0 1.0068497879939509 1.0068497879939509 -0.008816616266697608
59770.70041212744 5.204 0.019000000000000128 1.0274069894939402 0.011847207471424035 1.0 1.0068497289604807 1.0068497289604807 0.02055726053345941
59770.70042807085 5.204 0.019000000000000128 0.9973874754152448 0.0117492277463309 1.0 1.0068496699270646 1.0068496699270646 -0.009462194511819844
59770.70044401427 5.204 0.019000000000000128 1.0305418872350829 0.01182945162739316 1.0 1.0068496108936213 1.0068496108936213 0.023692276341461538
59770.7004599577 5.204 0.019000000000000128 0.9964166527467199 0.011792640927934672 1.0 1.0068495518601512 1.0068495518601512 -0.010432899113431371
59770.70047590111 5.204 0.019000000000000128 1.0006797183988883 0.011768688389052718 1.0 1.006849492826735 1.006849492826735 -0.00616977442784683
59770.70049184454 5.204 0.019000000000000128 0.9993393768419729 0.011730726058175761 1.0 1.006849433793265 1.006849433793265 -0.007510056951292032
59770.70050778795 5.204 0.019000000000000128 0.9972578231416824 0.01175748201897519 1.0 1.0068493747598488 1.0068493747598488 -0.009591551618166383
59770.70052373138 5.204 0.019000000000000128 1.0135918829193151 0.011801267696694906 1.0 1.0068493157263787 1.0068493157263787 0.006742567192936422
59770.7005396748 5.204 0.019000000000000128 1.0104870103899903 0.01179781901682126 1.0 1.0068492566929355 1.0068492566929355 0.0036377536970548796
59770.70055561822 5.204 0.019000000000000128 1.0135129649348757 0.01175681901316461 1.0 1.0068491976594924 1.0068491976594924 0.006663767275383314
59770.70057156164 5.204 0.019000000000000128 1.0046626894483726 0.011781618212435445 1.0 1.0068491386260492 1.0068491386260492 -0.0021864491776766304
59770.70058750506 5.204 0.019000000000000128 1.0009495396584538 0.011783163124441096 1.0 1.0068490795926062 1.0068490795926062 -0.005899539934152376
59770.70060344848 5.204 0.019000000000000128 1.0081979190813724 0.011782954394985702 1.0 1.006849020559163 1.006849020559163 0.0013488985222094296
59770.7006193919 5.204 0.019000000000000128 1.0079817673904294 0.011757457240137175 1.0 1.00684896152572 1.00684896152572 0.0011328058647095407
59770.70063533532 5.204 0.019000000000000128 1.0087781936999607 0.011765904111872923 1.0 1.0068489024922767 1.0068489024922767 0.0019292912076840363
59770.70065127874 5.204 0.019000000000000128 0.9898829613261716 0.011727499899984308 1.0 1.0068488434588334 1.0068488434588334 -0.016965882132661814
59770.70066722216 5.204 0.019000000000000128 0.9980588211051062 0.011767802008689944 1.0 1.0068487844253904 1.0068487844253904 -0.008789963320284144
59770.70068316558 5.204 0.019000000000000128 1.0121259192405794 0.011834769908450626 1.0 1.0068487253919471 1.0068487253919471 0.005277193848632233
59770.700699109 5.204 0.019000000000000128 1.0251389934677593 0.011794337464662975 1.0 1.0068486663585041 1.0068486663585041 0.018290327109255156
59770.70071505242 5.204 0.019000000000000128 1.0182273227086793 0.011829555899392283 1.0 1.0068486073250609 1.0068486073250609 0.011378715383618454
59770.70073099584 5.204 0.019000000000000128 1.0103921874037236 0.011777211304265294 1.0 1.0068485482916179 1.0068485482916179 0.0035436391121057564
59770.70074693926 5.204 0.019000000000000128 1.0094400197106161 0.011788569304976355 1.0 1.0068484892581746 1.0068484892581746 0.0025915304524415372
59770.70076288269 5.204 0.019000000000000128 1.0022706595126862 0.0117584137054368 1.0 1.0068484302247045 1.0068484302247045 -0.004577770712018259
59770.7007788261 5.204 0.019000000000000128 0.9882008208500884 0.01171407657681857 1.0 1.0068483711912883 1.0068483711912883 -0.018647550341199914
59770.700794769524 5.204 0.019000000000000128 0.990100498300115 0.011736513657829264 1.0 1.006848312157845 1.006848312157845 -0.016747813857730054
59770.70081071295 5.204 0.019000000000000128 1.014821788502231 0.011785251900334795 1.0 1.006848253124375 1.006848253124375 0.007973535377856056
59770.700826656364 5.204 0.019000000000000128 0.9943275980617771 0.011739293243045873 1.0 1.0068481940909588 1.0068481940909588 -0.012520596029181763
59770.70084259979 5.204 0.019000000000000128 0.9984866903420516 0.011724087407707038 1.0 1.0068481350574887 1.0068481350574887 -0.008361444715437094
59770.700858543205 5.204 0.019000000000000128 0.994182502342976 0.011714926141790392 1.0 1.0068480760240726 1.0068480760240726 -0.012665573681096554
59770.70087448663 5.204 0.019000000000000128 1.0096939663999287 0.01286796349122327 1.0 1.0068480169906024 1.0068480169906024 0.002845949409326254
59770.70089043005 5.204 0.019000000000000128 1.0070054562999282 0.011801239905932017 1.0 1.0068479579571594 1.0068479579571594 0.0001574983427687915
59770.700906373466 5.204 0.019000000000000128 1.0017608117167633 0.011737094110286422 1.0 1.006847898923743 1.006847898923743 -0.005087087206979701
59770.70092231689 5.204 0.019000000000000128 1.0138117324729947 0.011777767046316924 1.0 1.006847839890273 1.006847839890273 0.006963892582721787
59770.70093826031 5.204 0.019000000000000128 0.991812874912015 0.011741717412616984 1.0 1.0068477808568568 1.0068477808568568 -0.015034905944841803
59770.700954203734 5.204 0.019000000000000128 0.990890221020364 0.011694890632158788 1.0 1.0068477218233867 1.0068477218233867 -0.015957500803022717
59770.70097014715 5.204 0.019000000000000128 0.9932042820183752 0.011739503457898638 1.0 1.0068476627899705 1.0068476627899705 -0.013643380771595326
59770.700986090575 5.204 0.019000000000000128 1.005617364282281 0.011783676494203948 1.0 1.0068476037565004 1.0068476037565004 -0.0012302394742194078
59770.701002033995 5.204 0.019000000000000128 1.0076283565593949 0.011784129507832931 1.0 1.0068475447230574 1.0068475447230574 0.0007808118363374916
59770.701017977415 5.204 0.019000000000000128 0.9944736201497668 0.011740674536795068 1.0 1.0068474856896141 1.0068474856896141 -0.012373865539847317
