eureka_custom_plots/data/stage5_lcfit_results/S5_wasp39b_ap4_bg8_Table_Save_ch15.txt
# %ECSV 1.0
# ---
# datatype:
# - {name: time, datatype: float64}
# - {name: wavelength, datatype: float64}
# - {name: bin_width, datatype: float64}
# - {name: lcdata, datatype: float64}
# - {name: lcerr, datatype: float64}
# - {name: transit, datatype: float64}
# - {name: polynom, datatype: float64}
# - {name: model, datatype: float64}
# - {name: residuals, datatype: float64}
# schema: astropy-2.0
time wavelength bin_width lcdata lcerr transit polynom model residuals
[from data line 15682]
59770.89404496055 3.5940000000000003 0.018999999999999906 1.0059072730471674 0.005397466754829577 0.9994726553925205 1.0059776941980798 1.0054471972858 0.0004600757613675288
59770.894060903964 3.5940000000000003 0.018999999999999906 0.9996610680838702 0.005392867172738293 0.9994826134186242 1.0059776121346269 1.005457132816944 -0.0057960647330737025
59770.894076847384 3.5940000000000003 0.018999999999999906 1.0017394375439148 0.005393251664082293 0.9994925065282609 1.0059775300711364 1.005467003041909 -0.003727565497994245
59770.894092790804 3.5940000000000003 0.018999999999999906 1.0158009048815009 0.00540330037743047 0.9995023342919376 1.0059774480076458 1.0054768075286882 0.0103240973528127
59770.894108734225 3.5940000000000003 0.018999999999999906 1.0112576420760833 0.005402819940004783 0.9995120962783344 1.0059773659441553 1.0054865458433997 0.00577109623268357
59770.89412467764 3.5940000000000003 0.018999999999999906 1.0080007640349509 0.0054075786019522195 0.9995217920432711 1.0059772838807024 1.005496217539262 0.002504546495688764
59770.894140621065 3.5940000000000003 0.018999999999999906 1.0114872031398496 0.0054075308368435005 0.9995314211526701 1.0059772018171744 1.0055058221795068 0.005981380960342841
59770.89415656448 3.5940000000000003 0.018999999999999906 1.0096347036508309 0.005404107076397428 0.9995409831340167 1.0059771197537213 1.005515359288961 0.004119344361869892
59770.894172507906 3.5940000000000003 0.018999999999999906 1.0096818242778132 0.005398834536608934 0.9995504775408909 1.0059770376901933 1.0055248284184035 0.004156995859409651
59770.89418845132 3.5940000000000003 0.018999999999999906 1.0152974493015425 0.005424667719972362 0.9995599038841132 1.0059769556267404 1.0055342290758975 0.00976322022564502
59770.89420439474 3.5940000000000003 0.018999999999999906 1.0030893619569001 0.005387797995129631 0.9995692616952194 1.00597687356325 1.005543560790083 -0.0024541988331827636
59770.89422033816 3.5940000000000003 0.018999999999999906 1.0032030122872924 0.005388045391035289 0.999578550480121 1.0059767914997593 1.0055528230639723 -0.0023498107766799503
59770.89423628157 3.5940000000000003 0.018999999999999906 1.0124989818656454 0.005412558051214727 0.9995877697345167 1.0059767094363063 1.0055620153903053 0.006936966475340034
59770.89425222499 3.5940000000000003 0.018999999999999906 1.0035941886771083 0.00538536540362261 0.9995969189570167 1.005976627372816 1.0055711372646376 -0.0019769485875293924
59770.89426816841 3.5940000000000003 0.018999999999999906 0.9982014311100492 0.005383565146251979 0.9996059976239811 1.0059765453093255 1.0055801881602542 -0.007378757050204965
59770.89428411183 3.5940000000000003 0.018999999999999906 1.009063882041342 0.006628032143174231 0.9996150052043823 1.0059764632458348 1.0055891675429711 0.00347471449837089
59770.89430005525 3.5940000000000003 0.018999999999999906 1.0098224810616352 0.005408128089860443 0.9996239411572228 1.0059763811823443 1.0055980748685756 0.004224406193059638
59770.894315998674 3.5940000000000003 0.018999999999999906 1.0019113414937972 0.005383780947912313 0.9996328049292886 1.005976299118854 1.005606909580565 -0.003695568086767853
59770.89433194209 3.5940000000000003 0.018999999999999906 1.0160313314218108 0.005422023134087866 0.9996415959514409 1.0059762170554007 1.005615671106454 0.0104156603153569
59770.89434788551 3.5940000000000003 0.018999999999999906 1.005864243482616 0.0053921268017588135 0.9996503136551393 1.0059761349919103 1.005624358874248 0.00023988460836799064
59770.89436382893 3.5940000000000003 0.018999999999999906 1.002976161521313 0.005395709035424578 0.9996589574460135 1.0059760529284199 1.00563297228608 -0.0026568107647668704
59770.89437977235 3.5940000000000003 0.018999999999999906 1.0007410653352442 0.005389629477186188 0.999667526720415 1.0059759708649294 1.0056415107347123 -0.004900445399468101
59770.89439571577 3.5940000000000003 0.018999999999999906 0.996156757607864 0.005370786476532144 0.9996760208615125 1.005975888801439 1.0056499735996458 -0.009493215991781767
59770.89441165918 3.5940000000000003 0.018999999999999906 1.013342397600238 0.005404470080639958 0.9996844392330938 1.0059758067379858 1.0056583602409226 0.007684037359315443
59770.89442760261 3.5940000000000003 0.018999999999999906 1.010180464518351 0.0054101162490225166 0.9996927812002981 1.0059757246744578 1.005666670019794 0.004513794498556933
59770.89444354602 3.5940000000000003 0.018999999999999906 1.0023225013327524 0.0053917854616304045 0.9997010460846635 1.005975642611005 1.005674902253913 -0.0033524009211607364
59770.89445948944 3.5940000000000003 0.018999999999999906 0.9993378179215638 0.005380225481531936 0.9997092332181934 1.0059755605475145 1.005683056271198 -0.006345238349634186
59770.89447543286 3.5940000000000003 0.018999999999999906 1.0093069162406856 0.005406720780681868 0.9997173419009847 1.0059754784840238 1.0056911313676196 0.003615784873066019
59770.89449137628 3.5940000000000003 0.018999999999999906 1.000252680147298 0.0053806710932558606 0.9997253714179799 1.0059753964205334 1.0056991268238673 -0.00544644667656935
59770.894507319696 3.5940000000000003 0.018999999999999906 1.000802172400844 0.00538539212305243 0.9997333210324985 1.0059753143570804 1.0057070418989156 -0.004904869498071562
59770.894523263116 3.5940000000000003 0.018999999999999906 1.0070181733400685 0.005399837392461561 0.9997411899983704 1.00597523229359 1.0057148758420806 0.0013032974979878542
59770.894539206536 3.5940000000000003 0.018999999999999906 0.9976685317865782 0.005387166662188934 0.999748977537604 1.0059751502300993 1.0057226278707794 -0.008054096084201157
59770.89455514996 3.5940000000000003 0.018999999999999906 1.0180019653780148 0.005427389434914843 0.9997566828547633 1.0059750681666089 1.0057302971848432 0.012271668193171603
59770.89457109338 3.5940000000000003 0.018999999999999906 1.001378531600205 0.005388896966554065 0.9997643051305889 1.0059749861031184 1.005737882960138 -0.004359351359932928
59770.89458703679 3.5940000000000003 0.018999999999999906 1.0064796095834738 0.005388976183489466 0.999771843519118 1.0059749040396653 1.005745384345704 0.0007342252377697811
59770.89460298022 3.5940000000000003 0.018999999999999906 1.007666687353872 0.005403626537728836 0.9997792971621922 1.0059748219761375 1.0057528004781642 0.0019138868757078153
59770.89461892363 3.5940000000000003 0.018999999999999906 0.9982278050703159 0.005389176776269391 0.9997866651506773 1.0059747399126844 1.0057601304431227 -0.007532325372806792
59770.89463486704 3.5940000000000003 0.018999999999999906 0.9970998936605093 0.005378189382620991 0.9997939465685322 1.0059746578492315 1.005767373319012 -0.008667479658502675
59770.89465081047 3.5940000000000003 0.018999999999999906 1.0024836643994033 0.005403670453768726 0.9998011404686621 1.0059745757857035 1.0057745281530248 -0.0032908637536215313
59770.89466675389 3.5940000000000003 0.018999999999999906 0.9909214419887302 0.005368577354950164 0.9998082458565203 1.0059744937222128 1.0057815939448067 -0.014860151956076484
59770.89468269731 3.5940000000000003 0.018999999999999906 0.9999293235528529 0.005380906583363934 0.9998152617168158 1.0059744116587224 1.0057885696729854 -0.005859246120132444
59770.894698640725 3.5940000000000003 0.018999999999999906 1.0188499950348249 0.00542235064909877 0.9998221869921757 1.0059743295952694 1.00579545427393 0.01305454076089485
59770.894714584145 3.5940000000000003 0.018999999999999906 1.011603502948783 0.005411760046329944 0.9998290205976277 1.005974247531779 1.005802246656134 0.0058012562926490485
59770.894730527565 3.5940000000000003 0.018999999999999906 1.0100063571380091 0.005407286364902045 0.9998357613977387 1.0059741654682883 1.0058089456774408 0.00419741146056829
59770.894746470985 3.5940000000000003 0.018999999999999906 1.0043085824787408 0.005390270302561804 0.9998424082174375 1.0059740834047979 1.0058155501557824 -0.0015069676770416152
59770.8947624144 3.5940000000000003 0.018999999999999906 1.0022689934719682 0.0053902749622584765 0.9998489598334283 1.005974001341345 1.0058220588606155 -0.003553065388647303
59770.894778357826 3.5940000000000003 0.018999999999999906 1.0141619707471008 0.0054153638894236834 0.9998554149847044 1.005973919277817 1.0058284705233111 0.008333500223789647
59770.89479430124 3.5940000000000003 0.018999999999999906 0.99800429488655 0.005379001861352436 0.9998617723375364 1.0059738372143638 1.005834783802346 -0.007830488915796074
59770.89481024466 3.5940000000000003 0.018999999999999906 1.0104275528422075 0.00540372669913371 0.9998680305220875 1.0059737551508734 1.0058409973196125 0.004586555522595015
59770.89482618808 3.5940000000000003 0.018999999999999906 1.0021977723073008 0.005387879644780253 0.9998741880959896 1.005973673087383 1.0058471096241874 -0.0036493373168866583
59770.8948421315 3.5940000000000003 0.018999999999999906 1.0008888432145526 0.005383956490397222 0.9998802435549103 1.0059735910238925 1.0058531192027773 -0.004964275988224687
59770.89485807492 3.5940000000000003 0.018999999999999906 1.000207936102704 0.005386390905823361 0.9998861953230304 1.005973508960402 1.0058590244701748 -0.005651088367470747
59770.89487401833 3.5940000000000003 0.018999999999999906 1.0052973033819843 0.005400418155509359 0.9998920417458138 1.005973426896949 1.0058648237620234 -0.0005675203800390438
59770.89488996175 3.5940000000000003 0.018999999999999906 1.003379920535126 0.005392156342617927 0.9998977810928924 1.0059733448334585 1.0058705153375702 -0.0024905948024442903
59770.894905905174 3.5940000000000003 0.018999999999999906 0.9966216487012443 0.005389179108390535 0.9999034115348437 1.005973262769968 1.0058760973565288 -0.009254448655284575
59770.894921848594 3.5940000000000003 0.018999999999999906 1.0074573703475378 0.0054050399523896805 0.9999089311460198 1.0059731807064773 1.0058815678817756 0.001575802465762166
59770.894937792014 3.5940000000000003 0.018999999999999906 1.006928844984726 0.005397947536984902 0.9999143378910205 1.005973098642987 1.0058869248657805 0.0010419201189455496
59770.894953735435 3.5940000000000003 0.018999999999999906 1.0002832494067264 0.005378854679196204 0.9999196296149157 1.0059730165794964 1.0058921661407696 -0.005608916734043179
59770.89496967885 3.5940000000000003 0.018999999999999906 1.0065997541780636 0.00540698732339009 0.9999248040270909 1.0059729345160435 1.0058972894025124 0.0007024647755511371
59770.89498562227 3.5940000000000003 0.018999999999999906 1.0024213662983337 0.005396083034301357 0.9999298586965991 1.0059728524525529 1.0059022922054959 -0.0034809259071622023
59770.89500156569 3.5940000000000003 0.018999999999999906 1.003442961781745 0.005389747934134998 0.9999347910211959 1.0059727703890624 1.0059071719320005 -0.0024642101502554414
59770.8950175091 3.5940000000000003 0.018999999999999906 1.0100414496657906 0.005410502408361733 0.9999395982139742 1.0059726883256095 1.0059119257785414 0.004129523887249187
59770.89503345253 3.5940000000000003 0.018999999999999906 1.0036623765630015 0.005395141318787469 0.9999442772888838 1.0059726062620815 1.005916550741152 -0.0022541741781505475
59770.89504939594 3.5940000000000003 0.018999999999999906 1.00800285536867 0.005405809860789006 0.999948825009208 1.0059725241986284 1.0059210435639656 0.0020818118047043477
59770.89506533937 3.5940000000000003 0.018999999999999906 0.993956756774375 0.005373911743441688 0.999953237885452 1.0059724421351004 1.005925400736529 -0.011968643962154024
59770.89508128278 3.5940000000000003 0.018999999999999906 0.9970038842873333 0.005381547829561715 0.999957512102222 1.0059723600716475 1.0059296184208453 -0.008925734133511942
59770.895097226196 3.5940000000000003 0.018999999999999906 1.0105905734609604 0.005396067190418072 0.9999616434965505 1.0059722780081943 1.0059336924290427 0.004656881031917637
59770.89511316962 3.5940000000000003 0.018999999999999906 1.0041805059017317 0.005397714681356846 0.9999656274838497 1.0059721959446664 1.0059376181491144 -0.0017571122473827305
59770.89512911304 3.5940000000000003 0.018999999999999906 1.0022929081751675 0.005404494276116405 0.999969458971987 1.005972113881176 1.0059413904586656 -0.0036484822834981223
59770.89514505646 3.5940000000000003 0.018999999999999906 1.0100508668557961 0.005412272170072451 0.9999731322764307 1.005972031817723 1.0059450036392537 0.0041058632165424935
59770.89516099988 3.5940000000000003 0.018999999999999906 1.0043912990053347 0.0053947942010952234 0.9999766409891988 1.0059719497542325 1.0059484512445926 -0.0015571522392578974
59770.8951769433 3.5940000000000003 0.018999999999999906 1.0016112080175685 0.0053918234936265845 0.9999799777975127 1.0059718676907419 1.0059517259183104 -0.004340517900741858
59770.89519288672 3.5940000000000003 0.018999999999999906 1.0049329050091782 0.005396226859601338 0.999983134255348 1.0059717856272514 1.005954819163988 -0.0010219141548097888
59770.89520883014 3.5940000000000003 0.018999999999999906 1.0007133309485177 0.005392179844648283 0.9999861004492759 1.005971703563761 1.0059577210090402 -0.005244390060522575
59770.89522477355 3.5940000000000003 0.018999999999999906 1.0035779267144755 0.005384130546213455 0.9999888645085341 1.0059716215003078 1.0059604195119016 -0.0023824927974260834
59770.89524071698 3.5940000000000003 0.018999999999999906 1.0109670495151728 0.00541668537648859 0.9999914118594626 1.00597153943678 1.0059629000118229 0.005004149503349931
59770.89525666039 3.5940000000000003 0.018999999999999906 1.0121688187715858 0.0054106872470922485 0.9999937239779777 1.005971457373327 1.0059651438743067 0.006203674897279132
59770.895272603804 3.5940000000000003 0.018999999999999906 1.0056267633517109 0.005397042453296545 0.9999957761953338 1.005971375309874 1.0059671262832848 -0.00034036293157391206
59770.89528854723 3.5940000000000003 0.018999999999999906 1.001289376174185 0.005386287156984043 0.9999975332036442 1.005971293246346 1.0059688117200258 -0.0046794355458408265
59770.895304490645 3.5940000000000003 0.018999999999999906 0.994280327530902 0.005369428603684583 0.9999989378466996 1.005971211182893 1.0059701426872507 -0.011689815156348704
59770.89532043407 3.5940000000000003 0.018999999999999906 1.0145663189083465 0.005415333013145075 0.9999998673298948 1.005971129119365 1.0059709956570693 0.00859532325127721
59770.895336377485 3.5940000000000003 0.018999999999999906 1.0093863344038814 0.005401209524555836 1.0 1.005971047055912 1.005971047055912 0.0034152873479693646
59770.895352320906 3.5940000000000003 0.018999999999999906 0.9970650535834811 0.005385211558699399 1.0 1.0059709649924216 1.0059709649924216 -0.008905911408940481
59770.895368264326 3.5940000000000003 0.018999999999999906 1.0088686089921264 0.005396400323744633 1.0 1.0059708829289309 1.0059708829289309 0.0028977260631954938
59770.895384207746 3.5940000000000003 0.018999999999999906 1.001484901134712 0.005394578709582151 1.0 1.0059708008654404 1.0059708008654404 -0.004485899730728438
59770.89540015116 3.5940000000000003 0.018999999999999906 1.0095610110848339 0.0054066699900449 1.0 1.0059707188019875 1.0059707188019875 0.0035902922828463524
59770.89541609459 3.5940000000000003 0.018999999999999906 1.0066184637917452 0.005403104592361383 1.0 1.0059706367384595 1.0059706367384595 0.0006478270532856989
59770.895432038 3.5940000000000003 0.018999999999999906 1.010739682410721 0.00541260962298785 1.0 1.0059705546750064 1.0059705546750064 0.0047691277357146955
59770.89544798142 3.5940000000000003 0.018999999999999906 1.0070987692082822 0.005406723278932573 1.0 1.005970472611516 1.005970472611516 0.0011282965967662761
59770.89546392484 3.5940000000000003 0.018999999999999906 1.002018840879229 0.005381622540132379 1.0 1.0059703905480255 1.0059703905480255 -0.003951549668796517
59770.89547986825 3.5940000000000003 0.018999999999999906 1.003671789279066 0.005402613459973274 1.0 1.0059703084845724 1.0059703084845724 -0.0022985192055062775
