eureka_custom_plots/data/stage5_lcfit_results/S5_wasp39b_ap4_bg8_Table_Save_ch22.txt
# %ECSV 1.0
# ---
# datatype:
# - {name: time, datatype: float64}
# - {name: wavelength, datatype: float64}
# - {name: bin_width, datatype: float64}
# - {name: lcdata, datatype: float64}
# - {name: lcerr, datatype: float64}
# - {name: transit, datatype: float64}
# - {name: polynom, datatype: float64}
# - {name: model, datatype: float64}
# - {name: residuals, datatype: float64}
# schema: astropy-2.0
time wavelength bin_width lcdata lcerr transit polynom model residuals
[from data line 5044]
59770.724438862046 3.8625 0.019500000000000073 1.0068418843665514 0.006033465539016677 1.0 1.0067508955414772 1.0067508955414772 9.09888250741897e-05
59770.72445480547 3.8625 0.019500000000000073 1.005112005278522 0.006029475945093544 1.0 1.0067508186789724 1.0067508186789724 -0.0016388134004503563
59770.724470748886 3.8625 0.019500000000000073 0.9983715706488652 0.006924618660184887 1.0 1.0067507418165378 1.0067507418165378 -0.008379171167672617
59770.724486692314 3.8625 0.019500000000000073 0.9926877207641738 0.0059885744192336695 1.0 1.006750664954033 1.006750664954033 -0.014062944189859206
59770.72450263573 3.8625 0.019500000000000073 1.0185659053999454 0.006055703301330465 1.0 1.0067505880915983 1.0067505880915983 0.011815317308347062
59770.72451857915 3.8625 0.019500000000000073 1.0143052528641106 0.006037447443062682 1.0 1.0067505112291284 1.0067505112291284 0.007554741634982154
59770.72453452257 3.8625 0.019500000000000073 1.0126518034271375 0.006039531051115809 1.0 1.0067504343666587 1.0067504343666587 0.005901369060478778
59770.72455046599 3.8625 0.019500000000000073 0.9935532746315809 0.005996652968664779 1.0 1.006750357504189 1.006750357504189 -0.013197082872608012
59770.724566409415 3.8625 0.019500000000000073 1.0051717623122671 0.006012701172668961 1.0 1.0067502806416841 1.0067502806416841 -0.0015785183294170224
59770.72458235283 3.8625 0.019500000000000073 1.00890284872273 0.0060444114270441 1.0 1.0067502037792495 1.0067502037792495 0.002152644943480553
59770.724598296256 3.8625 0.019500000000000073 1.0071021913821863 0.0060273025832193175 1.0 1.0067501269167447 1.0067501269167447 0.00035206446544155945
59770.72461423967 3.8625 0.019500000000000073 0.9980507063864216 0.006006995304827422 1.0 1.00675005005431 1.00675005005431 -0.008699343667888493
59770.72463018309 3.8625 0.019500000000000073 0.9958134825319498 0.006006188006696868 1.0 1.0067499731918403 1.0067499731918403 -0.010936490659890552
59770.72464612651 3.8625 0.019500000000000073 1.0101919736095109 0.006039371228446255 1.0 1.0067498963293706 1.0067498963293706 0.003442077280140232
59770.72466206994 3.8625 0.019500000000000073 1.0082937345991991 0.006028333651322683 1.0 1.0067498194668658 1.0067498194668658 0.0015439151323333178
59770.72467801335 3.8625 0.019500000000000073 1.0104786103992078 0.006034808153100346 1.0 1.006749742604431 1.006749742604431 0.00372886779477688
59770.72469395677 3.8625 0.019500000000000073 1.0035025543716218 0.006033762305113938 1.0 1.0067496657419612 1.0067496657419612 -0.003247111370339395
59770.7247099002 3.8625 0.019500000000000073 1.0191248969915643 0.0060532845671508444 1.0 1.0067495888794564 1.0067495888794564 0.012375308112107852
59770.72472584361 3.8625 0.019500000000000073 1.0120745564178775 0.006039907742454332 1.0 1.0067495120170218 1.0067495120170218 0.005325044400855683
59770.72474178704 3.8625 0.019500000000000073 1.0096704790411708 0.00603341558142204 1.0 1.006749435154517 1.006749435154517 0.002921043886653818
59770.72475773045 3.8625 0.019500000000000073 0.9984314438026359 0.006021098289956531 1.0 1.0067493582920823 1.0067493582920823 -0.00831791448944641
59770.72477367388 3.8625 0.019500000000000073 1.0067480599105252 0.006039039437672248 1.0 1.0067492814295775 1.0067492814295775 -1.221519052352349e-06
59770.72478961729 3.8625 0.019500000000000073 1.0049303671099112 0.006029434521574229 1.0 1.006749204567143 1.006749204567143 -0.001818837457231659
59770.72480556071 3.8625 0.019500000000000073 1.0130067663287403 0.006039189611517337 1.0 1.0067491277046732 1.0067491277046732 0.006257638624067141
59770.72482150414 3.8625 0.019500000000000073 1.003664726974493 0.006020398385159899 1.0 1.0067490508421681 1.0067490508421681 -0.0030843238676752094
59770.72483744755 3.8625 0.019500000000000073 1.0009892240442113 0.00601253780514658 1.0 1.0067489739797335 1.0067489739797335 -0.005759749935522196
59770.72485339098 3.8625 0.019500000000000073 1.006125362110981 0.006025596138016347 1.0 1.0067488971172287 1.0067488971172287 -0.0006235350062477885
59770.72486933439 3.8625 0.019500000000000073 1.0075991496571366 0.006031298883167775 1.0 1.006748820254794 1.006748820254794 0.0008503294023425312
59770.72488527782 3.8625 0.019500000000000073 1.0171977175131346 0.006047051925614746 1.0 1.0067487433922893 1.0067487433922893 0.010448974120845334
59770.724901221234 3.8625 0.019500000000000073 1.0105255268697872 0.006029499027283537 1.0 1.0067486665298546 1.0067486665298546 0.0037768603399326306
59770.724917164654 3.8625 0.019500000000000073 1.013322556092313 0.006043179725864471 1.0 1.006748589667385 1.006748589667385 0.006573966424928024
59770.724933108075 3.8625 0.019500000000000073 1.012820188037807 0.006047176249931043 1.0 1.0067485128049152 1.0067485128049152 0.00607167523289176
59770.7249490515 3.8625 0.019500000000000073 0.990959190160424 0.006907680599540054 1.0 1.0067484359424104 1.0067484359424104 -0.015789245781986372
59770.72496499492 3.8625 0.019500000000000073 1.0067803908480564 0.006016695923739944 1.0 1.0067483590799406 1.0067483590799406 3.203176811572561e-05
59770.724980938336 3.8625 0.019500000000000073 1.0079875854711966 0.006028715211603468 1.0 1.0067482822175058 1.0067482822175058 0.0012393032536908155
59770.72499688176 3.8625 0.019500000000000073 1.0001296387555527 0.006014137317508103 1.0 1.006748205355001 1.006748205355001 -0.006618566599448261
59770.725012825176 3.8625 0.019500000000000073 1.0002182787505545 0.0060086257045303 1.0 1.0067481284925663 1.0067481284925663 -0.006529849742011873
59770.725028768604 3.8625 0.019500000000000073 1.0129712073953927 0.006040176903388437 1.0 1.0067480516300615 1.0067480516300615 0.0062231557653311675
59770.72504471202 3.8625 0.019500000000000073 1.0172030359391864 0.006048549171064034 1.0 1.006747974767627 1.006747974767627 0.010455061171559477
59770.725060655444 3.8625 0.019500000000000073 1.0117632948031616 0.006036889771863682 1.0 1.006747897905122 1.006747897905122 0.005015396898039537
59770.72507659886 3.8625 0.019500000000000073 1.002038550313634 0.006025589165798134 1.0 1.0067478210426875 1.0067478210426875 -0.004709270729053472
59770.72509254228 3.8625 0.019500000000000073 1.0081901450460822 0.006034956713953715 1.0 1.0067477441802177 1.0067477441802177 0.001442400865864446
59770.725108485705 3.8625 0.019500000000000073 1.0045601879403352 0.006024005759418549 1.0 1.006747667317713 1.006747667317713 -0.0021874793773777323
59770.725124429126 3.8625 0.019500000000000073 1.0114355640342523 0.006043790398226704 1.0 1.0067475904552432 1.0067475904552432 0.004687973579009075
59770.725140372546 3.8625 0.019500000000000073 1.009846773122651 0.006048127803702068 1.0 1.0067475135927733 1.0067475135927733 0.0030992595298777736
59770.72515631596 3.8625 0.019500000000000073 1.012952938066789 0.006037124455526284 1.0 1.0067474367303386 1.0067474367303386 0.00620550133645037
59770.72517225939 3.8625 0.019500000000000073 1.0062190386545184 0.006027205288792331 1.0 1.0067473598678338 1.0067473598678338 -0.0005283212133153636
59770.7251882028 3.8625 0.019500000000000073 1.015154427532037 0.006048678374321069 1.0 1.0067472830053992 1.0067472830053992 0.008407144526637822
59770.72520414623 3.8625 0.019500000000000073 1.000846337392045 0.006017966875820253 1.0 1.0067472061428944 1.0067472061428944 -0.005900868750849275
59770.72522008965 3.8625 0.019500000000000073 0.9986231361724842 0.006007417040710216 1.0 1.0067471292804246 1.0067471292804246 -0.00812399310794043
59770.72523603307 3.8625 0.019500000000000073 1.0015734457001082 0.006013933340033275 1.0 1.006747052417955 1.006747052417955 -0.005173606717846724
59770.72525197649 3.8625 0.019500000000000073 1.0024712167492549 0.006014025273111408 1.0 1.0067469755554852 1.0067469755554852 -0.004275758806230323
59770.7252679199 3.8625 0.019500000000000073 1.001583204839181 0.006020201724989429 1.0 1.0067468986930506 1.0067468986930506 -0.0051636938538695
59770.72528386333 3.8625 0.019500000000000073 1.0074084787825621 0.006016172907840936 1.0 1.0067468218305455 1.0067468218305455 0.0006616569520165871
59770.72529980674 3.8625 0.019500000000000073 0.9947406414117286 0.006007201095191096 1.0 1.006746744968111 1.006746744968111 -0.01200610355638232
59770.72531575017 3.8625 0.019500000000000073 1.001046952833325 0.0060136069600349356 1.0 1.006746668105606 1.006746668105606 -0.005699715272281081
59770.72533169358 3.8625 0.019500000000000073 1.0089413199099433 0.006020557538390915 1.0 1.0067465912431715 1.0067465912431715 0.002194728666771839
59770.72534763701 3.8625 0.019500000000000073 1.020696024310384 0.0060564743955088575 1.0 1.0067465143806666 1.0067465143806666 0.01394950992971733
59770.72536358043 3.8625 0.019500000000000073 1.0054507935738786 0.006018659105161983 1.0 1.006746437518197 1.006746437518197 -0.0012956439443183587
59770.72537952384 3.8625 0.019500000000000073 1.0112898662294278 0.006027023957570032 1.0 1.0067463606557623 1.0067463606557623 0.004543505573665563
59770.72539546727 3.8625 0.019500000000000073 1.0133774660596153 0.006036217857171695 1.0 1.0067462837932575 1.0067462837932575 0.006631182266357838
59770.72541141069 3.8625 0.019500000000000073 1.0013187343660712 0.006014561803277154 1.0 1.0067462069307878 1.0067462069307878 -0.00542747256471654
59770.72542735411 3.8625 0.019500000000000073 1.0102084312533843 0.006032203652183086 1.0 1.006746130068318 1.006746130068318 0.0034623011850662966
59770.725443297524 3.8625 0.019500000000000073 1.0117043781886486 0.006052747810812037 1.0 1.0067460532058832 1.0067460532058832 0.004958324982765383
59770.72545924095 3.8625 0.019500000000000073 1.002998048525492 0.006012513898216467 1.0 1.0067459763433784 1.0067459763433784 -0.003747927817886465
59770.725475184365 3.8625 0.019500000000000073 1.0166456816379545 0.0060483322266193865 1.0 1.0067458994809437 1.0067458994809437 0.009899782157010817
59770.72549112779 3.8625 0.019500000000000073 0.9994979349988146 0.006014770833160991 1.0 1.006745822618439 1.006745822618439 -0.00724788761962436
59770.72550707121 3.8625 0.019500000000000073 1.0102212341903682 0.006036816514870185 1.0 1.0067457457559692 1.0067457457559692 0.0034754884343990433
59770.72552301463 3.8625 0.019500000000000073 1.0054446219168565 0.006012724671565689 1.0 1.0067456688934995 1.0067456688934995 -0.0013010469766430166
59770.72553895805 3.8625 0.019500000000000073 1.0050113404087229 0.006011039495596039 1.0 1.0067455920310298 1.0067455920310298 -0.0017342516223068927
59770.725554901466 3.8625 0.019500000000000073 0.9967582037543539 0.006011676490559465 1.0 1.0067455151685951 1.0067455151685951 -0.009987311414241251
59770.725570844894 3.8625 0.019500000000000073 1.0004513213680863 0.006022542891273935 1.0 1.0067454383060903 1.0067454383060903 -0.0062941169380039685
59770.725586788314 3.8625 0.019500000000000073 1.0135831316383335 0.0060464932616729715 1.0 1.0067453614436206 1.0067453614436206 0.006837770194712878
59770.725602731734 3.8625 0.019500000000000073 1.0164735657955177 0.006053865195094435 1.0 1.0067452845811506 1.0067452845811506 0.009728281214367085
59770.72561867515 3.8625 0.019500000000000073 0.9978743335821603 0.006015737921603054 1.0 1.006745207718716 1.006745207718716 -0.00887087413655574
59770.725634618575 3.8625 0.019500000000000073 0.9970431755678164 0.006006213127527168 1.0 1.0067451308562112 1.0067451308562112 -0.009701955288394792
59770.725650561995 3.8625 0.019500000000000073 1.0023421855695047 0.006019752583697915 1.0 1.0067450539937415 1.0067450539937415 -0.004402868424236761
59770.725666505416 3.8625 0.019500000000000073 1.0114098601812096 0.006045564853478385 1.0 1.0067449771312718 1.0067449771312718 0.00466488304993784
59770.725682448836 3.8625 0.019500000000000073 1.0117195294484764 0.006044688959834246 1.0 1.006744900268802 1.006744900268802 0.004974629179674395
59770.725698392256 3.8625 0.019500000000000073 1.004354136017332 0.006016283354635298 1.0 1.0067448234063323 1.0067448234063323 -0.002390687389000279
59770.72571433568 3.8625 0.019500000000000073 0.9986153051783638 0.005993560368891752 1.0 1.0067447465438626 1.0067447465438626 -0.008129441365498757
59770.72573027909 3.8625 0.019500000000000073 1.012034765819587 0.006024336826009807 1.0 1.006744669681428 1.006744669681428 0.005290096138159006
59770.72574622252 3.8625 0.019500000000000073 1.008039856120342 0.006038015477769784 1.0 1.0067445928189231 1.0067445928189231 0.0012952633014189363
59770.72576216594 3.8625 0.019500000000000073 1.005903279127294 0.006024859440181644 1.0 1.0067445159564532 1.0067445159564532 -0.0008412368291592642
59770.72577810936 3.8625 0.019500000000000073 1.008508235581519 0.006030055501627682 1.0 1.0067444390939835 1.0067444390939835 0.0017637964875354406
59770.72579405278 3.8625 0.019500000000000073 0.9999280092629788 0.006030571758623015 1.0 1.0067443622315138 1.0067443622315138 -0.006816352968535
59770.7258099962 3.8625 0.019500000000000073 1.0007842941511154 0.006013502913494992 1.0 1.006744285369044 1.006744285369044 -0.005959991217928673
59770.72582593962 3.8625 0.019500000000000073 1.0066808604575728 0.006039987146900398 1.0 1.0067442085065743 1.0067442085065743 -6.334804900154367e-05
59770.72584188303 3.8625 0.019500000000000073 1.010395702547948 0.0060325259977356575 1.0 1.0067441316441397 1.0067441316441397 0.003651570903808299
59770.72585782646 3.8625 0.019500000000000073 1.010151431204417 0.006040940751990784 1.0 1.0067440547816349 1.0067440547816349 0.0034073764227822156
59770.72587376988 3.8625 0.019500000000000073 1.0006764602318285 0.006016333634779381 1.0 1.0067439779191651 1.0067439779191651 -0.006067517687336599
59770.7258897133 3.8625 0.019500000000000073 1.0112766730102891 0.006049672621266708 1.0 1.0067439010566954 1.0067439010566954 0.004532771953593695
59770.72590565672 3.8625 0.019500000000000073 1.0090138846552337 0.006029111311645458 1.0 1.0067438241942255 1.0067438241942255 0.0022700604610081943
59770.72592160014 3.8625 0.019500000000000073 1.0083235447701777 0.0060179955281826954 1.0 1.0067437473317558 1.0067437473317558 0.0015797974384219593
59770.72593754356 3.8625 0.019500000000000073 1.0163790132778017 0.006042683110532301 1.0 1.006743670469286 1.006743670469286 0.009635342808515635
59770.72595348698 3.8625 0.019500000000000073 0.9979220283595877 0.005991415366373412 1.0 1.0067435936068163 1.0067435936068163 -0.008821565247228658
59770.7259694304 3.8625 0.019500000000000073 0.9989683055033687 0.006018316262061113 1.0 1.0067435167443466 1.0067435167443466 -0.007775211240977908
59770.72598537382 3.8625 0.019500000000000073 1.0083565747524574 0.006035242498178706 1.0 1.0067434398818769 1.0067434398818769 0.0016131348705805681
59770.72600131724 3.8625 0.019500000000000073 1.0073485065504788 0.006030690925862017 1.0 1.0067433630194071 1.0067433630194071 0.0006051435310716613
59770.726017260655 3.8625 0.019500000000000073 0.9995689576877181 0.006019932390175445 1.0 1.0067432861569725 1.0067432861569725 -0.007174328469254365
59770.72603320408 3.8625 0.019500000000000073 1.0186343852512176 0.006055253659061654 1.0 1.0067432092944677 1.0067432092944677 0.011891175956749933
59770.7260491475 3.8625 0.019500000000000073 1.0016244361915827 0.006013503012395994 1.0 1.006743132431998 1.006743132431998 -0.005118696240415277
59770.72606509092 3.8625 0.019500000000000073 1.0053619990745644 0.006024759745372396 1.0 1.006743055569528 1.006743055569528 -0.0013810564949636728
59770.72608103434 3.8625 0.019500000000000073 1.012750504485458 0.006041221674656657 1.0 1.0067429787070583 1.0067429787070583 0.006007525778399581
59770.72609697776 3.8625 0.019500000000000073 1.0225703983858583 0.006068102950590017 1.0 1.0067429018445886 1.0067429018445886 0.015827496541269692
59770.726112921184 3.8625 0.019500000000000073 1.0102373959733797 0.006035811395945381 1.0 1.0067428249821189 1.0067428249821189 0.003494570991260826
