eureka_custom_plots/data/stage5_lcfit_results/S5_wasp39b_ap4_bg8_Table_Save_ch55.txt
# %ECSV 1.0
# ---
# datatype:
# - {name: time, datatype: float64}
# - {name: wavelength, datatype: float64}
# - {name: bin_width, datatype: float64}
# - {name: lcdata, datatype: float64}
# - {name: lcerr, datatype: float64}
# - {name: transit, datatype: float64}
# - {name: polynom, datatype: float64}
# - {name: model, datatype: float64}
# - {name: residuals, datatype: float64}
# schema: astropy-2.0
time wavelength bin_width lcdata lcerr transit polynom model residuals
[from data line 6871]
59770.753567490814 5.1274999999999995 0.019500000000000295 0.9991961312449835 0.013199825208273664 1.0 1.0065333179351854 1.0065333179351854 -0.007337186690201891
59770.75358343424 5.1274999999999995 0.019500000000000295 1.003649587764836 0.013219061722713601 1.0 1.0065332592143124 1.0065332592143124 -0.0028836714494764326
59770.753599377655 5.1274999999999995 0.019500000000000295 1.0028119092079821 0.013260596053293761 1.0 1.0065332004934928 1.0065332004934928 -0.003721291285510686
59770.753615321075 5.1274999999999995 0.019500000000000295 1.009798664355233 0.013326299382839411 1.0 1.0065331417726466 1.0065331417726466 0.0032655225825863887
59770.753631264495 5.1274999999999995 0.019500000000000295 0.9909580442303835 0.013217131088666923 1.0 1.0065330830518002 1.0065330830518002 -0.015575038821416753
59770.753647207915 5.1274999999999995 0.019500000000000295 0.9888139915783429 0.013132714644050001 1.0 1.0065330243309538 1.0065330243309538 -0.017719032752610886
59770.75366315134 5.1274999999999995 0.019500000000000295 1.021179325810726 0.013333553551240772 1.0 1.0065329656100808 1.0065329656100808 0.014646360200645248
59770.753679094756 5.1274999999999995 0.019500000000000295 1.00221209499413 0.013278856507907739 1.0 1.0065329068892612 1.0065329068892612 -0.004320811895131227
59770.753695038184 5.1274999999999995 0.019500000000000295 1.0262144472371042 0.01331208144513105 1.0 1.0065328481683882 1.0065328481683882 0.019681599068716027
59770.7537109816 5.1274999999999995 0.019500000000000295 1.0104228396377035 0.013234450684898761 1.0 1.0065327894475686 1.0065327894475686 0.003890050190134886
59770.75372692502 5.1274999999999995 0.019500000000000295 1.0209313644744522 0.013311810572122228 1.0 1.0065327307267224 1.0065327307267224 0.014398633747729761
59770.75374286844 5.1274999999999995 0.019500000000000295 1.0129933252671366 0.013302140861184138 1.0 1.006532672005876 1.006532672005876 0.006460653261260552
59770.75375881186 5.1274999999999995 0.019500000000000295 1.0032526493872613 0.01321792377270425 1.0 1.0065326132850299 1.0065326132850299 -0.003279963897768523
59770.75377475528 5.1274999999999995 0.019500000000000295 1.0182405794014924 0.013268094004197265 1.0 1.0065325545641834 1.0065325545641834 0.011708024837308928
59770.7537906987 5.1274999999999995 0.019500000000000295 1.0082809658638026 0.013253187558359558 1.0 1.0065324958433373 1.0065324958433373 0.001748470020465298
59770.75380664212 5.1274999999999995 0.019500000000000295 1.0089783370433658 0.013194788620304767 1.0 1.0065324371224909 1.0065324371224909 0.002445899920874961
59770.75382258554 5.1274999999999995 0.019500000000000295 1.0132037344872529 0.013272427048730375 1.0 1.0065323784016444 1.0065323784016444 0.006671356085608426
59770.75383852895 5.1274999999999995 0.019500000000000295 0.9755342592207611 0.013146700707771096 1.0 1.0065323196808251 1.0065323196808251 -0.030998060460064036
59770.75385447238 5.1274999999999995 0.019500000000000295 1.0187239327789994 0.0132306788119011 1.0 1.0065322609599519 1.0065322609599519 0.012191671819047567
59770.7538704158 5.1274999999999995 0.019500000000000295 1.0200768595780971 0.013300849073184401 1.0 1.0065322022391057 1.0065322022391057 0.013544657338991462
59770.75388635922 5.1274999999999995 0.019500000000000295 1.0164384767412877 0.01331215176848088 1.0 1.0065321435182593 1.0065321435182593 0.009906333223028474
59770.75390230263 5.1274999999999995 0.019500000000000295 1.00279422257219 0.013237660042495786 1.0 1.0065320847974397 1.0065320847974397 -0.003737862225249744
59770.75391824606 5.1274999999999995 0.019500000000000295 1.0074994066702099 0.013249621302471393 1.0 1.0065320260765667 1.0065320260765667 0.0009673805936432078
59770.75393418948 5.1274999999999995 0.019500000000000295 1.0108735807349074 0.013247504001713869 1.0 1.0065319673557205 1.0065319673557205 0.004341613379186926
59770.7539501329 5.1274999999999995 0.019500000000000295 0.9916900024418958 0.01322037209727251 1.0 1.006531908634874 1.006531908634874 -0.014841906192978316
59770.75396607632 5.1274999999999995 0.019500000000000295 0.9997609490970618 0.013227903198165405 1.0 1.0065318499140279 1.0065318499140279 -0.0067709008169660745
59770.75398201974 5.1274999999999995 0.019500000000000295 0.9988147874993469 0.013243937316220183 1.0 1.0065317911931815 1.0065317911931815 -0.007717003693834545
59770.75399796316 5.1274999999999995 0.019500000000000295 0.9954543683061725 0.013215322915927983 1.0 1.0065317324723353 1.0065317324723353 -0.011077364166162784
59770.754013906575 5.1274999999999995 0.019500000000000295 1.0130712291064885 0.014678600727685913 1.0 1.0065316737515158 1.0065316737515158 0.006539555354972748
59770.75402985 5.1274999999999995 0.019500000000000295 1.020691897374099 0.013307716254970056 1.0 1.0065316150306425 1.0065316150306425 0.014160282343456565
59770.75404579342 5.1274999999999995 0.019500000000000295 0.9837323409147599 0.013186958699057285 1.0 1.0065315563097963 1.0065315563097963 -0.022799215395036376
59770.75406173684 5.1274999999999995 0.019500000000000295 1.0237736038833505 0.01330177107622432 1.0 1.0065314975889499 1.0065314975889499 0.017242106294400594
59770.754077680256 5.1274999999999995 0.019500000000000295 1.0178225487130612 0.013276459285779967 1.0 1.0065314388681303 1.0065314388681303 0.011291109844930869
59770.754093623684 5.1274999999999995 0.019500000000000295 1.0081577268981994 0.013346037791728977 1.0 1.0065313801472573 1.0065313801472573 0.001626346750942087
59770.7541095671 5.1274999999999995 0.019500000000000295 1.0193183521033218 0.01328788575449905 1.0 1.0065313214264378 1.0065313214264378 0.012787030676884026
59770.754125510524 5.1274999999999995 0.019500000000000295 1.020909302200304 0.01330186786991853 1.0 1.0065312627055647 1.0065312627055647 0.014378039494739259
59770.75414145394 5.1274999999999995 0.019500000000000295 1.0058678469019313 0.013256950708016552 1.0 1.0065312039847452 1.0065312039847452 -0.0006633570828138424
59770.754157397365 5.1274999999999995 0.019500000000000295 1.0133402708708688 0.013184937437463004 1.0 1.006531145263872 1.006531145263872 0.006809125606996647
59770.75417334078 5.1274999999999995 0.019500000000000295 1.0006630549363609 0.013285053750957199 1.0 1.0065310865430526 1.0065310865430526 -0.005868031606691693
59770.7541892842 5.1274999999999995 0.019500000000000295 1.0007988445933298 0.013191678781079656 1.0 1.0065310278222064 1.0065310278222064 -0.005732183228876586
59770.75420522762 5.1274999999999995 0.019500000000000295 1.0049785485549005 0.014616493462346516 1.0 1.00653096910136 1.00653096910136 -0.001552420546459432
59770.75422117104 5.1274999999999995 0.019500000000000295 1.0232289564549195 0.013300167672003252 1.0 1.0065309103805138 1.0065309103805138 0.016698046074405726
59770.75423711447 5.1274999999999995 0.019500000000000295 0.989869125109843 0.013204466045391694 1.0 1.0065308516596405 1.0065308516596405 -0.016661726549797473
59770.75425305788 5.1274999999999995 0.019500000000000295 0.9859535372327473 0.013193859393730956 1.0 1.0065307929388212 1.0065307929388212 -0.020577255706073938
59770.75426900131 5.1274999999999995 0.019500000000000295 1.010253499241783 0.013270075885097495 1.0 1.006530734217948 1.006530734217948 0.003722765023835173
59770.75428494472 5.1274999999999995 0.019500000000000295 1.008949333243791 0.013198481623662018 1.0 1.0065306754971284 1.0065306754971284 0.0024186577466627224
59770.75430088814 5.1274999999999995 0.019500000000000295 1.0249549482068172 0.013237606699192047 1.0 1.0065306167762822 1.0065306167762822 0.018424331430535013
59770.75431683156 5.1274999999999995 0.019500000000000295 0.9919015519013079 0.013206526850749432 1.0 1.0065305580554358 1.0065305580554358 -0.014629006154127877
59770.75433277499 5.1274999999999995 0.019500000000000295 1.026510129717105 0.013330188511664011 1.0 1.0065304993345627 1.0065304993345627 0.019979630382542357
59770.7543487184 5.1274999999999995 0.019500000000000295 1.0231537388360064 0.013248369589245662 1.0 1.0065304406137432 1.0065304406137432 0.01662329822226316
59770.75436466182 5.1274999999999995 0.019500000000000295 1.0049592630911803 0.013225008078422428 1.0 1.006530381892897 1.006530381892897 -0.0015711188017166755
59770.75438060524 5.1274999999999995 0.019500000000000295 0.9990607645199238 0.013195453655028269 1.0 1.0065303231720506 1.0065303231720506 -0.00746955865212684
59770.75439654866 5.1274999999999995 0.019500000000000295 0.9904365474055757 0.013180902933689951 1.0 1.0065302644512044 1.0065302644512044 -0.016093717045628675
59770.75441249208 5.1274999999999995 0.019500000000000295 0.9943100659990667 0.013198858483886402 1.0 1.006530205730358 1.006530205730358 -0.012220139731291324
59770.7544284355 5.1274999999999995 0.019500000000000295 1.0207480770271333 0.013328727164356 1.0 1.0065301470095118 1.0065301470095118 0.014217930017621505
59770.75444437892 5.1274999999999995 0.019500000000000295 0.999178314054195 0.013215916701857323 1.0 1.0065300882886654 1.0065300882886654 -0.007351774234470421
59770.75446032234 5.1274999999999995 0.019500000000000295 1.0064259708575192 0.013241114553084242 1.0 1.006530029567819 1.006530029567819 -0.00010405871029983693
59770.754476265756 5.1274999999999995 0.019500000000000295 0.9964824072977746 0.013157613115774755 1.0 1.0065299708469997 1.0065299708469997 -0.010047563549225091
59770.754492209184 5.1274999999999995 0.019500000000000295 0.9909801678595627 0.013186756242789937 1.0 1.0065299121261264 1.0065299121261264 -0.015549744266563748
59770.7545081526 5.1274999999999995 0.019500000000000295 0.9922817381661754 0.01319611372206344 1.0 1.006529853405307 1.006529853405307 -0.01424811523913172
59770.754524096024 5.1274999999999995 0.019500000000000295 1.0161319292907511 0.013268794271955492 1.0 1.0065297946844338 1.0065297946844338 0.009602134606317314
59770.754540039445 5.1274999999999995 0.019500000000000295 0.9877811990183927 0.013224777353779162 1.0 1.0065297359635876 1.0065297359635876 -0.01874853694519496
59770.754555982865 5.1274999999999995 0.019500000000000295 0.9940415134213533 0.013210455236301063 1.0 1.0065296772427412 1.0065296772427412 -0.012488163821387954
59770.754571926285 5.1274999999999995 0.019500000000000295 0.9995385047876161 0.013209453158118199 1.0 1.006529618521895 1.006529618521895 -0.006991113734278964
59770.754587869706 5.1274999999999995 0.019500000000000295 1.01979898254819 0.013301734699058255 1.0 1.0065295598010486 1.0065295598010486 0.013269422747141268
59770.754603813126 5.1274999999999995 0.019500000000000295 1.0101229653950057 0.013250322355543655 1.0 1.0065295010802024 1.0065295010802024 0.0035934643148032297
59770.754619756546 5.1274999999999995 0.019500000000000295 1.0257744543523626 0.013285236666255742 1.0 1.006529442359356 1.006529442359356 0.019245011993006544
59770.75463569997 5.1274999999999995 0.019500000000000295 1.0155473825361543 0.013250082931106737 1.0 1.0065293836385096 1.0065293836385096 0.009017998897644652
59770.75465164338 5.1274999999999995 0.019500000000000295 0.9820235150504634 0.013202428689087274 1.0 1.0065293249176903 1.0065293249176903 -0.024505809867226946
59770.75466758681 5.1274999999999995 0.019500000000000295 1.0006074876526438 0.013239740816965074 1.0 1.006529266196817 1.006529266196817 -0.005921778544173195
59770.75468353022 5.1274999999999995 0.019500000000000295 1.001102990227227 0.013223677923362105 1.0 1.0065292074759977 1.0065292074759977 -0.005426217248770682
59770.75469947365 5.1274999999999995 0.019500000000000295 1.0192609125590117 0.013262648413518142 1.0 1.0065291487551244 1.0065291487551244 0.012731763803887297
59770.75471541706 5.1274999999999995 0.019500000000000295 1.0050328847013612 0.013196251565353517 1.0 1.006529090034305 1.006529090034305 -0.0014962053329437008
59770.75473136049 5.1274999999999995 0.019500000000000295 1.008628901632646 0.013255636215546401 1.0 1.0065290313134319 1.0065290313134319 0.0020998703192141033
59770.7547473039 5.1274999999999995 0.019500000000000295 1.0247328170517676 0.013313292728702983 1.0 1.0065289725926123 1.0065289725926123 0.01820384445915524
59770.75476324732 5.1274999999999995 0.019500000000000295 0.9939589213572874 0.013216622922195413 1.0 1.0065289138717661 1.0065289138717661 -0.012569992514478767
59770.75477919074 5.1274999999999995 0.019500000000000295 1.0279210596059911 0.013247010825224823 1.0 1.0065288551509197 1.0065288551509197 0.021392204455071395
59770.75479513417 5.1274999999999995 0.019500000000000295 1.0273642040443336 0.013284249458347067 1.0 1.0065287964300467 1.0065287964300467 0.020835407614286927
59770.75481107759 5.1274999999999995 0.019500000000000295 0.9968298429156869 0.013232637722939474 1.0 1.0065287377092005 1.0065287377092005 -0.009698894793513602
59770.754827021 5.1274999999999995 0.019500000000000295 0.9934077040338354 0.01319431723445417 1.0 1.006528678988381 1.006528678988381 -0.013120974954545561
59770.75484296443 5.1274999999999995 0.019500000000000295 1.0001094437881104 0.013211016274565774 1.0 1.0065286202675077 1.0065286202675077 -0.0064191764793972705
59770.75485890784 5.1274999999999995 0.019500000000000295 1.008145309887424 0.013283970576057945 1.0 1.0065285615466883 1.0065285615466883 0.001616748340735663
59770.75487485127 5.1274999999999995 0.019500000000000295 1.0159979392103597 0.013266703099909011 1.0 1.006528502825815 1.006528502825815 0.009469436384544672
59770.754890794684 5.1274999999999995 0.019500000000000295 0.9893334009011454 0.013097128975955856 1.0 1.0065284441049955 1.0065284441049955 -0.017195043203850124
59770.75490673811 5.1274999999999995 0.019500000000000295 1.011226629554315 0.013241512340974688 1.0 1.0065283853841225 1.0065283853841225 0.0046982441701926
59770.754922681524 5.1274999999999995 0.019500000000000295 0.9949279213235149 0.013188606910910573 1.0 1.006528326663303 1.006528326663303 -0.011600405339788011
59770.754938624945 5.1274999999999995 0.019500000000000295 1.0192144630663313 0.01328158574277976 1.0 1.0065282679424568 1.0065282679424568 0.012686195123874588
59770.754954568365 5.1274999999999995 0.019500000000000295 1.0004654343739883 0.013185466535445937 1.0 1.0065282092216103 1.0065282092216103 -0.006062774847622077
59770.754970511785 5.1274999999999995 0.019500000000000295 1.0154519939605038 0.013275915001014762 1.0 1.0065281505007642 1.0065281505007642 0.008923843459739622
59770.754986455206 5.1274999999999995 0.019500000000000295 1.017854203337541 0.013251729235488532 1.0 1.0065280917799178 1.0065280917799178 0.011326111557623308
59770.755002398626 5.1274999999999995 0.019500000000000295 0.9882892657028733 0.013222736092074526 1.0 1.0065280330590716 1.0065280330590716 -0.018238767356198227
59770.755018342046 5.1274999999999995 0.019500000000000295 0.9972832091507007 0.013187566289571276 1.0 1.0065279743382252 1.0065279743382252 -0.009244765187524484
59770.75503428547 5.1274999999999995 0.019500000000000295 1.0080236509874243 0.013207562764392293 1.0 1.006527915617379 1.006527915617379 0.0014957353700453258
59770.75505022889 5.1274999999999995 0.019500000000000295 1.0160662819184514 0.013327620267747727 1.0 1.0065278568965326 1.0065278568965326 0.009538425021918817
59770.75506617231 5.1274999999999995 0.019500000000000295 1.0158009209506593 0.013302021575473947 1.0 1.0065277981756864 1.0065277981756864 0.009273122774972942
59770.75508211573 5.1274999999999995 0.019500000000000295 1.0012122855555081 0.013222111402525846 1.0 1.00652773945484 1.00652773945484 -0.005315453899331857
59770.75509805915 5.1274999999999995 0.019500000000000295 0.997179337597333 0.013182900612939946 1.0 1.0065276807339936 1.0065276807339936 -0.009348343136660553
59770.75511400257 5.1274999999999995 0.019500000000000295 1.0396966929837077 0.013341751249287069 1.0 1.0065276220131474 1.0065276220131474 0.03316907097056032
