eureka_custom_plots/data/stage5_lcfit_results/S5_wasp39b_ap4_bg8_Table_Save_ch23.txt
# %ECSV 1.0
# ---
# datatype:
# - {name: time, datatype: float64}
# - {name: wavelength, datatype: float64}
# - {name: bin_width, datatype: float64}
# - {name: lcdata, datatype: float64}
# - {name: lcerr, datatype: float64}
# - {name: transit, datatype: float64}
# - {name: polynom, datatype: float64}
# - {name: model, datatype: float64}
# - {name: residuals, datatype: float64}
# schema: astropy-2.0
time wavelength bin_width lcdata lcerr transit polynom model residuals
[from data line 20041]
59770.96354232277 3.901 0.018999999999999906 1.0088471555004168 0.0076892617844186995 1.0 1.0059968489551567 1.0059968489551567 0.002850306545260084
59770.963558266194 3.901 0.018999999999999906 1.0045842919656762 0.007678708577944386 1.0 1.0059967930523679 1.0059967930523679 -0.0014125010866916643
59770.96357420961 3.901 0.018999999999999906 1.005832630247458 0.0076875954410403555 1.0 1.00599673714963 1.00599673714963 -0.00016410690217183443
59770.96359015303 3.901 0.018999999999999906 1.0037075593745826 0.007675289383889862 1.0 1.0059966812468666 1.0059966812468666 -0.002289121872284028
59770.96360609644 3.901 0.018999999999999906 1.0066730687502443 0.007674374097911305 1.0 1.0059966253441288 1.0059966253441288 0.0006764434061155011
59770.96362203986 3.901 0.018999999999999906 1.0093688695553462 0.007673046957507639 1.0 1.0059965694413653 1.0059965694413653 0.0033723001139809305
59770.96363798328 3.901 0.018999999999999906 1.0102221248049148 0.007695458015198188 1.0 1.005996513538602 1.005996513538602 0.004225611266312823
59770.963653926694 3.901 0.018999999999999906 1.0059111247491777 0.00768179015625289 1.0 1.0059964576358642 1.0059964576358642 -8.533288668655103e-05
59770.96366987012 3.901 0.018999999999999906 0.9930788081081804 0.0076464767353438745 1.0 1.0059964017330754 1.0059964017330754 -0.012917593624894974
59770.963685813535 3.901 0.018999999999999906 0.9986222198133362 0.007653502661907106 1.0 1.0059963458303374 1.0059963458303374 -0.007374126017001159
59770.963701756955 3.901 0.018999999999999906 1.0018006068876526 0.007649405890768208 1.0 1.005996289927574 1.005996289927574 -0.004195683039921461
59770.963717700375 3.901 0.018999999999999906 0.996845837657424 0.009347907562994587 1.0 1.0059962340248108 1.0059962340248108 -0.009150396367386793
59770.96373364379 3.901 0.018999999999999906 1.0024788381282386 0.007676827567340757 1.0 1.0059961781220728 1.0059961781220728 -0.00351733999383419
59770.96374958721 3.901 0.018999999999999906 1.0187016510768525 0.0077108446357280185 1.0 1.0059961222193095 1.0059961222193095 0.012705528857543058
59770.96376553063 3.901 0.018999999999999906 1.0115462638642352 0.007686705999389393 1.0 1.0059960663165461 1.0059960663165461 0.00555019754768904
59770.96378147405 3.901 0.018999999999999906 1.0168030481565968 0.00947892170488803 1.0 1.0059960104137826 1.0059960104137826 0.010807037742814218
59770.96379741746 3.901 0.018999999999999906 1.0144407770290615 0.007696833501723568 1.0 1.0059959545110448 1.0059959545110448 0.008444822518016704
59770.96381336088 3.901 0.018999999999999906 1.0037507940742525 0.007658387730873808 1.0 1.0059958986082815 1.0059958986082815 -0.002245104534029041
59770.9638293043 3.901 0.018999999999999906 1.01232467765017 0.007683142250084581 1.0 1.005995842705518 1.005995842705518 0.006328834944651973
59770.96384524772 3.901 0.018999999999999906 1.0017835400197377 0.00769053538488582 1.0 1.0059957868027547 1.0059957868027547 -0.004212246783017015
59770.963861191136 3.901 0.018999999999999906 1.0215271694601502 0.007716985315296378 1.0 1.005995730900017 1.005995730900017 0.015531438560133282
59770.96387713456 3.901 0.018999999999999906 1.0063677242229025 0.0076818706270776384 1.0 1.005995674997228 1.005995674997228 0.0003720492256744645
59770.96389307798 3.901 0.018999999999999906 1.0112843042007926 0.007676093726504998 1.0 1.00599561909449 1.00599561909449 0.0052886851063025375
59770.96390902139 3.901 0.018999999999999906 1.0011465317063328 0.007664543766017078 1.0 1.0059955631917523 1.0059955631917523 -0.004849031485419486
59770.96392496481 3.901 0.018999999999999906 1.0108334149185794 0.007695041244749771 1.0 1.005995507288989 1.005995507288989 0.0048379076295903545
59770.96394090824 3.901 0.018999999999999906 1.0141043767680407 0.007688655557614257 1.0 1.0059954513862 1.0059954513862 0.008108925381840715
59770.96395685165 3.901 0.018999999999999906 1.003145156455004 0.007650225095310566 1.0 1.0059953954834622 1.0059953954834622 -0.002850239028458157
59770.96397279506 3.901 0.018999999999999906 1.0193691580954742 0.0077197215589231444 1.0 1.0059953395807244 1.0059953395807244 0.013373818514749836
59770.96398873849 3.901 0.018999999999999906 1.011255566408614 0.009385140268681683 1.0 1.0059952836779353 1.0059952836779353 0.005260282730678689
59770.964004681904 3.901 0.018999999999999906 0.999283873662221 0.007669382837883418 1.0 1.0059952277751976 1.0059952277751976 -0.00671135411297652
59770.964020625324 3.901 0.018999999999999906 0.9938041243180682 0.0076527491461477635 1.0 1.0059951718724343 1.0059951718724343 -0.012191047554366063
59770.964036568745 3.901 0.018999999999999906 1.0055478391759505 0.0076827714902012 1.0 1.005995115969671 1.005995115969671 -0.0004472767937204747
59770.964052512165 3.901 0.018999999999999906 1.0097044090140666 0.007677063007299013 1.0 1.0059950600669074 1.0059950600669074 0.00370934894715913
59770.96406845558 3.901 0.018999999999999906 0.9941474431316624 0.007635882223884786 1.0 1.0059950041641696 1.0059950041641696 -0.011847561032507281
59770.96408439899 3.901 0.018999999999999906 0.999251049820723 0.007646813974325353 1.0 1.0059949482614319 1.0059949482614319 -0.006743898440708884
59770.96410034242 3.901 0.018999999999999906 1.0034779531066738 0.007694581808954732 1.0 1.0059948923586428 1.0059948923586428 -0.0025169392519690525
59770.96411628583 3.901 0.018999999999999906 1.0114450135688162 0.00768274635622406 1.0 1.005994836455905 1.005994836455905 0.005450177112911181
59770.96413222925 3.901 0.018999999999999906 1.0052621362787746 0.007657042047113329 1.0 1.0059947805531417 1.0059947805531417 -0.0007326442743671446
59770.96414817267 3.901 0.018999999999999906 1.0152501896494954 0.0077147547901687 1.0 1.0059947246503782 1.0059947246503782 0.009255464999117224
59770.96416411609 3.901 0.018999999999999906 1.0120888586047405 0.007671686865434148 1.0 1.005994668747615 1.005994668747615 0.00609418985712562
59770.964180059505 3.901 0.018999999999999906 1.0028853320344295 0.00765472076077034 1.0 1.0059946128448771 1.0059946128448771 -0.00310928081044759
59770.96419600292 3.901 0.018999999999999906 1.0205690730262142 0.007676109299309894 1.0 1.0059945569421391 1.0059945569421391 0.014574516084075118
59770.964211946346 3.901 0.018999999999999906 1.0146531317237468 0.007688271599284952 1.0 1.0059945010393503 1.0059945010393503 0.00865863068439654
59770.964227889766 3.901 0.018999999999999906 1.007863222746055 0.007697620277406195 1.0 1.005994445136587 1.005994445136587 0.0018687776094681308
59770.96424383318 3.901 0.018999999999999906 1.0064954195206948 0.0076580571845589205 1.0 1.0059943892338492 1.0059943892338492 0.0005010302868455607
59770.9642597766 3.901 0.018999999999999906 1.0061133969399263 0.007687921329597593 1.0 1.0059943333310857 1.0059943333310857 0.0001190636088406194
59770.96427572002 3.901 0.018999999999999906 1.0020574218567835 0.0076576273907651565 1.0 1.0059942774283224 1.0059942774283224 -0.003936855571538889
59770.96429166343 3.901 0.018999999999999906 1.0034861048219892 0.007641128609146573 1.0 1.0059942215255846 1.0059942215255846 -0.002508116703595409
59770.96430760686 3.901 0.018999999999999906 1.0116402934486664 0.007696209362272791 1.0 1.0059941656227955 1.0059941656227955 0.005646127825870817
59770.96432355027 3.901 0.018999999999999906 1.0075618882009398 0.007674885706889203 1.0 1.0059941097200578 1.0059941097200578 0.001567778480882076
59770.964339493694 3.901 0.018999999999999906 1.0020798117778609 0.0076499965996549915 1.0 1.0059940538172945 1.0059940538172945 -0.00391424203943358
59770.96435543711 3.901 0.018999999999999906 1.0149719287648924 0.007680701946773642 1.0 1.0059939979145565 1.0059939979145565 0.008977930850335936
59770.96437138053 3.901 0.018999999999999906 1.0005798894432718 0.007677215048962893 1.0 1.0059939420117932 1.0059939420117932 -0.005414052568521344
59770.96438732395 3.901 0.018999999999999906 1.0116660967797897 0.007671543218733332 1.0 1.0059938861090298 1.0059938861090298 0.005672210670759847
59770.96440326737 3.901 0.018999999999999906 1.009692034928659 0.00768236523143582 1.0 1.0059938302062665 1.0059938302062665 0.003698204722392573
59770.96441921079 3.901 0.018999999999999906 1.0015973622927494 0.007661691995140285 1.0 1.005993774303503 1.005993774303503 -0.004396412010753581
59770.9644351542 3.901 0.018999999999999906 1.008098600861188 0.007676631976310382 1.0 1.0059937184007652 1.0059937184007652 0.002104882460422841
59770.96445109762 3.901 0.018999999999999906 1.0030130128182568 0.007682249902625381 1.0 1.005993662498002 1.005993662498002 -0.0029806496797450954
59770.96446704104 3.901 0.018999999999999906 0.9944681359033363 0.007644958073667037 1.0 1.0059936065952384 1.0059936065952384 -0.011525470691902129
59770.96448298446 3.901 0.018999999999999906 1.0112561144296761 0.00768664940861773 1.0 1.005993550692475 1.005993550692475 0.00526256373720102
59770.964498927875 3.901 0.018999999999999906 0.9995227488239452 0.007639277787083402 1.0 1.0059934947897373 1.0059934947897373 -0.006470745965792113
59770.964514871295 3.901 0.018999999999999906 0.9972426853889427 0.007673471357074491 1.0 1.0059934388869738 1.0059934388869738 -0.008750753498031116
59770.964530814716 3.901 0.018999999999999906 0.9993922357421264 0.007655784874522852 1.0 1.0059933829842105 1.0059933829842105 -0.006601147242084049
59770.96454675813 3.901 0.018999999999999906 1.0120598031164132 0.00768190379246527 1.0 1.0059933270814727 1.0059933270814727 0.006066476034940482
59770.96456270155 3.901 0.018999999999999906 1.0122602737445512 0.007674958249134593 1.0 1.0059932711787094 1.0059932711787094 0.006267002565841784
59770.96457864497 3.901 0.018999999999999906 1.0069412078259272 0.007690600753155491 1.0 1.0059932152759459 1.0059932152759459 0.0009479925499813469
59770.96459458839 3.901 0.018999999999999906 1.0123728917658348 0.007675125823787065 1.0 1.0059931593731826 1.0059931593731826 0.006379732392652215
59770.9646105318 3.901 0.018999999999999906 1.0097306871490113 0.0076975559342964415 1.0 1.0059931034704448 1.0059931034704448 0.0037375836785664696
59770.96462647523 3.901 0.018999999999999906 1.0243514238345839 0.0077218261860147715 1.0 1.0059930475676557 1.0059930475676557 0.018358376266928156
59770.96464241864 3.901 0.018999999999999906 0.9957305075627871 0.007637450893187523 1.0 1.005992991664918 1.005992991664918 -0.01026248410213082
59770.964658362056 3.901 0.018999999999999906 1.0093360608691089 0.0076732213297975695 1.0 1.0059929357621802 1.0059929357621802 0.0033431251069286905
59770.96467430548 3.901 0.018999999999999906 1.010293435875545 0.007689830028544628 1.0 1.0059928798594167 1.0059928798594167 0.004300556016128443
59770.964690248904 3.901 0.018999999999999906 "" "" 1.0 1.0059928239566278 1.0059928239566278 ""
59770.96470619232 3.901 0.018999999999999906 0.9972382263713238 0.009361304550005193 1.0 1.00599276805389 1.00599276805389 -0.008754541682566286
59770.96472213573 3.901 0.018999999999999906 1.0026758681638424 0.007667051233916272 1.0 1.005992712151152 1.005992712151152 -0.003316843987309692
59770.96473807916 3.901 0.018999999999999906 1.0161423595835446 0.0076989180884652385 1.0 1.0059926562483632 1.0059926562483632 0.010149703335181393
59770.96475402257 3.901 0.018999999999999906 1.0033936446216525 0.0076671131092755146 1.0 1.0059926003456254 1.0059926003456254 -0.002598955723972951
59770.96476996599 3.901 0.018999999999999906 0.9960174787663324 0.009360163322403539 1.0 1.0059925444428621 1.0059925444428621 -0.009975065676529726
59770.964785909404 3.901 0.018999999999999906 1.0027905082331265 0.007668195103819417 1.0 1.0059924885401241 1.0059924885401241 -0.003201980306997587
59770.96480185283 3.901 0.018999999999999906 1.0087747568896688 0.007656211120986674 1.0 1.0059924326373353 1.0059924326373353 0.00278232425233349
59770.964817796244 3.901 0.018999999999999906 1.0109118627229126 0.007679479067092407 1.0 1.0059923767345975 1.0059923767345975 0.004919485988315042
59770.96483373966 3.901 0.018999999999999906 1.0126797771244258 0.009395262487942995 1.0 1.0059923208318595 1.0059923208318595 0.006687456292566285
59770.964849683085 3.901 0.018999999999999906 1.0042910817954211 0.007683664964759543 1.0 1.0059922649290707 1.0059922649290707 -0.0017011831336495309
59770.9648656265 3.901 0.018999999999999906 1.007312616893474 0.007687006279991361 1.0 1.005992209026333 1.005992209026333 0.00132040786714116
59770.96488156992 3.901 0.018999999999999906 1.0082715486307738 0.007702317887608498 1.0 1.0059921531235694 1.0059921531235694 0.0022793955072044625
59770.96489751334 3.901 0.018999999999999906 1.0155292489281333 0.007709703842094157 1.0 1.005992097220806 1.005992097220806 0.009537151707327274
59770.96491345676 3.901 0.018999999999999906 1.0182080974753005 0.007711655720432001 1.0 1.0059920413180428 1.0059920413180428 0.012216056157257738
59770.96492940017 3.901 0.018999999999999906 1.0086679830709784 0.007681439481006031 1.0 1.005991985415305 1.005991985415305 0.00267599765567339
59770.96494534359 3.901 0.018999999999999906 1.0101098391886998 0.0076723334527134006 1.0 1.0059919295125415 1.0059919295125415 0.004117909676158327
59770.96496128701 3.901 0.018999999999999906 0.9986149070592226 0.007642672363185765 1.0 1.0059918736097782 1.0059918736097782 -0.00737696655055553
59770.96497723043 3.901 0.018999999999999906 1.0068900386289592 0.00766680448474457 1.0 1.0059918177070148 1.0059918177070148 0.0008982209219443593
59770.964993173846 3.901 0.018999999999999906 0.9851462291414321 0.009304380114250178 1.0 1.0059917618042769 1.0059917618042769 -0.020845532662844724
59770.965009117266 3.901 0.018999999999999906 1.0126226101961096 0.007707989923695878 1.0 1.0059917059015135 1.0059917059015135 0.006630904294596007
59770.96502506069 3.901 0.018999999999999906 1.0019576069610077 0.009375842918812874 1.0 1.0059916499987502 1.0059916499987502 -0.004034043037742574
59770.9650410041 3.901 0.018999999999999906 1.0109642315162168 0.007666076174249053 1.0 1.0059915940960122 1.0059915940960122 0.004972637420204595
59770.96505694753 3.901 0.018999999999999906 1.010711709085318 0.007673163754609139 1.0 1.0059915381932234 1.0059915381932234 0.004720170892094533
59770.96507289094 3.901 0.018999999999999906 0.9880360672540683 0.0076446458880124035 1.0 1.0059914822904856 1.0059914822904856 -0.017955415036417288
59770.96508883436 3.901 0.018999999999999906 1.0131523584587394 0.007691202080387606 1.0 1.0059914263877223 1.0059914263877223 0.00716093207101709
59770.96510477777 3.901 0.018999999999999906 0.9859408056133973 0.009327769922079475 1.0 1.0059913704849843 1.0059913704849843 -0.020050564871587073
59770.965120721194 3.901 0.018999999999999906 1.0008445656573872 0.007657097187191529 1.0 1.005991314582221 1.005991314582221 -0.005146748924833799
59770.965136664614 3.901 0.018999999999999906 1.0203137083758935 0.007728145849577279 1.0 1.0059912586794577 1.0059912586794577 0.014322449696435813
59770.965152608034 3.901 0.018999999999999906 0.9988861943905539 0.007661186851951798 1.0 1.0059912027766942 1.0059912027766942 -0.007105008386140255
59770.965168551455 3.901 0.018999999999999906 0.9958993530888577 0.0076418402714405155 1.0 1.0059911468739309 1.0059911468739309 -0.010091793785073189
59770.96518449487 3.901 0.018999999999999906 1.006684070818949 0.007682899447788564 1.0 1.005991090971193 1.005991090971193 0.000692979847755959
59770.96520043829 3.901 0.018999999999999906 1.0029163431274855 0.007664061176831186 1.0 1.0059910350684296 1.0059910350684296 -0.0030746919409441187
59770.96521638171 3.901 0.018999999999999906 1.0100480362791866 0.007670926460129398 1.0 1.0059909791656663 1.0059909791656663 0.004057057113520335
59770.96523232513 3.901 0.018999999999999906 1.0026119500842898 0.007669914982970268 1.0 1.005990923262903 1.005990923262903 -0.0033789731786131316
