eureka_custom_plots/data/stage5_lcfit_results/S5_wasp39b_ap4_bg8_Table_Save_ch41.txt
# %ECSV 1.0
# ---
# datatype:
# - {name: time, datatype: float64}
# - {name: wavelength, datatype: float64}
# - {name: bin_width, datatype: float64}
# - {name: lcdata, datatype: float64}
# - {name: lcerr, datatype: float64}
# - {name: transit, datatype: float64}
# - {name: polynom, datatype: float64}
# - {name: model, datatype: float64}
# - {name: residuals, datatype: float64}
# schema: astropy-2.0
time wavelength bin_width lcdata lcerr transit polynom model residuals
[from data line 10888]
59770.817612208404 4.591 0.019000000000000128 0.9772301381961059 0.008720911499270925 0.9774406106343215 1.0064642344399257 0.983759015892566 -0.006528877696460045
59770.817628151824 4.591 0.019000000000000128 0.9863730227733684 0.008763956862699793 0.9774401746660053 1.0064641768510632 0.9837585208163804 0.00261450195698798
59770.817644095245 4.591 0.019000000000000128 0.9750090538365015 0.008737538862687638 0.977439739208333 1.0064641192622006 0.98375802625419 -0.008748972417688461
59770.81766003867 4.591 0.019000000000000128 0.9857595088870427 0.008785382680414833 0.9774393042607383 1.0064640616733116 0.9837575322053985 0.0020019766816441464
59770.817675982085 4.591 0.019000000000000128 0.9974324200798379 0.008802269946772462 0.9774388698234084 1.0064640040844754 0.983757038670272 0.013675381409565923
59770.8176919255 4.591 0.019000000000000128 0.9884007927921914 0.008785231211732162 0.9774384358956013 1.006463946495639 0.9837565456480116 0.0046442471441797695
59770.817707868926 4.591 0.019000000000000128 0.9818751892273558 0.008756368310851938 0.9774380024765396 1.0064638889067503 0.9837560531377838 -0.0018808639104279656
59770.81772381234 4.591 0.019000000000000128 0.9920957434335113 0.008791074182185523 0.977437569566624 1.006463831317914 0.9837555611400944 0.00834018229341682
59770.81773975577 4.591 0.019000000000000128 0.9793376122139416 0.008754187441001605 0.9774371371646905 1.0064637737290252 0.9837550696536692 -0.004417457439727657
59770.81775569918 4.591 0.019000000000000128 0.9926143176175998 0.008796183425308237 0.9774367052711647 1.0064637161401888 0.9837545786790388 0.008859738938560957
59770.81777164261 4.591 0.019000000000000128 0.9878000524887889 0.008773189814086388 0.9774362738848729 1.0064636585512998 0.9837540882149195 0.004045964273869385
59770.81778758602 4.591 0.019000000000000128 0.9966764013807261 0.008793783167774695 0.9774358430062399 1.0064636009624637 0.9837535982618415 0.012922803118884607
59770.81780352944 4.591 0.019000000000000128 0.9668544352253143 0.008719349074209865 0.9774354126342941 1.006463543373601 0.9837531088187496 -0.01689867359343522
59770.81781947286 4.591 0.019000000000000128 0.9806876170759263 0.008752599209495424 0.9774349827688749 1.0064634857847385 0.9837526198855077 -0.0030650028095813298
59770.81783541628 4.591 0.019000000000000128 0.9903618543634756 0.008772774734849704 0.9774345534095857 1.006463428195876 0.9837521314617167 0.006609722901758874
59770.8178513597 4.591 0.019000000000000128 0.9958273403498448 0.00881178169488471 0.9774341245560677 1.0064633706070134 0.9837516435470153 0.012075696802829494
59770.817867303114 4.591 0.019000000000000128 0.997412638527581 0.008816484247816569 0.9774336962081481 1.006463313018177 0.9837511561412552 0.013661482386325807
59770.81788324654 4.591 0.019000000000000128 0.9900899239855626 0.008782974125729322 0.9774332683648629 1.0064632554292883 0.983750669243389 0.006339254742173561
59770.817899189955 4.591 0.019000000000000128 0.9697099740633806 0.008753497409071763 0.9774328410266342 1.006463197840452 0.9837501828539443 -0.01404020879056378
59770.81791513338 4.591 0.019000000000000128 0.9982646356879509 0.008815160673648513 0.977432414192302 1.006463140251563 0.9837496969716506 0.014514938716300274
59770.817931076796 4.591 0.019000000000000128 0.9938589299005762 0.008777515466119006 0.9774319878622884 1.0064630826627268 0.9837492115970357 0.010109718303540571
59770.81794702022 4.591 0.019000000000000128 0.9844799344090793 0.008773833129076855 0.9774315620354486 1.0064630250738378 0.9837487267288441 0.0007312076802352685
59770.817962963636 4.591 0.019000000000000128 0.9909164372267034 0.00878208553881886 0.977431136712179 1.0064629674850016 0.983748242367578 0.007168194859125454
59770.81797890706 4.591 0.019000000000000128 0.9798295378905822 0.008749881791777315 0.9774307118915346 1.006462909896139 0.9837477585122086 -0.003918220621626389
59770.81799485048 4.591 0.019000000000000128 0.9919291753416841 0.008777094737414575 0.9774302875733465 1.0064628523072765 0.9837472751625919 0.00818190017909226
59770.8180107939 4.591 0.019000000000000128 0.9705535675008137 0.008739633362731336 0.9774298637572489 1.006462794718414 0.9837467923183594 -0.013193224817545701
59770.81802673732 4.591 0.019000000000000128 0.9637422060589829 0.008719269535113127 0.9774294404428775 1.0064627371295514 0.9837463099791443 -0.020004103920161387
59770.81804268074 4.591 0.019000000000000128 0.9839262833346564 0.00878551199293056 0.9774290176298678 1.0064626795406886 0.9837458281445797 0.0001804551900767004
59770.81805862416 4.591 0.019000000000000128 0.9949831828144282 0.008789219531778154 0.9774285953178561 1.006462621951826 0.9837453468142997 0.01123783600012851
59770.81807456757 4.591 0.019000000000000128 0.9782541411690289 0.00875256063344668 0.9774281735066744 1.0064625643629899 0.9837448659881609 -0.005490724819132042
59770.81809051099 4.591 0.019000000000000128 0.9870198570914755 0.00876784766543158 0.9774277521955699 1.0064625067741273 0.9837443856653537 0.0032754714261218343
59770.81810645441 4.591 0.019000000000000128 0.9937900708254613 0.008796465831020056 0.9774273313843881 1.0064624491852647 0.9837439058457486 0.01004616497971278
59770.81812239784 4.591 0.019000000000000128 0.9809307605504372 0.008768049228949215 0.977426911072549 1.0064623915963757 0.9837434265287357 -0.0028126659782985453
59770.81813834125 4.591 0.019000000000000128 0.987591948675931 0.008751250661505618 0.9774264912602869 1.0064623340075396 0.9837429477146283 0.0038490009613026954
59770.81815428467 4.591 0.019000000000000128 0.9878323680256149 0.008754414944943365 0.9774260719466589 1.006462276418677 0.9837424694023998 0.004089898623215071
59770.81817022809 4.591 0.019000000000000128 0.9864471240062544 0.00875917073240584 0.9774256531314994 1.0064622188298145 0.9837419915919094 0.0027051324143450017
59770.81818617151 4.591 0.019000000000000128 0.9831504852934918 0.008767605086073292 0.9774252348144495 1.0064621612409517 0.9837415142827955 -0.0005910289893037435
59770.81820211493 4.591 0.019000000000000128 0.9860260869974534 0.008786858721048082 0.9774248169951507 1.006462103652089 0.9837410374746975 0.0022850495227558776
59770.81821805835 4.591 0.019000000000000128 0.9941998438911452 0.00878343278146385 0.9774243996732571 1.0064620460632265 0.9837405611672673 0.010459282723877972
59770.818234001774 4.591 0.019000000000000128 0.9750296534756234 0.008753357054470515 0.9774239828483874 1.006461988474364 0.9837400853601206 -0.00871043188449716
59770.81824994519 4.591 0.019000000000000128 0.961057339188384 0.008681772469027734 0.9774235665203892 1.0064619308855278 0.98373961005313 -0.022682270864746057
59770.81826588861 4.591 0.019000000000000128 0.9757417217528923 0.008734578965507247 0.9774231506885213 1.0064618732966653 0.9837391352454978 -0.00799741349260552
59770.81828183203 4.591 0.019000000000000128 0.9913384475353728 0.00878738588021921 0.9774227353526204 1.0064618157078027 0.9837386609370854 0.007599786598287417
59770.81829777545 4.591 0.019000000000000128 0.9628916244840682 0.008728138986770786 0.9774223205123318 1.0064617581189401 0.9837381871275357 -0.020846562643467514
59770.81831371887 4.591 0.019000000000000128 0.9963216551063065 0.008789359556324329 0.9774219061673011 1.0064617005300773 0.9837377138164916 0.012583941289814993
59770.81832966229 4.591 0.019000000000000128 0.9887075456012221 0.00879897708129355 0.977421492317174 1.0064616429412148 0.9837372410035968 0.0049703045976252636
59770.81834560571 4.591 0.019000000000000128 0.9849197909424562 0.008759984401079099 0.9774210789615974 1.0064615853523522 0.9837367686884959 0.0011830222539602753
59770.81836154913 4.591 0.019000000000000128 0.9951237374440868 0.008813312855705392 0.9774206661002303 1.0064615277634896 0.9837362968708454 0.01138744057324137
59770.81837749254 4.591 0.019000000000000128 0.9676018706544471 0.008738255302769416 0.9774202537328872 1.0064614701746535 0.9837358255504846 -0.016133954896037417
59770.81839343597 4.591 0.019000000000000128 0.9787391261935776 0.008771595338883914 0.9774198418586565 1.0064614125857645 0.9837353547264179 -0.004996228532840319
59770.81840937939 4.591 0.019000000000000128 0.9903497185019244 0.0087994382033693 0.9774194304777591 1.006461354996902 0.9837348843989456 0.006614834102978806
59770.8184253228 4.591 0.019000000000000128 0.9940458016765076 0.008772653584403725 0.9774190195898437 1.0064612974080658 0.9837344145677137 0.010311387108793868
59770.81844126622 4.591 0.019000000000000128 0.9947112130847781 0.008802493265302934 0.9774186091941799 1.0064612398192032 0.9837339452319356 0.010977267852842476
59770.81845720964 4.591 0.019000000000000128 0.9825774322865138 0.008751466389150668 0.9774181992906088 1.0064611822303404 0.9837334763914766 -0.001156044104962728
59770.818473153064 4.591 0.019000000000000128 0.9858065041747682 0.008776486292275317 0.9774177898787815 1.0064611246414779 0.9837330080459861 0.0020734961287821596
59770.818489096484 4.591 0.019000000000000128 0.9927845933749064 0.008784310327096822 0.9774173809583611 1.0064610670526153 0.9837325401951247 0.00905205317978175
59770.818505039904 4.591 0.019000000000000128 0.9620482003519185 0.008723934656891886 0.9774169725289765 1.0064610094637527 0.9837320728385188 -0.02168387248660031
59770.818520983325 4.591 0.019000000000000128 0.992459321230434 0.008768482162633068 0.9774165645902924 1.0064609518748902 0.9837316059758306 0.008727715254603363
59770.818536926745 4.591 0.019000000000000128 0.9678362722260342 0.008718069077258533 0.9774161571419617 1.0064608942860276 0.9837311396067112 -0.015894867380677025
59770.81855287016 4.591 0.019000000000000128 0.9961243758364874 0.008786858940738067 0.977415750183827 1.0064608366971914 0.9837306737310275 0.01239370210545987
59770.818568813585 4.591 0.019000000000000128 0.9787677774761859 0.008740961661673041 0.9774153437149778 1.0064607791083025 0.9837302083477858 -0.0049624308715998655
59770.818584757006 4.591 0.019000000000000128 0.9856961491847342 0.008757626116719217 0.9774149377356338 1.0064607215194399 0.9837297434572844 0.0019664057274498825
59770.818600700426 4.591 0.019000000000000128 0.9938754714096629 0.008803536859893893 0.9774145322452623 1.0064606639305773 0.9837292790589613 0.010146192350701577
59770.81861664384 4.591 0.019000000000000128 0.9855244946214035 0.008755473820747832 0.9774141272437067 1.006460606341741 0.9837288151526846 0.001795679468718836
59770.81863258726 4.591 0.019000000000000128 0.9703010097539211 0.008737916624206681 0.9774137227302605 1.0064605487528784 0.9837283517376917 -0.013427341983770602
59770.81864853068 4.591 0.019000000000000128 0.997222052400588 0.008802956345938329 0.9774133187047451 1.0064604911640158 0.9837278888138286 0.013494163586759478
59770.8186644741 4.591 0.019000000000000128 0.9798124449890782 0.008752147421529815 0.9774129151668298 1.0064604335751532 0.983727426380762 -0.003914981391683892
59770.81868041752 4.591 0.019000000000000128 0.9775574519294012 0.008769439237810744 0.9774125121161729 1.0064603759862907 0.9837269644381482 -0.006169512508746977
59770.81869636094 4.591 0.019000000000000128 0.9950825961079045 0.00878251388098611 0.9774121095524334 1.006460318397428 0.983726502985644 0.011356093122260491
59770.81871230436 4.591 0.019000000000000128 0.9785263432937514 0.008771579117375729 0.9774117074752704 1.0064602608085655 0.983726042022906 -0.0051996987291546
59770.818728247774 4.591 0.019000000000000128 0.9921551810621688 0.008771077647506014 0.9774113058845297 1.0064602032197292 0.9837255815498047 0.008429599512364105
59770.8187441912 4.591 0.019000000000000128 0.9789538852833415 0.008747158209249798 0.977410904779326 1.0064601456308404 0.983725121565372 -0.004771236282030467
59770.818760134614 4.591 0.019000000000000128 0.9840799877518496 0.008771542871813877 0.9774105041600281 1.006460088042004 0.9837246620700814 0.0003553256817682149
59770.81877607804 4.591 0.019000000000000128 0.9846945715349288 0.008735204254679664 0.9774101040256025 1.0064600304531153 0.9837242030627904 0.0009703684721383832
59770.818792021455 4.591 0.019000000000000128 0.9725369982126902 0.008726835972503852 0.9774097043764168 1.006459972864279 0.9837237445439714 -0.011186746331281139
59770.818807964875 4.591 0.019000000000000128 0.9934010894444323 0.008809828681558884 0.9774093052115903 1.0064599152754163 0.9837232865126607 0.009677802931771562
59770.818823908296 4.591 0.019000000000000128 0.9769153113941358 0.009817543240259727 0.9774089065309711 1.0064598576865538 0.9837228289687313 -0.006807517574595523
59770.81883985171 4.591 0.019000000000000128 0.9693776049293462 0.008745489349528698 0.9774085083344072 1.0064598000977176 0.9837223719120558 -0.01434476698270959
59770.818855795136 4.591 0.019000000000000128 0.9812172630063593 0.008779024643384264 0.9774081106210102 1.0064597425088286 0.9837219153416626 -0.0025046523353033923
59770.81887173856 4.591 0.019000000000000128 0.9832863404940235 0.008760347234596622 0.9774077133909972 1.006459684919966 0.9837214592578475 -0.00043511876382396064
59770.81888768198 4.591 0.019000000000000128 0.9892978498889258 0.008782834631619852 0.977407316643861 1.0064596273311035 0.9837210036600743 0.005576846228851462
59770.81890362539 4.591 0.019000000000000128 0.9911993239979953 0.008782824437719829 0.977406920379428 1.0064595697422671 0.9837205485481935 0.0074787754498018
59770.81891956882 4.591 0.019000000000000128 0.9991555132111718 0.008775095389709324 0.9774065245968258 1.0064595121533784 0.9837200939212503 0.015435419289921537
59770.81893551223 4.591 0.019000000000000128 0.9826826525555207 0.008744427415213146 0.977406129296454 1.006459454564542 0.9837196397797493 -0.0010369872242286249
59770.81895145566 4.591 0.019000000000000128 0.9965032103438153 0.008791418316806842 0.9774057344772484 1.0064593969756532 0.9837191861225169 0.012784024221298429
59770.81896739907 4.591 0.019000000000000128 0.9763403896388085 0.008734450926357577 0.9774053401396079 1.0064593393868169 0.9837187329500569 -0.007378343311248314
59770.81898334249 4.591 0.019000000000000128 0.9887704606564175 0.008789330240119934 0.977404946282653 1.0064592817979543 0.983718280261407 0.0050521803950105415
59770.81899928591 4.591 0.019000000000000128 0.9821990019834691 0.008780995283771822 0.9774045529062353 1.0064592242090917 0.9837178280564437 -0.0015188260729745995
59770.819015229325 4.591 0.019000000000000128 0.979251922809329 0.00876220774227347 0.9774041600102062 1.0064591666202554 0.9837173763350429 -0.004465453525713814
59770.81903117275 4.591 0.019000000000000128 0.984760786918057 0.00877621400620615 0.9774037675937022 1.0064591090313666 0.9837169250962584 0.0010438618217986084
59770.819047116165 4.591 0.019000000000000128 0.9720169361374936 0.008741501417961239 0.977403375657097 1.0064590514425302 0.9837164743405689 -0.011699538203075233
59770.81906305959 4.591 0.019000000000000128 0.9779924459775866 0.008771830531162348 0.977402984199348 1.0064589938536415 0.9837160240668225 -0.005723578089235848
59770.819079003006 4.591 0.019000000000000128 0.9840300972612082 0.008763307523143832 0.9774025932208514 1.006458936264805 0.9837155742755201 0.00031452298568801496
59770.81909494643 4.591 0.019000000000000128 0.9776932834800511 0.008729398237754793 0.9774022027205558 1.0064588786759163 0.9837151249655012 -0.006021841485450041
59770.819110889846 4.591 0.019000000000000128 0.9891124449978087 0.008785449133541876 0.9774018126988563 1.00645882108708 0.9837146761372658 0.005397768860542884
59770.819126833274 4.591 0.019000000000000128 0.992563015806372 0.008775691400314879 0.9774014231547046 1.0064587634981912 0.9837142277896563 0.008848788016715625
59770.81914277669 4.591 0.019000000000000128 0.9725687531188278 0.008735160091081707 0.9774010340884952 1.0064587059093548 0.9837137799231721 -0.01114502680434426
