eureka_custom_plots/data/stage5_lcfit_results/S5_wasp39b_ap4_bg8_Table_Save_ch11.txt
# %ECSV 1.0
# ---
# datatype:
# - {name: time, datatype: float64}
# - {name: wavelength, datatype: float64}
# - {name: bin_width, datatype: float64}
# - {name: lcdata, datatype: float64}
# - {name: lcerr, datatype: float64}
# - {name: transit, datatype: float64}
# - {name: polynom, datatype: float64}
# - {name: model, datatype: float64}
# - {name: residuals, datatype: float64}
# schema: astropy-2.0
time wavelength bin_width lcdata lcerr transit polynom model residuals
[from data line 11798]
59770.832120720195 3.441 0.018999999999999906 0.9925550478641438 0.014696582957680223 0.9782139557737844 1.0060505056190132 0.9841326448097909 0.008422403054352934
59770.832136663616 3.441 0.018999999999999906 0.97182804945095 0.014593245221599499 0.9782138827622285 1.0060504333355453 0.9841325006477863 -0.012304451196836319
59770.832152607036 3.441 0.018999999999999906 0.9956625524352757 0.014697007770577026 0.9782138101165558 1.0060503610520772 0.9841323568538891 0.01153019558138657
59770.832168550456 3.441 0.018999999999999906 0.9695049908337063 0.014596860950542401 0.9782137378366988 1.0060502887686091 0.9841322134280314 -0.014627222594325029
59770.83218449387 3.441 0.018999999999999906 0.9710050195567892 0.014592185268534476 0.9782136659226243 1.0060502164851741 0.9841320703702119 -0.013127050813422692
59770.8322004373 3.441 0.018999999999999906 0.9891072383947701 0.014663110103103463 0.9782135943741725 1.0060501442016732 0.9841319276801733 0.004975310714596781
59770.83221638071 3.441 0.018999999999999906 0.9734333116405367 0.014613744626077767 0.9782135231914098 1.006050071918238 0.9841317853581106 -0.01069847371757393
59770.83223232413 3.441 0.018999999999999906 1.0003965290188803 0.014754347380010429 0.9782134523741733 1.00604999963477 0.9841316434037642 0.016264885615116076
59770.83224826755 3.441 0.018999999999999906 1.0279644556688485 0.015086082696920564 0.9782133819224309 1.006049927351302 0.9841315018171329 0.043832953851715595
59770.83226421098 3.441 0.018999999999999906 0.9982989166999268 0.01473546313514626 0.9782133118360911 1.006049855067801 0.984131360598093 0.014167556101833734
59770.83228015439 3.441 0.018999999999999906 0.9673914704157558 0.014557661900320502 0.9782132421151861 1.0060497827843657 0.9841312197467732 -0.016739749331017406
59770.83229609781 3.441 0.018999999999999906 0.9633123150322124 0.014551052612804235 0.9782131727595549 1.0060497105008979 0.984131079262915 -0.020818764230702613
59770.83231204123 3.441 0.018999999999999906 0.9820684201219978 0.014624995948844073 0.9782131037691716 1.0060496382174298 0.9841309391465242 -0.002062519024526366
59770.832327984645 3.441 0.018999999999999906 0.9813915547987286 0.014641860104616234 0.9782130351440043 1.0060495659339947 0.9841307993976011 -0.0027392445988724257
59770.83234392807 3.441 0.018999999999999906 0.9902588738867871 0.014708587185422527 0.9782129668838943 1.0060494936504936 0.9841306600158889 0.006128213870898236
59770.832359871485 3.441 0.018999999999999906 0.9840302964066127 0.014656353970196424 0.9782128989889114 1.0060494213670585 0.9841305210015872 -0.0001002245949744962
59770.83237581491 3.441 0.018999999999999906 0.9856837268271931 0.014665487934122867 0.9782128314588667 1.0060493490835576 0.9841303823543767 0.0015533444728164092
59770.832391758326 3.441 0.018999999999999906 0.99462474627822 0.014722327535081327 0.9782127642938233 1.0060492768001226 0.9841302440744497 0.01049450220377024
59770.832407701746 3.441 0.018999999999999906 0.9760633528523044 0.014596647400978073 0.9782126974936315 1.0060492045166545 0.9841301061615587 -0.008066753309254326
59770.832423645166 3.441 0.018999999999999906 0.9963893052299094 0.014755470525330796 0.9782126310582606 1.0060491322331864 0.9841299686157052 0.012259336614204197
59770.83243958859 3.441 0.018999999999999906 0.9984428797409959 0.014723312225262354 0.9782125649876512 1.0060490599497183 0.9841298314368292 0.014313048304166687
59770.83245553201 3.441 0.018999999999999906 0.9744976325607332 0.014608978733527048 0.9782124992817425 1.0060489876662504 0.9841296946248697 -0.00963206206413647
59770.83247147542 3.441 0.018999999999999906 0.9690592580010473 0.014605928157051388 0.9782124339405097 1.0060489153828152 0.9841295581798335 -0.015070300178786189
59770.83248741885 3.441 0.018999999999999906 0.9838333759639514 0.014671722370980205 0.9782123689638019 1.0060488430993142 0.9841294221014724 -0.00029604613752098885
59770.83250336226 3.441 0.018999999999999906 0.9919338381329118 0.014705235275233201 0.9782123043516798 1.0060487708158792 0.9841292863899762 0.007804551742935595
59770.83251930569 3.441 0.018999999999999906 0.9739963552042189 0.014633083413159102 0.9782122401039693 1.0060486985323782 0.9841291510450406 -0.010132795840821718
59770.8325352491 3.441 0.018999999999999906 0.9618293461389291 0.014530931491568939 0.9782121762207303 1.006048626248943 0.9841290160668547 -0.022299669927925536
59770.83255119253 3.441 0.018999999999999906 0.9912695680310372 0.014714782822948958 0.9782121127017857 1.006048553965442 0.9841288814551115 0.007140686575925703
59770.83256713594 3.441 0.018999999999999906 0.982112742349006 0.014667678947310688 0.9782120495471998 1.006048481682007 0.9841287472100045 -0.0020160048609985104
59770.83258307936 3.441 0.018999999999999906 0.9685584688303494 0.014588126965637528 0.9782119867568263 1.006048409398539 0.9841286133312896 -0.015570144500940297
59770.83259902278 3.441 0.018999999999999906 0.9651882462626254 0.014577845727102186 0.9782119243306371 1.0060483371150708 0.9841284798189709 -0.018940233556345443
59770.832614966195 3.441 0.018999999999999906 0.991476192917108 0.01471677099677446 0.9782118622686081 1.0060482648316358 0.9841283466730563 0.0073478462440517145
59770.83263090962 3.441 0.018999999999999906 0.9879907407453833 0.014685233867897772 0.9782118005705963 1.0060481925481348 0.984128213893305 0.0038625268520783296
59770.832646853036 3.441 0.018999999999999906 0.9920496843745625 0.014694583750888128 0.9782117392366592 1.0060481202646998 0.9841280814799036 0.00792160289465893
59770.83266279646 3.441 0.018999999999999906 0.9946294827567285 0.014670496289279458 0.9782116782666318 1.0060480479811986 0.9841279494325572 0.010501533324171253
59770.83267873988 3.441 0.018999999999999906 0.9645109807109299 0.014494949861276928 0.9782116176605707 1.0060479756977636 0.9841278177514519 -0.019616837040521973
59770.8326946833 3.441 0.018999999999999906 0.9721909775921077 0.014601886273152 0.978211557418336 1.0060479034142955 0.9841276864363496 -0.011936708844241917
59770.83271062672 3.441 0.018999999999999906 0.967765610307066 0.014546352087760442 0.9782114975399051 1.0060478311308274 0.9841275554872603 -0.016361945180194293
59770.832726570145 3.441 0.018999999999999906 0.9943489195339567 0.014723628118148322 0.9782114380251953 1.0060477588473264 0.9841274249040681 0.010221494629888528
59770.83274251356 3.441 0.018999999999999906 0.9689445586162668 0.014598317105202704 0.9782113788742359 1.0060476865638914 0.9841272946868993 -0.015182736070632474
59770.83275845697 3.441 0.018999999999999906 0.984642928448122 0.014650226439285435 0.9782113200869174 1.0060476142804564 0.9841271648355792 0.0005157636125427967
59770.8327744004 3.441 0.018999999999999906 0.9723465583588049 0.014608588814927312 0.9782112616631364 1.0060475419969552 0.9841270353499388 -0.011780476991133937
59770.83279034381 3.441 0.018999999999999906 0.9953232109560707 0.014721914431177712 0.9782112036029454 1.0060474697135202 0.9841269062301604 0.011196304725910267
59770.83280628724 3.441 0.018999999999999906 0.9999513601469624 0.014724354210913268 0.978211145906189 1.0060473974300193 0.9841267774759582 0.015824582671004173
59770.83282223065 3.441 0.018999999999999906 0.9963544261958368 0.01472289400042335 0.9782110885729203 1.0060473251465842 0.9841266490875148 0.012227777108322013
59770.83283817408 3.441 0.018999999999999906 0.9733957164120542 0.014607739019607937 0.978211031602982 1.006047252863083 0.9841265210645425 -0.010730804652488213
59770.83285411749 3.441 0.018999999999999906 0.9909355725162977 0.014728086529712291 0.9782109749964272 1.006047180579648 0.9841263934072242 0.0068091791090735265
59770.832870060905 3.441 0.018999999999999906 1.0182402578297471 0.015040846802331233 0.9782109187531555 1.006047108296213 0.9841262661153939 0.03411399171435325
59770.83288600433 3.441 0.018999999999999906 0.9973770413049414 0.014743237372393827 0.9782108628730639 1.006047036012712 0.9841261391888835 0.01325090211605795
59770.832901947746 3.441 0.018999999999999906 0.9943329717875004 0.014731713926166623 0.978210807356204 1.0060469637292768 0.9841260126278736 0.010206959159626772
59770.83291789117 3.441 0.018999999999999906 0.9743953088079161 0.014629736625745692 0.9782107522024267 1.0060468914457759 0.9841258864320855 -0.0097305776241694
59770.83293383459 3.441 0.018999999999999906 0.9633464715295695 0.01454238765760337 0.9782106974117832 1.0060468191623408 0.9841257606016997 -0.020779289072130114
59770.832949778014 3.441 0.018999999999999906 0.9929785795252086 0.01471622483544322 0.9782106429841234 1.0060467468788399 0.9841256351364356 0.008852944388773043
59770.83296572143 3.441 0.018999999999999906 0.9924936973309185 0.014701257942242066 0.9782105889194976 1.0060466745954046 0.984125510036473 0.00836818729444555
59770.832981664855 3.441 0.018999999999999906 0.963677578318131 0.014574443596759286 0.978210535217761 1.0060466023119037 0.9841253853015373 -0.020447806983406314
59770.83299760827 3.441 0.018999999999999906 0.9769455313413788 0.014625654415408067 0.9782104818789614 1.0060465300284687 0.9841252609318054 -0.0071797295904265646
59770.83301355169 3.441 0.018999999999999906 0.977265553284089 0.014641657184614788 0.9782104289029803 1.0060464577450006 0.984125136927061 -0.006859583642972011
59770.83302949511 3.441 0.018999999999999906 0.9642518971509754 0.014551595223702557 0.9782103762897936 1.0060463854615325 0.9841250132873124 -0.01987311613633702
59770.83304543852 3.441 0.018999999999999906 0.9941615950000192 0.014698732345310068 0.9782103240393767 1.0060463131780975 0.984124890012567 0.010036704987452238
59770.83306138195 3.441 0.018999999999999906 0.9657215221328437 0.014573544884681926 0.978210272151614 1.0060462408945965 0.9841247671026115 -0.018403244969767862
59770.83307732536 3.441 0.018999999999999906 0.9693903438279793 0.014590287813406813 0.9782102206265536 1.0060461686111615 0.9841246445576232 -0.014734300729643879
59770.83309326879 3.441 0.018999999999999906 0.9704981759258062 0.014594566231867879 0.9782101694640541 1.0060460963276603 0.9841245223773307 -0.013626346451524496
59770.8331092122 3.441 0.018999999999999906 0.9785927181983897 0.01464123212201937 0.9782101186641631 1.0060460240442253 0.9841244005619111 -0.005531682363521417
59770.83312515563 3.441 0.018999999999999906 0.9876494378841699 0.01467824356714226 0.9782100682267442 1.0060459517607243 0.9841242791110979 0.0035251587730720235
59770.83314109904 3.441 0.018999999999999906 0.9827330051902581 0.014631347855381137 0.978210018151844 1.0060458794772893 0.984124158025067 -0.0013911528348089508
59770.833157042456 3.441 0.018999999999999906 0.9986644291690543 0.014722498279276816 0.9782099684393701 1.006045807193854 0.9841240373036606 0.014540391865393687
59770.833172985884 3.441 0.018999999999999906 0.9919238008626415 0.01470862358191596 0.9782099190892349 1.006045734910353 0.9841239169467264 0.007799883915915129
59770.833188929304 3.441 0.018999999999999906 0.9844155136880761 0.018040137882031657 0.978209870101462 1.006045662626885 0.9841237969543845 0.0002917167336916604
59770.833204872724 3.441 0.018999999999999906 0.9948718424602028 0.014706423499133864 0.9782098214759832 1.0060455903434171 0.9841236773265343 0.010748165133668497
59770.83322081614 3.441 0.018999999999999906 0.9639032150566724 0.014570798034783266 0.9782097732127804 1.0060455180599819 0.984123558063189 -0.02022034300651654
59770.833236759565 3.441 0.018999999999999906 0.9712154475623097 0.01459552418962453 0.978209725311742 1.006045445776481 0.9841234391641405 -0.01290799160183076
59770.83325270298 3.441 0.018999999999999906 0.988003686250299 0.014703238926561758 0.9782096777729129 1.006045373493046 0.9841233206295622 0.003880365620736792
59770.833268646405 3.441 0.018999999999999906 0.9912028511735076 0.014705632953129405 0.9782096305961654 1.0060453012095447 0.9841232024591967 0.007079648714310882
59770.83328458982 3.441 0.018999999999999906 0.9863124711348745 0.014691523138716129 0.978209583781543 1.0060452289261097 0.984123084653217 0.0021893864816575626
59770.83330053324 3.441 0.018999999999999906 1.000835272986508 0.014778142135322454 0.9782095373289378 1.0060451566426418 0.9841229672114173 0.01671230577509064
59770.83331647666 3.441 0.018999999999999906 0.993367643603239 0.014719236781016191 0.9782094912383326 1.0060450843591737 0.9841228501338127 0.009244793469426305
59770.83333242007 3.441 0.018999999999999906 0.9659266660052177 0.014585806207105572 0.9782094455097059 1.0060450120757387 0.9841227334204138 -0.018196067415196082
59770.8333483635 3.441 0.018999999999999906 0.9866197850976375 0.014676202671714954 0.9782094001429537 1.0060449397922375 0.9841226170710186 0.0024971680266189233
59770.83336430691 3.441 0.018999999999999906 0.9901715955404058 0.014702792421181004 0.9782093551381182 1.0060448675088025 0.9841225010857994 0.006049094454606441
59770.83338025034 3.441 0.018999999999999906 0.9766226067501746 0.014631265904459635 0.9782093104950788 1.0060447952253015 0.9841223854645049 -0.007499778714330274
59770.83339619375 3.441 0.018999999999999906 0.9900976976517888 0.014695366220265212 0.9782092662138754 1.0060447229418663 0.9841222702073046 0.005975427444484205
59770.83341213717 3.441 0.018999999999999906 0.9666139677015495 0.014556374088804787 0.9782092222944097 1.0060446506583984 0.9841221553140029 -0.01750818761245343
59770.833428080594 3.441 0.018999999999999906 0.9907079349447004 0.014723964675932493 0.9782091787366611 1.0060445783749303 0.9841220407846111 0.006585894160089367
59770.83344402401 3.441 0.018999999999999906 0.9836674986782233 0.014654995433200561 0.9782091355406102 1.0060445060914953 0.9841219266191418 -0.00045442794091843375
59770.833459967434 3.441 0.018999999999999906 0.997781619888707 0.0147267799846814 0.978209092706161 1.0060444338079941 0.9841218128174013 0.013659807071305652
59770.833475910855 3.441 0.018999999999999906 0.9684349722113706 0.014605582373167614 0.9782090502333335 1.0060443615245263 0.9841216993795072 -0.01568672716813657
59770.833491854275 3.441 0.018999999999999906 0.9769959995932971 0.014628094154688182 0.97820900812207 1.0060442892410582 0.9841215863053684 -0.007125586712071308
59770.83350779769 3.441 0.018999999999999906 1.0150286845070593 0.015007009553250196 0.9782089663723512 1.0060442169576231 0.984121473594998 0.030907210912061278
59770.833523741116 3.441 0.018999999999999906 1.0308095263218786 0.015107379181662498 0.9782089249840844 1.006044144674122 0.9841213612482055 0.04668816507367313
59770.83353968453 3.441 0.018999999999999906 0.971349875904097 0.014580929236027218 0.978208883957308 1.006044072390687 0.984121249265159 -0.012771373361061933
59770.83355562795 3.441 0.018999999999999906 0.9923900734235981 0.014706608610487545 0.9782088432919274 1.0060440001072188 0.9841211376456662 0.008268935777931863
59770.83357157137 3.441 0.018999999999999906 0.9955592978434762 0.014732368625913315 0.9782088029879272 1.006043927823751 0.9841210263897441 0.011438271453732107
59770.83358751479 3.441 0.018999999999999906 0.9901157307057273 0.0146759920265303 0.9782087630452707 1.0060438555402829 0.9841209154973551 0.005994815208372195
59770.83360345821 3.441 0.018999999999999906 1.0007616452045354 0.014756128003785406 0.978208723463921 1.0060437832568148 0.9841208049684623 0.01664084023607304
59770.83361940162 3.441 0.018999999999999906 0.9861346230236581 0.014674447926513016 0.9782086842438631 1.0060437109733797 0.9841206948030831 0.002013928220575001
59770.83363534505 3.441 0.018999999999999906 0.9935502207131569 0.014711685593801399 0.9782086453850067 1.0060436386898788 0.9841205850010295 0.009429635712127404
59770.83365128847 3.441 0.018999999999999906 0.9885144680791901 0.014680319609598204 0.9782086068873715 1.0060435664064107 0.9841204755624179 0.004393992516772194
59770.83366723189 3.441 0.018999999999999906 0.9864685339237655 0.014686752875034256 0.9782085687509037 1.0060434941229426 0.9841203664871618 0.0023481674366037097
