eureka_custom_plots/data/stage5_lcfit_results/S5_wasp39b_ap4_bg8_Table_Save_ch57.txt
# %ECSV 1.0
# ---
# datatype:
# - {name: time, datatype: float64}
# - {name: wavelength, datatype: float64}
# - {name: bin_width, datatype: float64}
# - {name: lcdata, datatype: float64}
# - {name: lcerr, datatype: float64}
# - {name: transit, datatype: float64}
# - {name: polynom, datatype: float64}
# - {name: model, datatype: float64}
# - {name: residuals, datatype: float64}
# schema: astropy-2.0
time wavelength bin_width lcdata lcerr transit polynom model residuals
[from data line 19698]
59770.95807373024 5.204 0.019000000000000128 1.0103097046713965 0.011783886781784639 1.0 1.0058956895322944 1.0058956895322944 0.004414015139102112
59770.95808967365 5.204 0.019000000000000128 0.9916789896696828 0.011726997312811082 1.0 1.0058956304988782 1.0058956304988782 -0.014216640829195382
59770.95810561707 5.204 0.019000000000000128 0.9990277751418513 0.011754569953543043 1.0 1.005895571465435 1.005895571465435 -0.006867796323583697
59770.95812156049 5.204 0.019000000000000128 1.00762313437086 0.011818482338538399 1.0 1.0058955124319917 1.0058955124319917 0.001727621938868218
59770.958137503905 5.204 0.019000000000000128 1.00613911782217 0.011751669516408492 1.0 1.0058954533985756 1.0058954533985756 0.00024366442359435858
59770.958153447325 5.204 0.019000000000000128 1.0150547161532606 0.011777895721050244 1.0 1.0058953943651325 1.0058953943651325 0.00915932178812806
59770.958169390746 5.204 0.019000000000000128 1.0231123128560438 0.011833908378703734 1.0 1.0058953353316893 1.0058953353316893 0.01721697752435447
59770.958185334166 5.204 0.019000000000000128 0.9814026576721163 0.011731814864451854 1.0 1.0058952762982463 1.0058952762982463 -0.024492618626129947
59770.95820127758 5.204 0.019000000000000128 1.0027517738785499 0.011804374687440401 1.0 1.0058952172648299 1.0058952172648299 -0.0031434433862800315
59770.958217221 5.204 0.019000000000000128 1.0121535544168732 0.011731029774996248 1.0 1.0058951582313869 1.0058951582313869 0.006258396185486292
59770.95823316442 5.204 0.019000000000000128 1.003144329030153 0.011736835547841253 1.0 1.0058950991979436 1.0058950991979436 -0.0027507701677906837
59770.95824910784 5.204 0.019000000000000128 1.0022666867488534 0.011750743441492732 1.0 1.0058950401645006 1.0058950401645006 -0.0036283534156471564
59770.95826505125 5.204 0.019000000000000128 0.9958978996075551 0.011765650615434291 1.0 1.0058949811310842 1.0058949811310842 -0.009997081523529072
59770.95828099468 5.204 0.019000000000000128 0.9917850054022527 0.011705230737439886 1.0 1.005894922097614 1.005894922097614 -0.014109916695361435
59770.95829693809 5.204 0.019000000000000128 1.0105679933480602 0.011808700199313665 1.0 1.005894863064198 1.005894863064198 0.004673130283862292
59770.95831288151 5.204 0.019000000000000128 0.9798292742614381 0.01171887074064605 1.0 1.0058948040307818 1.0058948040307818 -0.02606552976934373
59770.958328824934 5.204 0.019000000000000128 1.016793702814151 0.01180562332889462 1.0 1.0058947449973117 1.0058947449973117 0.01089895781683925
59770.95834476835 5.204 0.019000000000000128 1.006370384274104 0.011808681271942557 1.0 1.0058946859638955 1.0058946859638955 0.0004756983102085499
59770.95836071177 5.204 0.019000000000000128 1.0034455761505525 0.01175207908750328 1.0 1.0058946269304523 1.0058946269304523 -0.002449050779899764
59770.95837665518 5.204 0.019000000000000128 1.010960714414309 0.011782941212124549 1.0 1.0058945678970361 1.0058945678970361 0.005066146517272774
59770.95839259861 5.204 0.019000000000000128 1.0270577487447794 0.01180940374825387 1.0 1.005894508863566 1.005894508863566 0.02116323988121338
59770.95840854202 5.204 0.019000000000000128 1.0111696937740864 0.011800448221454417 1.0 1.0058944498301499 1.0058944498301499 0.005275243943936525
59770.958424485434 5.204 0.019000000000000128 1.0262212974907132 0.011850494371361226 1.0 1.0058943907967337 1.0058943907967337 0.02032690669397952
59770.95844042886 5.204 0.019000000000000128 0.997907154914952 0.012812554255082667 1.0 1.0058943317632636 1.0058943317632636 -0.007987176848311628
59770.95845637228 5.204 0.019000000000000128 1.0028288501535838 0.011745136811628113 1.0 1.0058942727298203 1.0058942727298203 -0.003065422576236543
59770.958472315695 5.204 0.019000000000000128 0.991855842776969 0.011782499675796436 1.0 1.0058942136964042 1.0058942136964042 -0.014038370919435161
59770.958488259115 5.204 0.019000000000000128 0.9946945431652973 0.011742343797477281 1.0 1.005894154662961 1.005894154662961 -0.011199611497663686
59770.958504202536 5.204 0.019000000000000128 0.9925748015187539 0.011733098974724646 1.0 1.005894095629518 1.005894095629518 -0.013319294110764046
59770.95852014595 5.204 0.019000000000000128 1.0172326225697859 0.01180896412626721 1.0 1.0058940365961018 1.0058940365961018 0.01133858597368409
59770.958536089376 5.204 0.019000000000000128 1.000199631299161 0.011754661066105315 1.0 1.0058939775626317 1.0058939775626317 -0.005694346263470651
59770.95855203279 5.204 0.019000000000000128 0.9906475184124796 0.01171592888920104 1.0 1.0058939185292153 1.0058939185292153 -0.015246400116735725
59770.95856797621 5.204 0.019000000000000128 1.0133063271820408 0.011812160078416347 1.0 1.0058938594957723 1.0058938594957723 0.007412467686268576
59770.95858391962 5.204 0.019000000000000128 0.9996746495407585 0.011758983198298054 1.0 1.005893800462356 1.005893800462356 -0.006219150921597638
59770.95859986304 5.204 0.019000000000000128 1.0268005617681564 0.011828069924344318 1.0 1.0058937414289129 1.0058937414289129 0.020906820339243515
59770.95861580646 5.204 0.019000000000000128 1.006144513594088 0.011747506497094332 1.0 1.0058936823954696 1.0058936823954696 0.0002508311986184619
59770.958631749876 5.204 0.019000000000000128 1.0121120210519883 0.011795196171378858 1.0 1.0058936233620535 1.0058936233620535 0.006218397689934818
59770.958647693304 5.204 0.019000000000000128 1.028322558578823 0.011837450142306258 1.0 1.0058935643285833 1.0058935643285833 0.022428994250239587
59770.95866363672 5.204 0.019000000000000128 0.9748792080146884 0.01167671949150601 1.0 1.0058935052951672 1.0058935052951672 -0.031014297280478775
59770.95867958014 5.204 0.019000000000000128 0.9972268544211186 0.01175870621804294 1.0 1.005893446261724 1.005893446261724 -0.008666591840605364
59770.95869552356 5.204 0.019000000000000128 1.0083088703664387 0.011803118086451887 1.0 1.005893387228281 1.005893387228281 0.002415483138157759
59770.95871146697 5.204 0.019000000000000128 1.014618785765425 0.011800091566178148 1.0 1.0058933281948648 1.0058933281948648 0.008725457570560202
59770.95872741039 5.204 0.019000000000000128 1.0025180334039825 0.011782304049997595 1.0 1.0058932691614215 1.0058932691614215 -0.0033752357574390324
59770.95874335381 5.204 0.019000000000000128 1.0031178994176413 0.011809199041640787 1.0 1.0058932101279785 1.0058932101279785 -0.0027753107103372088
59770.95875929723 5.204 0.019000000000000128 1.0111048370441444 0.011809056098959691 1.0 1.0058931510945353 1.0058931510945353 0.0052116859496091905
59770.958775240644 5.204 0.019000000000000128 0.9916598560674805 0.012813915525460611 1.0 1.005893092061119 1.005893092061119 -0.014233235993638571
59770.958791184064 5.204 0.019000000000000128 0.9934929922508807 0.011717276299435798 1.0 1.0058930330276759 1.0058930330276759 -0.01240004077679513
59770.958807127485 5.204 0.019000000000000128 1.0014974056739967 0.011723123069467042 1.0 1.0058929739942328 1.0058929739942328 -0.004395568320236132
59770.958823070905 5.204 0.019000000000000128 0.9980597227829958 0.011715233078299827 1.0 1.0058929149607896 1.0058929149607896 -0.007833192177793769
59770.95883901432 5.204 0.019000000000000128 0.9922302493483733 0.011797118220570073 1.0 1.0058928559273734 1.0058928559273734 -0.013662606579000092
59770.958854957746 5.204 0.019000000000000128 1.0137030775155578 0.01177021675859129 1.0 1.0058927968939033 1.0058927968939033 0.007810280621654453
59770.95887090116 5.204 0.019000000000000128 1.0259729948989957 0.0118039646586988 1.0 1.0058927378604872 1.0058927378604872 0.020080257038508575
59770.95888684457 5.204 0.019000000000000128 1.0180476876331703 0.01180767302703291 1.0 1.0058926788270708 1.0058926788270708 0.012155008806099543
59770.958902788 5.204 0.019000000000000128 1.0071576100778565 0.011782728195112929 1.0 1.0058926197936007 1.0058926197936007 0.0012649902842558625
59770.95891873142 5.204 0.019000000000000128 0.9848992177505321 0.012900972311169538 1.0 1.0058925607601577 1.0058925607601577 -0.02099334300962552
59770.95893467483 5.204 0.019000000000000128 0.9928092291589466 0.011767044149776577 1.0 1.0058925017267415 1.0058925017267415 -0.013083272567794846
59770.958950618246 5.204 0.019000000000000128 1.0138930538758657 0.011760436542783073 1.0 1.0058924426933251 1.0058924426933251 0.008000611182540585
59770.95896656167 5.204 0.019000000000000128 0.9909301624206931 0.011758127770609129 1.0 1.0058923836598552 1.0058923836598552 -0.014962221239162132
59770.958982505086 5.204 0.019000000000000128 0.9941915151066248 0.011700389206891244 1.0 1.0058923246264388 1.0058923246264388 -0.011700809519814004
59770.95899844851 5.204 0.019000000000000128 0.990499325305233 0.011681133710071645 1.0 1.0058922655929958 1.0058922655929958 -0.015392940287762835
59770.95901439193 5.204 0.019000000000000128 0.9832355474073625 0.011672284066517902 1.0 1.0058922065595526 1.0058922065595526 -0.022656659152190062
59770.95903033535 5.204 0.019000000000000128 1.02487107188831 0.011817469832536141 1.0 1.0058921475261096 1.0058921475261096 0.0189789243622005
59770.95904627876 5.204 0.019000000000000128 0.9861039937486523 0.011786127307994302 1.0 1.0058920884926932 1.0058920884926932 -0.019788094744040863
59770.95906222218 5.204 0.019000000000000128 1.0012193183686526 0.011735692588368903 1.0 1.0058920294592502 1.0058920294592502 -0.0046727110905975255
59770.9590781656 5.204 0.019000000000000128 1.009499826204611 0.011779650054582763 1.0 1.005891970425807 1.005891970425807 0.003607855778804181
59770.959094109014 5.204 0.019000000000000128 1.0009913004377817 0.01175501697739772 1.0 1.0058919113923908 1.0058919113923908 -0.00490061095460903
59770.959110052434 5.204 0.019000000000000128 0.9958047945493803 0.011753120551013007 1.0 1.0058918523589475 1.0058918523589475 -0.010087057809567201
59770.959125995854 5.204 0.019000000000000128 0.9837317530387605 0.011741941093866578 1.0 1.0058917933255045 1.0058917933255045 -0.02216004028674401
59770.959141939275 5.204 0.019000000000000128 1.0055822788714297 0.011791953492032055 1.0 1.0058917342920612 1.0058917342920612 -0.00030945542063154363
59770.95915788269 5.204 0.019000000000000128 0.9882390121460943 0.011756229993786288 1.0 1.005891675258645 1.005891675258645 -0.01765266311255076
59770.95917382611 5.204 0.019000000000000128 0.9942089400266566 0.011749769339981843 1.0 1.0058916162252018 1.0058916162252018 -0.011682676198545239
59770.95918976953 5.204 0.019000000000000128 1.033014552742474 0.011845659657111547 1.0 1.0058915571917588 1.0058915571917588 0.027122995550715068
59770.95920571295 5.204 0.019000000000000128 1.0322603987449073 0.011845206039431566 1.0 1.0058914981583156 1.0058914981583156 0.026368900586591693
59770.95922165637 5.204 0.019000000000000128 1.0229132538382664 0.011881800054341043 1.0 1.0058914391248726 1.0058914391248726 0.017021814713393812
59770.95923759978 5.204 0.019000000000000128 0.9926170720632924 0.011781213086473652 1.0 1.0058913800914562 1.0058913800914562 -0.013274308028163762
59770.9592535432 5.204 0.019000000000000128 0.993915955045662 0.011748320970471272 1.0 1.0058913210580132 1.0058913210580132 -0.011975366012351163
59770.95926948662 5.204 0.019000000000000128 0.991723691426373 0.011761671468379416 1.0 1.00589126202457 1.00589126202457 -0.014167570598196955
59770.95928543004 5.204 0.019000000000000128 0.9993776370630755 0.0117651571165612 1.0 1.0058912029911269 1.0058912029911269 -0.0065135659280514124
59770.959301373456 5.204 0.019000000000000128 0.9897866401244044 0.011688464658546435 1.0 1.0058911439577107 1.0058911439577107 -0.016104503833306305
59770.959317316876 5.204 0.019000000000000128 1.0241072457944553 0.011800711496368119 1.0 1.0058910849242675 1.0058910849242675 0.018216160870187847
59770.959333260296 5.204 0.019000000000000128 0.997319976218855 0.011743332130554033 1.0 1.0058910258908242 1.0058910258908242 -0.0085710496719692
59770.95934920371 5.204 0.019000000000000128 0.99225389877541 0.0116967319823728 1.0 1.005890966857408 1.005890966857408 -0.01363706808199805
59770.95936514713 5.204 0.019000000000000128 0.9847962308728664 0.01171227055703379 1.0 1.005890907823965 1.005890907823965 -0.02109467695109868
59770.95938109056 5.204 0.019000000000000128 1.0171742768160623 0.011768897634065767 1.0 1.005890848790495 1.005890848790495 0.011283428025567366
59770.95939703397 5.204 0.019000000000000128 1.0049546274392207 0.011782187775257164 1.0 1.0058907897570786 1.0058907897570786 -0.0009361623178578693
59770.95941297738 5.204 0.019000000000000128 0.9872742099813194 0.01172715462288429 1.0 1.0058907307236624 1.0058907307236624 -0.01861652074234299
59770.95942892081 5.204 0.019000000000000128 1.014084102004931 0.011786537384170688 1.0 1.0058906716901923 1.0058906716901923 0.008193430314738626
59770.959444864224 5.204 0.019000000000000128 1.017065929817383 0.011803625704568435 1.0 1.0058906126567762 1.0058906126567762 0.011175317160606824
59770.959460807644 5.204 0.019000000000000128 1.0127665413716378 0.011783393583799488 1.0 1.005890553623333 1.005890553623333 0.00687598774830489
59770.95947675106 5.204 0.019000000000000128 1.0035397443365017 0.011789119254609473 1.0 1.0058904945899168 1.0058904945899168 -0.0023507502534150237
59770.959492694485 5.204 0.019000000000000128 0.9947912143461773 0.011752254496428619 1.0 1.0058904355564466 1.0058904355564466 -0.011099221210269294
59770.9595086379 5.204 0.019000000000000128 1.0021310224487288 0.011761374737011412 1.0 1.0058903765230305 1.0058903765230305 -0.003759354074301724
59770.95952458131 5.204 0.019000000000000128 0.99388412205351 0.011765992950259992 1.0 1.0058903174896143 1.0058903174896143 -0.012006195436104372
59770.95954052474 5.204 0.019000000000000128 1.01229470068587 0.011810425296010422 1.0 1.0058902584561442 1.0058902584561442 0.006404442229725804
59770.95955646815 5.204 0.019000000000000128 1.0149132263953524 0.011763450750518581 1.0 1.005890199422728 1.005890199422728 0.00902302697262436
59770.95957241157 5.204 0.019000000000000128 1.0133250311720114 0.011805910480996272 1.0 1.0058901403892848 1.0058901403892848 0.007434890782726633
59770.95958835499 5.204 0.019000000000000128 1.01123482125873 0.011789712894993958 1.0 1.0058900813558418 1.0058900813558418 0.005344739902888307
59770.95960429841 5.204 0.019000000000000128 1.0249670913764646 0.011868548578438554 1.0 1.0058900223223985 1.0058900223223985 0.01907706905406603
59770.959620241825 5.204 0.019000000000000128 1.001289615141409 0.01176968732177462 1.0 1.0058899632889824 1.0058899632889824 -0.004600348147573374
59770.95963618524 5.204 0.019000000000000128 1.0163529547123813 0.011856528274789538 1.0 1.0058899042555662 1.0058899042555662 0.01046305045681506
59770.959652128666 5.204 0.019000000000000128 0.9920672203063609 0.011741673069040361 1.0 1.0058898452220961 1.0058898452220961 -0.013822624915735271
59770.959668072086 5.204 0.019000000000000128 0.9927395042302335 0.01174681290816468 1.0 1.0058897861886529 1.0058897861886529 -0.013150281958419385
59770.9596840155 5.204 0.019000000000000128 0.9844295044305597 0.011751560175336597 1.0 1.0058897271552367 1.0058897271552367 -0.02146022272467707
59770.95969995892 5.204 0.019000000000000128 0.999590572253572 0.011784251585086426 1.0 1.0058896681217935 1.0058896681217935 -0.006299095868221527
59770.95971590234 5.204 0.019000000000000128 1.0069669320865977 0.011780861585942172 1.0 1.0058896090883505 1.0058896090883505 0.0010773229982472543
59770.95973184575 5.204 0.019000000000000128 1.0208654807572521 0.011807260127383742 1.0 1.005889550054934 1.005889550054934 0.014975930702318063
59770.95974778918 5.204 0.019000000000000128 0.9916602076674625 0.011751220392062172 1.0 1.0058894910214642 1.0058894910214642 -0.014229283354001643
59770.95976373259 5.204 0.019000000000000128 1.0098276623781994 0.011798273787454619 1.0 1.0058894319880478 1.0058894319880478 0.00393823039015162
