eureka_custom_plots/data/stage5_lcfit_results/S5_wasp39b_ap4_bg8_Table_Save_ch05.txt
# %ECSV 1.0
# ---
# datatype:
# - {name: time, datatype: float64}
# - {name: wavelength, datatype: float64}
# - {name: bin_width, datatype: float64}
# - {name: lcdata, datatype: float64}
# - {name: lcerr, datatype: float64}
# - {name: transit, datatype: float64}
# - {name: polynom, datatype: float64}
# - {name: model, datatype: float64}
# - {name: residuals, datatype: float64}
# schema: astropy-2.0
time wavelength bin_width lcdata lcerr transit polynom model residuals
[from data line 19238]
59770.95073975772 3.2110000000000003 0.018999999999999906 1.0016134955653386 0.004188426360734113 1.0 1.0049128980393147 1.0049128980393147 -0.0032994024739760874
59770.95075570113 3.2110000000000003 0.018999999999999906 1.0131318789300907 0.004209671387756334 1.0 1.0049127162375813 1.0049127162375813 0.00821916269250944
59770.95077164455 3.2110000000000003 0.018999999999999906 1.0070823200090648 0.004197949167396123 1.0 1.0049125344357648 1.0049125344357648 0.0021697855733000537
59770.95078758797 3.2110000000000003 0.018999999999999906 1.0022807764706123 0.004188682061312221 1.0 1.004912352633948 1.004912352633948 -0.002631576163335758
59770.950803531385 3.2110000000000003 0.018999999999999906 1.008831425564249 0.004202018838216023 1.0 1.0049121708322146 1.0049121708322146 0.003919254732034361
59770.950819474805 3.2110000000000003 0.018999999999999906 1.0067802326902073 0.004192293382661627 1.0 1.004911989030398 1.004911989030398 0.001868243659809421
59770.95083541823 3.2110000000000003 0.018999999999999906 1.0076676692536828 0.004191701637086518 1.0 1.0049118072284984 1.0049118072284984 0.002755862025184408
59770.950851361646 3.2110000000000003 0.018999999999999906 1.0034075639418276 0.004188773482357016 1.0 1.004911625426765 1.004911625426765 -0.0015040614849373135
59770.95086730506 3.2110000000000003 0.018999999999999906 1.0078565216854432 0.004195984079431128 1.0 1.0049114436250313 1.0049114436250313 0.0029450780604118876
59770.95088324848 3.2110000000000003 0.018999999999999906 1.0082436206026304 0.004193394734181232 1.0 1.0049112618232148 1.0049112618232148 0.003332358779415623
59770.9508991919 3.2110000000000003 0.018999999999999906 0.9997696559647795 0.0041818768895006886 1.0 1.0049110800213983 1.0049110800213983 -0.005141424056618771
59770.95091513532 3.2110000000000003 0.018999999999999906 1.0046174968587376 0.004192974895718493 1.0 1.0049108982195816 1.0049108982195816 -0.00029340136084399226
59770.95093107873 3.2110000000000003 0.018999999999999906 1.0022330762811058 0.004188162250893837 1.0 1.0049107164178481 1.0049107164178481 -0.002677640136742321
59770.95094702216 3.2110000000000003 0.018999999999999906 1.0060324541527443 0.004190156414065614 1.0 1.0049105346159486 1.0049105346159486 0.0011219195367957457
59770.95096296557 3.2110000000000003 0.018999999999999906 1.001214400580972 0.004191627508591407 1.0 1.004910352814215 1.004910352814215 -0.0036959522332429273
59770.950978908986 3.2110000000000003 0.018999999999999906 1.0010981137800692 0.004189325125927021 1.0 1.0049101710124813 1.0049101710124813 -0.0038120572324120694
59770.950994852414 3.2110000000000003 0.018999999999999906 1.0007077206708523 0.004188660771209413 1.0 1.0049099892105817 1.0049099892105817 -0.004202268539729381
59770.95101079583 3.2110000000000003 0.018999999999999906 1.0136894149314153 0.0042133177836203356 1.0 1.0049098074088483 1.0049098074088483 0.008779607522567012
59770.95102673925 3.2110000000000003 0.018999999999999906 1.0035721361090557 0.004192974032696106 1.0 1.0049096256070318 1.0049096256070318 -0.0013374894979760743
59770.95104268267 3.2110000000000003 0.018999999999999906 1.0029802849025673 0.0041909291706037225 1.0 1.004909443805215 1.004909443805215 -0.0019291589026477762
59770.95105862609 3.2110000000000003 0.018999999999999906 1.0050594730781914 0.004194797272701039 1.0 1.0049092620033986 1.0049092620033986 0.00015021107479284979
59770.9510745695 3.2110000000000003 0.018999999999999906 1.0021558409849225 0.00418923063153296 1.0 1.004909080201665 1.004909080201665 -0.0027532392167424202
59770.95109051293 3.2110000000000003 0.018999999999999906 1.003723480791651 0.0041941441405307965 1.0 1.0049088983997654 1.0049088983997654 -0.001185417608114303
59770.95110645634 3.2110000000000003 0.018999999999999906 0.9979378216923874 0.004178666746785591 1.0 1.004908716598032 1.004908716598032 -0.006970894905644509
59770.95112239976 3.2110000000000003 0.018999999999999906 1.0049435795549733 0.00419470860246496 1.0 1.0049085347962152 1.0049085347962152 3.504475875804047e-05
59770.951138343175 3.2110000000000003 0.018999999999999906 1.0022400934781288 0.004186528966713214 1.0 1.0049083529944818 1.0049083529944818 -0.0026682595163529665
59770.951154286595 3.2110000000000003 0.018999999999999906 1.0047895570179806 0.004194926533597485 1.0 1.004908171192665 1.004908171192665 -0.00011861417468450597
59770.951170230015 3.2110000000000003 0.018999999999999906 1.0054087577135977 0.004191069715898193 1.0 1.0049079893908486 1.0049079893908486 0.0005007683227491455
59770.95118617343 3.2110000000000003 0.018999999999999906 1.0062796356711674 0.004194585825057506 1.0 1.0049078075891151 1.0049078075891151 0.0013718280820522732
59770.951202116856 3.2110000000000003 0.018999999999999906 1.0141569471735736 0.004207191489617129 1.0 1.0049076257872156 1.0049076257872156 0.009249321386358034
59770.95121806027 3.2110000000000003 0.018999999999999906 1.0050959129973742 0.0041969202016004315 1.0 1.004907443985482 1.004907443985482 0.00018846901189228937
59770.95123400369 3.2110000000000003 0.018999999999999906 0.9988412231238145 0.004182643595607823 1.0 1.0049072621836654 1.0049072621836654 -0.006066039059850925
59770.95124994711 3.2110000000000003 0.018999999999999906 1.0065760101055825 0.0041961162476446675 1.0 1.0049070803818487 1.0049070803818487 0.0016689297237337808
59770.95126589052 3.2110000000000003 0.018999999999999906 1.0083876245529546 0.004196221418929747 1.0 1.0049068985801153 1.0049068985801153 0.003480725972839327
59770.95128183394 3.2110000000000003 0.018999999999999906 1.0091401691595947 0.004204295872700806 1.0 1.0049067167782986 1.0049067167782986 0.004233452381296132
59770.95129777737 3.2110000000000003 0.018999999999999906 1.0036137020465286 0.004192326509399981 1.0 1.0049065349763993 1.0049065349763993 -0.001292832929870702
59770.95131372078 3.2110000000000003 0.018999999999999906 0.9983452238805838 0.004179390358394824 1.0 1.0049063531746656 1.0049063531746656 -0.006561129294081813
59770.951329664196 3.2110000000000003 0.018999999999999906 1.0074902131443344 0.004193333926713804 1.0 1.004906171372932 1.004906171372932 0.002584041771402479
59770.951345607624 3.2110000000000003 0.018999999999999906 1.0078358267770187 0.004195294116452739 1.0 1.0049059895710324 1.0049059895710324 0.0029298372059862743
59770.95136155104 3.2110000000000003 0.018999999999999906 1.007933885503686 0.0042007593593389155 1.0 1.004905807769299 1.004905807769299 0.003028077734386958
59770.95137749446 3.2110000000000003 0.018999999999999906 1.0019721784245301 0.0041893816194639374 1.0 1.0049056259674822 1.0049056259674822 -0.0029334475429521056
59770.95139343787 3.2110000000000003 0.018999999999999906 1.0057753512997265 0.004190631936878818 1.0 1.0049054441657488 1.0049054441657488 0.0008699071339777209
59770.9514093813 3.2110000000000003 0.018999999999999906 1.0022228136159186 0.00418869428178759 1.0 1.0049052623638492 1.0049052623638492 -0.002682448747930666
59770.95142532471 3.2110000000000003 0.018999999999999906 1.0048667857589033 0.004197843814070712 1.0 1.0049050805621156 1.0049050805621156 -3.8294803212268747e-05
59770.951441268124 3.2110000000000003 0.018999999999999906 1.0056011921405286 0.004194135263414119 1.0 1.0049048987603821 1.0049048987603821 0.0006962933801464288
59770.95145721155 3.2110000000000003 0.018999999999999906 1.0010107689562209 0.004186779675708847 1.0 1.0049047169584826 1.0049047169584826 -0.0038939480022617268
59770.951473154964 3.2110000000000003 0.018999999999999906 1.0015000846474078 0.004184085196758343 1.0 1.004904535156749 1.004904535156749 -0.003404450509341128
59770.951489098385 3.2110000000000003 0.018999999999999906 1.0048779980966536 0.004193365632941231 1.0 1.0049043533549324 1.0049043533549324 -2.6355258278876192e-05
59770.951505041805 3.2110000000000003 0.018999999999999906 1.0058048080013302 0.004194566856993883 1.0 1.0049041715531157 1.0049041715531157 0.0009006364482144757
59770.951520985225 3.2110000000000003 0.018999999999999906 1.0049837834600497 0.004197068109815581 1.0 1.0049039897512992 1.0049039897512992 7.97937087504419e-05
59770.95153692864 3.2110000000000003 0.018999999999999906 1.0092346327387003 0.004202685238466775 1.0 1.0049038079495656 1.0049038079495656 0.004330824789134713
59770.951552872066 3.2110000000000003 0.018999999999999906 1.0035535425716584 0.004190749811205948 1.0 1.004903626147666 1.004903626147666 -0.0013500835760076324
59770.95156881548 3.2110000000000003 0.018999999999999906 1.00420391452935 0.004191299478506677 1.0 1.0049034443459326 1.0049034443459326 -0.0006995298165826114
59770.9515847589 3.2110000000000003 0.018999999999999906 0.9973002932464633 0.004175542564730931 1.0 1.004903262544116 1.004903262544116 -0.007602969297652806
59770.95160070232 3.2110000000000003 0.018999999999999906 1.0082749881801605 0.004199016868976588 1.0 1.0049030807422994 1.0049030807422994 0.003371907437861088
59770.95161664573 3.2110000000000003 0.018999999999999906 1.0071527201613135 0.004192134153959678 1.0 1.004902898940566 1.004902898940566 0.002249821220747572
59770.95163258915 3.2110000000000003 0.018999999999999906 1.0023550765247509 0.004187806424710685 1.0 1.0049027171387492 1.0049027171387492 -0.00254764061399837
59770.951648532566 3.2110000000000003 0.018999999999999906 1.003744087905619 0.004187483863640099 1.0 1.0049025353370158 1.0049025353370158 -0.001158447431396814
59770.95166447599 3.2110000000000003 0.018999999999999906 1.0036585297249099 0.004193084080398697 1.0 1.0049023535351163 1.0049023535351163 -0.0012438238102063792
59770.951680419406 3.2110000000000003 0.018999999999999906 0.9972536961421092 0.0041836460410403856 1.0 1.0049021717333826 1.0049021717333826 -0.0076484755912733515
59770.95169636283 3.2110000000000003 0.018999999999999906 0.9993248029847307 0.004180544497294675 1.0 1.004901989931566 1.004901989931566 -0.0055771869468354
59770.95171230625 3.2110000000000003 0.018999999999999906 1.0068189784744337 0.004193601502923735 1.0 1.0049018081297496 1.0049018081297496 0.0019171703446840827
59770.95172824966 3.2110000000000003 0.018999999999999906 1.0091624091777776 0.004198839835532656 1.0 1.004901626328016 1.004901626328016 0.004260782849761613
59770.95174419308 3.2110000000000003 0.018999999999999906 1.006854053051327 0.004200696346278596 1.0 1.0049014445261994 1.0049014445261994 0.0019526085251275749
59770.95176013651 3.2110000000000003 0.018999999999999906 0.9997453041417256 0.0041809621785856375 1.0 1.0049012627243 1.0049012627243 -0.005155958582574338
59770.95177607992 3.2110000000000003 0.018999999999999906 1.0113625266202886 0.0042001839750324555 1.0 1.0049010809225662 1.0049010809225662 0.0064614456977223345
59770.951792023334 3.2110000000000003 0.018999999999999906 1.0051488271996247 0.004192279768104697 1.0 1.0049008991208326 1.0049008991208326 0.00024792807879214784
59770.95180796676 3.2110000000000003 0.018999999999999906 1.004427107390064 0.004194961914204203 1.0 1.004900717318933 1.004900717318933 -0.0004736099288691342
59770.951823910174 3.2110000000000003 0.018999999999999906 1.003484874202593 0.0041843083670352514 1.0 1.0049005355171996 1.0049005355171996 -0.0014156613146065755
59770.951839853595 3.2110000000000003 0.018999999999999906 1.0014867538579129 0.004190614621164545 1.0 1.0049003537153829 1.0049003537153829 -0.003413599857470029
59770.951855797015 3.2110000000000003 0.018999999999999906 0.9997217255238127 0.004186868252407022 1.0 1.0049001719135664 1.0049001719135664 -0.0051784463897537325
59770.951871740435 3.2110000000000003 0.018999999999999906 1.0052706793908148 0.004194110749125452 1.0 1.00489999011175 1.00489999011175 0.00037068927906491744
59770.95188768385 3.2110000000000003 0.018999999999999906 1.0036786855334323 0.004193109945327519 1.0 1.0048998083100162 1.0048998083100162 -0.0012211227765839272
59770.95190362726 3.2110000000000003 0.018999999999999906 1.0075054117500153 0.004197998081433094 1.0 1.0048996265082828 1.0048996265082828 0.0026057852417324945
59770.95191957069 3.2110000000000003 0.018999999999999906 1.0053602209569386 0.004194489583203225 1.0 1.0048994447063833 1.0048994447063833 0.0004607762505552948
59770.9519355141 3.2110000000000003 0.018999999999999906 1.006855456824572 0.004197735849606647 1.0 1.0048992629046496 1.0048992629046496 0.001956193919922411
59770.95195145752 3.2110000000000003 0.018999999999999906 1.0079759929708652 0.004198862456803716 1.0 1.004899081102833 1.004899081102833 0.0030769118680320506
59770.95196740094 3.2110000000000003 0.018999999999999906 1.0101602557977691 0.004203494845402443 1.0 1.0048988993010164 1.0048988993010164 0.005261356496752745
59770.95198334436 3.2110000000000003 0.018999999999999906 1.0031475178554732 0.004190185745028076 1.0 1.0048987174992 1.0048987174992 -0.0017511996437267197
59770.951999287776 3.2110000000000003 0.018999999999999906 1.0006369129698192 0.004183590081358685 1.0 1.0048985356974665 1.0048985356974665 -0.004261622727647296
59770.952015231196 3.2110000000000003 0.018999999999999906 1.0062623584372365 0.00419453028996315 1.0 1.0048983538956497 1.0048983538956497 0.0013640045415868052
59770.95203117462 3.2110000000000003 0.018999999999999906 1.010364788657378 0.004203640208405004 1.0 1.0048981720938333 1.0048981720938333 0.005466616563544857
59770.95204711804 3.2110000000000003 0.018999999999999906 1.0085209907979733 0.004193012160417606 1.0 1.0048979902920168 1.0048979902920168 0.0036230005059565418
59770.95206306146 3.2110000000000003 0.018999999999999906 1.0013022815461132 0.004191529537213619 1.0 1.0048978084902 1.0048978084902 -0.0035955269440868243
59770.95207900487 3.2110000000000003 0.018999999999999906 1.0051102236958416 0.004192454932206264 1.0 1.0048976266884666 1.0048976266884666 0.00021259700737497056
59770.95209494829 3.2110000000000003 0.018999999999999906 1.0018873439546034 0.004186014925034627 1.0 1.00489744488665 1.00489744488665 -0.0030101009320464556
59770.9521108917 3.2110000000000003 0.018999999999999906 1.0054839140795855 0.004195497200378007 1.0 1.0048972630849164 1.0048972630849164 0.0005866509946690357
59770.95212683513 3.2110000000000003 0.018999999999999906 1.0097038185241038 0.004199172061979483 1.0 1.004897081283017 1.004897081283017 0.0048067372410869336
59770.952142778544 3.2110000000000003 0.018999999999999906 0.9986454466483526 0.004182431908209855 1.0 1.0048968994812832 1.0048968994812832 -0.006251452832930604
59770.952158721964 3.2110000000000003 0.018999999999999906 1.0010278024619932 0.004186296245674719 1.0 1.0048967176794668 1.0048967176794668 -0.0038689152174735675
59770.952174665385 3.2110000000000003 0.018999999999999906 1.0100743549046542 0.004196771897238605 1.0 1.0048965358776503 1.0048965358776503 0.0051778190270039826
59770.9521906088 3.2110000000000003 0.018999999999999906 1.005838073025363 0.004197839472853506 1.0 1.0048963540759166 1.0048963540759166 0.0009417189494465017
59770.95220655222 3.2110000000000003 0.018999999999999906 0.9979966186585724 0.004176038796850798 1.0 1.0048961722741 1.0048961722741 -0.006899553615527743
59770.952222495645 3.2110000000000003 0.018999999999999906 1.0050502563015131 0.004193772300315639 1.0 1.0048959904722006 1.0048959904722006 0.00015426582931254984
59770.95223843906 3.2110000000000003 0.018999999999999906 1.0002163894812084 0.004187883806994291 1.0 1.004895808670467 1.004895808670467 -0.004679419189258516
59770.95225438247 3.2110000000000003 0.018999999999999906 1.0022501316914731 0.004184634291759828 1.0 1.0048956268687335 1.0048956268687335 -0.0026454951772603152
59770.9522703259 3.2110000000000003 0.018999999999999906 1.0079532941967253 0.004195422661721353 1.0 1.004895445066834 1.004895445066834 0.003057849129891377
59770.95228626931 3.2110000000000003 0.018999999999999906 1.003083192890169 0.004186463512393184 1.0 1.0048952632651003 1.0048952632651003 -0.0018120703749313627
