eureka_custom_plots/data/stage5_lcfit_results/S5_wasp39b_ap4_bg8_Table_Save_ch56.txt
# %ECSV 1.0
# ---
# datatype:
# - {name: time, datatype: float64}
# - {name: wavelength, datatype: float64}
# - {name: bin_width, datatype: float64}
# - {name: lcdata, datatype: float64}
# - {name: lcerr, datatype: float64}
# - {name: transit, datatype: float64}
# - {name: polynom, datatype: float64}
# - {name: model, datatype: float64}
# - {name: residuals, datatype: float64}
# schema: astropy-2.0
time wavelength bin_width lcdata lcerr transit polynom model residuals
[from data line 6827]
59770.75286598033 5.166 0.018999999999999684 0.9945726432039781 0.013462522428477754 1.0 1.00645073956236 1.00645073956236 -0.011878096358381995
59770.752881923756 5.166 0.018999999999999684 1.02304573069669 0.013539241834645692 1.0 1.006450708939021 1.006450708939021 0.016595021757668915
59770.75289786717 5.166 0.018999999999999684 0.9900359261630058 0.013437947449477475 1.0 1.0064506783157103 1.0064506783157103 -0.016414752152704493
59770.7529138106 5.166 0.018999999999999684 1.0186501824479766 0.013490684490617846 1.0 1.0064506476923716 1.0064506476923716 0.01219953475560498
59770.75292975401 5.166 0.018999999999999684 1.0029995709895192 0.013408328129152432 1.0 1.0064506170690606 1.0064506170690606 -0.0034510460795413866
59770.75294569744 5.166 0.018999999999999684 0.9974438429013942 0.013465247344083138 1.0 1.0064505864457218 1.0064505864457218 -0.009006743544327622
59770.75296164085 5.166 0.018999999999999684 1.016872829972965 0.013412681171153273 1.0 1.0064505558224108 1.0064505558224108 0.01042227415055419
59770.75297758427 5.166 0.018999999999999684 1.0110944288055497 0.013456677060470369 1.0 1.006450525199086 1.006450525199086 0.004643903606463606
59770.75299352769 5.166 0.018999999999999684 0.9882675803581643 0.01339345869453503 1.0 1.0064504945757613 1.0064504945757613 -0.01818291421759699
59770.75300947111 5.166 0.018999999999999684 1.012544508318156 0.013411215132208523 1.0 1.0064504639524363 1.0064504639524363 0.006094044365719586
59770.75302541453 5.166 0.018999999999999684 0.9950146379771193 0.013424500369430905 1.0 1.0064504333291115 1.0064504333291115 -0.01143579535199224
59770.75304135795 5.166 0.018999999999999684 1.003598353363148 0.01348583951491979 1.0 1.0064504027057868 1.0064504027057868 -0.0028520493426387183
59770.75305730137 5.166 0.018999999999999684 0.9981235038479883 0.01342488109873699 1.0 1.0064503720824618 1.0064503720824618 -0.008326868234473483
59770.75307324479 5.166 0.018999999999999684 1.0128441114388866 0.013443732159556474 1.0 1.006450341459137 1.006450341459137 0.006393769979749608
59770.75308918821 5.166 0.018999999999999684 1.0159544933763027 0.013491796873824612 1.0 1.0064503108358123 1.0064503108358123 0.009504182540490458
59770.75310513163 5.166 0.018999999999999684 1.021287170604576 0.013477610362477598 1.0 1.0064502802124873 1.0064502802124873 0.014836890392088797
59770.75312107506 5.166 0.018999999999999684 1.0417577983954158 0.013547564739076088 1.0 1.0064502495891485 1.0064502495891485 0.0353075488062673
59770.75313701847 5.166 0.018999999999999684 1.0176488268543518 0.013523202015448434 1.0 1.0064502189658378 1.0064502189658378 0.011198607888514012
59770.753152961894 5.166 0.018999999999999684 1.023399908197978 0.013504434457860712 1.0 1.0064501883425128 1.0064501883425128 0.01694971985546534
59770.753168905314 5.166 0.018999999999999684 1.007995363699634 0.013478154931448504 1.0 1.006450157719188 1.006450157719188 0.0015452059804459406
59770.753184848734 5.166 0.018999999999999684 1.0035740538565487 0.013406082521031959 1.0 1.0064501270958632 1.0064501270958632 -0.0028760732393144917
59770.753200792155 5.166 0.018999999999999684 0.9999455387609619 0.013443491889937232 1.0 1.0064500964725382 1.0064500964725382 -0.00650455771157632
59770.753216735575 5.166 0.018999999999999684 0.9918290883708706 0.01347885314664696 1.0 1.0064500658492135 1.0064500658492135 -0.0146209774783429
59770.753232678995 5.166 0.018999999999999684 0.9967850975019892 0.013402053693145963 1.0 1.0064500352258887 1.0064500352258887 -0.009664937723899536
59770.753248622415 5.166 0.018999999999999684 0.984027801307979 0.013417072970842532 1.0 1.0064500046025637 1.0064500046025637 -0.022422203294584775
59770.75326456583 5.166 0.018999999999999684 1.0130070060927001 0.013521176397783845 1.0 1.006449973979253 1.006449973979253 0.006557032113447159
59770.753280509256 5.166 0.018999999999999684 1.0027236317650678 0.01344344907108803 1.0 1.0064499433559142 1.0064499433559142 -0.003726311590846354
59770.75329645267 5.166 0.018999999999999684 0.9902532013854005 0.013399816151749915 1.0 1.0064499127326032 1.0064499127326032 -0.016196711347202686
59770.7533123961 5.166 0.018999999999999684 1.0079123985201812 0.013474825709891567 1.0 1.0064498821092644 1.0064498821092644 0.0014625164109167699
59770.75332833951 5.166 0.018999999999999684 0.9904185825357905 0.013439366638960348 1.0 1.0064498514859537 1.0064498514859537 -0.016031268950163158
59770.75334428294 5.166 0.018999999999999684 1.0303685723031004 0.013563366806398143 1.0 1.0064498208626147 1.0064498208626147 0.02391875144048572
59770.75336022635 5.166 0.018999999999999684 1.0107178680164963 0.013435377862171026 1.0 1.006449790239304 1.006449790239304 0.004268077777192403
59770.75337616978 5.166 0.018999999999999684 1.0007745689173142 0.013443541037363437 1.0 1.0064497596159652 1.0064497596159652 -0.005675190698650967
59770.7533921132 5.166 0.018999999999999684 1.0265283864871122 0.013490374908451246 1.0 1.0064497289926402 1.0064497289926402 0.02007865749447202
59770.75340805662 5.166 0.018999999999999684 0.9822095385707537 0.013378161772042617 1.0 1.0064496983693154 1.0064496983693154 -0.024240159798561756
59770.75342400004 5.166 0.018999999999999684 0.9824256863281221 0.013400276084655563 1.0 1.0064496677459907 1.0064496677459907 -0.024023981417868545
59770.75343994345 5.166 0.018999999999999684 0.9879103038591592 0.013460840708182018 1.0 1.0064496371226797 1.0064496371226797 -0.01853933326352042
59770.75345588688 5.166 0.018999999999999684 1.0074043930854413 0.013463425377676377 1.0 1.006449606499341 1.006449606499341 0.0009547865861003757
59770.75347183029 5.166 0.018999999999999684 1.010536089361785 0.013488427454828807 1.0 1.0064495758760301 1.0064495758760301 0.004086513485754839
59770.75348777372 5.166 0.018999999999999684 1.0150965727006636 0.01348947605578795 1.0 1.0064495452526911 1.0064495452526911 0.00864702744797241
59770.75350371713 5.166 0.018999999999999684 0.9842193117233562 0.013435452202904674 1.0 1.0064495146293804 1.0064495146293804 -0.022230202906024177
59770.75351966056 5.166 0.018999999999999684 0.9905645210733233 0.013414064832724082 1.0 1.0064494840060416 1.0064494840060416 -0.01588496293271835
59770.75353560397 5.166 0.018999999999999684 1.0242779824884807 0.013569002935445674 1.0 1.0064494533827306 1.0064494533827306 0.017828529105750057
59770.753551547394 5.166 0.018999999999999684 1.0161089169534177 0.01350512215152461 1.0 1.0064494227594059 1.0064494227594059 0.009659494194011797
59770.753567490814 5.166 0.018999999999999684 1.015040766541618 0.013495613207647066 1.0 1.006449392136081 1.006449392136081 0.008591374405536811
59770.75358343424 5.166 0.018999999999999684 0.9997266962487885 0.013449345084042648 1.0 1.0064493615127421 1.0064493615127421 -0.006722665263953598
59770.753599377655 5.166 0.018999999999999684 1.0035477756260425 0.013418144920157806 1.0 1.0064493308894313 1.0064493308894313 -0.0029015552633888664
59770.753615321075 5.166 0.018999999999999684 1.0088530647024936 0.013491806698799028 1.0 1.0064493002661066 1.0064493002661066 0.0024037644363870125
59770.753631264495 5.166 0.018999999999999684 1.0155332869487066 0.013490812496566381 1.0 1.0064492696427816 1.0064492696427816 0.009084017305925007
59770.753647207915 5.166 0.018999999999999684 0.9907042196433208 0.01337190572255726 1.0 1.0064492390194568 1.0064492390194568 -0.015745019376136038
59770.75366315134 5.166 0.018999999999999684 1.017296105171681 0.01351229543607665 1.0 1.006449208396118 1.006449208396118 0.010846896775562831
59770.753679094756 5.166 0.018999999999999684 1.0305555454602526 0.013532363512183943 1.0 1.006449177772807 1.006449177772807 0.024106367687445562
59770.753695038184 5.166 0.018999999999999684 1.0110455215024852 0.01350686185219225 1.0 1.0064491471494683 1.0064491471494683 0.004596374353016852
59770.7537109816 5.166 0.018999999999999684 0.9988670381132235 0.013400627927859496 1.0 1.0064491165261575 1.0064491165261575 -0.007582078412934012
59770.75372692502 5.166 0.018999999999999684 1.0070204893927857 0.013469799832266111 1.0 1.0064490859028326 1.0064490859028326 0.000571403489953104
59770.75374286844 5.166 0.018999999999999684 1.0188874009510775 0.013460350400253047 1.0 1.0064490552795078 1.0064490552795078 0.012438345671569762
59770.75375881186 5.166 0.018999999999999684 1.0037110271001926 0.01344652079151489 1.0 1.006449024656183 1.006449024656183 -0.002737997555990468
59770.75377475528 5.166 0.018999999999999684 1.0175437142607062 0.013510715737176812 1.0 1.006448994032858 1.006448994032858 0.011094720227848187
59770.7537906987 5.166 0.018999999999999684 1.0035114070730973 0.013478650770560336 1.0 1.0064489634095333 1.0064489634095333 -0.002937556336435998
59770.75380664212 5.166 0.018999999999999684 1.0042607820693183 0.013414057762335506 1.0 1.0064489327862085 1.0064489327862085 -0.002188150716890158
59770.75382258554 5.166 0.018999999999999684 0.9999576920849989 0.013443592492100476 1.0 1.0064489021628835 1.0064489021628835 -0.006491210077884668
59770.75383852895 5.166 0.018999999999999684 1.0179845631835185 0.013484242698702454 1.0 1.0064488715395727 1.0064488715395727 0.011535691643945745
59770.75385447238 5.166 0.018999999999999684 1.0163095910091442 0.013500498874855939 1.0 1.006448840916234 1.006448840916234 0.009860750092910209
59770.7538704158 5.166 0.018999999999999684 1.0025088005389147 0.013466728383330274 1.0 1.006448810292909 1.006448810292909 -0.0039400097539943335
59770.75388635922 5.166 0.018999999999999684 1.024314513067447 0.013561673210259754 1.0 1.0064487796695842 1.0064487796695842 0.017865733397862682
59770.75390230263 5.166 0.018999999999999684 1.0019330851432056 0.01341040381530467 1.0 1.0064487490462735 1.0064487490462735 -0.004515663903067901
59770.75391824606 5.166 0.018999999999999684 1.010707502922037 0.013502815862041015 1.0 1.0064487184229345 1.0064487184229345 0.0042587844991024415
59770.75393418948 5.166 0.018999999999999684 0.9914642163443572 0.013436344822784156 1.0 1.0064486877996097 1.0064486877996097 -0.014984471455252502
59770.7539501329 5.166 0.018999999999999684 1.0006372407469117 0.013408687756943026 1.0 1.006448657176285 1.006448657176285 -0.005811416429373217
59770.75396607632 5.166 0.018999999999999684 1.015575530894974 0.013524500899357961 1.0 1.00644862655296 1.00644862655296 0.00912690434201413
59770.75398201974 5.166 0.018999999999999684 0.976803157068189 0.013409400885803101 1.0 1.0064485959296352 1.0064485959296352 -0.029645438861446216
59770.75399796316 5.166 0.018999999999999684 0.9938400459378258 0.013443416402966904 1.0 1.0064485653063104 1.0064485653063104 -0.012608519368484616
59770.754013906575 5.166 0.018999999999999684 1.0260376827757738 0.013534334847621007 1.0 1.0064485346829994 1.0064485346829994 0.019589148092774344
59770.75402985 5.166 0.018999999999999684 1.0167529699659443 0.013462838545834348 1.0 1.0064485040596607 1.0064485040596607 0.010304465906283644
59770.75404579342 5.166 0.018999999999999684 0.9908860988501375 0.013472846839716791 1.0 1.006448473436336 1.006448473436336 -0.015562374586198469
59770.75406173684 5.166 0.018999999999999684 1.002580445913812 0.013379594548564846 1.0 1.006448442813011 1.006448442813011 -0.0038679968991990332
59770.754077680256 5.166 0.018999999999999684 0.9875874579576525 0.013404405279428074 1.0 1.0064484121897002 1.0064484121897002 -0.0188609542320477
59770.754093623684 5.166 0.018999999999999684 1.0185779036656237 0.01349670755598313 1.0 1.0064483815663614 1.0064483815663614 0.012129522099262324
59770.7541095671 5.166 0.018999999999999684 1.0167451207142877 0.013497863844092356 1.0 1.0064483509430504 1.0064483509430504 0.01029676977123728
59770.754125510524 5.166 0.018999999999999684 1.0051880464884533 0.013420792307676491 1.0 1.0064483203197117 1.0064483203197117 -0.0012602738312583739
59770.75414145394 5.166 0.018999999999999684 0.9888293515021926 0.013415141324338527 1.0 1.0064482896964009 1.0064482896964009 -0.017618938194208233
59770.754157397365 5.166 0.018999999999999684 1.0086349645900277 0.013449735049507125 1.0 1.006448259073062 1.006448259073062 0.002186705516965759
59770.75417334078 5.166 0.018999999999999684 1.004033554339022 0.013422853558455844 1.0 1.0064482284497511 1.0064482284497511 -0.0024146741107291536
59770.7541892842 5.166 0.018999999999999684 1.004400405309007 0.013368404986734413 1.0 1.0064481978264264 1.0064481978264264 -0.002047792517419378
59770.75420522762 5.166 0.018999999999999684 1.0059546295670792 0.013463719862774923 1.0 1.0064481672031014 1.0064481672031014 -0.0004935376360222232
59770.75422117104 5.166 0.018999999999999684 1.015831246978213 0.013511466042849042 1.0 1.0064481365797766 1.0064481365797766 0.009383110398436312
59770.75423711447 5.166 0.018999999999999684 1.0084335694076816 0.01344078450146969 1.0 1.0064481059564379 1.0064481059564379 0.0019854634512437297
59770.75425305788 5.166 0.018999999999999684 1.0192838418290233 0.013505258138593563 1.0 1.0064480753331269 1.0064480753331269 0.012835766495896461
59770.75426900131 5.166 0.018999999999999684 1.0201667217611015 0.013487205850144356 1.0 1.006448044709788 1.006448044709788 0.013718677051313355
59770.75428494472 5.166 0.018999999999999684 1.026319468268561 0.013524586032265879 1.0 1.0064480140864773 1.0064480140864773 0.019871454182083692
59770.75430088814 5.166 0.018999999999999684 1.0259345074614832 0.013475126741563388 1.0 1.0064479834631523 1.0064479834631523 0.01948652399833084
59770.75431683156 5.166 0.018999999999999684 0.9747634369131707 0.013370134113078304 1.0 1.0064479528398276 1.0064479528398276 -0.03168451592665689
59770.75433277499 5.166 0.018999999999999684 1.0179512445860133 0.01352576747655912 1.0 1.0064479222164888 1.0064479222164888 0.011503322369524449
59770.7543487184 5.166 0.018999999999999684 1.0125835799848766 0.013494174259747423 1.0 1.0064478915931778 1.0064478915931778 0.006135688391698757
59770.75436466182 5.166 0.018999999999999684 1.007089119588098 0.01353192729207749 1.0 1.006447860969853 1.006447860969853 0.0006412586182449331
59770.75438060524 5.166 0.018999999999999684 0.9974399403952032 0.013407150077817344 1.0 1.006447830346528 1.006447830346528 -0.009007889951324843
59770.75439654866 5.166 0.018999999999999684 0.9893186922790261 0.013405437388740874 1.0 1.0064477997232033 1.0064477997232033 -0.017129107444177172
59770.75441249208 5.166 0.018999999999999684 1.0069710595885886 0.01344278109289898 1.0 1.0064477690998785 1.0064477690998785 0.0005232904887100265
59770.7544284355 5.166 0.018999999999999684 1.0071215474014825 0.013415799434075166 1.0 1.0064477384765536 1.0064477384765536 0.0006738089249289647
59770.75444437892 5.166 0.018999999999999684 1.017938419457442 0.013499835933034164 1.0 1.0064477078532288 1.0064477078532288 0.01149071160421311
59770.75446032234 5.166 0.018999999999999684 1.0064115688862045 0.013427588720900894 1.0 1.006447677229904 1.006447677229904 -3.610834369949245e-05
59770.754476265756 5.166 0.018999999999999684 1.0287559731055775 0.013516820223929945 1.0 1.006447646606593 1.006447646606593 0.02230832649898451
59770.754492209184 5.166 0.018999999999999684 1.006403810195125 0.013441743021136739 1.0 1.0064476159832543 1.0064476159832543 -4.3805788129347434e-05
59770.7545081526 5.166 0.018999999999999684 1.0099016020775875 0.01341022957963206 1.0 1.0064475853599435 1.0064475853599435 0.003454016717644004
59770.754524096024 5.166 0.018999999999999684 1.0002423070494528 0.013476141925641432 1.0 1.0064475547366045 1.0064475547366045 -0.006205247687151694
59770.754540039445 5.166 0.018999999999999684 1.025920881617718 0.01348961884182065 1.0 1.0064475241132798 1.0064475241132798 0.01947335750443835
59770.754555982865 5.166 0.018999999999999684 0.9931800638874851 0.013457801292359583 1.0 1.006447493489955 1.006447493489955 -0.013267429602469849
