eureka_custom_plots/data/stage5_lcfit_results/S5_wasp39b_ap4_bg8_Table_Save_ch52.txt
# %ECSV 1.0
# ---
# datatype:
# - {name: time, datatype: float64}
# - {name: wavelength, datatype: float64}
# - {name: bin_width, datatype: float64}
# - {name: lcdata, datatype: float64}
# - {name: lcerr, datatype: float64}
# - {name: transit, datatype: float64}
# - {name: polynom, datatype: float64}
# - {name: model, datatype: float64}
# - {name: residuals, datatype: float64}
# schema: astropy-2.0
time wavelength bin_width lcdata lcerr transit polynom model residuals
[from data line 19498]
59770.95488504653 5.0125 0.01949999999999985 1.0155386729435796 0.01117051116506154 1.0 1.0058268355022724 1.0058268355022724 0.009711837441307214
59770.95490098996 5.0125 0.01949999999999985 1.0123030325088416 0.011175917231742766 1.0 1.0058267783648165 1.0058267783648165 0.006476254144025084
59770.95491693337 5.0125 0.01949999999999985 0.994534643580422 0.011054317987123958 1.0 1.0058267212274128 1.0058267212274128 -0.011292077646990806
59770.95493287679 5.0125 0.01949999999999985 1.0044686876716356 0.011142593641414232 1.0 1.005826664089983 1.005826664089983 -0.0013579764183473397
59770.95494882021 5.0125 0.01949999999999985 1.0014303156584412 0.011140304176971772 1.0 1.005826606952553 1.005826606952553 -0.004396291294111787
59770.95496476362 5.0125 0.01949999999999985 1.0031560108626736 0.01114541943823112 1.0 1.0058265498151493 1.0058265498151493 -0.0026705389524757095
59770.95498070704 5.0125 0.01949999999999985 1.021167954404031 0.011188979255042444 1.0 1.0058264926777194 1.0058264926777194 0.015341461726311678
59770.954996650464 5.0125 0.01949999999999985 1.0184242855605612 0.01117841003177184 1.0 1.0058264355402895 1.0058264355402895 0.012597850020271695
59770.955012593884 5.0125 0.01949999999999985 0.9792716079468906 0.011053192306251253 1.0 1.0058263784028598 1.0058263784028598 -0.026554770455969212
59770.9550285373 5.0125 0.01949999999999985 0.9718191816974754 0.011030974313710798 1.0 1.005826321265456 1.005826321265456 -0.034007139567980516
59770.95504448072 5.0125 0.01949999999999985 0.9994226174747982 0.011108845580337602 1.0 1.005826264128026 1.005826264128026 -0.00640364665322779
59770.95506042414 5.0125 0.01949999999999985 0.9973593452781004 0.011120830973170057 1.0 1.0058262069905963 1.0058262069905963 -0.008466861712495888
59770.95507636755 5.0125 0.01949999999999985 1.009381737182768 0.01112834972688017 1.0 1.0058261498531924 1.0058261498531924 0.0035555873295756157
59770.95509231097 5.0125 0.01949999999999985 1.0026333820201057 0.011136440303787092 1.0 1.0058260927157627 1.0058260927157627 -0.003192710695657075
59770.9551082544 5.0125 0.01949999999999985 1.0037431562130212 0.011120420646615291 1.0 1.0058260355783066 1.0058260355783066 -0.002082879365285395
59770.95512419781 5.0125 0.01949999999999985 1.029257992922769 0.011199714406444005 1.0 1.005825978440903 1.005825978440903 0.023432014481866048
59770.955140141225 5.0125 0.01949999999999985 0.9923321249795993 0.011087629678055624 1.0 1.0058259213034992 1.0058259213034992 -0.01349379632389991
59770.95515608465 5.0125 0.01949999999999985 1.0073979500904526 0.011121359942528363 1.0 1.0058258641660434 1.0058258641660434 0.0015720859244092722
59770.955172028065 5.0125 0.01949999999999985 1.0006052673020849 0.011065797630467406 1.0 1.0058258070286394 1.0058258070286394 -0.005220539726554563
59770.955187971485 5.0125 0.01949999999999985 1.022294508072976 0.011142211856275366 1.0 1.0058257498912095 1.0058257498912095 0.016468758181766407
59770.955203914906 5.0125 0.01949999999999985 0.9744582787138801 0.011044563503425378 1.0 1.0058256927537799 1.0058256927537799 -0.03136741403989973
59770.955219858326 5.0125 0.01949999999999985 0.9928851427410208 0.011073996189152701 1.0 1.00582563561635 1.00582563561635 -0.012940492875329168
59770.95523580174 5.0125 0.01949999999999985 1.014121491807547 0.011127961955489839 1.0 1.0058255784789463 1.0058255784789463 0.00829591332860069
59770.95525174515 5.0125 0.01949999999999985 0.9922290858282645 0.011099588678301756 1.0 1.0058255213415424 1.0058255213415424 -0.013596435513277827
59770.95526768858 5.0125 0.01949999999999985 1.0147979672082696 0.011148229234647904 1.0 1.0058254642040865 1.0058254642040865 0.008972503004183174
59770.95528363199 5.0125 0.01949999999999985 0.9964877203375823 0.011097891582455052 1.0 1.0058254070666828 1.0058254070666828 -0.009337686729100514
59770.95529957541 5.0125 0.01949999999999985 1.006556557850264 0.011150406460873018 1.0 1.0058253499292529 1.0058253499292529 0.0007312079210111122
59770.95531551883 5.0125 0.01949999999999985 1.0109034259535759 0.011155949550592755 1.0 1.005825292791823 1.005825292791823 0.0050781331617528735
59770.95533146225 5.0125 0.01949999999999985 0.9990880835032162 0.011112280031797659 1.0 1.005825235654393 1.005825235654393 -0.006737152151176873
59770.95534740567 5.0125 0.01949999999999985 1.0073521800075702 0.01114502735184839 1.0 1.0058251785169894 1.0058251785169894 0.001527001490580826
59770.95536334909 5.0125 0.01949999999999985 1.0092181756447036 0.011143388954884051 1.0 1.0058251213795595 1.0058251213795595 0.0033930542651441353
59770.95537929251 5.0125 0.01949999999999985 1.00061167173619 0.011115351755606373 1.0 1.0058250642421298 1.0058250642421298 -0.0052133925059398845
59770.95539523593 5.0125 0.01949999999999985 0.9893492488374872 0.01110210793356813 1.0 1.0058250071047 1.0058250071047 -0.016475758267212703
59770.95541117935 5.0125 0.01949999999999985 0.9939345493432591 0.01107081347211218 1.0 1.00582494996727 1.00582494996727 -0.011890400624010922
59770.95542712276 5.0125 0.01949999999999985 0.9897131204888352 0.011069836124808096 1.0 1.0058248928298663 1.0058248928298663 -0.016111772341031116
59770.95544306618 5.0125 0.01949999999999985 0.9988471041990533 0.01109180207715661 1.0 1.0058248356924364 1.0058248356924364 -0.006977731493383099
59770.955459009594 5.0125 0.01949999999999985 0.9974597718888656 0.011106574342094682 1.0 1.0058247785550327 1.0058247785550327 -0.00836500666616713
59770.95547495302 5.0125 0.01949999999999985 0.9903485254102926 0.011079827192254938 1.0 1.0058247214175768 1.0058247214175768 -0.015476196007284226
59770.955490896435 5.0125 0.01949999999999985 1.0082472429051972 0.011137556668894757 1.0 1.005824664280173 1.005824664280173 0.002422578625024263
59770.955506839855 5.0125 0.01949999999999985 1.0136502842904025 0.011146215733958399 1.0 1.005824607142743 1.005824607142743 0.007825677147659471
59770.955522783275 5.0125 0.01949999999999985 0.9752265072788145 0.011061045629910058 1.0 1.0058245500053133 1.0058245500053133 -0.030598042726498798
59770.95553872669 5.0125 0.01949999999999985 1.0161695512845608 0.01114136106487292 1.0 1.0058244928679094 1.0058244928679094 0.010345058416651343
59770.95555467011 5.0125 0.01949999999999985 0.9848832114653414 0.011116322880321288 1.0 1.0058244357304797 1.0058244357304797 -0.020941224265138336
59770.955570613536 5.0125 0.01949999999999985 0.9897951912111055 0.012442122797871892 1.0 1.0058243785930236 1.0058243785930236 -0.016029187381918164
59770.95558655695 5.0125 0.01949999999999985 0.9770557947249406 0.011025027997867153 1.0 1.00582432145562 1.00582432145562 -0.02876852673067931
59770.95560250036 5.0125 0.01949999999999985 0.9964076543945032 0.01111500569674903 1.0 1.0058242643182163 1.0058242643182163 -0.00941660992371307
59770.95561844379 5.0125 0.01949999999999985 1.0225626151992242 0.011127884620076293 1.0 1.0058242071807604 1.0058242071807604 0.016738408018463824
59770.9556343872 5.0125 0.01949999999999985 1.0007447688056992 0.011121430996940717 1.0 1.0058241500433565 1.0058241500433565 -0.005079381237657277
59770.95565033062 5.0125 0.01949999999999985 1.001864837086254 0.01109758884523209 1.0 1.0058240929059266 1.0058240929059266 -0.003959255819672602
59770.955666274036 5.0125 0.01949999999999985 1.0117009184533956 0.01113721111539278 1.0 1.0058240357685229 1.0058240357685229 0.005876882684872742
59770.95568221746 5.0125 0.01949999999999985 1.0012253787681404 0.01114930248747279 1.0 1.005823978631067 1.005823978631067 -0.0045985998629265445
59770.95569816088 5.0125 0.01949999999999985 1.0006971198240906 0.011114604659297398 1.0 1.0058239214936633 1.0058239214936633 -0.005126801669572689
59770.95571410429 5.0125 0.01949999999999985 1.0090829352884028 0.011112195410916565 1.0 1.0058238643562594 1.0058238643562594 0.003259070932143393
59770.95573004772 5.0125 0.01949999999999985 1.0184927510379376 0.011135798148630475 1.0 1.0058238072188035 1.0058238072188035 0.012668943819134082
59770.95574599113 5.0125 0.01949999999999985 0.9983314360094686 0.011094994021578342 1.0 1.0058237500813998 1.0058237500813998 -0.007492314071931183
59770.95576193455 5.0125 0.01949999999999985 1.007347930636926 0.01113730965985132 1.0 1.00582369294397 1.00582369294397 0.0015242376929560653
59770.95577787797 5.0125 0.01949999999999985 1.019724325385014 0.011145520373489133 1.0 1.00582363580654 1.00582363580654 0.013900689578473902
59770.95579382139 5.0125 0.01949999999999985 1.0112174191216385 0.011155230041798136 1.0 1.00582357866911 1.00582357866911 0.005393840452528442
59770.955809764804 5.0125 0.01949999999999985 0.9961831789310445 0.011088952486867304 1.0 1.0058235215317064 1.0058235215317064 -0.009640342600661933
59770.955825708224 5.0125 0.01949999999999985 1.0015316349252987 0.011126015778664672 1.0 1.0058234643942765 1.0058234643942765 -0.00429182946897777
59770.955841651645 5.0125 0.01949999999999985 0.9965280463504865 0.011115897310806923 1.0 1.0058234072568468 1.0058234072568468 -0.009295360906360295
59770.955857595065 5.0125 0.01949999999999985 1.0020415680511547 0.011109382832123383 1.0 1.005823350119417 1.005823350119417 -0.003781782068262185
59770.95587353848 5.0125 0.01949999999999985 1.0125968377771883 0.01116149237227096 1.0 1.0058232929820132 1.0058232929820132 0.006773544795175113
59770.9558894819 5.0125 0.01949999999999985 0.996943157971597 0.011108895410452754 1.0 1.0058232358445833 1.0058232358445833 -0.00888007787298628
59770.95590542532 5.0125 0.01949999999999985 0.9915098021068814 0.011102187662036463 1.0 1.0058231787071534 1.0058231787071534 -0.014313376600271988
59770.95592136873 5.0125 0.01949999999999985 0.9932460150941941 0.01107243199853683 1.0 1.0058231215697497 1.0058231215697497 -0.012577106475555655
59770.95593731216 5.0125 0.01949999999999985 1.0179811599714597 0.011152175862474677 1.0 1.0058230644322939 1.0058230644322939 0.012158095539165803
59770.95595325557 5.0125 0.01949999999999985 0.9859773415126011 0.01110866745095046 1.0 1.00582300729489 1.00582300729489 -0.019845665782288857
59770.95596919899 5.0125 0.01949999999999985 1.004516356652363 0.01112925124649944 1.0 1.00582295015746 1.00582295015746 -0.0013065935050970978
59770.95598514241 5.0125 0.01949999999999985 1.0163407715006139 0.011128623546559092 1.0 1.0058228930200304 1.0058228930200304 0.010517878480583498
59770.956001085826 5.0125 0.01949999999999985 1.0063193907512433 0.011124388587617454 1.0 1.0058228358826264 1.0058228358826264 0.000496554868616883
59770.956017029246 5.0125 0.01949999999999985 0.9946122195952813 0.01111392207028553 1.0 1.0058227787451968 1.0058227787451968 -0.011210559149915422
59770.956032972674 5.0125 0.01949999999999985 1.0031603521575663 0.011090705812624661 1.0 1.0058227216077407 1.0058227216077407 -0.0026623694501743955
59770.95604891609 5.0125 0.01949999999999985 1.0140925050764997 0.011169591977302343 1.0 1.005822664470337 1.005822664470337 0.00826984060616276
59770.9560648595 5.0125 0.01949999999999985 1.0113981176677018 0.01111668370086495 1.0 1.0058226073329333 1.0058226073329333 0.005575510334768552
59770.95608080292 5.0125 0.01949999999999985 0.9973111199535702 0.011089481644711154 1.0 1.0058225501955034 1.0058225501955034 -0.008511430241933127
59770.95609674634 5.0125 0.01949999999999985 1.01007984104504 0.01112458173949635 1.0 1.0058224930580735 1.0058224930580735 0.004257347986966531
59770.95611268976 5.0125 0.01949999999999985 1.0011458519989327 0.012449945923872777 1.0 1.0058224359206436 1.0058224359206436 -0.004676583921710886
59770.956128633174 5.0125 0.01949999999999985 0.9957769379129192 0.011098943362444439 1.0 1.0058223787832399 1.0058223787832399 -0.010045440870320665
59770.9561445766 5.0125 0.01949999999999985 1.0137358859201837 0.011115422417411888 1.0 1.005822321645784 1.005822321645784 0.00791356427439971
59770.956160520014 5.0125 0.01949999999999985 0.9911032996996287 0.011069419443549925 1.0 1.0058222645083803 1.0058222645083803 -0.014718964808751567
59770.95617646343 5.0125 0.01949999999999985 1.020833667170191 0.011185985379236341 1.0 1.0058222073709764 1.0058222073709764 0.015011459799214588
59770.956192406855 5.0125 0.01949999999999985 0.9954852214112174 0.011112045618287901 1.0 1.0058221502335205 1.0058221502335205 -0.010336928822303082
59770.95620835027 5.0125 0.01949999999999985 1.0152434180235197 0.011136792284385666 1.0 1.0058220930961168 1.0058220930961168 0.009421324927402885
59770.95622429369 5.0125 0.01949999999999985 1.0082348956893223 0.011151311146257037 1.0 1.005822035958687 1.005822035958687 0.0024128597306354305
59770.95624023711 5.0125 0.01949999999999985 0.9885477554779686 0.012349321513513966 1.0 1.005821978821257 1.005821978821257 -0.01727422334328843
59770.95625618053 5.0125 0.01949999999999985 0.9969016135430555 0.011099805048895146 1.0 1.0058219216838271 1.0058219216838271 -0.008920308140771604
59770.95627212394 5.0125 0.01949999999999985 1.00496139928127 0.011121664948682334 1.0 1.0058218645464234 1.0058218645464234 -0.0008604652651533762
59770.956288067355 5.0125 0.01949999999999985 0.995618582235203 0.011110742950716363 1.0 1.0058218074090197 1.0058218074090197 -0.010203225173816666
59770.95630401078 5.0125 0.01949999999999985 0.9852073343756682 0.01109885332458575 1.0 1.0058217502715638 1.0058217502715638 -0.020614415895895633
59770.9563199542 5.0125 0.01949999999999985 0.9961457439320456 0.011102721123281692 1.0 1.005821693134134 1.005821693134134 -0.009675949202088363
59770.956335897616 5.0125 0.01949999999999985 1.0033674897023415 0.01109542276583471 1.0 1.0058216359967302 1.0058216359967302 -0.0024541462943887815
59770.956351841036 5.0125 0.01949999999999985 0.9946936213100227 0.011087306766626363 1.0 1.0058215788593003 1.0058215788593003 -0.011127957549277645
59770.956367784456 5.0125 0.01949999999999985 1.0014508376858515 0.011102627993281483 1.0 1.0058215217218704 1.0058215217218704 -0.004370684036018924
59770.95638372787 5.0125 0.01949999999999985 1.0055626346872268 0.011080664941234674 1.0 1.0058214645844668 1.0058214645844668 -0.00025882989723990946
59770.9563996713 5.0125 0.01949999999999985 0.9900221988412351 0.011106185574341882 1.0 1.0058214074470109 1.0058214074470109 -0.015799208605775772
59770.95641561471 5.0125 0.01949999999999985 1.0002573166079087 0.011094618428736045 1.0 1.005821350309607 1.005821350309607 -0.005564033701698223
59770.95643155813 5.0125 0.01949999999999985 1.0208005023514153 0.011132874502782634 1.0 1.005821293172177 1.005821293172177 0.014979209179238229
59770.95644750155 5.0125 0.01949999999999985 1.0098678436313453 0.011145799872489787 1.0 1.0058212360347474 1.0058212360347474 0.004046607596597918
59770.95646344496 5.0125 0.01949999999999985 0.9889740754197366 0.011073455569184857 1.0 1.0058211788973435 1.0058211788973435 -0.016847103477606873
59770.956479388384 5.0125 0.01949999999999985 0.9918174381074938 0.011104517877915228 1.0 1.0058211217599138 1.0058211217599138 -0.014003683652419996
59770.9564953318 5.0125 0.01949999999999985 1.019949066171568 0.01115564787348507 1.0 1.0058210646225099 1.0058210646225099 0.014128001549058133
59770.956511275224 5.0125 0.01949999999999985 1.0065160717281323 0.011115448796065935 1.0 1.005821007485054 1.005821007485054 0.0006950642430783027
59770.95652721864 5.0125 0.01949999999999985 1.0275732888302713 0.011131795078292183 1.0 1.0058209503476503 1.0058209503476503 0.021752338482621036
59770.95654316206 5.0125 0.01949999999999985 1.0014705406796516 0.011134582205104819 1.0 1.0058208932102204 1.0058208932102204 -0.004350352530568813
59770.95655910548 5.0125 0.01949999999999985 1.0162725485033937 0.011148770979360019 1.0 1.0058208360727905 1.0058208360727905 0.010451712430603166
59770.9565750489 5.0125 0.01949999999999985 1.008714912609844 0.011139875198087556 1.0 1.0058207789353606 1.0058207789353606 0.0028941336744834345
