eureka_custom_plots/data/stage5_lcfit_results/S5_wasp39b_ap4_bg8_Table_Save_ch07.txt
# %ECSV 1.0
# ---
# datatype:
# - {name: time, datatype: float64}
# - {name: wavelength, datatype: float64}
# - {name: bin_width, datatype: float64}
# - {name: lcdata, datatype: float64}
# - {name: lcerr, datatype: float64}
# - {name: transit, datatype: float64}
# - {name: polynom, datatype: float64}
# - {name: model, datatype: float64}
# - {name: residuals, datatype: float64}
# schema: astropy-2.0
time wavelength bin_width lcdata lcerr transit polynom model residuals
[from data line 3779]
59770.7042704352 3.2874999999999996 0.019500000000000073 1.0140504258063248 0.009167529745999103 1.0 1.0073017497250345 1.0073017497250345 0.006748676081290261
59770.70428637862 3.2874999999999996 0.019500000000000073 1.023233085363256 0.009209332503526357 1.0 1.0073016130177204 1.0073016130177204 0.015931472345535713
59770.70430232205 3.2874999999999996 0.019500000000000073 1.0082134071658502 0.009111518936216999 1.0 1.007301476310344 1.007301476310344 0.0009119308555061156
59770.70431826546 3.2874999999999996 0.019500000000000073 1.0018706556098886 0.009094757518513491 1.0 1.0073013396030923 1.0073013396030923 -0.005430683993203678
59770.70433420889 3.2874999999999996 0.019500000000000073 1.0024036592705339 0.009080057172417591 1.0 1.0073012028957158 1.0073012028957158 -0.0048975436251819104
59770.7043501523 3.2874999999999996 0.019500000000000073 0.9960308671238962 0.009065550523645874 1.0 1.0073010661884643 1.0073010661884643 -0.011270199064568054
59770.70436609573 3.2874999999999996 0.019500000000000073 1.0063904084866022 0.009115382728327258 1.0 1.0073009294810877 1.0073009294810877 -0.0009105209944855197
59770.70438203914 3.2874999999999996 0.019500000000000073 0.9955826382164434 0.009071285202850993 1.0 1.007300792773836 1.007300792773836 -0.011718154557392557
59770.70439798257 3.2874999999999996 0.019500000000000073 1.011887938765065 0.009128667772265986 1.0 1.0073006560664597 1.0073006560664597 0.004587282698605311
59770.70441392599 3.2874999999999996 0.019500000000000073 1.0013377937901442 0.009083753537150097 1.0 1.0073005193591456 1.0073005193591456 -0.005962725569001348
59770.7044298694 3.2874999999999996 0.019500000000000073 1.020567493578695 0.00920596431710517 1.0 1.0073003826518938 1.0073003826518938 0.013267110926801218
59770.70444581283 3.2874999999999996 0.019500000000000073 1.0011221064042164 0.009092310419708871 1.0 1.0073002459445175 1.0073002459445175 -0.006178139540301109
59770.70446175624 3.2874999999999996 0.019500000000000073 1.0259368560410622 0.009232175159741627 1.0 1.0073001092372658 1.0073001092372658 0.018636746803796456
59770.70447769967 3.2874999999999996 0.019500000000000073 1.0008385506209931 0.009079863800445065 1.0 1.0072999725298892 1.0072999725298892 -0.006461421908896092
59770.70449364309 3.2874999999999996 0.019500000000000073 1.0258428126186965 0.009212795537092946 1.0 1.0072998358225753 1.0072998358225753 0.018542976796121158
59770.70450958651 3.2874999999999996 0.019500000000000073 0.9922552510746085 0.009063281878993738 1.0 1.0072996991152612 1.0072996991152612 -0.015044448040652636
59770.70452552993 3.2874999999999996 0.019500000000000073 1.0110036670135139 0.009169191851782674 1.0 1.007299562407947 1.007299562407947 0.0037041046055668048
59770.704541473344 3.2874999999999996 0.019500000000000073 1.0055147766103532 0.009104937416054342 1.0 1.0072994257006955 1.0072994257006955 -0.0017846490903423717
59770.70455741677 3.2874999999999996 0.019500000000000073 1.020456487325739 0.009196612776299053 1.0 1.007299288993319 1.007299288993319 0.013157198332419906
59770.70457336019 3.2874999999999996 0.019500000000000073 1.0048573652763264 0.009111831005075614 1.0 1.0072991522860049 1.0072991522860049 -0.0024417870096784533
59770.70458930361 3.2874999999999996 0.019500000000000073 1.0023283997808072 0.009098190314070418 1.0 1.007299015578691 1.007299015578691 -0.004970615797883715
59770.70460524703 3.2874999999999996 0.019500000000000073 1.003426068909752 0.009089679180128101 1.0 1.0072988788713768 1.0072988788713768 -0.003872809961624757
59770.70462119045 3.2874999999999996 0.019500000000000073 1.0034103594296553 0.009087951644060958 1.0 1.0072987421640627 1.0072987421640627 -0.003888382734407392
59770.70463713387 3.2874999999999996 0.019500000000000073 0.9947473131574153 0.009074355326823127 1.0 1.0072986054567488 1.0072986054567488 -0.012551292299333494
59770.70465307729 3.2874999999999996 0.019500000000000073 1.009871680819134 0.009174808134234682 1.0 1.0072984687494346 1.0072984687494346 0.0025732120696992933
59770.70466902071 3.2874999999999996 0.019500000000000073 0.993147865023571 0.009050814633986973 1.0 1.0072983320421207 1.0072983320421207 -0.014150467018549717
59770.70468496414 3.2874999999999996 0.019500000000000073 1.0036031589308583 0.00909912253806461 1.0 1.0072981953347442 1.0072981953347442 -0.0036950364038859096
59770.704700907554 3.2874999999999996 0.019500000000000073 0.9963364194388441 0.009079372112321415 1.0 1.0072980586274924 1.0072980586274924 -0.010961639188648342
59770.704716850974 3.2874999999999996 0.019500000000000073 1.0075498049483116 0.009102907650778853 1.0 1.0072979219201785 1.0072979219201785 0.00025188302813305974
59770.704732794395 3.2874999999999996 0.019500000000000073 1.0006147884807128 0.009094570245385705 1.0 1.0072977852128644 1.0072977852128644 -0.006682996732151558
59770.704748737815 3.2874999999999996 0.019500000000000073 1.0033985688292706 0.009102086666081881 1.0 1.0072976485055503 1.0072976485055503 -0.003899079676279671
59770.704764681235 3.2874999999999996 0.019500000000000073 1.0041139143688544 0.00909482103243039 1.0 1.0072975117982363 1.0072975117982363 -0.0031835974293819014
59770.704780624656 3.2874999999999996 0.019500000000000073 1.0204708401689742 0.009202273781608705 1.0 1.0072973750909222 1.0072973750909222 0.013173465078051949
59770.70479656808 3.2874999999999996 0.019500000000000073 0.998090697321839 0.009083414981449744 1.0 1.0072972383835457 1.0072972383835457 -0.009206541061706708
59770.704812511496 3.2874999999999996 0.019500000000000073 1.018744090970293 0.009184100642705159 1.0 1.0072971016762942 1.0072971016762942 0.011446989293998788
59770.70482845492 3.2874999999999996 0.019500000000000073 1.020621085743869 0.009193217055421008 1.0 1.00729696496898 1.00729696496898 0.01332412077488887
59770.70484439834 3.2874999999999996 0.019500000000000073 1.027452526414922 0.009230260791294234 1.0 1.0072968282616659 1.0072968282616659 0.02015569815325602
59770.704860341764 3.2874999999999996 0.019500000000000073 1.001230249944875 0.009092789907378758 1.0 1.0072966915542896 1.0072966915542896 -0.006066441609414497
59770.70487628518 3.2874999999999996 0.019500000000000073 1.0031524843263826 0.009094327650491663 1.0 1.0072965548470378 1.0072965548470378 -0.004144070520655241
59770.7048922286 3.2874999999999996 0.019500000000000073 1.000038716062435 0.009086934372115335 1.0 1.0072964181397237 1.0072964181397237 -0.007257702077288597
59770.704908172025 3.2874999999999996 0.019500000000000073 1.0216705597734161 0.009206769571537673 1.0 1.0072962814323474 1.0072962814323474 0.014374278341068747
59770.70492411544 3.2874999999999996 0.019500000000000073 1.0031617194689866 0.009101125803099502 1.0 1.0072961447250957 1.0072961447250957 -0.0041344252561090755
59770.704940058866 3.2874999999999996 0.019500000000000073 1.0005770947701498 0.009097436713112358 1.0 1.0072960080177191 1.0072960080177191 -0.006718913247569347
59770.70495600228 3.2874999999999996 0.019500000000000073 1.0020173897506945 0.00908842374116693 1.0 1.0072958713104676 1.0072958713104676 -0.005278481559773063
59770.704971945706 3.2874999999999996 0.019500000000000073 1.0163005090745247 0.00918405280983795 1.0 1.007295734603091 1.007295734603091 0.009004774471433663
59770.70498788913 3.2874999999999996 0.019500000000000073 1.0015298750610448 0.009081870091868317 1.0 1.007295597895777 1.007295597895777 -0.00576572283473209
59770.70500383254 3.2874999999999996 0.019500000000000073 0.9999973933378183 0.009086806846286533 1.0 1.0072954611885254 1.0072954611885254 -0.0072980678507070795
59770.70501977597 3.2874999999999996 0.019500000000000073 1.0106896551628985 0.009113327544459864 1.0 1.007295324481149 1.007295324481149 0.0033943306817496577
59770.70503571939 3.2874999999999996 0.019500000000000073 1.0043398780591322 0.009091865422687254 1.0 1.0072951877738348 1.0072951877738348 -0.002955309714702592
59770.70505166281 3.2874999999999996 0.019500000000000073 0.9995123873858076 0.00908936935586208 1.0 1.0072950510665208 1.0072950510665208 -0.007782663680713231
59770.70506760622 3.2874999999999996 0.019500000000000073 0.9976078655579551 0.009084020082305704 1.0 1.007294914359269 1.007294914359269 -0.009687048801313991
59770.70508354965 3.2874999999999996 0.019500000000000073 0.9949741651513057 0.01112068686226739 1.0 1.0072947776518926 1.0072947776518926 -0.012320612500586914
59770.70509949307 3.2874999999999996 0.019500000000000073 1.0041678704336947 0.009094961158949382 1.0 1.0072946409445787 1.0072946409445787 -0.003126770510883947
59770.70511543649 3.2874999999999996 0.019500000000000073 "" "" 1.0 1.0072945042372645 1.0072945042372645 ""
59770.70513137991 3.2874999999999996 0.019500000000000073 1.0168382147730861 0.009200021507381712 1.0 1.0072943675299506 1.0072943675299506 0.009543847243135506
59770.70514732333 3.2874999999999996 0.019500000000000073 1.0242192202069302 0.009215727423697508 1.0 1.0072942308226365 1.0072942308226365 0.016924989384293765
59770.70516326675 3.2874999999999996 0.019500000000000073 1.0023750126080815 0.009094076274699627 1.0 1.0072940941153223 1.0072940941153223 -0.004919081507240852
59770.70517921017 3.2874999999999996 0.019500000000000073 1.003384682236789 0.00909615623188472 1.0 1.0072939574080084 1.0072939574080084 -0.003909275171219528
59770.70519515359 3.2874999999999996 0.019500000000000073 1.009628140520046 0.009122561400478988 1.0 1.0072938207006943 1.0072938207006943 0.0023343198193517267
59770.70521109701 3.2874999999999996 0.019500000000000073 1.0022330044735435 0.009093805388006429 1.0 1.0072936839933802 1.0072936839933802 -0.005060679519836686
59770.70522704043 3.2874999999999996 0.019500000000000073 1.0037507788830544 0.009090444726913229 1.0 1.0072935472860662 1.0072935472860662 -0.00354276840301182
59770.70524298385 3.2874999999999996 0.019500000000000073 1.00313766155761 0.009098902854094827 1.0 1.007293410578752 1.007293410578752 -0.00415574902114213
59770.70525892727 3.2874999999999996 0.019500000000000073 1.0046960093381976 0.009097223277418668 1.0 1.007293273871438 1.007293273871438 -0.0025972645332403843
59770.70527487069 3.2874999999999996 0.019500000000000073 1.0101721842797284 0.009117116596539205 1.0 1.007293137164124 1.007293137164124 0.002879047115604383
59770.70529081411 3.2874999999999996 0.019500000000000073 0.9944076478025259 0.009066109247785628 1.0 1.00729300045681 1.00729300045681 -0.012885352654284032
59770.70530675753 3.2874999999999996 0.019500000000000073 0.9945177094905281 0.009067678077155758 1.0 1.0072928637494958 1.0072928637494958 -0.012775154258967691
59770.70532270096 3.2874999999999996 0.019500000000000073 0.9989528631514341 0.009079986563414815 1.0 1.0072927270421195 1.0072927270421195 -0.008339863890685417
59770.70533864437 3.2874999999999996 0.019500000000000073 1.0009194187932626 0.009096877553481701 1.0 1.0072925903348677 1.0072925903348677 -0.006373171541605105
59770.70535458779 3.2874999999999996 0.019500000000000073 1.0030053537686443 0.009097685392429094 1.0 1.0072924536275536 1.0072924536275536 -0.0042870998589092935
59770.70537053122 3.2874999999999996 0.019500000000000073 0.9944222983977253 0.009069059598833832 1.0 1.0072923169201773 1.0072923169201773 -0.012870018522451954
59770.705386474634 3.2874999999999996 0.019500000000000073 0.9994739309995538 0.009073766016912593 1.0 1.0072921802129255 1.0072921802129255 -0.007818249213371709
59770.70540241806 3.2874999999999996 0.019500000000000073 0.9952281006051404 0.00907915878686526 1.0 1.007292043505549 1.007292043505549 -0.012063942900408575
59770.705418361475 3.2874999999999996 0.019500000000000073 1.0144614827121006 0.009190508812063234 1.0 1.0072919067982975 1.0072919067982975 0.007169575913803072
59770.7054343049 3.2874999999999996 0.019500000000000073 1.0018539130489281 0.009088957723834806 1.0 1.007291770090921 1.007291770090921 -0.005437857041992844
59770.705450248315 3.2874999999999996 0.019500000000000073 1.004490493623099 0.00910282480576059 1.0 1.0072916333836692 1.0072916333836692 -0.0028011397605702815
59770.705466191735 3.2874999999999996 0.019500000000000073 1.0223070211937881 0.009187723398401928 1.0 1.0072914966763553 1.0072914966763553 0.015015524517432821
59770.70548213516 3.2874999999999996 0.019500000000000073 1.0049342703311783 0.009105034257145813 1.0 1.0072913599689788 1.0072913599689788 -0.002357089637800458
59770.705498078576 3.2874999999999996 0.019500000000000073 1.0007242842346875 0.0090830664988955 1.0 1.007291223261727 1.007291223261727 -0.006566939027039531
59770.705514022 3.2874999999999996 0.019500000000000073 1.002686973059241 0.009099842983188954 1.0 1.0072910865543507 1.0072910865543507 -0.004604113495109807
59770.70552996542 3.2874999999999996 0.019500000000000073 1.0098122011482047 0.009155740675798265 1.0 1.007290949847099 1.007290949847099 0.002521251301105698
59770.705545908844 3.2874999999999996 0.019500000000000073 1.0056083680421757 0.009088141271793668 1.0 1.0072908131397227 1.0072908131397227 -0.0016824450975470029
59770.70556185226 3.2874999999999996 0.019500000000000073 1.0087490673850688 0.0091154011133916 1.0 1.007290676432471 1.007290676432471 0.00145839095259781
59770.705577795685 3.2874999999999996 0.019500000000000073 1.0003212559396286 0.009082464823427538 1.0 1.0072905397250944 1.0072905397250944 -0.006969283785465796
59770.705593739105 3.2874999999999996 0.019500000000000073 0.9958440360614133 0.009081597237363856 1.0 1.0072904030177805 1.0072904030177805 -0.011446366956367249
59770.705609682525 3.2874999999999996 0.019500000000000073 1.0024436658533378 0.009095021101510954 1.0 1.0072902663104664 1.0072902663104664 -0.0048466004571285914
59770.705625625946 3.2874999999999996 0.019500000000000073 1.0065437360109057 0.009110997012111212 1.0 1.0072901296031522 1.0072901296031522 -0.0007463935922464859
59770.70564156936 3.2874999999999996 0.019500000000000073 1.0096652573447338 0.009109155617187944 1.0 1.0072899928959007 1.0072899928959007 0.00237526444883307
59770.705657512786 3.2874999999999996 0.019500000000000073 1.0072883580952026 0.009124100889463237 1.0 1.0072898561885242 1.0072898561885242 -1.498093321616878e-06
59770.70567345621 3.2874999999999996 0.019500000000000073 1.0183724818415214 0.009190116402853998 1.0 1.00728971948121 1.00728971948121 0.01108276236031136
59770.70568939963 3.2874999999999996 0.019500000000000073 0.9999079981607111 0.009092770608435911 1.0 1.0072895827738961 1.0072895827738961 -0.007381584613185055
59770.70570534305 3.2874999999999996 0.019500000000000073 1.0028669018928642 0.00910134823515744 1.0 1.007289446066582 1.007289446066582 -0.004422544173717791
59770.70572128647 3.2874999999999996 0.019500000000000073 1.0227229304837433 0.009208780033598435 1.0 1.0072893093592679 1.0072893093592679 0.015433621124475438
59770.70573722989 3.2874999999999996 0.019500000000000073 1.0062980049574757 0.00910603092075989 1.0 1.007289172651954 1.007289172651954 -0.0009911676944782677
59770.7057531733 3.2874999999999996 0.019500000000000073 1.0171378106712254 0.009211204658958782 1.0 1.0072890359447022 1.0072890359447022 0.009848774726523235
59770.70576911673 3.2874999999999996 0.019500000000000073 1.0072293626374194 0.009164367122753952 1.0 1.0072888992373257 1.0072888992373257 -5.953659990631799e-05
59770.705785060156 3.2874999999999996 0.019500000000000073 1.0021482958387697 0.009094610537142271 1.0 1.0072887625299494 1.0072887625299494 -0.005140466691179624
59770.70580100357 3.2874999999999996 0.019500000000000073 1.0210332541102785 0.009206608053348941 1.0 1.0072886258226976 1.0072886258226976 0.013744628287580829
59770.70581694699 3.2874999999999996 0.019500000000000073 1.0087642087022066 0.009101141544756408 1.0 1.0072884891153835 1.0072884891153835 0.001475719586823132
59770.70583289041 3.2874999999999996 0.019500000000000073 1.0041172532308908 0.009105517571276634 1.0 1.0072883524080696 1.0072883524080696 -0.0031710991771787267
