eureka_custom_steps/data/S6_spectral_binning/eureka_stdspec_nativeres.txt
# %ECSV 1.0
# ---
# datatype:
# - {name: wavelength, datatype: float32}
# - {name: bin_width, datatype: float32}
# - {name: rp^2_value, datatype: float64}
# - {name: rp^2_errorneg, datatype: float64}
# - {name: rp^2_errorpos, datatype: float64}
# schema: astropy-2.0
wavelength bin_width rp^2_value rp^2_errorneg rp^2_errorpos
[from data line 184]
4.759921 0.00412941 0.021616345894548073 0.000560147177707214 0.0004820913581409479
4.7681723 0.004121542 0.021776742455331965 0.000393330095114941 0.0004354722334904172
4.7764072 0.0041139126 0.021313260691903296 0.0009134263582903542 0.0006813768834579015
4.784628 0.004106283 0.0207449150651259 0.0006033330066935703 0.0006061837415605488
4.7928324 0.004098654 0.021931800112256403 0.0005334387613874607 0.00047778249242682105
4.801022 0.004090786 0.02216193443067266 0.0006304358255180449 0.0005934647473773529
4.809196 0.0040831566 0.021585478435884462 0.0005975192473884963 0.0005657640238538146
4.817355 0.004076004 0.021184997195914955 0.0006604773697011825 0.0006583835912130527
4.8254995 0.004068136 0.020531864790117798 0.0006995014454881272 0.0006200313450043654
4.833628 0.0040607452 0.021460178924316075 0.0004556609785181867 0.0005130253823975792
4.8417425 0.0040535927 0.021321513587951507 0.000604550534005651 0.0006015038056520483
4.849842 0.0040459633 0.022323160398314928 0.0006047692879817997 0.0005988205316293307
4.8579264 0.0040385723 0.020014198853208008 0.0006802714365401058 0.0006905320114955725
4.8659964 0.0040314198 0.0213158680713495 0.0005300916786061538 0.00046615973640484407
4.874052 0.0040237904 0.022036676859583885 0.000750972598132265 0.0006284123534783942
4.8820925 0.004016876 0.020448138296857675 0.0008076981172276954 0.0007257962365977526
4.890119 0.0040097237 0.020397947308457818 0.0007731183875194364 0.0007778268575892311
4.898131 0.0040020943 0.02039200549082839 0.0007936322581163675 0.0008061177809535261
4.9061284 0.0039954185 0.020894807231321977 0.0006883086882874742 0.0007076430728602326
4.914112 0.0039880276 0.02079908409952059 0.0007915528698299312 0.0007067414082075722
4.922081 0.003980875 0.02113265826054407 0.0006512195025393866 0.0006034635666564737
4.9300356 0.003973961 0.02088068512267699 0.0009000076459323089 0.0007500275559856259
4.9379764 0.0039668083 0.021273541881681696 0.0007603901821332734 0.0006795820067119034
4.9459033 0.0039601326 0.021269206447276316 0.0006794389775788313 0.0006315830141339039
4.9538164 0.00395298 0.020977090440388643 0.0007954024937297244 0.000655499832330788
4.961715 0.0039458275 0.02076679810725319 0.0011248126806121111 0.000858820808065066
4.9696 0.0039391518 0.022042447796284843 0.0006911481066499171 0.0006158005648862867
4.977472 0.003932476 0.020684471142505514 0.0006838982897165898 0.0006023119986212737
4.9853296 0.003925562 0.021027543414889622 0.0008395337035578994 0.0007048641949476755
4.9931736 0.0039184093 0.02107833923251764 0.0007365178575311458 0.0006507745499543839
5.001004 0.003911972 0.021983648364246246 0.0005668608854420554 0.0004717086489636063
5.0088215 0.003905058 0.02054734046300694 0.0006117817335472737 0.0005261831571766844
5.016625 0.0038986206 0.021256212890942674 0.000919731273876196 0.0007836961547759112
5.024415 0.0038917065 0.02137921500878944 0.0005453897243100463 0.0005764786087021322
5.032192 0.0038852692 0.020646842729491063 0.0007565253567208691 0.0006742537272977842
5.039956 0.0038785934 0.020927937911267912 0.0006928589176280371 0.0006298281420647721
5.0477066 0.0038719177 0.020337659640494502 0.0008021749660249398 0.0006948811783289953
5.055444 0.0038654804 0.020637576804590597 0.0006571282679583429 0.0006170956411861335
5.0631685 0.0038588047 0.019202958044865583 0.0008278445688698899 0.0007831984957480317
5.070879 0.003852129 0.021068801135299353 0.000577053375788384 0.0005734918763553656
5.078577 0.0038454533 0.02056681819601612 0.0008921517039681935 0.0007647071859469591
5.0862617 0.0038394928 0.021693992440832113 0.0007846086716584294 0.0006897129253696198
5.093934 0.003832817 0.020817299042364016 0.0007356596984307746 0.0005602508258906423
5.101593 0.0038263798 0.01932054869212066 0.0008150225344179078 0.0007001007959454471
5.1092396 0.003820181 0.020387269237391755 0.0006414706309167822 0.0005610636152987604
5.1168737 0.0038137436 0.020608023598694767 0.0006313234657400087 0.0005387531526367673
5.1244946 0.0038073063 0.02117541982375585 0.0007017483507113023 0.0007182206772364669
5.132103 0.0038011074 0.02098639684430548 0.000974620438883439 0.0008476019681034896
5.1396995 0.003795147 0.02187964394311494 0.0007205269225712511 0.0006404804954211439
5.1472836 0.003788948 0.021185738829213145 0.0008112546731756619 0.0007431702187966453
5.154855 0.0037825108 0.021313370476336652 0.0008947769907289571 0.0008117860056069022
5.1624136 0.0037763119 0.02113403228788293 0.0011172176519750401 0.0011691099206305351
5.1699605 0.0037703514 0.018698831185812333 0.0009503978382598734 0.0010131998062708203
5.177495 0.0037641525 0.02034451151533819 0.0010341837515536884 0.0009960990369199361
5.1850176 0.003758192 0.02117037125494627 0.001025074049881381 0.0008938621412821167
5.192528 0.0037522316 0.021518507723642652 0.0008481962283196989 0.0008293526722097169
5.200026 0.0037460327 0.020145621617206524 0.0010386550829279764 0.0008421187484632629
5.207512 0.0037400723 0.02030611491560631 0.0009541694746057379 0.000996304315206642
5.2149863 0.0037341118 0.020759016418354898 0.0009176433384078843 0.0007326742932806107
5.2224483 0.003727913 0.02053910572518861 0.0007863725435802264 0.0008365994661733121
5.2298985 0.0037221909 0.021022067828360917 0.000850668317665202 0.000703252157211242
5.237337 0.0037164688 0.0209248242759646 0.0008509306776297854 0.0008301282736954164
5.244764 0.00371027 0.021815735731306442 0.0008504039808127778 0.0007752153881667931
5.2521787 0.0037045479 0.020346727617057046 0.0009537033304905969 0.0009621305149932202
5.259582 0.0036988258 0.021028573659397257 0.0006895361447899449 0.0006137657006171741
5.266974 0.0036931038 0.02109190369228904 0.0009293552547584884 0.0009026813712862368
5.274354 0.003686905 0.02157099988759899 0.0010369756142453515 0.0008962005143395048
5.281722 0.0036814213 0.020861269246048888 0.0007735433077171762 0.0007034305981230074
5.2890797 0.0036756992 0.020654392381558608 0.0007993697927147353 0.0007146527118086603
5.2962513 0.0034964085 0.020968248999476538 0.0009951570078258962 0.0008210451021791847
