eureka_custom_steps/data/S6_spectral_binning/eureka_optspex_nativeres.txt
# %ECSV 1.0
# ---
# datatype:
# - {name: wavelength, datatype: float32}
# - {name: bin_width, datatype: float32}
# - {name: rp^2_value, datatype: float64}
# - {name: rp^2_errorneg, datatype: float64}
# - {name: rp^2_errorpos, datatype: float64}
# schema: astropy-2.0
wavelength bin_width rp^2_value rp^2_errorneg rp^2_errorpos
[from data line 183]
4.751654 0.004137516 0.021094933759313598 0.0004369229487036115 0.000373041942046598
4.759921 0.00412941 0.02163800015719306 0.00039740756898745677 0.0003490212284585001
4.7681723 0.004121542 0.02215738426440838 0.0003797814732068132 0.00036048000273709857
4.7764072 0.0041139126 0.02152982612582454 0.0007333955151267134 0.000599947442808918
4.784628 0.004106283 0.021099718037660066 0.00031389505161221604 0.000503165596762653
4.7928324 0.004098654 0.021870482193592344 0.0004702910396832474 0.0003554975971220044
4.801022 0.004090786 0.021919545694031754 0.00047935589016039407 0.0004314279599424639
4.809196 0.0040831566 0.02149988835602035 0.00042913027223125816 0.0004764908885758548
4.817355 0.004076004 0.02122334077688694 0.0005930327802538098 0.0004599018485780919
4.8254995 0.004068136 0.021059202428047118 0.00047578563251525485 0.0003902093501343823
4.833628 0.0040607452 0.021552253763999794 0.0003569744063973146 0.00041053753941801274
4.8417425 0.0040535927 0.021289656924819825 0.0005967794817424224 0.0005306009091558747
4.849842 0.0040459633 0.022524304061483744 0.00043037269287265686 0.00040585354138645766
4.8579264 0.0040385723 0.020214509952618497 0.0005626122745346733 0.0004873525856452163
4.8659964 0.0040314198 0.02125167808734449 0.0004257441053477015 0.0003788158797990819
4.874052 0.0040237904 0.021922396924622157 0.0005028738834610066 0.0004979288840465806
4.8820925 0.004016876 0.02065947961255901 0.0004804342091572593 0.0004567001293081657
4.890119 0.0040097237 0.02096086314404658 0.0005246465436003558 0.00047345143209967175
4.898131 0.0040020943 0.02099364926401705 0.0007044930767828445 0.0005831637706261127
4.9061284 0.0039954185 0.0211446104912083 0.000685299912373493 0.000549223993769634
4.914112 0.0039880276 0.021075395378607132 0.0005136356303354905 0.0003902602788634947
4.922081 0.003980875 0.02092169761043532 0.000503632189099025 0.0004913079335427742
4.9300356 0.003973961 0.02115462271060442 0.0006418486104169743 0.0005818553502294384
4.9379764 0.0039668083 0.020982911867210526 0.0006693449105990151 0.0006618392281313411
4.9459033 0.0039601326 0.021457422865384837 0.0004652437723914604 0.0004670023303946433
4.9538164 0.00395298 0.021497809253286638 0.0005016596767287163 0.0004907115519644373
4.961715 0.0039458275 0.021081118340513873 0.0005926893403036294 0.0005874804434690753
4.9696 0.0039391518 0.022065284047930837 0.0005064229641745452 0.00048790365723416426
4.977472 0.003932476 0.020596027222577005 0.0005387097217089132 0.000507095158260619
4.9853296 0.003925562 0.020819372902983777 0.000514286299819134 0.0005066659430367319
4.9931736 0.0039184093 0.020908810921870042 0.0005464050138145847 0.00048016272424025036
5.001004 0.003911972 0.021531279873727976 0.00044438636032626683 0.0003973851936388238
5.0088215 0.003905058 0.02087109301196025 0.0005071017759299204 0.00044556486121809236
5.016625 0.0038986206 0.021306657664440763 0.000635017398857355 0.0005262296434826799
5.024415 0.0038917065 0.021295342128420183 0.0004121644989674121 0.0004210571446859081
5.032192 0.0038852692 0.02053054003111222 0.0006076796764069511 0.0005406995503046998
5.039956 0.0038785934 0.021125854077365374 0.0005138829561111558 0.0005088553457739051
5.0477066 0.0038719177 0.02013567451233429 0.0006162461161057023 0.0007073915162667775
5.055444 0.0038654804 0.02126548584211969 0.0005045077654037035 0.0005426077643511558
5.0631685 0.0038588047 0.020966055344651232 0.0006511864764667009 0.0005199353357228272
5.070879 0.003852129 0.021444630258557307 0.00040312833032675466 0.0003999049454657261
5.078577 0.0038454533 0.02140707921708409 0.0005486247156174552 0.0005482529383906143
5.0862617 0.0038394928 0.02164070128403523 0.0005862861843245887 0.0005185580462649976
5.093934 0.003832817 0.021239343229476654 0.0009337556193416037 0.0008654814289040455
5.101593 0.0038263798 0.020162353598097732 0.0005108490639463246 0.0004815069004566394
5.1092396 0.003820181 0.0209308387234983 0.0004976026548748659 0.00042614728565766244
5.1168737 0.0038137436 0.020962854317101418 0.0008622605207428725 0.0007588227258872211
5.1244946 0.0038073063 0.021466102602205186 0.0004655471088826947 0.0004976692702734695
5.132103 0.0038011074 0.021445037217496726 0.0006683960954768642 0.0006381742387749148
5.1396995 0.003795147 0.021857018407328024 0.0006006254818736213 0.0005496898299797784
5.1472836 0.003788948 0.02119837691414585 0.0005713514681330058 0.0005567342945444927
5.154855 0.0037825108 0.02105291286091776 0.000800154750531936 0.0007391143631624263
5.1624136 0.0037763119 0.020959892909008376 0.0006510444824289786 0.0006349101420192529
5.1699605 0.0037703514 0.019938895333858266 0.0009556453816229951 0.0007855311451380326
5.177495 0.0037641525 0.02124138482369005 0.0008666221440373767 0.0007627720393917764
5.1850176 0.003758192 0.020740752740780754 0.000702839420441307 0.000718146876616841
5.192528 0.0037522316 0.021556008555023484 0.0007144245436 0.0006332772000739589
5.200026 0.0037460327 0.020418656151396448 0.0008812933716180228 0.0007112706856933874
5.207512 0.0037400723 0.020270954915085605 0.0007100601916496356 0.0007168332480211662
5.2149863 0.0037341118 0.02108693318085017 0.0005836531940938763 0.0004703345643651026
5.2224483 0.003727913 0.0210019319968336 0.0006974809615530216 0.0006127588147920825
5.2298985 0.0037221909 0.021115246610799627 0.0006004530170524505 0.0005006031367302023
5.237337 0.0037164688 0.02110584966936431 0.0005646738884756489 0.0005426201905499237
5.244764 0.00371027 0.021827860666864343 0.0006704466230480176 0.0005008546645729368
5.2521787 0.0037045479 0.020871317799723642 0.0008007677458658768 0.0007008190868518088
5.259582 0.0036988258 0.021194660866616834 0.0005203581715465914 0.0004988810672609569
5.266974 0.0036931038 0.021423156569829543 0.0005464326158634916 0.0005533139069403108
5.274354 0.003686905 0.02166612249865789 0.0007063551396649416 0.0006571168376144701
5.281722 0.0036814213 0.02109809660526473 0.0005943899685166322 0.00048419467400639266
5.2890797 0.0036756992 0.021090504341809924 0.0005434120705281702 0.00045668823887806687
5.2962513 0.0034964085 0.02064355991387554 0.0007239137470570582 0.0006360171725344928
